44
698 781 334 481 731 701 824 720 463 432 984 957 544 731 572 813 957 122 802 251 633 921 414 191 189 64 441 498 51 172 293 101 952 627 581 682 679 404 754 141 187 89 97 731 
819
0 27 127
1 14 16 74
1 5 7 5
1 13 18 9
1 26 29 79
1 16 37 51
0 29 391
0 5 488
0 7 508
1 22 25 51
0 19 167
0 43 323
0 11 976
0 18 921
0 16 493
0 7 743
0 36 485
1 4 16 74
0 3 229
1 4 36 30
1 14 26 44
1 4 26 99
1 27 43 68
1 39 39 64
0 1 587
1 23 38 65
1 1 36 56
1 15 15 49
1 28 30 31
0 10 468
0 15 374
1 7 39 42
0 34 999
0 41 640
0 19 956
1 39 39 49
1 9 36 82
1 39 43 2
1 28 29 42
0 34 621
0 4 463
0 14 461
0 10 100
0 4 407
1 18 42 9
0 26 144
1 22 30 10
0 19 478
1 33 40 33
0 40 657
0 16 122
0 12 519
1 18 19 45
1 2 11 62
0 27 105
1 3 24 1
0 41 830
1 29 41 70
1 10 36 56
0 15 243
0 29 928
0 2 724
1 25 32 52
1 28 28 59
0 6 12
0 3 193
1 31 34 60
1 1 29 12
1 6 44 66
1 10 25 82
0 19 33
0 10 153
1 3 38 79
0 38 883
0 31 273
1 20 20 71
1 10 24 23
0 15 88
0 40 41
1 44 44 28
1 12 29 32
1 26 35 17
1 13 40 38
1 9 40 3
0 5 775
1 23 33 63
0 35 582
0 42 505
1 12 38 99
0 23 132
0 24 748
0 20 557
1 35 40 81
1 1 34 48
1 23 44 20
0 35 701
1 8 29 69
0 40 219
1 19 19 24
1 6 14 29
1 2 4 90
1 25 35 82
1 4 20 51
0 33 777
0 44 141
0 44 573
0 23 554
0 41 78
1 2 11 99
1 12 38 97
0 18 563
1 23 29 2
0 33 314
1 9 44 12
1 8 44 96
1 6 28 2
0 6 252
0 40 659
0 33 655
0 26 569
0 10 55
1 4 16 25
0 35 549
1 4 40 34
1 2 15 23
0 17 580
1 5 27 20
0 15 674
1 3 40 32
0 29 643
0 20 167
0 10 67
0 14 670
1 37 39 52
0 18 196
0 39 724
0 43 489
1 22 36 83
1 21 24 39
0 8 626
0 26 176
0 14 613
1 11 29 19
1 3 32 61
0 2 985
1 20 21 73
1 3 18 53
1 19 26 64
0 13 116
0 36 938
1 5 28 59
1 8 19 18
1 33 43 56
0 20 427
0 24 994
1 11 26 7
1 22 29 72
0 25 486
1 10 26 15
1 12 42 49
0 8 850
0 6 157
0 25 584
0 24 577
1 25 35 2
1 15 40 72
1 1 39 84
1 2 30 86
0 4 86
1 31 35 50
1 9 28 12
0 43 851
0 39 803
1 12 23 49
0 42 428
0 18 863
0 40 61
1 28 40 27
0 26 65
0 37 508
0 24 886
0 14 193
0 4 326
0 2 74
0 43 853
0 37 716
0 32 128
1 15 39 50
1 3 40 58
1 6 26 67
1 4 20 4
0 23 229
0 25 654
0 43 506
0 35 221
1 22 40 99
0 34 601
1 5 7 31
1 32 36 34
0 15 645
1 15 36 82
0 36 535
0 34 393
1 1 29 85
1 15 25 26
1 39 43 51
0 29 618
0 40 452
0 11 448
0 1 747
1 10 40 13
1 20 25 89
1 5 29 25
0 40 903
0 34 753
0 11 334
1 1 39 65
0 31 613
0 32 711
0 27 865
0 2 56
0 19 675
0 23 951
1 5 38 66
1 26 30 82
0 15 816
0 40 592
1 9 28 13
1 15 27 26
0 4 33
0 22 59
0 21 10
1 6 14 73
0 31 934
1 5 13 57
1 20 29 69
0 13 233
1 27 35 86
0 38 118
0 36 177
0 12 538
0 1 751
0 38 922
0 19 382
0 4 417
1 32 33 88
1 7 41 58
0 16 608
0 42 900
1 4 22 23
0 8 335
0 17 256
1 7 15 72
0 10 888
1 25 41 29
1 21 31 53
1 3 32 28
1 11 35 85
1 23 29 42
0 35 806
0 41 508
0 32 556
1 3 5 2
0 29 897
1 5 15 91
0 36 270
1 2 32 96
0 16 194
1 21 38 1
1 12 17 68
1 7 29 54
0 6 945
0 38 532
1 30 42 38
0 7 950
1 21 38 33
0 7 828
1 1 27 58
0 32 925
1 34 39 63
0 39 659
1 9 10 77
1 15 18 15
0 7 444
1 4 28 78
1 16 20 60
1 10 21 71
0 7 873
1 5 42 25
1 17 33 1
0 42 316
1 4 12 41
1 14 32 11
0 41 466
1 25 32 26
0 8 327
0 24 760
0 41 936
1 5 36 51
0 34 718
0 21 389
0 32 346
1 3 9 2
1 5 30 89
1 40 41 38
0 19 797
0 16 733
0 20 192
0 29 577
1 10 35 10
0 17 956
1 16 39 35
0 21 459
0 44 835
1 1 9 80
1 5 19 50
0 15 841
0 19 770
1 9 43 34
0 35 389
1 12 30 60
1 2 8 54
1 11 16 44
1 14 41 100
0 42 699
0 43 653
0 32 477
0 6 910
0 40 650
1 5 25 5
1 6 12 93
0 41 371
0 40 981
0 19 361
0 5 711
0 6 295
1 14 43 75
0 11 250
1 12 19 48
1 30 39 25
0 34 505
0 32 388
0 2 518
0 14 699
0 44 884
0 17 545
0 15 115
0 33 686
1 7 41 11
1 23 35 10
1 7 35 91
1 9 15 96
1 30 42 34
1 3 41 62
0 41 865
0 22 369
1 19 33 60
1 22 30 82
1 22 29 22
1 2 12 92
0 31 682
1 13 27 22
0 16 146
0 40 184
1 8 39 25
1 8 26 80
1 21 23 29
0 20 260
0 7 804
0 38 485
0 26 151
1 16 42 92
1 11 38 6
0 26 630
0 7 701
1 21 30 40
1 2 27 34
1 5 33 94
1 29 42 91
0 32 446
1 16 19 25
0 37 962
1 30 44 29
1 22 29 58
1 8 23 18
0 26 846
0 32 592
0 29 634
0 36 80
1 10 15 39
0 7 752
1 35 36 72
0 39 946
1 6 41 69
0 13 726
1 9 29 27
0 34 61
0 25 492
1 11 18 82
0 24 133
1 31 35 64
0 1 61
1 5 6 24
1 17 34 12
0 18 738
0 27 150
0 28 641
1 18 38 84
1 17 44 29
0 31 144
0 7 204
0 13 704
1 12 20 5
0 20 487
0 28 217
1 10 16 7
1 16 29 47
1 6 33 39
0 12 82
1 18 19 4
0 21 307
1 4 41 33
1 5 10 100
1 2 5 50
1 8 38 56
1 4 40 40
1 31 42 7
0 5 592
1 11 21 7
0 37 170
0 28 471
0 23 988
1 4 17 98
0 11 305
0 26 972
1 19 25 30
0 2 367
0 13 189
0 35 917
0 16 777
1 6 17 95
1 18 27 58
1 28 40 16
1 23 41 31
0 23 513
1 24 43 40
0 19 596
0 44 352
0 8 703
1 1 33 5
0 6 263
1 14 34 37
0 11 227
1 25 33 64
1 13 26 99
0 20 194
0 39 897
0 23 600
0 23 948
0 5 898
0 22 531
0 10 651
0 20 454
0 28 769
0 16 962
0 16 574
0 39 520
0 11 578
1 8 27 6
1 12 15 34
0 37 842
1 27 36 69
0 19 829
0 17 912
0 21 172
1 18 23 67
1 9 28 99
0 16 204
1 28 38 39
1 1 6 90
0 12 358
0 30 538
0 22 802
0 19 973
1 17 22 17
1 25 29 69
0 44 424
1 3 30 55
0 11 887
1 6 19 53
0 12 291
1 16 33 66
0 20 916
1 4 41 45
0 8 713
1 1 27 79
1 6 9 76
1 3 43 7
0 39 989
1 28 29 16
1 11 34 75
0 10 763
1 2 12 15
0 39 205
0 29 826
1 29 38 11
1 3 9 4
1 14 15 10
0 19 618
1 5 20 66
1 11 13 23
1 21 35 8
1 3 20 81
1 30 33 97
0 8 165
1 25 30 39
0 23 609
1 4 37 71
1 9 26 70
1 1 6 81
0 16 451
0 16 537
0 21 433
0 29 597
0 9 723
0 35 809
0 38 976
0 17 261
1 25 27 83
0 27 415
0 42 218
0 33 754
1 2 10 60
1 30 32 26
1 2 13 68
1 6 8 70
1 13 44 71
1 5 44 40
1 3 25 19
1 34 40 97
0 41 108
1 27 36 93
1 1 37 22
0 27 217
1 24 40 83
1 22 22 74
0 39 745
1 2 18 31
0 14 469
1 17 24 20
1 32 41 33
0 34 993
0 30 874
1 24 26 8
0 21 381
0 16 477
1 37 38 58
0 27 826
1 13 44 37
0 1 462
0 33 459
0 23 25
0 36 114
1 8 27 77
1 10 28 24
1 14 40 55
1 9 40 66
0 21 854
1 31 41 20
0 30 639
0 14 335
0 43 586
0 26 262
1 9 11 80
1 4 29 99
1 27 44 53
0 23 406
1 9 20 51
1 38 41 15
0 43 405
0 37 761
1 18 33 88
0 4 432
1 8 34 81
0 16 333
0 14 91
1 23 33 99
0 36 639
0 18 766
0 18 478
0 19 803
0 6 961
1 39 41 49
1 23 28 29
1 35 44 14
1 4 23 82
0 39 820
0 32 937
0 5 414
1 13 43 64
1 1 2 73
0 22 738
1 3 5 49
0 13 914
1 11 33 57
1 4 27 18
1 33 37 2
1 10 12 46
0 35 875
1 11 37 36
0 6 588
0 34 680
0 19 755
0 27 363
1 29 35 12
1 4 23 11
1 33 42 82
0 33 856
0 19 668
1 11 26 45
0 35 925
0 30 31
1 10 12 77
0 44 188
1 19 42 37
0 27 834
1 26 32 13
1 21 37 95
0 38 691
1 4 11 58
0 10 993
0 39 570
0 14 109
1 11 24 98
0 6 884
0 13 841
0 22 673
0 24 812
1 19 31 62
0 20 138
1 25 34 84
1 17 26 46
1 3 41 53
1 4 23 22
0 1 82
0 37 75
1 16 24 10
1 11 29 2
0 20 318
1 4 35 58
1 8 41 75
0 25 948
0 29 569
0 5 650
0 41 724
0 33 580
1 4 10 80
0 2 476
1 10 23 6
0 18 458
0 16 786
0 27 116
0 35 604
0 13 789
1 32 41 76
0 10 405
0 10 88
1 9 43 57
0 13 979
1 5 10 76
0 20 198
1 9 38 9
0 41 249
1 1 4 15
0 11 271
0 20 710
1 4 21 37
1 9 19 45
1 20 44 36
0 14 741
1 5 42 36
1 10 35 37
1 7 25 44
1 15 27 25
0 18 773
0 3 717
0 8 266
1 3 5 78
1 13 38 33
1 17 26 47
1 8 23 56
0 4 171
1 36 38 6
1 12 16 26
0 28 109
1 36 40 7
0 31 699
1 4 44 87
0 26 102
0 10 709
1 13 44 63
1 32 35 25
1 3 43 86
1 35 36 57
1 14 14 17
1 36 43 44
0 36 385
1 18 35 47
1 6 18 68
1 28 35 84
0 37 734
0 18 897
1 10 15 31
1 2 26 42
0 29 879
0 38 316
0 31 462
1 13 19 99
1 21 22 3
0 33 889
0 6 785
1 40 42 56
0 44 233
0 12 454
0 16 411
1 30 37 100
0 5 142
0 44 440
0 15 142
0 19 886
0 7 563
1 2 24 3
0 10 347
0 3 169
1 9 42 92
1 24 33 30
0 23 610
1 16 41 83
1 10 44 36
1 14 31 91
0 33 658
1 15 44 67
0 25 987
0 12 608
0 12 838
0 34 799
1 6 30 38
0 15 809
1 6 10 19
1 24 27 85
1 18 28 18
1 12 29 60
1 41 44 91
0 19 928
0 27 130
1 24 26 58
0 14 595
1 8 38 34
1 9 23 79
1 10 23 18
0 10 194
1 6 32 80
0 4 934
0 25 281
1 26 42 2
0 40 392
1 17 34 84
1 1 18 69
1 3 16 82
1 8 22 99
0 1 511
1 3 9 26
0 35 944
0 36 366
1 16 43 85
0 27 900
0 20 21
1 11 36 70
0 18 579
0 32 71
1 1 26 22
0 28 200
1 16 28 28
0 34 395
1 25 29 67
0 24 587
0 15 545
1 27 38 6
1 2 8 79
0 9 900
0 12 100
0 15 131
1 17 20 88
1 20 36 87
0 35 773
0 26 318
1 8 27 1
0 4 376
0 6 248
0 7 323
1 9 25 88
1 26 31 81
0 7 212
0 17 398
1 13 39 49
1 3 15 44
0 39 519
1 23 44 28
1 17 17 22
1 11 28 87
1 7 23 64
1 12 34 12
0 24 658
0 43 648
0 34 515
0 25 36
0 3 463
1 7 39 76
1 10 42 78
