283 282 1104156999019411481 141 1
141 272
141 193
179 141
141 62
21 141
136 141
141 63
141 146
183 141
141 127
141 231
92 141
141 103
141 239
85 141
144 141
141 69
26 141
221 141
149 141
141 101
141 130
175 141
141 280
218 141
51 141
182 141
141 185
131 141
141 111
141 248
67 141
141 100
44 141
137 141
273 141
41 141
91 121
143 141
190 141
141 25
10 141
42 125
141 254
141 139
40 141
164 36
203 141
141 207
141 113
235 141
265 141
216 141
141 157
141 61
141 246
35 141
141 38
141 153
141 213
77 141
141 75
80 141
197 141
172 141
120 141
184 141
252 141
141 169
141 28
98 141
141 4
204 141
36 141
141 58
141 117
72 141
141 116
141 278
141 95
141 219
141 176
122 141
141 96
37 141
141 229
141 42
246 108
12 141
20 141
141 1
133 141
89 141
279 141
141 123
141 138
243 141
141 223
158 2
201 141
141 151
141 73
141 245
64 141
178 141
141 152
3 141
143 147
199 141
141 106
53 141
56 141
141 14
141 281
141 55
129 141
264 141
112 141
141 251
141 154
88 141
141 115
124 141
48 141
141 49
22 141
188 141
270 141
266 141
141 268
141 189
211 141
90 141
195 141
109 141
74 141
84 141
209 141
43 141
141 57
222 141
141 168
163 141
141 166
213 155
269 141
141 8
141 102
23 141
141 240
2 141
141 94
278 46
59 141
141 217
141 227
141 0
141 161
236 141
141 167
141 79
277 141
141 65
141 134
244 141
141 105
141 263
141 257
271 141
107 141
274 141
201 70
226 141
140 141
160 141
15 141
141 261
76 141
255 141
174 141
141 206
205 141
141 275
141 171
141 18
141 253
210 141
5 278
141 250
141 32
141 29
78 259
200 141
16 141
128 141
202 141
141 224
141 132
215 141
141 87
256 141
242 141
150 141
141 159
141 241
249 141
68 141
141 162
141 121
260 141
141 39
13 101
141 66
141 99
141 50
276 141
233 141
141 9
141 198
141 33
24 141
19 141
141 181
165 141
6 141
141 11
170 141
135 141
141 82
118 141
141 196
7 141
230 141
30 141
148 141
145 141
86 141
141 258
141 191
141 212
141 93
141 104
141 282
225 141
81 141
247 141
141 97
60 141
45 141
141 208
141 31
141 194
114 141
141 17
141 232
220 141
141 71
214 141
141 192
234 141
141 187
262 141
238 141
173 141
110 141
126 76
193 156
141 27
141 237
141 119
141 34
180 141
52 141
276 186
54 141
141 177
142 141
141 267
141 78
141 83
47 141
141 228
