105 104 390029002640582059 70 1
85 101
37 45
89 74
5 77
100 2
71 93
56 3
94 39
82 54
11 25
87 69
88 102
2 41
40 47
55 26
96 19
12 65
46 9
24 66
68 40
44 9
49 12
16 99
78 48
24 90
71 41
18 10
92 83
64 15
89 104
79 17
30 8
30 22
87 15
88 75
62 61
56 35
43 10
50 65
7 3
97 60
100 70
27 14
43 102
99 27
55 4
28 61
75 86
45 13
103 8
1 51
48 72
11 14
86 36
42 78
2 38
82 66
73 7
52 63
67 29
84 16
0 73
24 94
46 33
53 85
96 80
44 58
94 20
5 71
70 11
21 57
91 0
26 17
35 47
80 22
19 64
84 18
91 8
74 76
72 95
54 79
16 59
33 23
50 81
75 98
29 1
21 76
39 60
93 31
83 67
63 57
52 28
36 97
51 62
81 68
72 34
42 58
101 95
92 13
53 4
93 32
69 23
37 49
6 4
