108 107 736397835670617829 102 1
103 36
39 18
89 41
81 6
17 79
31 77
44 56
42 47
3 35
44 6
42 9
90 34
65 27
73 59
33 32
50 100
41 77
30 12
15 46
3 6
23 13
57 63
45 71
72 66
83 92
0 2
89 43
90 28
107 58
91 23
103 28
31 73
66 86
47 103
85 78
4 79
84 86
104 60
69 93
99 26
10 32
51 63
98 61
21 20
25 5
100 105
94 67
75 92
54 10
43 102
106 33
95 101
64 45
40 50
102 68
62 88
100 60
22 52
15 25
96 7
101 74
58 67
5 16
0 106
62 35
68 37
14 55
30 91
61 78
56 49
70 82
9 49
82 76
39 40
48 37
70 97
38 98
22 74
20 53
7 27
90 107
88 20
0 24
55 4
63 64
104 84
2 71
96 16
19 12
87 29
95 13
8 93
87 17
17 54
52 80
38 76
83 14
97 59
65 48
19 1
85 8
99 75
11 35
99 18
80 72
57 94
69 1
