295 294 1140985645178468733 56 1
240 80
134 248
53 160
180 235
173 11
139 123
182 218
87 257
144 254
88 227
290 193
184 239
233 155
140 22
24 171
23 27
65 8
212 54
156 214
215 41
24 153
143 294
115 7
173 248
145 67
289 3
200 10
199 210
154 168
267 31
188 106
109 135
129 44
218 98
232 85
248 273
40 92
204 270
197 289
172 131
200 219
88 294
234 178
128 65
261 17
225 245
166 287
260 256
194 277
98 221
172 119
110 205
13 151
238 216
150 131
63 9
185 236
224 292
230 27
54 142
7 258
52 77
55 109
241 51
138 101
74 21
0 248
29 140
103 52
266 238
245 55
230 291
261 119
76 137
85 206
133 91
280 57
60 87
167 2
95 253
283 73
264 10
111 198
64 128
160 207
231 124
275 263
198 39
291 25
179 97
247 38
168 42
277 242
267 163
126 272
259 28
53 81
217 246
106 238
82 6
293 231
30 124
215 1
254 89
92 18
170 161
77 50
39 220
149 164
127 124
270 287
84 123
243 179
194 196
186 209
148 27
141 192
79 275
172 75
197 282
5 66
217 114
92 216
68 277
216 259
237 135
75 280
34 14
290 120
182 144
62 175
70 41
222 104
83 212
267 54
203 43
226 165
105 228
262 281
152 189
246 167
49 100
45 58
191 122
85 264
7 86
197 201
21 270
262 15
248 103
211 35
146 278
143 169
10 250
252 248
280 271
283 6
193 50
241 2
258 6
208 46
58 102
0 244
125 48
294 223
282 292
248 107
236 176
263 130
162 116
181 154
257 95
183 46
102 191
70 136
19 7
233 251
91 108
23 197
54 56
59 26
248 118
26 138
268 285
87 195
288 156
114 180
9 113
43 285
239 187
99 243
134 129
75 160
72 33
66 289
22 107
36 222
72 94
248 85
152 116
56 121
60 165
145 248
269 128
84 65
234 101
53 35
33 202
133 276
187 181
12 228
96 221
175 79
142 85
229 99
90 74
49 185
166 61
201 294
185 74
87 228
195 14
42 155
159 82
281 94
85 4
37 201
225 32
67 16
118 93
171 157
288 113
243 87
248 157
45 125
47 283
87 286
95 199
164 256
93 89
96 158
279 31
153 184
209 117
36 48
186 260
65 172
272 66
261 274
120 76
128 264
32 16
273 235
65 13
266 197
84 255
20 185
38 87
213 15
54 74
252 276
161 29
174 247
282 105
38 84
244 63
60 240
130 108
162 170
128 278
110 238
137 69
85 277
117 11
269 71
143 192
248 202
112 268
128 177
197 7
121 293
53 249
147 12
197 284
1 178
190 69
208 78
43 123
31 265
132 266
190 111
44 136
78 51
104 248
