298 297 1083089821840643636 97 1
132 108
102 278
185 45
291 141
37 230
257 251
74 293
105 48
47 19
85 99
127 36
214 86
124 275
131 83
40 279
18 64
28 23
41 276
73 134
94 165
171 52
239 241
193 211
121 47
120 62
62 128
216 37
40 130
251 115
275 162
236 227
48 61
145 208
104 113
243 54
114 69
167 113
207 223
215 7
158 187
19 252
140 44
80 241
272 9
157 261
139 10
269 194
51 28
71 199
21 103
241 262
162 295
143 159
156 123
283 245
169 249
60 182
151 186
260 269
290 70
264 26
116 8
237 14
31 224
88 198
243 17
220 46
271 130
54 105
138 118
268 255
8 204
93 227
125 233
46 223
185 197
65 68
132 55
202 21
98 63
233 122
49 119
137 72
92 110
254 179
209 149
250 56
89 212
170 138
111 266
192 57
295 77
146 168
119 81
41 225
42 73
182 214
126 67
178 241
15 239
255 211
101 79
274 95
215 267
122 196
97 27
141 11
13 148
177 1
41 91
241 23
152 99
262 278
191 241
171 87
142 162
205 200
13 285
89 238
117 2
75 77
212 293
230 181
135 43
49 90
162 219
61 224
229 143
159 52
121 190
163 201
67 296
29 200
76 203
155 173
218 32
30 156
32 34
289 33
41 213
220 123
241 277
169 270
24 84
4 56
89 35
173 233
241 29
41 173
263 198
228 241
154 57
145 164
249 136
86 103
264 100
174 45
173 235
273 238
111 9
71 93
3 11
241 152
154 41
241 14
173 257
66 194
210 263
242 44
144 252
241 150
82 11
137 241
289 186
193 286
190 201
133 242
161 251
241 108
197 50
22 284
65 139
226 271
5 146
0 270
164 69
134 147
83 118
206 241
241 5
195 151
241 133
294 265
250 167
66 265
25 170
157 148
277 297
241 33
68 188
261 27
218 241
80 10
109 287
241 97
135 222
117 104
203 247
246 153
253 267
1 16
292 208
187 34
246 244
0 184
12 222
191 90
232 268
288 78
106 122
266 36
115 96
94 172
217 274
285 240
6 85
204 114
38 226
150 7
43 64
294 58
59 229
173 39
20 282
290 282
251 256
217 41
295 166
144 288
25 281
205 24
181 84
287 254
260 241
189 273
160 4
88 147
253 129
31 53
141 41
286 98
82 176
209 233
291 296
248 35
153 63
168 26
51 232
221 141
172 202
247 87
39 275
234 131
20 60
38 231
81 280
30 240
179 237
199 292
279 79
184 206
241 236
72 101
6 107
112 128
78 140
177 110
50 228
180 70
15 17
175 238
112 297
16 283
259 189
272 178
92 55
241 42
158 2
238 219
258 251
284 275
12 234
238 183
57 241
241 18
102 59
241 180
