10000 9999 829635483914931023 917 2
8106 1088
610 1385
1193 957
7868 559
6193 5205
4183 1610
8616 8534
7922 6019
9146 462
1703 1113
7897 1051
5157 2511
1009 7834
4250 2198
9408 6980
8428 487
4747 5624
7604 6677
3968 5370
5603 6773
8856 9568
6117 9851
9387 8438
4108 4719
3050 6300
6965 3048
4676 3915
1435 3698
4889 9554
748 4049
6362 8372
4311 8062
3251 9136
2403 7825
6750 7260
9614 2601
9019 4354
1255 7226
945 2164
8173 2882
7709 737
3180 439
5687 9939
2909 6345
3194 3116
3243 4087
3684 6826
5414 2733
9226 4727
5898 6018
5163 4743
4038 9111
6239 6322
3517 5176
4594 1142
3824 624
3130 2696
464 1267
9271 7313
7362 7508
5629 3721
6215 6348
1179 9590
7527 4846
1726 7348
6865 6706
4126 499
2419 8090
2550 3597
5011 6719
4649 3767
289 3416
5610 3246
9921 1780
2700 2794
8150 3183
9836 4610
1821 3814
8230 6211
5581 9535
5772 115
6994 6492
3827 1395
8586 1982
5712 9937
5284 4298
7719 9207
4792 8609
8420 1189
504 7973
6906 6927
7195 8486
5118 3272
9946 7819
1228 8898
7150 2988
4663 5280
9061 7660
3858 2347
6096 7306
5225 5203
5469 4900
5841 9855
9450 9975
4543 1514
6376 4446
6677 5017
9952 9845
1250 5212
2807 5075
7633 6817
1531 6948
5121 652
5587 2898
8555 795
2648 5630
3829 572
6887 1443
3460 2489
5948 3545
3080 4475
1808 1109
5028 4442
4580 5414
2774 9063
1243 4451
8638 4215
6980 3088
7640 7480
2274 6151
3844 9097
1918 114
169 5590
5819 8287
2390 9047
1184 3368
1519 3986
1760 9649
4319 2529
7456 4195
6919 4381
3637 1622
2632 6039
4739 2173
8659 5601
547 7655
678 9750
8642 9629
6522 9696
6689 5629
5672 1286
1929 91
8650 994
4969 8649
3711 4569
7350 6458
6934 8994
3947 6158
1022 8824
9361 9307
4224 9015
2274 9041
5510 8356
9682 4925
7728 705
3673 8519
3035 6763
6474 6573
846 9687
8195 1489
1359 2355
4854 6704
9507 3849
6403 2920
1892 1677
1907 3233
6612 1087
1427 1838
4793 881
443 2007
5610 591
4749 1159
1655 1255
702 2105
9800 7159
4603 6738
4559 1128
4621 1113
9777 8501
9296 8463
6721 7089
5431 6325
8822 319
8514 5993
8820 7380
6390 7785
2549 5879
4433 529
7662 9718
9265 5423
7764 5096
1382 2671
4358 8472
4463 5643
8342 5004
5413 7466
8856 7509
2484 9072
4807 3091
8284 132
9656 3100
1225 7230
1818 1580
6838 7066
778 1965
2271 6458
6098 3253
2038 9710
4521 6244
2827 7925
385 558
1660 6844
4109 9692
8705 5575
1824 9229
398 3376
7815 4893
8292 5663
9995 1127
973 2754
949 1376
4610 7035
8521 2647
6866 1812
412 6326
8268 9011
3786 2693
9094 8417
2150 2417
526 3044
7361 1350
2649 1275
550 6216
7383 716
234 7686
8342 9116
9632 3534
2800 6129
5048 1196
1548 4869
6498 8194
6795 1246
8401 2454
7305 9819
8642 8586
5115 9608
4695 8385
4168 6685
9340 6905
5068 4554
514 3861
9003 6400
6517 2721
9057 6132
7395 5257
6697 9488
9269 710
9561 7735
6526 7677
713 6812
5785 5426
745 6983
9381 525
6713 3618
5626 7086
1098 6179
289 5733
7384 182
5702 5419
1817 6692
6050 9219
9517 4447
7584 5408
351 8679
7839 6109
9065 802
793 5650
1770 2500
4311 8199
1129 3199
8288 1496
2188 9196
3402 3205
9684 2588
9255 6130
463 7971
4892 9604
9 2710
4048 9334
5774 874
2306 8304
5399 7611
5794 1976
3342 4935
4510 99
8804 5383
652 2997
2224 9219
2817 2689
4154 6560
1371 3434
6387 1054
7605 5300
3869 1815
9118 8956
282 1985
1836 416
5354 5513
6525 166
6703 5648
6289 9524
1584 3926
5688 401
9839 220
5861 3469
90 4281
6765 7148
6607 9837
2826 8064
4504 8522
9810 7549
7568 9867
9788 1192
9312 7857
3696 9159
9965 8987
8826 5943
2283 1593
9013 8060
846 503
2558 9756
2329 4798
6505 7965
1496 2966
183 1016
3893 4179
2750 2111
5089 4387
9665 4441
6803 2689
6938 5110
8654 5287
1923 4549
6890 6803
5014 8929
2479 8274
7114 7612
4364 7027
1809 4885
7769 5769
48 2897
4129 9104
2351 533
9197 6198
4628 2507
1548 8910
7123 2132
208 5103
5471 7551
2579 874
1005 7544
12 8915
1732 4108
6090 9034
3417 7314
6463 8442
3817 5466
5687 7609
2321 17
2756 8891
3025 4718
817 3030
3847 1970
8473 6945
7996 2270
535 630
7997 3500
5237 4772
5410 8586
9424 8871
3116 2151
7203 9476
152 5650
3075 9866
112 7871
9121 832
7589 2027
7765 2601
6587 163
4735 7575
7868 9481
6707 7235
7414 7441
2399 2724
3332 4556
8408 5949
6723 8731
1690 1685
975 5685
4147 6918
6602 6676
6747 1638
1403 7353
1175 2589
2319 7907
425 1737
2321 9104
7583 2481
6594 6501
8938 8331
4159 9715
7224 6463
4553 5583
9449 5292
992 1602
6041 3726
7368 2185
3302 4141
9242 7932
952 6259
1421 6967
7082 8838
6134 704
2537 8467
5377 9472
4419 4775
9664 3214
3022 6695
41 6672
5411 4058
3392 4620
6269 2799
5674 7830
4282 4263
4009 4684
5416 522
7502 7955
6356 6397
2273 5691
6842 9579
9029 7716
2840 546
8525 4923
7315 8360
1522 7967
135 3006
6807 5730
9918 5723
2514 7796
6811 5578
7843 3781
9243 2843
6770 1786
8146 9872
6567 3683
3576 3645
7120 2135
3014 2764
4816 3906
496 7480
6326 9727
116 6394
5795 1569
8916 8704
5015 1082
8371 3733
8524 90
3807 8082
1737 8673
505 3632
5161 5905
5207 7847
6489 1950
4876 8554
4564 725
8861 4030
8095 8289
7278 2493
5377 5812
5046 3779
4103 816
6035 6424
3952 7245
394 4653
5241 8769
5172 542
1648 7007
2130 3896
7388 8368
9350 3
5625 9540
832 3340
393 7172
4998 1396
2833 4210
73 3224
4954 4386
1677 7222
3739 8312
6666 8147
7284 2029
7281 6413
8406 5223
8436 1483
4764 6519
4818 6459
2538 526
1948 6070
5313 3421
6272 8993
1658 3365
1532 8167
8946 1506
2393 9549
3800 1075
8603 3575
5439 7645
5810 8166
2087 8092
1000 504
9433 549
8179 7060
7205 4075
5628 7483
7938 4343
3565 755
8725 5253
5441 9987
3809 2667
689 9471
3245 308
3702 5917
2760 9272
4346 7137
9037 1605
1700 5385
7960 9802
9730 9195
7277 5445
8396 1976
5522 9562
1837 6468
506 3061
9200 2021
3311 9139
7311 2213
9567 585
6541 1176
3350 6854
5300 5439
1192 9180
6001 3135
9978 1571
820 3573
4678 1589
8714 5579
3783 2399
9218 4871
6852 2855
2999 9859
8219 2180
753 9883
4833 4390
4504 8258
6598 2979
9259 5359
2346 1758
9913 2477
9720 9667
6348 9804
9942 9814
3057 2103
3886 1115
7499 2421
7413 5259
9422 4078
6642 7673
8509 8247
2994 2926
8157 3572
8513 7585
6939 3490
9552 8854
4059 358
6860 7002
6010 7738
945 6526
9347 2819
8834 3735
6861 2259
5846 3098
7791 2594
1660 6912
4200 8757
8470 5233
9269 795
612 6015
6486 6304
5943 5319
6729 2545
6889 3194
1473 4941
4329 7474
6564 1686
3178 8976
7549 3613
1131 862
2786 1887
9395 3034
2099 2636
8211 8422
6741 2461
7117 662
5348 9346
8844 7378
7905 6383
5740 7844
6947 1328
7318 649
2351 4552
94 5574
297 4523
6493 3274
2808 1390
7033 2381
1666 7083
6233 3348
9249 2051
8950 8081
1767 1322
1989 9155
7847 2788
9323 1472
2468 6402
9011 6241
4399 3286
1359 9170
1089 6921
1479 7269
3872 7977
9054 5030
2284 432
2771 1488
5911 7425
6567 3985
6808 4344
1394 8444
441 1693
7785 6271
1906 9225
1057 6131
9989 2312
1622 7990
1562 9268
939 1933
7657 1953
3048 2181
2142 5300
3142 6016
9968 4421
3425 344
7169 3648
6330 6311
37 3352
1065 3569
4710 7086
3516 3378
131 1263
2330 3612
5524 1047
7730 8874
9105 3257
9329 3025
3815 3605
4480 8073
5817 4752
1202 6779
2739 9790
2592 9333
9190 6333
3784 6202
4839 8161
2140 4869
3723 1813
6133 9389
9417 3984
4758 2092
6259 2965
4189 7727
8105 6105
6088 4725
3289 8310
9065 3878
9292 4384
4330 7086
2925 5044
3501 3510
3119 1554
3407 1440
2454 9862
5518 7694
124 9044
8529 6716
2025 5800
3920 488
6781 9430
5811 9443
3627 8467
733 6048
8416 8191
4816 2334
5056 4045
3749 1069
2957 1510
7708 3332
9481 1264
6818 7425
8357 9595
6365 1417
7815 2223
5161 8541
273 3504
5925 6292
2089 8126
4049 1
2582 8768
7998 28
9212 9938
5344 831
2466 3863
3872 331
3545 2961
9237 4962
7485 2952
9539 7947
2213 5915
4862 4601
6468 3390
3407 6914
3257 5122
8443 4902
8857 9391
2297 6199
1362 1003
6200 1823
8393 8514
1562 8304
9618 4036
2787 966
7672 525
8557 4292
5781 2645
4794 6967
6357 5111
610 5392
1254 3653
4826 6010
6562 3384
5878 4422
9524 6209
2066 5241
7676 2697
3394 1849
3736 5122
5095 1468
7585 1389
9506 5142
9360 3810
5131 3522
9219 3197
660 8575
388 8826
5008 5792
2906 510
8136 8360
3577 1172
5381 4365
3399 1736
3552 4070
9782 8802
67 534
5924 6671
6141 6482
9877 7034
3387 4613
5123 2663
9904 8345
218 5244
9023 8884
5351 7113
3555 4424
6761 8557
2988 8848
9224 8005
6059 2705
7615 8873
3019 9109
5912 1455
6516 8087
3703 4222
9604 6590
2896 882
6263 7197
3971 7131
4066 4955
7100 8669
1700 5914
4357 5880
4342 7755
1699 1053
7717 5155
5645 3325
4977 5309
556 214
9434 846
8342 6026
4075 2132
3870 1557
1287 2076
6679 3367
17 2577
9451 3782
9040 3566
7951 4199
1026 751
8600 4719
2303 7722
3894 8248
322 2670
8303 3358
3539 8931
6254 7031
5345 580
4312 4643
9207 6322
2029 2311
4572 2160
8165 178
5994 3323
6405 9961
3246 3145
9649 7366
2734 4295
8132 4557
5614 8852
5336 2287
7625 7643
2156 926
7892 5200
1062 5159
1444 6806
8653 1237
1474 6180
4196 9227
9636 2778
780 4673
8369 4920
1174 7094
9361 1195
9237 9533
9220 2646
2426 9781
1811 6326
8193 8811
9675 6655
8787 9392
1007 3282
4234 7477
5560 6599
5305 7646
1018 4288
1436 2248
4262 4945
9181 1999
1756 2971
5037 2526
8710 2084
1163 4681
893 5027
4876 8747
7146 9608
1318 627
8532 6594
120 4597
4324 7509
7513 8375
8090 2378
7715 5831
8084 2070
2955 1506
2241 8314
20 1800
9287 4656
422 2348
1555 4558
4607 5813
3965 6323
1282 283
3070 1469
9901 8995
5449 9360
348 40
9373 6162
2563 1105
5277 6604
1897 2343
1732 9777
5940 5492
9511 2956
5450 2040
5102 9770
7727 45
8361 9758
9820 1956
7994 2408
6364 2050
6839 6312
885 4151
4162 6404
6655 6903
5340 8947
9006 3058
5860 2661
4039 305
2548 3679
5719 1585
8949 6899
1196 2023
6964 1361
4669 406
185 3220
9105 7061
3980 56
8978 8396
107 619
599 2966
212 3748
226 4170
6416 4881
1730 2245
77 5258
7948 4793
6716 327
5153 5916
7136 7367
5231 706
4770 9231
7488 7945
8190 3533
9445 8741
3138 2777
807 4870
1733 4307
9914 149
2347 8610
9081 9334
2611 1455
6484 6865
7101 2826
2149 3610
4937 5226
2571 3384
2659 2218
2813 5802
1813 4520
8049 2513
3206 9817
488 5890
3622 9670
5703 4165
6518 624
9279 9249
7229 6616
6918 9813
9433 1895
6107 9675
6522 2391
6072 215
9952 375
824 5954
2076 2351
9653 8706
8851 7772
1120 9291
812 8443
9015 5570
5091 5680
1413 3609
4591 3421
8688 5779
7797 3927
2542 4486
2502 5091
2488 3418
7336 558
7344 7661
8755 4174
8453 7243
5511 3174
1914 2167
7114 1653
9323 9267
9903 2628
1347 4114
4348 5010
5231 6711
8186 8
2275 4007
850 8980
6854 9185
1171 5577
1288 2853
8696 507
3516 7761
2290 3057
6765 4706
8706 6326
8118 3826
8740 8213
2342 2545
189 3327
4942 1591
6324 6664
6565 4045
3152 2787
7968 7381
8335 8724
8640 8680
3977 8704
5928 9313
7691 1343
3516 3476
4751 9566
3278 5964
721 5226
5606 5171
4533 33
6608 4989
9283 7918
9241 226
7111 4266
2723 1122
9230 3175
5639 8792
9631 522
324 7033
3866 9461
4466 6784
3621 1680
1418 6789
5960 5016
1444 7819
9289 96
3284 833
1714 3629
6212 5139
1405 3975
1793 7945
3882 3894
5299 2381
6373 6580
7992 914
2709 535
5234 3142
502 7810
6779 4905
1179 4805
7460 6257
8419 5510
3155 5153
8866 9007
3233 75
6422 3738
7470 329
878 3557
4347 4778
9040 3823
1474 574
5144 3643
6153 4230
6749 2942
6901 252
7161 6288
404 5240
490 9262
4822 6571
788 5995
1395 454
7989 1278
2614 9506
7183 924
7991 4227
2759 527
3693 9884
3261 2848
6959 4592
1420 8183
9381 1207
1353 3333
6005 7901
8594 9291
4847 3331
2704 363
5449 4733
8663 9178
2011 6488
8933 9338
2726 3164
4136 4641
621 3636
1467 2981
347 1836
8336 49
362 6990
7042 2399
2058 5293
9315 968
6753 9031
9692 1704
5693 9103
2615 8131
3507 4903
4084 8756
8607 7649
2182 1891
9270 9890
9487 3651
8977 3941
7442 8356
2468 9151
294 329
6282 1167
6638 9893
4023 933
5117 5058
7764 5988
4224 6944
8029 8178
984 842
7839 7854
1574 4731
872 1919
9896 2490
9383 685
4463 1843
1853 764
3048 7031
1678 8942
9713 7458
614 7141
4443 6470
1273 5199
5129 7415
270 3727
6913 3694
2252 6714
9909 2087
1917 4725
1335 4323
7292 2963
6174 2623
3987 8711
9616 8777
4505 6492
4110 6772
9004 7247
3307 2404
5996 161
1012 6804
2851 3692
4599 6199
1996 931
9595 2020
8202 6272
8636 5411
7877 9351
1438 3146
9874 582
6870 2349
2406 6305
1186 995
2428 4843
7878 6363
522 8271
8916 8215
1907 5850
3898 9717
423 4814
8196 9738
4787 6723
6045 2280
2786 2875
7102 9732
6628 2152
8718 9132
404 3260
4716 4065
864 8858
8155 8077
8360 5772
7327 4156
8474 2085
2274 7086
6447 4710
2613 4329
3122 1623
2536 2037
909 2662
8447 1584
8908 5554
125 5435
1641 6892
5320 1915
9894 9932
6712 4522
8615 3096
1515 1299
403 1031
1146 9776
7405 9148
3894 5911
1480 6279
1258 192
1190 400
2680 7581
1748 2643
7280 685
1198 7674
5966 7401
3271 9496
6067 4470
7111 9873
9993 2337
4283 6104
3132 4193
8132 5560
9310 1189
55 3273
4394 9168
4434 9443
2243 2486
3991 9757
6993 2283
6771 3120
3560 1348
3912 9163
2301 7946
1323 455
3430 7421
7007 5682
3627 4140
2070 1112
7475 7249
1673 4230
1692 1172
6303 522
1649 568
7736 3510
4872 1331
1532 5787
1887 6574
6478 770
9589 6440
4714 6247
3801 2422
2234 3084
6375 1768
4038 1016
8906 7045
1692 3297
9458 4136
830 4641
4932 41
3147 3466
5855 3704
7760 5232
7589 9069
5479 6505
994 2985
2681 4361
6538 7363
7563 7169
7793 4744
8206 1685
3992 4842
8660 7846
1037 4860
4630 8349
3018 1660
574 2143
6908 6092
866 5701
1651 4839
5877 549
4096 2874
9198 2668
6582 3656
9024 331
4471 7773
5253 8023
5244 1308
5962 5130
839 4869
4988 688
6393 7718
3887 2975
1152 5054
4999 315
7475 3393
2303 5064
248 1630
9263 4095
7733 5570
296 6729
1784 9371
3035 2195
8456 7000
6219 7310
1040 5956
5075 1475
7635 9252
9029 7316
5822 484
3937 8148
9034 7051
510 3760
8545 3797
1447 2518
1358 5755
1497 8346
8910 90
1071 8879
5453 6101
2971 4724
3815 1840
6850 4233
6001 9809
1511 1278
1536 7748
5849 9338
4656 471
230 671
1833 2332
6762 9719
641 6959
2755 5388
7124 21
6335 34
1254 208
5092 1012
7050 5484
1931 4800
1366 4272
5040 8175
9696 9301
6371 4459
9194 8531
6270 8153
7490 8023
3987 1232
1454 8562
8317 1036
4140 7269
759 8024
8626 340
2351 3878
4101 7342
6466 8937
3667 7912
4544 8096
5219 3333
2172 5700
7819 7813
9487 2522
8030 3005
9703 9044
4209 8241
8997 889
3099 3447
6243 6127
6742 4492
3051 5870
7057 265
1372 4092
9721 8855
8684 564
7758 8454
1278 2316
8719 880
2402 48
1313 5965
2034 5507
6394 5768
420 6797
1614 7561
2514 811
2704 9019
4182 9823
3249 6005
9144 9174
4313 9577
1257 141
5410 804
4105 5346
124 8547
8938 8992
151 7940
1225 9177
6315 3706
839 6745
6494 9503
1071 9611
3158 4814
7829 1177
8785 9031
1002 8078
3520 9618
8162 8157
3116 9419
4406 2797
4096 8370
7618 3587
5365 4869
9619 9101
8185 5806
1559 1639
3962 4974
9166 6503
927 7479
4710 2193
5508 5764
9153 9644
7884 4821
1093 2707
476 8341
3805 7646
4990 1356
5038 9959
3890 6380
755 4139
5820 5311
5968 661
8955 587
1664 7018
547 8375
5958 17
8718 8272
6772 3285
7495 9962
9973 6442
5452 9833
151 6953
1422 5173
350 139
1156 2783
2421 1271
2087 1339
4918 4298
6444 1241
4068 6780
6765 5825
4105 5769
7200 4895
5417 4618
737 6406
9467 2203
8569 5542
3979 8055
9415 4366
9486 5795
8787 1417
181 7420
9272 7750
9671 9726
6645 5912
7739 5580
4832 375
5398 8743
3588 3031
9897 3349
3456 8830
3817 9800
9380 5293
1224 6590
3741 4799
1333 8338
1591 2904
5103 2913
7822 4880
4199 3974
7345 6851
1255 1525
4053 8825
3714 6773
3710 2136
9355 8495
5338 5043
631 1956
6185 456
9859 1534
958 6093
7027 3012
5646 3649
9783 9042
2194 6401
2876 8032
3768 1696
1688 5624
8912 5817
7823 8354
5210 5265
4182 2430
3226 8176
2046 1026
2687 6240
8171 2464
6527 9576
8959 5292
2543 5969
5913 7007
6454 3429
482 8550
5060 899
9819 9827
3756 5935
887 397
3906 2254
515 516
1928 8884
8301 2292
3409 5816
9595 5269
2099 3249
6424 9529
8627 7198
6119 8037
4092 4269
2524 7115
4123 6973
3240 2616
489 5146
8666 8428
6060 4016
1149 9176
4243 4427
5261 5646
760 9720
6482 1986
1336 7814
7458 5403
5676 9386
4004 8838
957 8639
8243 7435
9633 4728
5823 7208
4835 4177
2261 9281
4700 9314
7244 7886
7667 3210
3094 5449
5562 9577
7302 510
68 3062
7977 752
2405 6976
1245 531
9648 2914
8498 6558
8997 3898
4652 307
3434 4127
6320 7531
6873 7435
3929 4144
5351 4226
3442 383
8035 1583
9714 6217
4427 6147
1825 9481
9920 3699
8449 2374
8277 9349
3170 147
7916 8613
693 3305
1621 4244
9216 9434
5931 9685
2937 3908
1405 5607
4983 3828
1337 200
1482 4244
703 2170
1880 8278
8250 6938
4778 6855
5128 7648
5682 8523
1308 7304
8153 9586
9071 1213
6989 8783
7581 4238
8445 2915
5767 7092
4718 1049
3738 6047
1010 7910
9120 4189
1635 3113
5157 2935
2938 3419
7546 6666
719 4988
9954 666
3582 301
1416 3007
488 2692
8648 3721
2538 8609
1494 3151
3962 6735
6978 6281
6116 2989
4982 6739
6596 4218
8112 7660
1834 8896
38 7131
7110 8096
6556 221
6521 1354
8751 9486
5125 1011
1798 3549
7556 4820
9083 2438
7623 8600
4291 8618
3961 5888
4705 343
1105 5069
3864 2405
8088 6916
5036 7463
1449 5246
1594 936
1739 5090
3539 9678
22 750
9379 7557
3836 8266
7930 8437
7045 1801
1642 5370
1397 8078
382 5033
5527 2470
6420 4730
7505 2730
8675 4018
9046 8971
2141 7771
6819 6127
4234 2342
5857 7533
2474 3059
8045 6859
2967 7257
8466 18
8924 5286
3493 665
2989 4837
3357 1450
6077 2257
2597 1086
4632 8965
4001 9938
6055 9737
64 4760
1748 6801
4466 7483
1056 3312
2204 1556
1739 1038
305 7932
5635 5201
2127 3356
3398 2293
1724 8246
8441 1671
9303 2154
9742 2030
5929 7680
3473 5087
7401 5067
365 5447
2671 5039
6158 2044
2612 141
9575 4284
3041 1509
8021 8047
3946 7819
1612 4104
8793 2813
5951 272
4410 9079
6571 6137
3625 8330
8112 4645
3076 8631
3976 6524
2695 589
6294 3903
6514 6493
4630 5857
2839 7489
390 3634
3093 2844
690 3473
3728 8371
2629 7925
52 1848
5873 6983
6249 8527
5197 2224
6253 1626
3006 1191
5933 441
3631 7959
5310 2799
8989 6137
5335 6326
104 6520
5864 7124
3234 1014
2736 8279
8684 5266
9636 4554
6841 9384
5525 2108
8288 9192
1529 1594
2787 5531
916 9465
6361 7450
9182 2685
1102 5994
3360 9002
9494 771
524 3298
84 9326
2622 5485
5201 1435
6495 385
7144 8177
1157 7085
310 7510
1094 5423
9691 5754
8585 6284
2105 5985
1818 1635
1031 7138
9104 6369
3577 3204
7427 8543
8322 7112
1372 3685
2042 2096
1233 3015
6032 5762
9257 6537
6791 8293
5387 947
5226 1597
4273 3404
8718 3545
6162 8301
3515 8803
6556 6642
7216 271
2060 62
4486 2574
8414 5690
1713 5995
4506 3613
8694 2009
4365 6732
7175 2403
242 3124
1683 3997
1917 3029
5367 701
6458 2716
4785 9188
7561 4776
846 2147
4421 8043
1366 8480
4086 2894
6903 5585
4618 4389
1693 2866
1229 6407
6047 2287
3879 2963
9170 9578
5200 8580
2748 5256
8367 4890
2900 2639
9370 6558
7083 9105
9366 8307
7036 5454
3405 5831
9335 7150
1751 6174
3000 3792
3020 6894
8917 2551
6266 5182
6426 7140
3417 9349
1927 3853
5822 8768
3387 8427
8349 8039
1844 809
6281 5156
2154 7220
3356 9080
7026 3040
5502 8110
8309 2357
6209 3173
9869 7366
5180 7512
7699 5821
2467 2346
8893 9866
7173 7999
3879 6214
349 6653
5753 7805
4165 980
6576 4088
306 8227
2581 7416
1301 3939
9789 6917
1078 1268
6366 9583
6581 9762
4346 4257
3975 5088
871 4970
6329 4678
6845 3147
8129 2154
9016 6754
1628 4779
6885 4615
7983 6828
6577 440
3744 1206
1886 1383
5317 4916
6353 5070
8836 5692
2514 5422
5066 1001
7960 6630
5257 4415
8978 5661
8371 1101
8233 1892
8690 7390
2425 4150
5926 4581
5105 6913
9389 5636
8298 3553
7152 7724
3596 4701
4534 3625
4084 6052
62 1312
5649 1327
348 1008
923 8972
6430 863
9395 1239
3664 6048
8581 2010
5788 9792
9605 9239
3818 9542
7599 1246
6442 9210
4420 2739
3813 887
1632 6054
9341 2714
5484 6249
2627 7951
2260 4502
7767 8960
8060 9961
2252 171
9956 7436
7591 3171
7342 1277
4616 6569
4023 9894
6470 8656
1631 2531
2817 5454
6345 7168
6848 4007
2483 1192
6636 5603
8708 6030
6917 311
1497 3876
8910 1153
4212 8556
9385 2259
7887 2093
808 1707
7700 275
2329 5560
2696 6385
9328 1827
6572 3078
2330 4653
3873 882
4655 4385
5045 1898
2531 2967
2851 9919
3062 432
7199 4112
4441 6435
835 9433
8376 895
493 3548
9507 6835
4708 9009
1397 950
2504 5373
7467 342
4319 8765
2731 8741
9248 198
2549 2621
1503 5597
6390 2854
5871 4588
893 5288
6487 9126
1398 5676
2030 2855
8008 6620
4444 5855
655 3843
8954 1949
5515 4053
2872 4478
9286 5222
219 1137
3553 6698
5868 2892
6398 2962
9033 1188
5311 4603
1162 9307
6774 5191
9759 9429
8317 783
5495 9393
6500 2763
9273 6765
527 638
5972 4592
6790 1325
9849 6069
7364 2626
3918 4895
8359 7296
5477 4883
6790 1386
1758 5894
886 2548
2269 7307
5072 1486
1729 2081
1842 6937
2031 722
6207 1814
2098 9310
1505 2981
1301 691
6079 7424
4645 6425
2297 5751
1555 9942
1376 8051
4241 6107
7691 9944
6450 8233
4529 1510
4781 236
4202 5263
1146 9574
2268 9102
9200 8295
5147 1990
3780 4459
5024 9718
2367 4509
7573 7890
8438 9490
2665 3084
4590 7400
3570 5062
1371 7341
7307 8474
1028 1719
8647 1733
8219 4035
3617 3741
4078 6650
1106 604
8271 52
8932 7610
3934 3181
6143 6275
1773 2035
9577 2541
2793 610
1237 7271
3254 1564
9423 5017
7909 8914
1630 8596
547 1625
5543 9081
9010 3600
4217 5276
7455 681
7939 1427
4655 5011
9249 2576
4888 1482
7934 3667
7162 9898
4825 7738
5777 9937
3559 3530
4052 6815
5747 9867
2835 2508
3613 9586
61 5043
2660 4381
4201 9946
7171 7053
427 5660
6091 4359
4195 688
2910 1422
4033 4710
2539 9816
6675 8221
3687 1120
1466 7552
794 6954
5795 1999
676 408
4157 1558
8785 7274
5779 8672
5260 2071
128 2818
4107 2792
6959 2749
9964 1458
9536 6691
290 1171
2698 8222
3330 668
7044 162
6324 3077
1429 8919
3697 5888
5776 5709
8239 5750
6455 6541
3361 2683
9662 8069
7662 3712
8924 4512
2177 8907
2686 7625
4492 8003
1813 2934
4959 9505
5549 5221
5658 6854
1317 102
4951 7827
9984 9538
1194 1099
6029 5263
4016 7299
8586 9902
3755 9226
413 3675
5487 9942
2039 9534
6264 3093
3769 30
537 1132
9322 7872
6260 4783
2134 7778
1119 5172
3561 5213
7823 2047
9310 3532
742 7463
9929 6728
2722 5914
2923 4327
6482 6336
415 9243
8845 5440
6896 4391
5476 9049
5119 4408
106 5037
9479 2761
3329 1582
7328 8927
3812 8862
5613 6859
3701 584
3380 5652
7667 527
2161 2114
330 1776
1414 640
3736 1145
7879 9030
7614 2231
7783 1185
9560 118
3246 6533
6902 5332
5589 393
1724 4657
3536 6356
6393 2686
9369 7849
6080 3499
3019 6497
457 184
6963 5386
4879 1376
1617 8655
4400 9488
8508 3663
5891 236
7571 5736
6263 3414
3675 9642
3569 2485
1107 5500
1323 3228
3149 1778
9082 8024
5548 6099
3269 8512
3146 5455
8567 3505
1975 7950
5321 6719
2180 2713
2784 6100
7089 9376
1707 9462
6836 2241
5158 6470
7060 341
5166 3037
6341 12
3619 3627
7476 3042
5967 4301
39 8776
7455 9260
6170 730
9035 5665
5297 7013
2158 2200
3123 3092
2841 6456
8030 3221
7905 4381
6379 3747
833 549
8172 3306
3420 8765
9170 3899
3600 5683
5584 2715
9570 8755
7957 9348
2907 7662
4788 2008
268 1691
6261 2523
5527 5557
3770 6942
5549 1674
1829 5896
8286 5916
5254 3093
5227 3271
2757 7361
3677 9463
555 7171
6857 2322
5082 2629
3945 2797
2881 2105
4973 2225
3491 4937
888 4388
8345 8242
3424 1228
5809 8152
5222 9769
461 9540
9439 4194
3981 3121
9835 5597
2447 1520
149 2559
1913 8507
8760 7438
2283 563
6839 1689
7219 2838
6375 5679
1913 3205
710 5289
1362 3376
1877 2612
8525 7238
614 6034
4832 6862
6997 5055
4338 7331
9905 6194
1884 9808
6746 357
9306 7537
6073 667
8481 6396
1147 4800
6034 2197
3248 3643
5717 1054
6623 1041
9467 479
294 4662
7443 5702
1428 4608
3672 5567
2356 3822
717 5566
471 3617
469 6971
8789 61
8893 5307
7444 4280
2599 1076
4466 5314
8360 4562
1640 8234
2206 8144
1115 6479
6999 1992
4783 7170
966 66
4442 4569
4641 304
3759 6605
8638 2396
7958 9486
6079 3009
4898 3608
1010 6214
2775 3119
6644 2635
8040 6925
5537 7835
1153 9900
6930 9445
460 8254
2401 4149
6546 7122
2167 6509
9448 1744
8220 577
8520 8284
4369 3210
2159 597
4947 3326
8134 9883
7722 9615
6118 7227
2583 1899
4034 9841
2057 8299
3263 9498
3454 4293
3223 7909
241 6496
4575 596
3487 9276
973 2744
8454 6460
81 2455
5889 5563
1565 6831
1365 9209
2886 8141
3171 9299
4449 3005
1943 507
2847 5287
7038 7059
6109 4412
8225 9100
8360 2285
1302 1178
3518 3429
7544 3182
9311 2108
5678 7049
637 2252
2754 9123
5493 7135
5270 7513
975 5288
9644 9930
546 4733
5012 7907
3618 5317
1318 616
781 287
8093 6631
4759 7114
9842 3050
8387 7265
7696 1385
65 3672
6785 1766
899 1128
2116 5143
7244 5851
2830 3219
9775 7935
8839 404
3597 1720
3839 3764
9141 1229
8046 7192
1764 6816
4460 7016
2800 5801
6981 1937
5440 9352
9150 6869
9974 3212
3021 5105
6127 1037
5346 2768
8823 7064
8299 5865
2261 5863
2766 7338
8999 640
5670 6700
7685 3073
8386 2185
3000 1885
5243 4914
9186 5797
3393 954
595 4699
6999 1483
6567 8717
466 2387
2052 7073
960 145
4756 6976
692 8675
1888 3168
7667 3343
5252 3592
2104 9583
6841 3749
268 3933
3190 7605
5341 8595
1379 3033
6871 4993
1741 1394
9483 9779
5293 8326
6084 2907
9684 4472
1729 5285
4112 967
6443 1039
909 2455
9709 1280
5373 584
4495 3894
1447 5741
2279 1273
9910 1216
2538 2427
5721 3439
4810 3519
4903 9280
2553 1734
86 6915
1408 2806
9992 7423
45 8181
2227 6844
2186 7685
9785 8992
3541 7524
1300 7368
3787 6203
5120 5017
7732 8648
2852 3188
3566 6142
6689 7002
8332 6627
4485 6171
4409 3577
6756 8994
5045 4437
9178 4432
770 4468
752 7303
3476 4631
5680 6059
1814 1053
3450 4775
329 1933
9191 8657
8525 647
4320 8266
4746 1691
1612 7453
5131 9158
8887 7205
2360 7235
3067 629
8035 9086
2937 9811
8677 7780
5689 3161
2947 5383
5644 8744
4672 9820
62 9821
4769 5656
9000 554
150 371
9870 1476
8517 1347
3324 8052
8548 6214
8968 6274
2891 9308
7961 5164
5510 6372
7132 5370
2314 7371
2117 966
2743 5475
1545 9203
2331 7093
8091 4583
2286 881
4546 9323
4435 6755
9104 2672
4900 9152
819 3162
4641 5076
7801 8019
2937 7790
614 701
1749 4306
1069 1431
927 3740
5274 2190
3341 2923
5754 4708
1585 4467
8149 2463
160 3611
5815 7572
3334 6105
215 9002
1832 5912
7460 8267
9294 9142
9337 8923
9230 6751
3957 8092
3815 559
6106 5756
6208 3512
4333 4434
1603 5509
4245 9745
6519 8767
6100 246
7791 1878
3446 5095
1097 6255
5819 5732
332 6988
7586 4964
81 9380
7116 5268
6687 2696
9381 2282
2667 5759
4164 5554
8187 320
8247 7528
3410 2907
682 3734
4432 1933
8481 9490
5068 9875
5055 4995
9097 9075
8126 2669
6990 1095
2589 9780
7492 5155
1904 8118
8890 1874
3508 8652
2811 363
9027 5581
656 6821
353 3423
531 7828
4893 418
8988 3610
3074 3033
7129 9261
4552 8590
1367 198
2649 1077
607 3546
4347 2310
5242 6093
2694 3804
8749 6136
4468 6307
966 6681
8785 3643
9819 2095
6480 450
3962 8278
2394 1234
19 1584
516 1260
7712 8899
3757 839
1211 8353
9185 8424
4550 8140
840 3433
8318 4970
7469 2211
3720 1744
9462 9725
1087 1244
5501 1943
1499 6944
8875 8526
6063 2365
437 8965
4561 5825
2532 4111
552 6786
9064 4605
1300 3313
3351 7036
1199 7986
1047 8246
5081 7812
3668 8501
2502 7512
4160 8693
4551 477
2693 5340
6545 8877
9544 314
7714 4479
3391 8579
9331 3912
6768 5279
7927 8337
1794 8817
7450 1955
2110 7102
3531 3364
2642 2950
8536 1328
8833 8715
7310 2464
7560 6285
2825 3064
7393 9173
3317 4555
7111 9013
1589 8841
7517 6312
5538 4974
8970 3068
5712 1405
1405 7940
8784 6513
3749 1402
749 5214
7462 7094
3539 4387
2437 8791
2316 9867
9310 2301
1495 3624
1958 5252
7696 1052
302 4334
4823 8252
5775 9348
4901 3706
752 5552
7818 4851
8297 7720
2939 8457
9020 3506
8546 2324
1879 693
3224 9351
7177 5573
7176 4971
1025 768
3473 4135
8490 5670
2964 78
8141 7145
3406 9381
7936 5571
7505 5477
34 5608
5053 9362
9788 4492
6528 9809
3685 5989
6728 1086
9064 6440
4634 5738
4939 6545
5097 1003
469 941
8732 5257
8427 4404
3401 5461
4497 8801
9716 6079
1595 9238
6090 4527
6554 5997
8189 8489
7774 9482
5061 5186
2945 7875
2644 6723
6326 7334
3247 8824
8044 8437
3013 1255
2693 8795
6467 5088
5187 1599
7709 9169
4052 991
9920 492
297 1398
3316 1457
9568 1489
4879 8252
795 5636
6355 847
6205 7363
6834 476
6648 7269
2903 6731
4213 5442
4027 8687
3028 128
168 7059
1746 9992
7473 2465
910 4812
741 2449
5238 6057
3993 7852
4767 820
6836 5379
2084 4853
2569 3559
4878 1853
3661 9133
9497 8921
5325 6388
2331 9592
8897 1795
8320 5277
8554 8383
5713 4773
6143 6483
4108 1345
6127 6635
4814 249
369 6535
2428 3265
7822 9485
3302 5323
6069 9199
6817 6782
8692 5063
9160 2575
7418 5129
474 7856
2624 2219
1954 6656
9295 2282
8469 2093
4409 1670
4432 5324
2157 1902
8302 4929
6034 5300
3512 3329
4456 7503
8846 1538
2248 6342
4060 4224
1595 1913
3204 9407
6674 5334
3336 4588
3134 903
5843 9879
540 7138
3708 7057
1209 5320
8895 9022
7961 8902
8115 9858
3867 5816
1336 9858
3179 8074
5391 5248
3404 7387
5916 9673
8517 2765
4118 5600
7211 7537
809 5765
9378 1136
9689 853
6871 9772
9382 9554
7346 6268
7832 553
5965 4325
6162 4012
8087 6569
4328 4806
5314 7796
8003 4257
9791 9640
7269 1513
8158 8311
9535 6219
5442 1123
7279 1476
1202 211
3232 4614
6024 7197
2233 3325
6701 757
6140 9486
2602 2845
7736 2196
1025 8009
8253 2311
6096 7893
9100 4322
4352 3232
873 3113
9332 5473
7119 2326
2711 604
7603 2311
4229 9541
9889 5540
3620 863
5100 3112
1141 9687
7199 9471
5845 6327
5187 9120
509 3182
557 4701
8879 8028
9973 5007
6724 9475
6884 5471
2975 21
510 1709
2943 9942
58 5831
6231 2258
7194 3992
2024 5505
5443 31
7357 528
5113 1853
8945 5556
3745 6034
9866 6630
1249 9565
3534 6718
9157 8015
9153 5343
8678 5003
8650 9512
1997 4911
4166 3601
5911 8301
1075 4972
6177 4013
3609 4562
8510 9733
6511 6616
5724 2503
2005 3581
5441 8230
7786 6766
1259 6333
3262 957
902 4373
7098 2604
2375 1307
7941 6868
2057 9801
4696 1133
7218 2595
1283 3167
7337 8073
853 7984
8496 5990
8983 2165
5136 5983
5848 1600
1827 2984
6985 4199
341 2788
5760 7635
1054 2740
3526 5271
6284 5176
7297 2876
5967 7374
5705 9089
3582 6547
6041 1242
969 2040
4584 160
9602 8689
9736 7365
6758 1181
8451 4358
8549 9075
5826 7170
3697 1494
2597 9982
5931 3626
143 4214
3914 1062
7789 8513
1883 7110
4346 3892
1631 5814
5850 605
6247 7972
2251 4182
3784 481
5624 4566
7875 7005
6432 3479
7581 5437
6484 1644
8711 2794
5522 3213
9253 9257
943 3959
6688 9868
1830 2139
9508 8287
548 8032
9431 2410
1554 5013
4814 4038
3781 456
1370 5803
5236 8061
2490 4459
5305 9305
2810 579
8182 5866
6167 6912
2752 4938
9065 6986
2138 2471
4303 9616
5911 4131
6116 1490
8721 3755
661 7805
680 2702
2450 973
9540 9007
5884 9301
4508 6765
879 9784
4864 8610
7714 6253
7532 1715
1366 190
1507 9528
4102 894
1451 1376
6761 6786
8758 7850
274 5074
3970 7516
358 9815
5462 2590
1991 4473
2680 1681
2880 4336
9155 4501
8098 3317
1100 1528
8839 5445
5600 7360
8382 7425
8775 8081
2230 8856
7387 8542
9315 5825
8872 4370
6719 8750
1234 9513
6401 3101
9899 7039
5402 8334
5340 6094
9091 3299
3663 3131
6214 845
2649 1586
9999 3154
3708 8759
1028 4079
4708 7306
1122 7032
2457 9474
8418 2773
3118 5729
136 3114
7336 1514
1315 609
7673 1193
5001 4954
4133 1571
8802 4683
7130 5163
8058 5323
4434 8602
621 6598
964 3624
5653 9530
6736 4997
8624 3680
7619 407
1119 6009
7458 7737
3255 7692
5587 7643
7982 5839
7133 9843
569 7289
5832 2972
3809 6008
9469 9456
98 7981
209 4845
4050 4835
3816 2532
2215 5032
9831 3890
5690 4151
3848 846
7613 3551
8920 1161
3092 1687
6630 6391
7826 119
4494 9255
6149 5025
5872 7741
5766 5778
6227 5098
8388 1654
3825 8626
3008 6320
3327 7766
3243 3463
6513 9038
7891 6881
9353 4496
8856 727
7049 8681
9233 5479
5270 6543
9915 9402
1578 2503
4184 6296
7574 687
6404 76
8892 4221
9993 6108
8894 6907
8889 5008
6783 8408
6112 3638
9880 5431
9236 3115
7183 4596
5995 2402
6578 6213
9239 6002
9051 3650
6982 1450
3833 3076
5802 3956
1221 2352
3271 2485
6792 3953
5666 1646
1024 6118
7330 8967
218 3871
6175 6258
890 6565
2541 7803
7874 3683
3316 2878
2553 8386
2294 7747
7900 8530
853 1406
1030 4107
6588 581
6110 7433
9538 1351
9297 9639
5921 2365
1531 4745
4036 2478
2791 8527
910 8190
3727 4778
6157 590
5159 5863
5674 960
1726 3944
7212 9231
7548 3957
7295 4058
5268 9569
4681 5500
3563 1892
5316 614
1735 3799
4251 9876
162 5909
817 5377
318 9543
2935 5875
9364 8901
6764 5198
2144 8618
4515 3190
2041 1303
3753 9672
88 7745
1372 6265
4260 5175
7413 2501
9375 8359
1904 576
9770 2362
7245 4046
9591 4799
9546 6104
4836 2721
2625 6660
9929 2620
9912 7079
4691 3786
1425 5359
5940 7166
7185 404
5965 8819
7568 2873
8771 79
8240 5790
3118 9587
8638 5186
7878 3530
4481 7933
235 5956
5384 9790
8585 1352
3561 1851
1567 2068
7600 4305
3666 7863
3397 7334
3403 4045
2854 2743
5394 4199
7112 8646
3939 4727
1011 1971
6089 7722
3543 4216
14 8061
9679 8275
7751 4838
8409 8491
3288 7942
3117 3043
916 1846
7003 8448
1911 8591
8198 2658
1043 9384
427 5473
1469 1079
3583 1978
9516 5394
5382 6998
8593 4139
1317 619
4957 9534
6429 9270
1519 7662
4357 731
5789 8139
84 7019
5142 9134
4249 6466
6495 1041
8713 2928
4949 4017
808 4637
6946 3904
8853 7996
3481 7321
2142 7529
793 2741
8598 7086
9101 2815
4347 4924
9050 3901
6286 7217
9400 8706
6231 2718
6867 6785
5741 2827
857 1996
7624 8812
180 1602
565 1884
5999 5009
8338 7296
4051 7397
6254 5216
6806 1763
9904 1455
9089 6640
6868 7248
4239 7590
2673 4226
9913 1286
7118 5390
401 4693
6157 1629
2587 4795
5836 9224
7333 1021
6935 4131
1831 7751
8891 2401
9915 9273
1890 6733
6635 3150
2762 7323
1996 7070
3837 7846
1754 2148
7489 8890
2753 2195
199 268
1440 5188
573 8750
3300 9793
6414 2387
722 5937
1142 2190
4382 9585
2224 7598
435 7734
5591 4490
8154 4422
74 8741
8608 8597
1691 5734
9008 7609
5301 6390
3768 3248
2357 206
8275 8038
7051 3296
282 9079
8515 4355
3953 8821
6839 7842
9257 6036
7431 4814
2788 4740
5784 8870
8988 6506
8384 8009
4717 3779
6901 1111
2541 7039
6012 7111
8306 7496
9692 2367
6849 1613
1859 5152
9622 3622
595 6931
2253 2442
3403 6821
512 5882
4262 9115
3538 1335
4373 9244
7667 7377
4850 6182
6792 4547
5479 8103
9940 1119
3327 5222
8549 7818
8893 1571
6310 4038
5089 3354
9409 7220
2060 6794
6841 4119
736 6428
2325 7918
9833 4551
3172 8737
6861 1358
386 5818
1627 6239
5751 5432
4485 747
5292 5819
7585 9221
6835 3966
7878 9285
5013 8210
1471 3990
1984 6708
2847 4274
755 3600
8741 274
7492 6112
7108 4862
9697 389
9278 6346
4627 5137
5546 1926
7639 7861
3964 6799
9553 7118
8173 9555
2908 4875
7325 6032
1341 5164
8462 9083
7739 7910
2764 5833
8748 1579
5443 7426
9978 2293
544 8178
9354 6630
3192 72
8243 3866
344 3778
8541 5215
4337 4387
7709 6765
2741 626
6774 1069
9908 6424
1140 2932
75 3779
8477 9302
2373 8163
3925 7356
4567 5638
2439 9226
3297 9473
166 2950
4912 4387
6929 8363
334 7158
332 2631
1534 7884
7622 4609
2832 2454
1280 8774
4441 7144
9746 6726
9708 210
670 8429
4504 495
7298 7933
5612 7445
3967 7609
5178 7670
6242 2392
1516 9787
150 707
1807 2916
8836 2132
7054 73
5605 8963
8622 484
6115 6041
6246 3526
9856 92
6317 5832
7699 3869
9547 3028
5268 9176
5352 8348
6130 6699
4445 1388
312 519
4537 4440
7800 6770
7384 958
8872 7697
3289 2432
1361 1232
2776 6917
6809 9149
8687 3017
4391 5443
7884 478
7607 6061
9504 8674
2018 4833
4002 5355
5235 9896
8574 6595
7897 2938
6622 8607
174 2461
5189 8108
6592 5888
9789 9970
6189 3529
2948 7939
5177 5472
6106 8716
4830 8319
4386 3072
9262 358
7841 2324
419 4207
9258 9155
3303 5968
4738 3315
483 3290
6885 3237
5464 4603
8534 9880
4761 3312
1219 5262
8208 1962
6506 3584
9140 4964
8669 7141
2473 6630
5192 5202
9231 8038
323 4097
5053 5319
7839 8
4012 194
4074 3974
9817 4
5107 6641
6449 5052
7928 1860
1994 7129
2484 4850
2838 8468
7372 8319
1977 1716
3967 2688
2590 7556
7001 2437
7532 8055
962 2671
9746 3379
6665 9356
8475 1294
739 7956
4844 8054
8647 6682
9329 7669
2946 8571
3995 7964
1927 1466
3235 2942
3979 7626
4583 2315
8409 2497
9096 6723
8747 4240
1474 9936
3644 4406
3443 4298
5347 1765
2282 7580
4980 2233
3822 8528
6528 5291
5862 7281
1197 6118
3096 5310
9371 3415
8620 5666
7756 8595
7784 332
71 8751
9470 1251
6019 2287
3915 741
3847 4528
3159 8293
8452 9217
7606 6067
2999 3771
154 6660
2870 7051
6314 9923
7437 5550
5765 5996
1147 8533
5183 4575
6820 9136
3377 8089
3831 2769
5566 9337
5496 9582
6667 4156
9463 3045
2775 3748
9669 9245
8870 2719
7427 3252
545 8644
4581 2887
7614 3694
4543 6068
1868 9825
6218 6486
7162 4905
9828 6755
8453 9366
1150 3091
900 4742
6652 7654
9886 7408
4125 7239
7351 1015
6064 346
6766 199
2256 1684
2759 3960
7629 7064
635 9206
5062 7674
2191 6592
3803 9103
7953 1651
1522 8673
2164 2500
4935 1304
3539 3620
7822 2023
7688 1608
9245 1241
3328 5453
7160 1981
2647 9650
9328 5550
6169 4597
5355 9637
6395 5458
5181 5134
9169 6087
4364 2165
9834 4121
3994 4398
7695 8865
9166 3763
9274 7306
4789 7259
2821 2143
2263 5492
1802 6359
879 4437
1537 312
6160 2453
5722 1063
2750 6224
1463 3281
5334 696
4019 7428
2693 284
4622 5962
3787 687
8749 1544
6252 8315
3269 3934
4307 9104
9162 1465
245 3519
4517 6209
259 5117
5704 4427
3106 7657
5540 8195
6490 7525
6717 3913
6575 65
9427 5595
6033 469
1901 6656
4022 8781
3613 8111
5026 7416
6477 4122
7520 6098
1181 283
1805 2307
7041 2008
958 412
8594 5503
6535 2145
3746 332
2621 7298
3349 6704
3809 7401
4803 8523
3061 4205
4864 962
4573 5990
2324 909
9025 6627
8345 1252
2372 2367
9226 3875
4403 5397
2641 1706
3230 9206
2787 1856
3163 8038
3276 998
7262 7662
2429 1456
1981 6246
5598 3347
6446 2134
6367 6524
6661 8398
1029 4363
9561 3458
6821 9084
2374 409
6984 8235
3437 3036
6781 5944
4298 1796
8056 9525
8734 9112
4754 3735
8863 1139
5453 8343
5455 9985
9969 1986
5489 118
6554 4245
254 896
4563 4841
4258 4299
4912 7783
8388 4976
799 1867
4615 8986
5477 7221
2497 4679
6361 6715
5309 1340
6864 7937
8745 9775
4327 6565
9645 8996
726 9425
453 7238
5021 7321
7282 8773
3851 6299
5913 1639
9478 7441
1703 7942
7777 2087
6411 5622
9807 650
8932 7
1771 3724
4038 7134
7047 8793
5976 1619
1324 9940
9070 2090
5433 731
9452 5374
8542 5140
2415 6030
8566 3374
2342 8329
6652 714
3754 7168
4845 6587
9127 6548
8483 854
3465 5268
3380 2268
851 5146
1553 9233
1280 4121
2253 410
7739 4423
5436 3121
5881 724
6463 1045
7012 881
9091 8894
2657 5413
6363 888
2772 1373
408 2025
6382 8272
6237 3202
7258 4219
797 6808
2319 9719
2735 5907
2443 5975
5842 7467
1575 9242
8607 5789
8675 5618
9496 1219
260 4120
4038 602
1518 4514
9022 982
3102 4961
8001 839
6609 3955
289 8797
6892 3211
7110 4070
8718 9178
7154 3178
6294 9307
1034 4564
3512 5544
9124 439
8870 56
5609 6875
7695 9693
2487 5855
3640 3441
9095 577
5499 723
1607 2674
2299 4121
2453 9701
8063 7582
3208 222
256 9621
8276 4041
3358 7297
1022 6119
9839 8390
1877 843
9832 5038
2787 524
7601 5501
2723 1151
5163 8893
5152 4899
8686 8128
5057 2732
8930 3198
4366 6952
5710 8203
7213 59
3142 3401
7373 6869
1682 5907
7478 7322
3989 1685
3428 5565
5231 616
4983 213
5649 5674
4884 9764
6201 722
3300 7258
9213 3345
2450 2986
8087 5657
530 5129
6232 7310
5499 7451
6960 3556
225 4989
983 3980
9425 9137
6324 5867
7622 5159
8087 2463
2322 1872
9593 9693
6880 6555
3337 7155
9043 9740
5874 9090
4584 6806
2474 6893
970 2083
8004 8180
5471 6230
3395 3580
6290 1035
6473 8821
6161 6902
8236 4228
8712 699
5798 6124
4134 6132
562 9074
329 4045
7206 7641
9565 7585
9880 4259
7680 9519
8020 1748
293 4776
6250 5808
1973 9372
1267 3891
6006 2864
1507 3161
7076 1617
3733 7343
1788 1428
3919 8113
8959 7208
2278 7484
6006 2113
4387 544
3561 5771
2956 7280
8903 8080
5029 9596
7151 7567
9963 1266
8490 7422
6885 5639
4115 6521
2740 1212
6117 209
8048 3381
1201 3695
6476 1061
4081 8780
833 708
4441 5782
6132 9432
1116 2401
4876 1905
3874 2772
5151 8888
5409 7356
2811 6101
6541 2796
4290 3900
9004 5931
6734 4666
7680 3422
7861 4455
8539 663
4618 114
279 933
4643 8983
4387 7030
9356 2190
4105 9598
9085 8959
9004 70
7712 4007
7508 4379
3483 9276
4246 5383
2822 5292
6191 1142
6218 27
5872 3865
4407 6555
6179 4885
8342 4852
9037 7580
4949 2342
1372 1097
8659 9422
3626 2283
2193 8920
8291 9983
301 7406
8469 5304
4741 4836
5773 8695
800 5066
9644 7397
2314 9618
4803 3666
6577 8536
5299 937
170 1779
4012 7358
3015 9893
8293 2367
4588 1284
2977 5374
9204 5945
4219 5698
8516 5172
4729 2022
5916 3692
5109 7172
5360 4497
5723 886
6422 1145
9624 2159
8737 6883
8584 5222
1478 8705
9699 3395
7543 7552
4441 8662
2909 370
7689 9317
3671 9036
1850 2809
5300 8569
6643 8581
876 4419
8951 1527
898 5242
9928 3737
5408 8124
8412 6858
4152 1210
6966 5550
6448 6258
3175 6244
7868 5859
8237 4997
4204 5085
976 3680
5329 8086
7068 5034
1452 5913
3129 8355
5325 3322
9200 2108
6734 5317
9852 448
2605 2701
7441 1415
2235 874
4565 1382
5883 3931
2097 5150
4904 4326
3448 8592
3681 2402
7589 7128
4605 1238
9934 92
1090 5522
9723 6927
3451 1199
447 1264
8398 2
7163 4850
9907 9327
4304 2627
9039 9083
9979 4380
8568 97
9895 7139
9406 7439
7184 6054
8695 5111
106 9185
7787 2165
5143 3310
5780 9138
3840 6250
1877 733
1762 7208
1745 4068
1720 6234
3869 4738
7988 4990
6791 2770
353 8939
2930 4730
2939 7560
3951 4492
2535 722
5517 2951
4707 4717
8202 8727
3392 1804
7040 350
5687 1487
3788 6636
7329 2056
1993 252
1535 3891
2317 9060
2354 7685
4232 7096
4168 8366
2428 8271
2050 1271
3407 715
284 1239
7015 2771
5738 6529
6662 9077
7855 6344
5844 3173
8837 1074
9583 5601
7181 13
2609 4059
5572 380
3710 8373
3032 5799
6634 4824
7509 4458
5626 827
3408 6854
146 2277
200 364
711 7149
5857 5887
6151 4553
6507 1320
2689 9753
336 8362
1554 1448
5551 5403
1571 5947
6573 3448
18 7136
2513 3373
3462 8619
3189 806
6879 4830
3636 6891
6827 4501
1333 3949
3456 4603
2858 9012
5599 5874
8287 4309
1346 1707
4142 2649
6508 8413
8922 5522
7706 4465
5173 6059
4214 8772
1057 359
350 1576
664 1611
6245 9086
9646 6324
5369 9383
8698 9887
4340 1712
2244 1081
9695 6005
4487 168
7725 9048
6933 8163
7571 2818
5619 3018
2933 4912
5073 4872
9020 3042
3444 3932
7566 6286
5396 8726
570 674
8606 2573
8908 6921
9182 1446
1053 9551
1355 7582
1521 4117
8386 8906
2221 6457
66 9556
8820 8822
5944 3613
2176 5549
8250 2601
4663 8611
5670 5347
2912 2846
5911 7317
92 6843
1569 5322
2690 9533
7031 1158
4069 4481
3011 6039
3143 2767
7156 5592
787 4291
344 6394
3915 2224
1702 9416
8926 4182
6273 5776
1549 9605
5928 6248
267 2561
1289 8731
5939 9675
7842 310
5135 8786
9974 4262
4525 7663
199 5735
5946 8651
2833 3368
1392 8783
9473 2496
5186 3649
4847 9217
4131 7729
9184 3314
9537 1346
6075 2472
1112 4287
861 9599
9091 8931
6571 9846
5602 6969
7886 4455
3946 896
9647 5672
5286 9743
5368 6462
544 7135
7631 493
8327 8874
243 2634
3203 2244
6814 1131
8849 911
271 1343
1502 1835
8255 3206
6966 6441
6230 2527
347 4979
3143 9093
8185 4689
7231 8511
3910 4315
7009 1291
7630 906
2403 2626
4663 3563
231 5398
7073 2409
8665 9497
1105 8355
1893 7449
9784 2575
2779 8681
4441 2049
5456 5825
1555 1311
3602 9483
7780 8630
8703 8850
6088 8799
1620 3288
6983 5318
7707 5365
1292 1357
9266 4987
4611 4709
7220 589
3931 3003
5799 9346
9410 5118
2632 2237
4114 4181
4224 1719
634 847
6894 4390
8087 9540
5356 8676
8196 8274
6222 8561
8979 5596
2914 8784
3191 5293
7096 9805
3503 7192
1734 6909
7964 2075
5565 4098
1610 2578
1332 5532
1747 7253
8378 3828
6157 4950
5808 5088
286 7592
8606 6950
9346 1517
7356 7309
3245 6809
2115 8776
4667 2626
4966 5752
8506 9668
3085 3841
9446 138
3902 6662
4535 3747
6303 6272
4813 8899
9692 3015
3290 800
424 8301
2828 6062
7681 69
697 8322
6758 2184
1679 2978
6326 1313
7268 1139
9098 8397
9465 6106
5535 3553
2015 3718
5796 1294
4442 7791
89 6574
5247 774
375 2368
166 7266
3315 1272
6752 5154
550 2642
9179 42
9218 8480
2960 3142
4143 9545
4492 2020
3528 6131
4504 7013
7063 6911
150 8454
6242 2533
4207 6557
6685 7339
8758 783
8717 674
604 6521
6265 7440
722 2061
5701 8218
131 679
7190 4164
4933 7873
8949 700
7404 4201
5704 7996
6591 712
4900 6400
4005 7790
7201 1200
1291 3453
5223 7590
7918 4710
3564 56
9911 2628
5992 1022
9571 7975
6570 9668
291 6765
1418 4933
3133 2977
2221 255
2128 9936
6889 3284
4652 1159
593 2423
2279 4969
7304 1166
5970 4294
2816 8724
717 9343
8056 7347
4663 6584
4791 2864
8632 3347
3056 6616
2043 5237
5509 8742
7077 7918
2220 754
5426 3995
1480 4752
7094 8138
7663 1854
4231 2029
4099 2009
6290 8905
9248 8299
9967 2901
7176 7699
8346 9985
7757 8767
1721 5616
7928 6621
8722 1419
6583 993
6540 7114
2611 2340
3333 591
8887 379
5234 7243
9694 9933
296 9854
6228 6040
9028 9850
7975 4429
8601 8788
2016 5350
1980 2012
2719 8899
3726 3599
8332 3039
6586 5517
3923 3678
3338 4550
6897 8352
7825 6837
881 8480
3460 6207
8391 3017
5421 507
3113 1894
4255 2974
2666 204
6075 5622
1596 6156
7547 5019
6635 1925
2862 245
8849 120
8878 856
8776 9058
6983 7617
2271 3344
8313 7804
3988 6191
2196 4468
3058 5349
639 1432
6926 9437
3558 2148
5498 8827
8420 1381
4549 4051
251 4139
5946 1270
7104 8294
729 2668
2173 8405
437 4381
1889 6156
4938 8355
2858 9199
3603 6458
7746 3844
6321 3859
4659 5917
2382 8964
7260 1429
8766 652
3220 9768
480 6319
5362 1848
2425 1857
5764 1601
8822 8729
1238 9658
1363 8754
1685 8542
3009 197
4778 2521
4019 5477
8251 2950
4580 3797
6082 7890
392 966
7897 6133
9561 6758
9336 5780
7848 9573
5023 6360
3897 2988
1053 8120
3696 6292
3601 4908
2413 9117
1424 1780
6170 9643
7271 4844
7685 9612
1694 5530
775 8439
2736 7726
7924 2916
8252 2677
6972 8422
4739 3133
2972 3832
5844 6028
7861 8434
5647 2342
3850 9969
2329 6153
1708 8846
8622 7106
5080 2791
1558 3095
5789 9943
556 49
355 3125
2871 6379
491 1591
7383 8070
2344 6936
753 8709
4753 7809
1048 5921
2849 5050
1046 6998
8985 7592
1416 2877
7828 2111
9455 932
6969 143
4576 2993
2625 7260
1185 3621
5487 2257
51 1964
645 5063
6292 6936
127 7659
2398 5495
3275 1557
749 4207
6075 1348
4067 5682
3315 9854
9199 6162
5018 4232
6215 694
5703 291
1073 8176
86 3983
8663 3445
7215 4208
6384 7233
533 5106
4921 2763
3658 5994
4088 8485
5911 7119
1110 4157
3936 2473
8323 5616
1253 6715
8753 2855
3132 1262
1597 6190
3886 6317
5570 617
3625 9603
9521 578
6923 3254
4038 4321
1379 6418
1044 9991
1183 3375
1789 8202
2489 7985
9586 9367
8776 299
9051 8730
3669 1498
5612 4627
887 6256
2130 6929
635 4097
5987 420
2387 2014
7342 1454
8398 1667
4931 5320
6307 5135
3294 5329
898 9282
1733 6195
5292 4709
5121 3103
4960 534
364 3440
3903 9053
9738 2394
3553 5852
6570 7239
4174 2652
8792 373
167 4626
3486 5634
5811 6114
8200 5655
9638 8955
8605 3949
1719 6702
8217 2330
3907 3530
8216 4568
6825 8228
58 174
8057 3634
5325 3938
6963 8762
569 3978
692 5770
4454 7969
7974 3815
9056 7416
341 132
1136 2747
6438 596
6017 2200
6991 6882
8360 1910
7911 5599
8820 6810
3016 4481
1800 2004
2491 8460
1339 5035
2838 4974
3177 7914
8680 1647
6097 1405
6897 174
5594 5267
2653 228
8499 3976
8764 6819
1270 754
4464 5460
6774 2915
6719 7616
1148 7686
6731 9905
6334 644
7369 5617
6977 6809
1326 2250
7215 814
4965 8449
3495 8176
8358 8065
8981 4113
5507 8847
6996 3855
1928 9242
5189 9766
9429 7058
412 1239
4198 6490
1634 3788
2597 8916
1792 1928
791 4508
512 8106
6646 3071
2826 7479
223 1209
7328 5517
798 6948
9135 8058
6531 9406
9651 5535
7558 1140
1850 9347
604 4617
7542 2121
1606 2129
159 5372
402 9693
6532 3880
4688 4140
4253 7024
4793 1616
4539 7760
2824 8685
5714 7116
9400 9724
4414 5311
2480 162
9540 2064
5014 683
1650 3610
2260 8
9986 7415
3618 9988
3236 9064
421 5667
3572 235
4815 1935
4944 69
2530 5382
9916 8313
502 6018
8995 8214
798 4537
9413 2492
8442 9171
525 828
6221 389
7044 1068
5192 6860
7423 917
9325 8309
3885 3671
2409 7608
8586 7192
1681 3722
3655 4098
7234 5799
4013 4250
613 6173
2214 8451
719 7881
9466 281
6354 9744
9741 5258
4017 3940
4563 2585
9412 766
2152 350
1424 1050
6947 68
3420 3482
2543 9200
6904 2143
2011 5630
1765 746
6837 9228
3068 5815
8373 7205
7537 8203
4936 3136
5652 6145
4515 9418
8548 1947
7127 3012
5885 8668
8411 6663
8358 411
1754 8462
8726 4642
3531 9938
434 779
2555 5799
3184 8222
5425 6755
3588 5753
5649 44
377 8900
9110 7447
602 9682
4750 5620
9296 5389
612 5632
5758 9108
6122 3523
5065 8682
1875 1517
5623 8194
8675 4138
8870 2008
3089 7173
2989 2525
2469 7048
3270 1282
8599 871
3772 7016
6578 1357
4877 7163
3230 9592
8022 5914
1368 5902
3646 9483
3808 2483
2109 5638
8591 1750
5188 3387
9366 6251
15 8569
5852 5819
6185 6204
1750 2155
2956 7623
9550 4516
8094 3544
7176 6610
3622 2674
8911 1174
3001 564
5481 9232
9026 276
7374 4910
7659 559
9531 2467
9078 1353
7102 2742
7592 2408
3710 3672
7977 5474
3578 7485
1080 7896
9351 7207
2195 9265
2853 2940
6349 6308
1006 4873
2872 7611
5231 4976
9960 5705
8881 1773
1687 8829
5696 650
5185 5879
9534 904
4114 7494
8092 6265
6224 532
3403 4814
8423 4790
7319 5893
952 5411
8366 1875
260 4077
6296 4020
3705 2233
3012 4293
9316 8866
4747 6656
2800 5325
4469 2983
1438 8226
2517 4987
2876 997
5731 7043
9231 9957
5584 1662
7518 9161
2052 8576
9451 6709
8302 2708
4718 2137
6243 1837
9066 3675
4816 3546
9143 1972
7680 8023
4880 6945
3942 4054
1778 1783
7723 5920
9396 7090
718 4868
3053 7287
4991 6578
6832 668
9789 5506
2433 1405
8828 2982
813 5949
7866 4352
5905 2991
5034 6987
3622 2008
6916 1393
9018 315
4321 9882
1230 499
4489 7511
7647 153
8824 1329
174 3242
1527 4891
8389 7603
7518 4697
8492 1664
9514 6453
8225 3209
5640 5552
1665 2185
2736 6388
1902 6421
4757 4391
1728 6687
9520 4477
3063 5863
3880 4017
8055 9507
8828 5834
4233 8972
6301 1710
4928 1465
1787 2430
6043 4593
7923 1733
2466 2395
7658 3774
282 601
7331 6479
4873 8609
8878 3487
6936 2375
9522 2015
8513 2317
6809 2652
6204 7081
3191 8463
2426 6071
4808 8544
4417 5799
8044 5957
5243 7263
5027 1085
5687 5835
6311 9321
1820 3430
2246 6663
3782 6019
8910 4335
8688 5924
138 1585
3789 4868
2253 374
8207 4763
2250 9608
10 7176
478 9183
3753 3054
8966 1815
9747 7154
4476 578
5159 9893
8698 3015
7430 9428
6679 7353
8758 6315
8535 4081
3480 1495
3607 7797
2719 9540
4464 4658
9141 9313
4459 5552
1724 4552
3817 1064
4137 4163
1462 9872
2759 5255
6171 7338
4365 2503
7164 1348
3752 2523
4817 3220
8556 9978
4807 2803
1960 5662
3227 822
4402 3976
9581 4823
2474 6165
1496 2838
8064 3123
4696 3126
4271 5762
5620 7628
7641 2095
9223 2721
2959 4344
43 823
2728 4172
221 2868
1842 9752
2189 523
9787 3509
8281 9265
6817 224
1407 2650
4780 6309
7963 2984
919 4984
1297 2583
5912 9765
5363 3716
1535 586
6146 4457
1256 9424
4865 715
4447 6407
8223 2769
6415 3359
99 8637
1125 1083
5503 7885
4816 5799
9401 2234
2172 3156
2632 6400
4452 2959
4745 5838
8741 5944
5856 6036
8985 3332
8266 6859
5881 3507
6027 4032
187 9106
7927 7072
5203 9824
7564 3023
5182 2703
5099 7088
4659 8350
6344 8476
1316 5507
8448 7651
7099 2028
5160 6442
9554 1258
2318 737
8262 6876
2954 2638
5194 3377
4188 3219
7973 6020
4877 6421
5681 3047
8625 106
1093 3350
5576 1364
478 4665
9031 6898
1341 2304
6887 4760
4903 6887
4430 1951
4648 3326
3187 7458
4826 9102
8932 3456
3429 3104
8912 8850
6651 9655
3461 6244
6011 8879
5833 9272
3596 134
416 1464
357 7569
3646 1330
4242 8069
9220 8972
8204 2970
1542 756
4883 6802
7145 1991
2436 2558
3493 3874
8739 4418
9289 5316
1016 9601
5132 7932
7833 9161
5312 4564
1248 2047
2565 517
6307 8495
759 9107
7000 2914
8900 4784
4144 6775
994 4990
2362 6582
4164 2569
5269 3114
2879 1796
7900 8798
8573 2733
8342 3983
2471 9235
3617 2512
7740 3776
8086 8216
6530 9549
1914 9928
5532 9591
2900 965
964 2560
2193 5614
5305 9961
5529 8185
4857 625
1334 7895
9700 2713
7 1719
9768 2829
7995 9635
295 895
5825 2088
1181 9995
7915 3893
2572 9573
1475 3459
1309 4908
5665 3044
8182 5204
4693 6808
8871 7178
7637 174
1579 2699
718 6014
7331 2552
9051 5234
7965 157
436 3688
416 9573
306 9752
1783 2907
6224 2460
1371 4694
0 9294
3846 3385
4625 6497
7432 6671
2392 1079
5995 6013
1271 1550
5569 1539
45 2498
1110 653
895 7276
2477 872
4596 7028
6927 3567
5476 9551
6081 6006
5808 5840
4432 9484
3477 5226
3363 5555
4784 7085
7766 4771
6095 5582
1731 3697
9267 4046
9258 5494
6332 840
7688 8606
7812 3058
6534 565
6946 3500
7267 9403
9767 1392
2447 384
845 9730
1826 3490
7981 7481
8840 9892
7392 3657
9692 381
9803 9476
9216 545
4188 3655
7385 7026
9304 4267
2637 2203
1846 1111
2609 1500
9652 2018
758 439
875 3513
732 1943
5862 6542
453 6744
3750 2828
4257 2365
6419 3345
6473 2292
734 841
1652 6063
4060 8552
3552 5333
7902 2506
9043 4403
8545 7025
3904 1489
3677 5032
5656 9532
9531 6412
8533 5971
5366 8001
3356 1512
1831 7913
6801 6440
648 3684
9702 4934
1816 7291
1783 4588
9549 7686
7634 482
2612 6471
8055 8959
1255 7506
8846 5579
6963 1402
4195 6137
9750 4786
5372 4438
1459 3039
6824 4963
5490 9676
2664 3850
1093 9312
979 1069
6408 3385
9957 7441
1686 676
8801 4664
9464 7978
3026 6563
8303 618
9519 6614
2116 3707
234 8934
5417 117
230 4299
7872 8109
7153 1063
6183 8145
6535 238
8197 9504
3337 3353
1797 3102
4777 3382
7562 1995
863 1297
4617 801
1768 1448
8280 6190
3469 1146
9628 323
6625 3375
3093 4742
8803 1774
6229 9888
4443 1869
3443 7461
8209 427
7701 3106
8543 1217
8415 6406
9415 8205
9608 7052
7775 9892
1119 7011
5401 2279
6747 6451
1218 7420
176 5465
7126 5545
632 4677
5578 7652
4800 7504
269 2978
9098 6098
8070 9215
2823 562
4059 1143
7831 2618
9286 602
7581 4099
2014 5789
2444 6025
9833 1838
326 2759
511 412
7287 73
2983 8241
1656 1642
8027 8862
7203 6496
7464 89
1858 8718
58 736
2980 4247
1794 5381
9630 3719
4967 6143
1577 4381
6710 3984
7227 8713
8312 5942
8300 6393
6692 2304
3916 4638
8763 359
1424 5005
7350 431
1876 9287
4306 4139
3383 8906
4153 6262
3591 8296
7601 9374
21 5885
527 3485
8475 9768
8383 1740
4934 4331
4307 7370
3445 5900
855 8602
5375 4958
3081 1211
2378 8135
6807 7845
8822 6904
2071 6032
958 7223
8076 6306
2901 4953
8328 2561
438 8620
453 4456
6727 4076
8428 4345
8230 2363
5507 3319
8469 6920
9032 9110
9830 8930
427 2780
5328 4958
3729 4301
1061 2271
5866 1959
8158 9344
4839 2824
6447 1222
3698 3264
5490 321
628 3303
1974 8828
4436 6778
914 1995
7647 1052
9890 5123
4676 3730
1439 7586
4167 8736
3114 869
5836 1739
777 2174
326 5342
1134 7260
5955 969
2931 2862
5099 3845
7654 7551
5586 6138
5492 4820
6466 9376
4488 1684
4261 2376
9125 6905
6155 2533
6202 7739
1861 782
3085 3099
7530 8131
9043 6626
867 2013
5480 3586
4172 9918
8494 5316
196 5776
8265 6519
6265 4880
3101 8835
1731 79
1431 6881
3739 6454
9942 8962
812 5212
5472 3826
6503 9733
7268 1352
9787 5294
4362 6609
3528 2570
3931 95
9760 5828
7837 300
5921 4190
6167 520
8550 4418
649 5650
6040 8276
4397 784
2441 1245
7055 2482
3878 1100
7802 6831
3031 8507
6056 6033
3469 1327
8677 7330
4063 9861
671 1116
3592 9131
2313 4180
3890 5440
8974 3591
1931 6449
7131 6659
346 1633
5582 3523
6796 179
3853 9337
272 8160
2236 202
8551 3231
1822 2038
3953 5094
4396 5947
1494 1068
3923 6563
5713 8796
6980 9610
123 1921
7138 6370
6357 5923
3098 6131
6852 3182
6034 275
4809 8287
5463 4964
2207 7256
554 7149
3496 3119
5350 1543
9039 1013
6238 9024
7743 5737
7172 5728
6333 4733
8816 6366
4913 1302
2324 9763
2837 5836
571 3291
758 6668
3048 6941
9769 4936
1339 7240
6772 6103
2720 1857
5521 1144
3271 4206
2386 7862
9881 3401
2224 1432
1864 4582
927 9369
3277 8347
468 6296
8966 4987
9200 6673
317 6765
4443 8879
9011 2017
6143 7195
8707 9272
9196 6961
5491 3083
8928 5462
8500 782
467 6364
4159 7232
2072 3184
3020 9647
7847 2461
2284 1485
3635 4072
2877 5751
4713 737
6915 5528
5588 3611
2798 8559
4796 1627
7569 9338
1567 4756
9600 5510
7856 6469
3102 9584
7205 1084
5675 5928
331 7143
6562 8520
353 8197
609 1153
2256 3568
6758 6294
8082 2582
672 9020
5593 6207
8945 4894
6053 3898
8237 4071
4474 9509
2659 6671
1808 1291
1624 3857
9818 6529
6624 8317
943 8999
807 8099
4011 23
3592 9840
8777 7251
3524 622
8793 6667
866 205
1486 7204
5277 8264
5631 2435
7065 6531
7509 4372
7971 3222
8560 7675
165 4921
9353 4904
8155 1117
3708 2624
7930 8165
7950 7618
8263 6982
114 6956
8052 6558
1851 3970
2288 5348
4203 6288
6533 5154
6780 970
574 1312
4822 9711
9830 8972
6072 5853
8475 867
1659 4441
4067 928
8104 7103
8868 8952
7959 3291
9021 7557
1232 9945
4571 9270
5511 1016
5471 7995
2139 6978
4280 911
7186 663
3915 7067
1377 3731
3399 9973
8918 9352
6451 1596
5862 9590
9700 4822
867 155
778 4581
6523 4563
2289 9796
1532 2291
6016 2077
5807 3464
2510 704
5910 104
7567 4764
5977 7180
3371 7493
4714 3140
1354 2091
9871 109
497 1440
1968 1936
5547 5762
2717 8181
1625 6152
5536 266
7419 3820
782 8897
3334 9304
7358 9014
7288 6684
1742 7244
598 6475
2008 3455
7115 4623
8969 4234
9217 9048
7088 569
8850 6718
3587 3762
100 2123
1898 653
7577 8276
4886 3011
7241 1026
1007 7323
1870 5713
7022 6728
463 7795
254 1124
6915 7020
2049 5127
7234 8414
434 4866
1884 8373
5854 7439
5830 8226
8468 7823
4498 4975
5858 2587
5363 9599
1695 6825
8339 5290
2170 7632
7868 9791
4144 2358
2454 8804
33 2898
863 6529
7286 2972
9920 8317
4619 3113
8807 2601
2459 8563
5513 1932
8618 3790
6203 8269
695 5077
6566 4499
6352 8774
4090 5682
6550 9681
8449 1744
9058 4116
8945 5019
2168 5404
3682 6572
9543 2103
930 757
9273 686
1253 2211
1523 3215
2062 9523
1026 1765
3089 3478
3512 7559
5099 452
9160 2665
9167 2622
593 7346
4089 2712
7338 3911
2785 4227
8808 8588
1015 97
5883 1272
5326 5174
4124 5705
1994 3055
1391 7807
6049 1922
2792 5838
9698 1823
2974 4002
3346 6652
4856 3422
7401 5573
9436 679
871 8364
6160 8572
4635 8956
7985 858
483 5309
9980 2702
667 5015
3335 7700
6138 6424
7095 3524
1479 1279
3327 897
8159 5971
7224 7706
5906 4640
5376 8604
2431 17
1841 7672
7869 1758
4917 7566
3160 180
8710 1990
8372 6553
1070 5800
8836 4310
5228 5396
2166 7552
9857 9712
5962 2619
4363 9856
3761 844
8806 3880
6705 4287
2987 5376
929 9501
1560 8895
9395 6974
1455 7555
9420 7217
3086 3132
4500 1580
7309 7369
9486 3661
8603 1959
1604 8777
5555 5448
8060 848
6743 6706
3544 5163
4097 561
1824 583
3147 2786
1492 6544
8629 6535
2845 8478
4526 2302
3775 6756
4745 9164
5512 8587
3975 6356
3787 6972
2114 8810
5963 3252
3060 6436
9472 101
4807 6006
343 4682
9259 3373
2623 703
3729 6234
8022 5953
3530 5470
9137 1023
6321 8334
7654 1790
2949 1686
6561 8315
9787 8130
1645 383
5684 3468
5763 1755
5418 3638
6611 4443
8435 5112
6403 8017
8145 7949
5677 765
740 5283
5537 5717
6714 5243
4198 6992
3630 4120
7536 5179
4519 6148
1873 4204
1817 9602
9571 815
2987 4081
9392 7448
7042 8001
7079 1058
6434 9680
265 9438
1432 6494
4304 3027
3112 175
8754 2546
909 5922
7380 3390
9177 3183
9641 6244
6675 8885
3657 3095
1968 2548
9960 1608
8538 8243
7711 1430
3236 6044
4880 6765
1442 6749
8193 390
4955 7829
368 6669
9632 8341
7334 1839
4416 9287
5163 4056
7811 9471
8551 1963
2651 6565
6472 7550
7380 4461
9735 1211
3759 7899
6503 4315
36 9543
9145 8653
3223 1371
8264 3142
3279 7007
8139 9453
2022 6244
5049 4557
8197 459
4542 6341
7519 7935
6254 7197
6635 4289
5667 4028
7234 3438
5670 4840
5673 5148
8908 6305
1165 5489
1131 4498
7136 3902
9915 2888
2755 2281
9662 8456
195 4771
1066 8623
7248 9148
4036 6678
253 4634
4152 6669
3227 5501
9996 5313
3151 8749
4962 5794
9097 1255
4132 5508
380 5021
343 8305
5465 8977
8644 26
8349 8488
3339 2124
9793 7260
3700 8066
6134 7107
702 3196
6973 5168
459 3330
307 4192
7868 20
7386 3399
579 8608
537 1706
3081 8067
8439 2123
7397 1231
9539 6923
2562 2485
428 3398
4512 1203
1414 8870
2507 3430
4000 7218
4622 4836
6560 9000
1657 1460
315 5973
7713 6551
2219 6515
5836 7141
9492 3873
374 8785
2108 7497
8095 4121
5016 4974
4017 3964
4668 4855
7121 3154
4873 2209
8714 157
5249 8081
6341 9494
6612 3752
2383 1761
433 312
2951 3009
7663 5143
5167 5419
7530 4087
5062 5296
7096 9115
6121 5644
7654 8518
784 5698
5520 9272
9904 4687
728 3007
1776 7335
7240 5104
5977 1931
1996 972
6659 1011
7268 4815
3067 7757
3411 8426
5042 7853
4145 6967
3083 9125
6871 5981
9886 2244
1675 4892
1367 4374
9951 6888
4176 9981
801 4310
3120 7540
959 2904
3636 4908
7600 5989
9683 8214
7898 429
2313 7412
5744 6288
7686 8505
9429 9708
4604 4857
6123 4048
9152 5564
9761 1218
5532 919
6187 9900
9421 1651
2809 7495
8344 8061
8722 4405
2336 3818
5253 6448
9528 3411
4808 7459
9946 1590
4387 2801
6499 7728
8156 1548
1208 7060
794 2511
237 3234
266 4129
2725 1031
2702 8135
5155 9947
1186 1908
1660 7937
3258 9055
3898 5021
1130 5365
4263 5361
3956 518
7998 7381
2620 3086
905 1250
2171 8218
4518 4548
6166 1685
6593 3391
4061 2139
2106 6698
1636 1024
4932 623
6568 275
4178 9904
6601 3201
6676 8777
5733 9837
5840 8478
7921 1683
5380 1272
1616 4235
6963 7355
7102 9339
9149 8867
3854 116
9609 4994
6042 6473
6892 1605
4103 5041
5239 986
5154 4408
6065 1724
7864 4153
1647 2943
4236 7713
6549 3786
1912 3873
2540 3182
170 3428
9333 3943
217 5044
8513 585
339 7552
9176 7694
1074 8297
2247 5963
3582 9166
7155 6823
8513 106
3184 9377
2050 842
738 7771
1006 8645
429 5070
1595 3816
9661 9114
8230 3134
6856 3286
1970 940
5153 6465
7716 6477
9757 1408
54 9433
1516 9720
2117 7587
5082 6684
2884 5947
7630 6778
8059 5371
5737 8213
4801 2997
3305 391
1324 273
1214 1481
7976 6541
3301 8371
4816 8191
32 328
6313 4289
501 1870
5040 7023
5568 4175
1724 3586
7467 8453
1791 4736
25 7579
3430 859
7745 7851
7650 6767
2953 3268
4459 5897
2079 6406
1334 3620
3607 5131
5020 5600
7343 2112
386 6146
3599 2397
8180 6952
536 372
5855 2616
2564 9109
5530 2116
2048 158
6520 1812
791 2958
604 9792
4331 847
6712 7694
5002 5471
7819 2379
3568 8755
9953 515
1835 8809
1436 7745
4588 3957
5412 4097
6968 5974
624 269
5766 9529
4251 3163
4849 5142
156 2530
9438 6461
2860 9052
5266 7159
8844 5242
396 1602
8098 3318
703 3894
7008 5672
4031 1367
40 8232
5042 5712
1618 7690
8144 9994
8259 9023
3958 150
7089 4669
5253 9057
6381 2466
6750 4317
2389 3975
8054 2830
5862 3432
1938 4352
2108 4089
2323 6834
9991 9510
7208 3830
4490 2387
5910 5841
3379 5200
8690 5766
4220 608
1430 6342
1598 9434
3805 8421
4508 5687
8623 4579
519 6163
4069 6120
1900 80
4498 5986
1746 9033
8678 1135
2585 3212
7803 6078
2724 399
9167 4100
6997 1771
1520 5022
4200 9659
9755 9502
2270 7270
9286 739
174 4144
6616 633
2320 2144
2278 3539
3109 4222
790 2960
8044 4237
1779 892
9878 2348
7196 8351
4385 6431
82 5248
6171 9338
4078 9707
5608 316
5421 9989
7313 8232
610 2760
5292 6634
5591 5138
2201 6691
9936 5079
425 4876
9073 2323
6212 4781
7939 8395
3070 4027
4987 8137
8200 8713
1674 1476
1265 2761
3185 5237
6072 9860
2093 523
6386 3703
1138 7595
5311 7705
4130 4692
8868 8558
6325 9626
4280 9518
3445 918
9516 5302
5041 2168
2553 6755
5793 4774
5048 6805
5718 4595
6093 9778
3728 7879
486 1103
1681 2771
216 8053
7776 9069
2349 4034
9365 2014
8411 6636
3468 1343
3065 3638
8746 9236
124 8936
2468 3078
4117 8752
4507 7023
1821 3804
7802 9756
7966 114
8162 7864
6816 9197
8723 2118
9187 3893
3893 5856
8471 3286
2388 9938
8270 7453
9930 8559
5876 4949
9502 1747
9594 6806
9764 8321
2849 9308
9228 1138
6277 6314
129 4849
311 7747
9606 5242
8478 8360
1168 8972
9949 6745
1683 7243
8095 9258
1215 1509
6491 5034
6704 1477
8407 546
9461 6996
4582 786
4040 1137
309 4959
5062 8173
2805 2973
5682 4554
7599 8542
3948 9478
2106 6629
8148 4690
7849 7799
2882 9390
3663 3422
5040 247
4679 7472
2102 9867
227 7010
4019 9868
8249 3201
8419 4244
5972 6699
349 2499
4133 9797
1501 4172
5471 5169
2505 5387
7046 8478
9610 4545
834 8617
3673 9300
232 1959
2802 952
5085 4920
3709 2141
488 2838
5982 5253
3678 6161
919 9912
8564 4589
8033 1756
8114 454
2398 697
5298 6327
6464 7654
3107 6040
1112 9794
2114 3573
8119 8742
1042 8880
5231 6159
1473 7908
28 2247
8631 6853
3528 7458
2836 626
3238 8336
6984 8795
7860 8588
9288 7114
4972 7353
3126 9031
605 6593
7446 3736
4255 6605
2640 2861
8779 9075
388 3653
9927 5481
9687 9447
5667 4949
1157 651
3442 3351
1785 2987
8734 9728
7681 3079
3269 1425
2299 2675
3544 6964
2368 990
3629 4828
7060 3820
4377 6989
7874 9689
3401 5872
45 1122
2370 3359
5904 657
4169 4703
3117 3786
7128 5669
4169 309
9960 2205
5693 4802
6394 1269
5482 6494
7814 6309
9464 3006
5874 3109
993 9668
320 6374
3590 766
3042 2606
7074 5350
6903 5539
7145 2169
3842 9394
4697 740
3168 9975
2564 934
2983 4660
7515 877
2328 762
3513 6662
3487 3665
5232 8236
7316 7628
5424 6303
829 8588
1219 9210
2255 199
298 4735
1571 4248
8167 9898
2074 480
4010 781
8859 9445
9326 7666
2979 6931
999 192
8212 3231
9368 5332
4715 2267
9954 149
7936 6150
1862 8425
8517 8283
3924 6272
5750 7079
8191 6658
3944 996
8258 5184
1529 1256
6796 3493
5995 606
6243 4694
5391 8187
712 1204
1509 4814
6886 5651
3078 1092
4814 7693
7673 9161
8673 448
4006 6318
7642 567
7239 5678
3199 8248
5429 4875
9278 3774
1550 2400
8152 2595
2701 8624
8824 4887
6359 1105
9480 8761
1329 9853
4379 6951
8660 7812
7817 8835
6898 664
7679 6546
5251 1697
156 3492
9182 5029
5194 3897
8397 4859
8650 9665
2897 3366
2422 2448
4331 6603
4155 935
3656 6404
5869 2894
9095 3372
1253 2980
9605 4986
3429 333
8403 7556
682 519
974 7235
3330 5431
5047 3514
6571 4020
9344 9061
587 942
4758 5317
6399 7642
9416 8637
419 1974
8333 630
3713 7342
1557 588
2576 2593
2150 6633
3646 8854
7987 5612
8624 838
2894 7670
1724 8500
4855 4286
6798 121
118 5995
9900 5980
79 884
9138 2790
4402 6833
5229 9145
4508 6731
7595 1099
1060 3
7448 1645
5782 3283
3690 2178
9861 8792
149 6514
4700 1584
6890 1396
7363 7193
3227 5
3379 839
9062 981
9848 3475
4880 1767
3589 3812
8983 1663
5015 8470
9554 3809
9587 8855
4493 7410
3378 6757
8464 329
743 4365
4447 5935
2117 4848
3195 3937
2337 1722
122 1068
5836 6611
7372 8027
6066 1259
1882 7653
3540 2292
2861 9969
7496 7762
2228 5911
4047 7174
5843 3677
3591 4050
6299 7659
7239 57
3157 6662
1847 3854
8183 4401
9935 2303
3090 9391
1816 4540
6536 2278
9401 5611
6747 4263
7185 7695
1854 1180
1343 5145
1186 6665
4295 5868
2301 5699
1235 1824
2026 5840
5114 3970
9947 2437
3293 4075
5854 5941
338 9398
3395 9844
3890 1502
4596 1960
3881 3108
4568 3935
1441 1619
3566 971
5574 2726
8447 6217
2765 7016
1178 3470
513 9264
7534 5394
3355 9388
1910 7668
1594 3288
7423 5813
8692 3110
6908 7434
3038 3925
4919 9338
7524 1274
2458 6704
9048 3835
4751 4243
308 6410
8117 8250
8450 7380
3525 5388
7109 1829
7754 2678
973 9031
1726 2265
5899 7945
7070 2271
5373 3744
1363 3054
8608 1693
1533 1271
5827 360
8670 2729
9521 774
4963 7664
116 6052
8126 274
6807 2135
7522 2174
2790 2045
1177 8613
7430 347
9745 3259
8530 2314
5870 4836
6230 9417
2515 5421
1169 244
3677 1623
6220 7505
7457 6254
9825 1587
8743 6969
8206 1593
7110 8412
8233 8870
4583 6081
407 4113
2519 8860
7267 9317
9493 4274
895 277
8019 2356
8109 8679
2805 4378
9842 9966
4513 9214
8392 7658
8953 9404
9906 4012
5234 785
810 8738
947 6510
2528 5875
7624 7666
9977 507
3868 7468
603 7460
8728 4972
7774 4531
6922 5384
9481 8515
7818 920
1375 9222
6294 6790
6822 2344
2969 6023
1776 3586
7912 7607
4236 5358
1872 8169
989 159
5943 6925
4867 2235
5457 6738
1819 966
3012 5408
9966 5036
5330 4016
4561 7749
250 1548
566 9469
6880 8960
1008 3225
8083 7826
6193 730
1378 9162
8896 1003
257 9886
6609 4057
4131 1964
6268 3877
6073 6298
9136 8419
5404 172
3528 8183
1866 9353
7263 9573
821 1347
7471 4417
5108 2451
985 5084
9767 8861
2269 6737
2781 8810
2250 9715
7135 9071
5433 9456
72 396
5749 4086
700 681
1556 8011
4721 5577
7788 6647
3750 7554
8951 9495
2344 1661
3113 9444
5934 2105
8085 8149
8581 3292
1651 3975
7557 1068
2509 970
7507 1253
4562 8542
5300 5434
4748 5494
2891 5526
5948 7217
3859 2341
47 7121
7031 2038
5430 9679
5089 3932
5604 3401
261 5153
977 4445
6302 2162
5845 479
3991 9505
228 310
9031 3821
9041 77
1675 7257
1022 5292
3480 7588
1946 2447
2709 9729
5718 9842
3024 1510
1167 3807
2543 1629
1511 7242
9625 1339
5502 5281
9751 2606
5264 7525
6670 1268
486 4295
8185 3042
2748 2904
1154 4643
1028 9170
7868 4150
8203 8732
2428 3046
2976 5435
6409 8055
9654 2881
5230 1231
6875 9434
7074 5631
4012 7482
6754 6110
4285 8207
4462 9681
4467 159
5584 444
6897 6082
489 8465
1954 3214
4985 8891
7687 1401
4299 4655
3851 4171
6840 3757
7961 4578
988 1741
6291 8664
485 841
4626 9595
4707 9964
4559 7753
967 9396
6392 4992
9442 4108
1808 7611
343 7774
3304 2295
7309 6769
6085 4297
2913 4113
6004 9479
262 7850
4332 6921
443 5422
9404 8513
9320 5523
6201 3566
5663 9155
6511 6076
8355 8248
4811 3350
9097 9526
2130 7929
5597 3000
5311 3775
3369 1290
8136 8868
931 7379
2484 7228
7906 4265
4223 6640
2106 8042
8364 1410
4908 7564
9869 9143
3327 7214
1359 8875
7709 760
6150 7672
5434 2820
4606 5078
9361 3381
5206 2968
7360 2638
6083 8937
262 9585
7684 2900
2210 8632
3316 8163
9549 3645
9786 1916
1096 8099
8901 4565
2902 3359
4062 4595
2395 2607
3446 24
900 9214
186 3448
240 4840
3593 241
2207 6301
5429 6825
8578 7893
2556 7636
1173 8386
449 3791
4596 6968
2017 7183
8525 1338
5191 1570
14 4829
4731 1692
4475 9399
5205 9063
5017 2677
9947 4351
773 766
5603 3928
2779 7434
5436 4942
3554 1693
6841 8724
7239 5295
8032 234
1973 3646
6034 8308
6350 2825
9907 3114
2344 8482
9965 2317
5406 9668
1250 3558
5695 3187
1933 7526
7528 7540
4727 3973
641 5175
1021 6989
6533 5998
8651 8658
6958 6449
9827 5475
7202 8752
1618 4342
436 9275
6100 5051
9791 8379
7545 9368
4818 7692
6252 9016
8325 6986
3337 566
1030 4088
5529 513
9416 4882
8873 2984
7097 8489
8508 2890
3125 1892
3449 8173
9362 5689
3182 8369
5936 2325
1724 2259
3512 5763
4746 5010
2414 7272
2234 6236
930 9857
3871 5405
387 8670
6347 9983
4256 8587
3265 7340
5464 2584
5520 2459
6243 1493
1164 9399
2179 4454
5757 892
225 2831
400 5950
4939 920
7365 4668
271 1509
1003 8943
8962 3394
4161 8078
9711 6595
6551 2965
4360 4411
6398 7165
4413 2333
8252 4361
149 9545
3906 6051
4209 9657
8416 7550
4315 8493
9059 2278
4300 6378
3123 2183
2586 8962
9962 8142
6103 8870
4343 3448
1063 9955
3418 1921
9056 7536
7324 7704
1979 674
8794 5331
8442 227
6500 3156
8491 9209
2055 5763
7682 2901
1698 2994
6376 1191
2874 8709
181 9885
3206 5367
1560 5490
7755 7817
8018 5053
386 4384
5391 3336
9108 6416
684 3318
2437 7391
4177 147
192 3379
2941 539
7407 9806
8575 3400
7152 7338
7780 3165
5249 6791
4795 7590
6295 7140
3635 3881
3683 6807
3690 4432
4665 4473
5906 5915
5986 5699
8642 7501
7693 1924
8089 8012
6340 4045
1048 5933
8735 9284
1866 5306
6048 8634
5571 1727
1919 6783
2883 1131
7025 1766
8214 2815
1046 7171
6452 1055
9036 6968
1389 9118
1299 4256
3356 9491
4193 7412
3660 7704
4685 91
4621 3687
7773 4555
44 6489
7640 7631
6978 7725
8935 5211
382 1070
4393 9451
4345 4518
3717 6582
2308 1738
1673 6866
4750 2434
3139 5201
1709 9692
4500 8446
7810 8041
4261 6348
6871 442
2510 8417
7867 7685
8533 7131
7975 6818
1405 2159
7244 1463
5150 6389
5837 9572
1693 7062
1485 5038
1859 9441
3907 80
9279 9783
2298 4795
6062 7608
3164 7917
5673 4181
6020 6319
2129 3518
5865 9323
504 3837
8393 2481
4774 297
9735 7070
1353 3921
6228 8553
9168 8596
2657 902
100 2505
9728 1330
9977 4334
7232 2615
6998 4152
327 6347
7620 8690
8908 9468
921 6013
2048 8689
3856 5903
9931 2027
8607 417
760 6475
2733 4528
2000 1759
5748 5251
7911 7020
5805 6886
4762 1634
299 6839
5904 4930
1220 2351
5797 6983
2054 2627
9764 4530
4085 6611
30 2889
7606 9070
6171 6195
6368 5763
1205 4873
792 5270
5664 2266
3686 4362
982 8291
897 4777
5420 320
2444 375
2545 1027
2226 1787
8453 7703
5000 3636
9693 1599
6128 2716
5879 1059
8143 3885
3858 7945
7179 1804
8476 7570
8031 6842
5481 8493
7617 4574
4075 5198
1470 3996
9717 6813
8628 149
8174 300
9576 1758
7032 8504
4207 4486
1541 8817
8937 7979
8001 3022
330 8381
7744 3953
1860 5881
8532 6420
6263 8290
3633 1991
9481 9300
4037 4605
9773 4776
1933 7426
1261 9903
8803 8410
1676 8123
4220 7813
8370 1844
2078 2019
1268 4060
9242 7926
7904 5611
7638 1590
7501 6283
1651 9226
1987 4035
4407 7866
8470 2339
3873 1088
2385 1048
3637 8954
1613 733
5661 2929
192 4884
4396 7080
4642 6327
2580 8202
3710 9527
3472 5746
232 2568
255 3176
3999 720
1929 2417
1146 9619
600 275
4136 8118
5683 7158
560 5395
5825 6343
8523 8476
7188 6924
5519 5389
3647 2339
7300 5075
1753 1837
8998 4200
3061 636
2008 7449
8311 9762
575 2995
8414 9413
9966 4398
5613 2264
3046 229
1571 2202
5692 5112
3606 3399
8340 2406
7411 7304
7116 7500
191 111
2881 442
2557 3574
6490 7684
3768 6781
8405 6260
3870 7542
5388 3757
3878 6233
7214 5742
4038 2351
2357 4032
5625 4399
8188 5927
3675 2973
9643 5997
4497 156
4392 2124
1484 7564
3464 5921
6293 1527
5486 7122
5462 4276
2220 669
8842 5221
8275 9157
4203 429
2518 2376
4067 2300
8367 684
3993 7860
7285 1542
1965 1958
37 7398
5718 2946
5916 109
9130 915
7502 3478
262 9284
7538 9811
8300 2938
6208 9672
3439 6558
4573 6125
8739 93
3756 907
9597 8025
7196 8838
4167 8909
3137 6541
5428 2354
4038 559
6162 7614
1080 3193
8615 9431
8178 6528
1483 9426
964 3261
9728 7188
20 7859
5259 1014
3967 4102
4029 7160
1565 9760
642 5659
2131 5752
2933 4503
8869 7009
6073 3069
2470 9656
6838 9493
4354 8996
3544 5805
2676 2520
6279 67
6388 9984
8975 702
2719 1118
8168 9087
327 1568
9062 1222
7573 9705
3691 6781
7255 8567
2943 2494
9436 56
9477 4397
847 6398
3831 2213
6804 5285
6285 5901
8832 8390
6475 3585
9892 9940
6356 2125
6378 2109
7401 4958
2617 4174
8309 1344
3306 258
5010 4918
7816 7024
212 960
7220 1314
2367 2666
6264 6437
4629 4139
3200 9212
5900 4602
6204 7105
4853 8033
1063 2949
6396 3195
3207 1940
2559 473
8414 1022
9189 1681
6373 3942
5540 8964
6786 7602
8212 3922
7156 3350
4426 8899
4371 2871
6817 4804
2661 9731
87 2479
5531 8991
9625 4698
4432 8449
7236 9318
6364 2499
4723 2407
9058 490
7588 1903
5378 5837
6016 5344
4782 5194
8783 3266
6801 5504
9154 4650
4350 8174
1143 3497
5875 6777
3998 7878
538 3241
1712 8380
8393 9816
3957 5746
1441 6383
3981 7757
7115 8963
8559 9293
8037 9891
6164 8360
7165 805
2598 4019
121 7982
9981 5117
9999 3363
3571 8461
9842 1823
8990 437
93 3803
87 8935
9302 4260
3292 1448
891 8862
4378 7565
6125 4009
9320 5331
9128 5123
2306 3396
3105 8362
568 477
1551 2642
7231 1353
2041 2147
1483 2039
6004 3291
2761 8886
6071 8368
9694 9023
105 2921
9581 9277
5569 4964
4706 191
4035 2215
3204 4909
264 3052
1831 7731
5040 2013
3216 8273
2101 7129
2912 6510
3969 4636
9559 843
9306 6878
9566 3153
9780 9288
2927 3210
5012 2758
3116 4486
1042 2075
3719 5284
1283 5529
2272 8155
1441 4482
5675 4599
2923 3889
8537 3928
9187 6893
8984 6790
5636 46
1770 5576
6022 2737
9378 9222
8155 3256
5716 8801
3896 4183
6608 6178
3894 874
6882 5327
8092 3495
9193 8301
4405 946
799 1724
4940 163
6108 9202
1207 5727
1717 6558
3943 9349
1596 9747
8570 1773
1067 2044
1593 9399
2843 767
5337 5117
2249 9613
8690 3010
1944 8163
7709 3898
4032 3196
6636 2600
25 1712
7213 2852
1091 8929
3751 1646
8007 3376
1941 6155
4410 7889
2189 5038
8468 8982
4106 572
6188 1803
6747 4300
1366 5858
3036 1028
1424 5311
2717 7125
9386 5018
7535 5349
4866 4277
2320 3580
4173 9181
351 720
4320 2126
5719 4615
4583 4536
8071 2459
1190 6749
3961 1600
1385 2238
1541 7959
4716 6115
1180 4221
7474 4529
9286 4175
5189 9358
9502 6031
8554 9272
9687 9686
1303 2783
6423 9136
7139 7278
6391 7407
3072 7433
7102 7742
860 9434
6705 202
7362 9387
8686 7824
6176 6748
5677 6210
2001 4402
2885 2634
8192 736
9866 8876
9050 414
3475 1292
2412 6280
3795 8155
4755 7256
974 7098
8568 7797
4196 1904
9684 1350
7353 4982
5839 7294
9146 5556
8575 2192
9310 8164
7605 5671
1710 7947
6651 9131
4943 8997
4686 1706
9677 6525
4906 7641
4205 5699
8360 3648
9972 8988
9987 5917
3142 5761
6308 6657
5818 8815
2114 6181
7215 1851
9224 8805
7724 5357
3427 3464
1933 4974
6388 4550
1911 8582
7178 6561
4443 6392
3491 9888
6172 2716
7117 3263
4008 286
4860 9342
1866 7560
2175 6793
7576 1636
3579 149
7723 3742
3819 1571
430 2612
2677 625
9088 1738
5624 3097
5438 8127
2633 4357
6235 9005
3510 8137
6693 4163
3406 7182
6218 6926
5198 4922
6948 1508
4692 9491
1303 4402
9627 277
307 8863
4766 2871
6868 4318
5827 7560
2258 7209
6470 3758
6671 1346
7862 8173
1245 1081
8104 8079
5220 4569
7662 8455
2653 1773
7743 9414
5976 5245
611 2240
1863 5622
4089 2998
6354 1342
4598 2895
9028 1303
3571 1195
901 1441
9885 7167
9958 1489
8879 9688
4539 5791
2406 3179
7894 2154
5063 1747
6871 7129
5162 7593
7770 3601
7619 449
635 2222
2852 6645
5088 4742
5450 3189
2726 8639
9607 7038
7382 1493
8402 5443
4474 7330
6949 7790
9231 6759
2418 5142
1725 8202
2154 1724
4651 5424
7131 6131
4327 4969
993 2416
4893 1235
1816 3087
4524 271
2062 5086
4778 1059
3802 9827
4454 5827
3224 7792
4944 1416
2308 6323
7661 2085
3307 363
1963 1993
7667 5815
4816 2348
6926 6012
6442 1240
7402 3614
9791 8110
3207 3769
579 7048
6280 161
5096 8336
9210 2216
4671 268
3443 5009
4538 3085
3884 312
5195 9104
2267 4680
6186 8948
3852 7388
7352 3969
260 5118
4224 6383
1417 6068
2402 1945
7273 1879
6263 6229
4400 7883
735 4315
6589 5330
5989 9928
7834 5398
4549 1526
870 1664
272 4227
9783 7394
4644 7977
2995 5685
784 6579
9523 7152
7231 9763
7948 5950
5174 8623
7447 8266
426 1633
4861 9789
7043 2543
9928 8244
5737 9704
9334 3511
6507 2201
6975 152
9633 8781
6737 1515
473 843
3733 2134
5911 1782
1359 2266
2529 689
3305 8607
2758 6227
5289 2847
4278 5440
2773 3258
9680 9454
4378 5824
1881 557
602 5268
5497 2618
4911 5757
9415 9901
8951 6929
1669 7882
5799 6943
7023 8617
1383 4500
2107 4588
6585 1338
3038 8589
4197 8478
7656 3642
4068 7091
8017 4151
6874 4204
6042 553
6446 1072
7042 6427
6727 6573
2639 2796
2525 8613
5743 5913
4734 4465
9792 1984
9610 3165
2853 470
5665 3515
7984 2080
7066 3421
9575 8378
1033 2787
346 7465
917 7312
1872 4746
4212 8431
2057 50
1571 3064
5592 8100
6597 7007
5548 9950
9126 8062
8282 2916
9172 512
6021 9043
16 6853
1778 148
1682 4825
9596 5486
3827 6709
737 9290
2536 3680
849 5265
7147 6240
4463 5015
2634 1037
6057 5071
1930 6920
2162 5983
8316 884
6430 1890
7308 516
1587 6457
5617 6045
5596 8212
4624 1644
9839 7255
887 9052
2473 6328
7099 541
2204 4796
7939 3217
8053 7392
2767 6425
9532 8847
843 3082
1831 1107
328 1879
9501 9964
263 5808
6955 7561
1029 8720
7443 4620
9049 3170
9001 2674
1266 7856
9904 499
6295 9547
8903 1139
2440 5662
7854 1221
2049 9
9930 1412
1409 897
6258 5124
4451 4066
2116 8633
2108 2736
9319 655
6591 213
9231 6761
3025 9457
2954 5176
2295 8260
7090 4761
1547 5112
210 3355
6589 5914
4714 9026
4299 8843
2795 6960
4981 4556
4846 9699
6148 5093
4648 6501
3130 2703
3388 8634
2510 1668
8942 433
9627 1718
4055 7751
3141 9952
7246 5316
8170 514
781 8168
7029 110
1609 1141
3168 4639
3440 2066
9176 7200
4726 7110
4642 5837
1224 4998
7745 3229
6177 7690
4336 3992
21 5510
5501 8547
543 1975
3609 9766
2626 825
6378 4288
29 624
2915 5415
2185 1978
985 5733
3166 3
2362 521
3555 1571
8565 7633
8075 4921
3200 2067
4896 1085
9554 6812
8579 2391
372 3208
6771 716
2420 4233
7923 592
7647 289
614 4018
2044 8882
134 4753
4858 9178
903 8458
3320 7770
107 4575
5283 8913
7271 3177
3831 1806
7285 8925
8829 244
8008 5987
6676 1399
1184 1178
3125 9455
8864 7924
7403 3541
43 8025
3119 7781
382 837
584 3825
1211 9514
4350 5370
5023 9113
7885 3185
8880 6487
2805 9114
9826 9395
506 5233
7476 4403
6922 8331
8706 9076
4416 878
4967 7840
6458 3660
6189 5929
3426 103
669 4608
5170 7725
5057 2387
42 543
8661 6566
9855 3839
6027 4737
772 1306
1997 8070
3169 2756
9264 8690
7844 6397
8302 3131
1491 4276
6502 4981
3954 8070
4711 2366
7202 6196
301 1988
1039 1722
9618 5886
8191 7487
4874 7040
6788 8147
546 576
5739 1685
2836 2978
8317 1293
7329 4588
3217 8874
5989 818
4228 8013
5563 8663
8121 6966
4440 9129
4327 7621
1743 1308
6320 3386
1334 6339
6597 5670
8429 2832
7896 1909
9517 3859
9225 7882
2307 849
193 7820
2306 1874
9922 9948
7582 2152
1781 3475
2983 645
852 4791
5088 3206
3632 3046
8366 5994
8433 2411
9865 3355
3663 9924
474 47
1316 1649
9479 4296
594 8983
8006 6360
8267 2618
6001 4526
9731 8275
7740 8904
4834 5581
1628 1191
4677 654
5911 1892
9018 3059
2121 4252
1216 1098
6428 7763
3654 1739
4514 3907
9956 9785
1588 3068
9459 3030
4031 9497
709 9554
4722 4899
4353 635
643 8352
6847 7375
3594 4069
7068 5852
7818 546
4897 9051
7588 5660
9720 5275
8957 6948
9706 5325
776 2596
7421 4638
1462 6043
9401 3652
7397 2922
6828 4234
2475 7972
1470 9911
4170 8528
3339 8273
1423 7205
1831 4015
3715 988
7897 963
5561 2309
119 1313
8761 6171
106 5201
7867 7375
2487 4654
4964 9032
6511 9544
3467 9614
8576 1761
986 6574
3049 1678
1731 8766
3328 938
4383 4292
6497 5180
625 6817
6877 3202
2807 2668
7465 4775
6532 6730
2745 210
2012 3685
1934 3110
5193 1973
5312 2993
4995 8888
7919 6007
4064 2474
2147 4105
9077 867
1791 4279
1668 4702
9923 9054
7881 9734
445 4167
622 2501
9256 9148
8927 5404
3482 4284
6237 5229
6817 3915
293 2694
2223 5728
6788 4366
9398 3581
3444 7880
3782 2812
9992 8168
703 55
3521 3218
8980 6828
5269 1615
2410 825
2345 2486
4601 7968
1013 813
1909 7511
1160 9420
5215 9990
4674 4092
8961 3127
9883 6480
8078 1455
4264 5772
6686 7430
3665 5638
9686 6206
5411 1017
9935 3303
7466 3415
6643 6086
4138 60
6445 5065
700 8872
8971 5208
6980 2560
3449 8870
9457 3439
1978 9247
4453 1381
5510 9510
8818 2946
9739 4643
8393 6483
8426 4772
6895 137
6616 8722
883 5457
7434 780
7104 8744
3137 340
207 2080
5708 7540
9186 2872
2364 6070
2158 900
6906 337
994 62
6395 1258
6607 4040
2853 9470
7882 6910
2453 3515
4043 6654
5279 8792
3693 8504
3748 2119
5443 4532
7111 475
1217 1581
9366 1579
7051 6863
9082 6121
3834 3456
6235 8911
715 1056
1310 1788
7800 2857
2784 4709
3249 6287
2893 9009
7225 8972
4024 6265
6529 2960
2833 5115
6830 8155
1376 1093
7265 4533
961 8641
9552 6654
7807 9249
9652 7209
1401 5272
8569 1957
3013 6151
7780 5752
8217 3052
6192 2488
3753 173
9222 345
7871 1057
9206 6940
378 2055
3542 6266
9174 9043
8814 645
4344 6949
2082 8327
953 7798
4621 2869
7444 8794
3734 6074
3864 7399
214 711
434 2520
4124 1640
9096 7831
1400 3173
5607 126
464 1007
4479 1833
8883 2357
1040 258
4002 9666
4932 6450
5098 2991
6357 5073
2336 5038
2515 7322
254 8000
9364 7003
1100 9162
6439 3917
7591 244
9998 4886
3249 4221
2767 7865
2748 3723
1368 6928
2327 4116
4214 5891
3535 2208
2713 4146
3893 1810
7564 5383
9860 7347
4789 2037
9925 6917
1426 2017
6503 6034
951 9198
9462 3772
3545 6268
3917 267
9820 3984
1147 356
9631 3449
1614 3372
5312 9435
9671 7503
7363 2280
2032 3394
8889 5779
2445 8950
202 9428
7154 1785
7460 3557
7083 3639
8238 6702
3987 4768
1815 7981
9242 376
4117 8746
4422 9620
3527 3690
2466 3806
3709 8858
2359 5951
6620 5354
8517 1114
6917 8272
6815 9880
9119 9244
857 6544
5567 646
6250 2495
8965 4316
3445 3471
9350 2069
723 7888
3328 3852
4765 5682
9796 5965
3895 190
1222 7402
673 2070
2486 4873
3773 1071
8808 1349
3861 4236
5641 2439
2361 4077
4464 9075
4728 6824
9803 6836
9783 6125
660 1015
1626 3642
119 9334
1592 7157
1566 9310
259 5920
8433 4612
8628 3155
327 2746
1453 5347
8087 1897
4541 8178
990 6833
5964 4341
3381 9254
4930 6
1025 7124
2698 2028
5512 2194
8241 899
5427 8197
351 9117
6642 7653
1855 8205
1494 5446
9700 1486
7248 9359
1258 3645
3793 4052
4146 3144
7115 2742
2682 3403
2867 3974
7699 6649
4198 757
3277 6872
257 9863
6829 8010
9017 2046
7952 8323
1504 179
8700 6563
4912 7389
9677 5541
6171 8104
9667 7069
7650 1194
6558 7711
1941 3357
3613 3799
7542 9951
4572 4398
2916 8007
4786 2059
8264 2277
4137 5961
2723 94
7393 2199
8483 8127
6659 6504
2678 3584
2013 7021
8262 452
8796 2471
4748 3004
1870 9427
9130 8236
3079 4960
7141 140
3684 1769
8016 7667
4021 9659
4425 1920
844 6097
5261 4994
913 7743
2451 2718
928 451
2725 9851
263 6389
876 9616
4415 7576
1592 2738
8561 1394
9450 5711
528 4820
3490 6326
4405 2395
1505 8476
3665 365
1644 7385
9663 4924
6432 2344
1462 925
292 1706
2079 5691
405 412
1563 5405
8133 2712
1448 2901
5973 5834
1186 285
9714 2036
8122 5383
3308 3406
7391 2172
9975 4445
2002 1501
4025 7159
5892 6515
9226 6113
8129 193
1365 1244
5189 5468
5301 2323
2093 9807
8913 1637
2786 7078
1728 2679
14 3660
7496 1967
394 4881
4952 1446
2670 3348
5793 4724
5006 5762
3471 7349
3565 7586
8351 9721
7420 3734
4896 4489
2534 1373
7220 3441
2881 5043
7679 2432
129 5558
1553 961
5787 242
4773 1340
734 9046
3149 9319
4160 1548
9164 5720
7179 2443
6697 4682
8165 9863
5273 6093
5231 3898
1374 8786
3972 5594
6004 6615
6309 48
3641 2115
5095 433
7048 1055
6034 4582
5810 3787
6184 4988
2961 7943
3942 9203
3625 4038
3860 7023
9156 9480
7504 7486
1825 1019
5128 4376
9205 4299
7299 4003
9113 2371
3018 8030
6190 4935
2745 2593
5222 7794
3628 7286
5044 6005
3006 3562
6331 6275
3962 3538
9474 9563
9817 7017
6366 7424
7133 3724
9588 7272
4729 9976
2932 1921
5978 3328
3002 4006
7902 6006
6742 2917
448 512
5444 9630
5988 8026
5141 1204
3424 7590
6434 5780
5986 303
3542 577
1511 4491
7376 958
464 4727
3783 1643
5396 6417
9540 9799
8394 1692
2188 4927
1581 6145
4720 3882
4047 3688
767 7083
5510 455
1572 8124
7882 8523
1985 205
8285 2620
8578 2905
7827 1561
8191 166
7093 1223
2193 3766
1676 3115
8328 2397
2498 3595
3772 6995
7075 626
2601 9143
9054 4049
9674 9437
4734 3218
9367 4612
5908 3999
1097 4094
644 7538
9439 861
6030 9769
632 9240
6443 2276
1970 7327
9047 4487
8102 5718
6662 8860
4269 85
659 5108
1459 6613
4537 8697
298 7308
3539 7920
2283 4381
2371 2870
3153 1786
2054 9463
6054 8801
2289 6942
290 5722
6635 7980
4083 4
9941 7541
5514 1172
6125 3950
433 9213
5932 4369
278 358
5790 2834
5250 5940
2825 3369
9642 2970
3651 5462
8324 5708
6055 3547
7088 7290
6222 3814
1714 5598
1085 144
9069 2751
2839 4997
9337 5589
9950 6196
7084 4339
7181 2453
7795 9170
2808 1379
7037 5142
8857 73
6265 2684
2774 3215
8951 587
2242 4952
1989 7237
4797 3249
680 4827
2210 678
2239 4181
5065 8833
6523 2603
5190 6413
6324 7277
3267 9661
243 8941
3308 7320
4499 6548
5809 3871
7698 937
7453 9169
8612 9302
4213 158
6258 6173
5054 541
8681 2217
1862 6617
5493 1236
6740 4370
3336 5272
5118 8858
6752 9858
169 2864
1530 7824
8614 1198
3151 7210
7106 6306
2414 7418
1765 6559
5171 5828
2630 7445
1404 5592
1183 3889
9644 4432
9335 309
500 9938
34 3082
4470 7906
6550 5352
8968 3587
8184 3725
6265 761
9405 3970
9771 6826
4732 9874
2000 6966
4349 3878
2370 1319
3876 6261
2081 4380
2535 2006
436 7702
2059 2955
5112 7521
2388 6197
7165 2655
3735 8271
8181 3452
4250 3192
6351 604
1295 4221
820 5637
632 4291
8318 9027
8383 5919
1181 8479
4404 7173
2100 8306
479 4978
4578 5211
7330 2865
3689 3871
3488 5336
4480 5210
7092 3002
4615 6722
362 6432
3609 8031
5686 5846
9298 9055
1427 9557
8312 4633
2383 7651
6486 6641
887 3316
5522 682
8224 5748
7835 9714
3457 3573
4773 181
6361 6988
6760 1845
7261 889
5790 7189
4360 9938
2232 5325
8652 3516
4283 7133
6316 410
5902 6498
8034 6036
341 7838
9466 6875
1992 4029
3076 5500
7399 1803
264 3715
9572 4650
6091 8017
7445 2446
7930 1852
573 7151
1288 5745
1223 8583
4763 8402
9990 8150
5801 6085
2676 9359
8461 8231
2325 2349
3013 121
8671 1434
5677 6785
7313 2090
9008 6618
5539 4268
1241 704
7991 9257
6026 5093
4200 4377
3590 2513
5888 7118
3628 7515
9417 7087
6247 5246
1363 9628
1422 4431
993 1166
5352 9459
8350 6158
6755 4584
9890 1711
6758 6776
609 6003
3309 5743
2632 953
977 6616
2994 7585
4099 1863
7597 2347
6241 819
6878 5128
494 6339
6041 5451
6963 652
8997 8487
4148 333
1251 4173
8068 1105
8939 3571
5571 4670
8577 3202
7409 3741
7248 3487
7724 3798
3295 1593
6760 8145
727 6936
8578 1701
3298 2782
1262 2424
8726 6436
2153 7730
8505 2305
5059 7609
6131 9786
8529 458
4622 1566
783 524
2751 6871
6486 331
133 4442
4175 2566
6952 4450
7858 1015
6655 7266
5603 5496
1580 1377
395 7184
4880 2946
7977 1589
474 1998
9472 4438
8033 9660
3201 8948
3425 2429
1746 5726
5695 5407
9848 64
4494 8666
9286 6131
1310 6763
2863 9369
3901 5080
7779 4805
5840 908
5553 2008
4375 5144
2882 2245
6258 3073
1227 4472
6188 8458
22 6353
5597 4886
4444 9623
3677 9917
5031 7154
9219 7063
8738 6666
8639 2456
8374 8459
110 7827
2706 2316
169 5868
499 2113
5851 1669
726 9445
6755 8072
1276 6513
8742 2071
5627 7234
2177 7007
2412 1094
4947 4614
3140 1606
82 824
6394 6676
5353 7749
2027 3672
3325 5563
2727 488
3180 6370
8118 9350
6144 4232
7084 5268
8124 995
1881 6623
1550 3618
8533 2229
520 6977
8155 616
9060 9345
4265 7849
6099 9836
9195 4949
8619 6611
81 3856
9729 2493
6966 3250
5224 94
2646 7876
4640 9129
3283 5133
7285 1311
4695 8778
6064 1934
9677 239
3131 3214
8782 43
8440 3618
2783 9847
4721 1320
303 4831
3697 9795
3489 1619
5560 3412
1708 6318
3277 5149
83 908
6140 3429
5621 6740
929 7689
5307 4448
3548 538
6637 9452
8059 1796
6209 2784
7959 3431
7987 7541
6698 5311
7903 7871
8459 7005
8093 3667
2804 7548
7768 4192
2163 5021
4047 6606
5345 7126
5218 8486
6937 4874
7596 9199
6276 765
5706 9055
8190 7821
2918 3766
1865 2586
1674 9416
9580 6504
7883 4910
5986 6529
2668 559
6433 4851
8057 5526
9588 3253
6800 7455
4302 962
8471 658
9722 8096
6157 4569
4722 6674
4810 2307
149 9318
2885 8958
4946 2546
8446 5786
8260 1022
7228 4690
7455 3785
9962 2369
6297 5961
6724 1481
7004 9310
6095 4322
3766 6033
7245 1008
7954 9139
9216 5715
1285 1638
3241 5791
6762 9968
5473 2364
677 3248
6205 6083
1564 4535
8513 5308
5560 3393
1485 9251
5017 3494
3839 5466
9139 2132
3275 9857
2586 3963
9614 435
3551 2656
5478 1136
1046 1948
886 1540
2346 8257
2121 1966
2083 805
5606 6800
1895 6823
4254 8634
4684 460
7644 1246
1298 8451
975 789
5775 8733
4696 5534
5208 4585
6680 2338
1219 5516
9439 4902
6880 5654
6588 5089
820 5801
7918 8564
4392 4150
5711 7654
9932 465
7454 2888
2309 8334
6698 4590
7615 6928
2691 4367
8824 5238
3316 5443
2350 8713
4237 4222
7019 8387
7135 2296
142 9458
3461 2990
919 6683
5656 9996
1759 7767
1100 9618
8651 9953
2353 5864
2992 8159
2316 826
9333 5578
2635 9191
4795 763
1347 5697
1108 7337
8096 6160
4228 8968
9143 7557
321 2673
7728 5494
3662 5627
1996 6391
9389 7014
4347 1226
7026 9239
6154 996
1004 4715
6114 1671
7113 7412
7851 6789
9034 5634
2911 9
3917 4827
564 654
9353 9467
7264 4526
3550 6873
2919 840
2211 1723
2908 9093
3435 5292
8337 4296
1567 2928
4430 8602
2886 518
3552 1289
5781 974
7050 4957
9440 974
457 6011
1068 6962
1495 3623
9005 6224
8199 5202
8451 415
9997 91
1153 1035
3791 7194
8661 6651
8041 1527
6633 3066
3667 5489
6645 2476
1342 4732
288 8161
6690 1133
9268 8050
5190 7889
1444 7429
4606 4819
2897 1305
1700 6572
7542 9910
1155 1473
2094 9241
5491 7417
7357 508
8250 114
9699 2777
7782 6094
775 5575
8825 9893
2968 1306
4004 6650
1780 7013
3029 3505
3788 4463
2735 4341
8701 1681
806 2208
7118 2591
7410 1123
1523 248
8231 5668
4800 1799
1026 7055
7283 4042
3321 5878
6220 7342
9338 5776
6600 5099
6548 2192
1461 3249
4308 9639
5500 423
5022 8050
275 6573
6198 7694
103 4872
4066 7056
5621 9029
4164 8621
4068 8832
402 2842
3970 7024
6146 6399
5993 5283
7892 6126
256 5282
8973 8774
78 2907
7847 3239
8460 6037
4590 105
1744 6675
6916 3397
174 5477
8272 912
6485 3008
6904 6991
6539 7419
6364 1296
6774 326
8365 5521
7578 5718
1688 1324
5944 1573
958 8413
1772 5650
1385 7808
3280 5128
836 6674
372 9510
120 9758
3854 1716
9322 8377
7612 4518
2381 6529
6632 760
2814 4623
1187 6614
7987 6624
1896 5260
2910 698
5248 8586
3528 4973
2361 334
4505 6856
8591 5488
367 2986
6000 1001
387 2316
5292 3430
7852 7656
2924 6634
9099 2188
6846 2227
5615 8106
130 6048
6 5165
237 6954
648 9934
9548 4909
7514 6079
2823 5367
8867 9250
7270 3593
6058 5892
8245 1930
6895 1870
3759 5483
3276 174
5911 4586
7609 620
2952 578
4673 6148
3437 1317
5172 4748
7097 7962
4549 2187
1167 4471
3204 9477
1979 1298
3732 7112
2738 1343
7759 9735
2249 7609
918 4915
582 5276
5141 9135
4128 7339
7837 7483
3100 9979
865 1016
1159 3179
9142 9202
6970 1799
5135 5394
6973 56
8665 4991
4442 3670
9443 958
6549 5339
374 8466
4474 9703
7908 7218
5279 1370
2551 9615
9106 8075
7752 1048
1942 9450
6169 7888
8917 1791
7095 6531
6038 4972
5533 584
9798 1139
3487 7593
2605 9441
1473 1797
454 8418
4882 8930
2395 7671
9158 8223
5927 2770
4857 8940
1835 4552
5653 7676
6384 8605
8225 1108
2212 9682
9726 8509
7706 8404
414 7575
9748 8621
3765 6627
1635 9690
4394 8310
2564 3255
6051 446
8716 3668
7627 8962
2434 4981
6877 6276
6932 7141
6900 3372
4067 7636
3982 4161
7006 3325
5940 8790
9321 8027
4057 1361
7950 2384
4744 1297
6787 2134
3919 1083
4882 1757
3362 7822
652 1241
2832 1813
748 2035
4186 2034
4695 6223
4990 1657
5047 6924
2906 803
3972 5196
2016 8599
5087 3436
7970 3709
2558 1656
8480 8719
5279 2369
4705 3124
6080 3129
2299 5857
3560 8770
2690 4785
6892 3039
5895 5417
2693 8184
6207 4191
8170 3578
1850 644
7827 1933
8535 232
4570 3034
4814 2487
9051 5101
4631 4643
7119 5630
7417 175
680 9971
6981 52
366 3749
9298 306
8172 2094
6150 3575
8038 2351
5785 4685
4073 52
2181 8380
8041 7931
1961 325
1922 8643
4790 944
9667 2850
25 2325
6535 1065
8909 3774
8432 551
8715 3767
2146 3812
8676 9311
4779 1752
5305 37
6869 1723
6357 7614
8175 1032
7985 5147
2188 5878
1266 9522
4103 1930
3573 5804
2608 2567
7932 2006
9607 4828
3855 2999
108 6125
9663 4782
4367 6582
6637 1349
3256 2547
5495 4275
5309 1746
7396 2613
1321 9140
4011 4789
1693 1871
7748 1121
3567 652
2514 5026
8391 2332
5166 3138
2861 6598
8608 8284
8309 7213
2277 5174
7585 5417
7754 9383
1276 5600
8201 6008
6777 2242
3334 472
8385 6706
6883 4135
6416 9184
1020 8650
2283 7034
5792 6845
4093 6190
7284 9438
602 3490
1126 5199
2996 3883
1939 511
2321 371
4111 7081
8566 7553
6111 2576
6725 5340
323 8430
4091 635
7076 6797
8425 1048
1940 7519
5725 8412
171 4913
1853 3573
3302 6767
4511 4677
4100 4371
42 9521
7498 4236
7464 3502
6032 9338
1199 9536
1413 1891
6212 6654
3875 6456
6223 4314
2014 2096
5723 5633
216 7558
3775 5798
187 1953
3169 9429
6833 8432
6917 868
2223 9397
5329 6415
3794 4368
1170 5951
4261 2380
179 2835
5100 9375
4675 2271
2073 8255
3598 6671
2887 3280
8182 9165
1290 9460
7423 277
8151 2661
5750 9329
4502 2171
7108 4217
8190 4748
8750 4863
9866 1074
3857 5001
7630 6131
2748 675
4493 5830
2673 7142
8266 7445
648 2262
6826 7582
3314 4022
7396 5767
4316 8002
6221 7074
3047 6538
352 5475
496 4995
9023 6988
2538 7539
7 9812
3972 166
6085 8924
769 6555
4120 5250
9620 23
1763 5209
4154 6269
4588 9692
8449 4577
3436 6603
7293 5699
4683 3265
8683 784
2 7338
5609 3405
4594 7607
2554 7624
9653 3695
6829 2800
3287 2035
4708 5116
339 89
4516 8767
79 1672
4680 8811
7491 7351
2857 9294
2294 3186
5748 9520
7779 3066
5970 7535
3606 4600
9314 1136
8394 1137
3792 3676
9961 851
5242 7678
1384 4164
8946 5092
8954 9916
2929 3751
1518 6364
1277 1546
3796 1896
3976 2086
2893 238
3838 9764
3032 8107
7986 2550
2994 354
6223 6749
830 9500
7634 2902
8076 1658
3656 3784
2419 2931
7208 6552
8542 7836
8788 7918
2714 631
5896 3912
8069 5218
1364 1946
9397 796
4132 8483
2996 8583
2464 1635
53 9902
3449 7613
6621 211
8330 4308
4047 2452
3744 2516
7191 2936
4462 8339
1783 4023
9631 8145
4310 177
4106 9621
8909 8645
6052 8827
4273 5459
2276 7344
8263 2290
2366 2737
9275 9794
5301 5400
615 787
3127 8038
1104 7274
3816 3743
8959 4158
5167 3900
922 9225
8813 674
9334 9252
2149 6951
9092 8250
2976 4618
3305 3913
4587 1716
2557 9664
63 4026
7905 2797
3608 7250
2995 3102
5199 7345
7250 6458
1383 9036
5596 3160
5355 4568
4851 233
3532 5783
8822 1380
5984 1078
8879 7254
5930 4505
956 4428
4442 8972
1777 1835
2346 922
718 6
2457 7241
9661 5149
4854 6983
3881 3414
8146 7249
5467 2611
8512 5578
6085 2224
8478 974
9546 3033
8280 8958
1437 1065
9204 2658
8702 6563
9634 2143
2955 4270
560 7109
6102 3833
2599 8257
4600 152
2706 5847
3349 8671
411 8027
7962 6049
3484 9015
6470 6357
6614 6176
4521 1914
8484 8487
4994 1834
2175 3911
1916 8502
7319 3628
7326 9225
1716 4490
335 4212
6693 5395
9363 5772
8337 5368
7710 8646
1595 4956
9513 1536
9794 2895
3448 9175
5894 2859
8565 7452
6377 2302
994 3669
8043 9403
7952 2936
489 1311
2468 9017
6526 3996
1375 3162
9357 2783
3766 2635
4014 2754
4847 4259
1418 9492
4136 3114
990 5914
5826 4755
7701 6037
4290 9107
5751 9558
7904 1261
1983 3616
1920 5966
1369 4822
8547 3659
8116 9169
3878 5510
8294 7191
990 2658
4204 978
7740 4405
5282 1501
326 922
2997 4806
5718 9330
1519 4711
7683 5077
9208 917
9736 5955
5246 6324
7359 9446
2603 7955
4907 3781
371 386
3439 5393
9394 7380
2122 7117
3278 7035
3615 4229
6281 7756
3259 7230
7234 9864
3674 9645
5263 2882
3360 6515
5305 2544
2253 7788
1999 1628
7993 1936
8682 4065
4661 8490
361 9585
8700 6873
4940 659
4338 4593
6254 7088
3385 1971
6164 7099
9530 462
6267 1100
3811 4763
1229 7186
5623 7545
8128 5736
4286 7919
1487 6226
7352 1513
6149 4492
3788 234
2996 5519
8006 3218
8399 8617
3315 2005
4968 9128
2899 7185
4989 955
2422 795
9822 5153
7301 7263
8477 2491
1471 9157
1306 268
8635 4536
6757 2573
9515 6573
6694 36
2696 9564
8261 1631
3829 766
6262 5050
9066 9737
2973 9309
9285 4483
7524 9163
6159 5790
3759 8296
5559 5443
9749 6796
2880 370
203 6818
529 839
1798 604
6491 8229
3739 6703
7905 9948
1999 9122
8718 7803
4920 5829
7523 4057
6694 3498
2846 6426
7071 2449
3782 7332
6680 7137
405 3556
1267 1926
7451 3965
7641 3514
7275 8968
4988 5788
8800 7331
18 9147
1407 6741
7719 4225
2328 2562
7134 2856
2452 3138
4474 7594
7675 4401
2654 4363
6646 6826
7426 179
1424 8313
6619 7185
3389 793
2253 7762
8643 8374
259 4559
4356 5345
7493 5887
2757 698
1143 4669
6668 1512
2311 7295
7732 2074
1915 694
5368 9645
113 1765
4132 9510
450 1182
6967 2555
961 4585
553 9246
8864 1009
8212 8540
5271 6297
2930 6088
5887 5284
1281 6061
4246 6338
2567 6390
9068 4593
2118 9104
2430 7
8377 7314
7957 1491
2894 9484
1718 4204
6198 9650
9243 1952
2352 2697
1513 4449
8777 3909
9597 6357
6481 4644
7115 616
2740 6990
1995 460
3904 9774
5142 8997
1004 6512
5278 5434
2837 2398
9121 6419
8372 4203
803 6225
6135 3500
2082 3065
7664 4692
4857 8066
6556 188
280 5475
2610 7936
3604 4071
5938 892
4646 9300
8997 9813
82 7024
3474 6286
6459 6152
519 2065
6015 6171
3229 9829
8125 9017
1096 840
5975 6007
485 7801
4808 6581
8589 8578
3616 5994
1022 8014
6585 2679
1776 4413
5816 8549
3543 727
953 4041
9892 4790
377 7554
4560 6753
5505 7790
2116 9838
6419 5469
9520 132
7721 9942
8313 9211
9445 2176
8699 7523
7834 5991
6308 6209
7450 8531
4606 7609
3111 8340
5126 867
3862 4123
6168 8676
3463 1170
7283 9958
8467 1029
1255 5217
9098 1067
5364 6243
4398 2156
8339 2188
4647 2562
5225 4576
3105 4089
6446 8664
1507 948
2769 6979
3733 423
7431 5083
1348 8503
7756 9697
3370 2388
272 3794
5959 3308
7870 8004
8400 888
387 8360
486 5337
9234 7988
1503 1433
9887 498
8977 562
5913 6957
5220 7187
7198 6
8662 6852
8026 683
4540 3327
5334 4357
7415 9605
7459 5523
4155 291
6636 6457
3535 8655
367 7944
843 5780
8944 4785
3888 2045
1435 3942
7472 9895
3361 8582
6723 4185
1096 4816
7068 8667
6023 4205
2033 2811
2640 8004
8769 3718
7809 5485
7117 544
7147 8333
4439 9786
458 1390
4356 440
9820 521
401 2581
201 5441
1624 4294
9499 7506
6626 313
4229 681
9631 616
8143 2335
7371 4428
2789 9704
3413 9761
6122 7288
412 7473
417 9572
517 3510
382 1175
3537 5960
9043 5952
7806 2838
9324 4884
7843 1228
9171 5908
744 7234
1748 7957
1247 5549
313 1995
9340 1478
4080 2168
8035 1610
455 3800
4649 3172
1997 7438
8831 2367
8718 3957
2399 7266
8548 6639
5421 7287
9067 1455
198 5918
1337 2155
4131 7665
63 6613
5557 8745
2957 9956
17 5123
9617 9415
5659 7617
624 207
4044 4012
5015 4686
9139 5315
6991 1705
6454 1969
3944 648
11 9540
4430 3244
1552 846
7393 9023
472 8513
6314 4181
4823 6337
1978 6424
4955 5642
695 6512
3609 776
4222 1144
3498 5941
8634 4605
114 8372
5899 5019
2979 5303
7432 4926
2293 7772
2426 6179
6 5021
2263 5181
2271 5123
4634 5707
9600 8691
1177 3777
7683 8261
9088 725
2157 438
1206 7319
8038 745
3268 386
3128 5988
6528 8742
6311 7115
949 6696
1775 9865
444 2279
8347 1590
6596 353
7233 9744
1784 2831
611 4948
8314 651
2806 1080
4021 1578
7354 4226
7972 1411
699 1030
2120 1910
489 9263
1445 9661
1091 3604
8581 1181
8542 9494
7040 1360
1243 699
8678 4767
8097 294
286 1490
1121 8189
5979 9951
7507 8964
5106 2019
8011 2687
2309 2067
108 3148
7252 4152
8021 5545
374 4948
4996 442
8124 4704
3201 1465
5729 3531
1530 2390
8138 5555
6192 1695
1791 2396
9994 9456
7403 2739
2944 5266
3486 5270
7931 987
1597 8823
6720 5347
8861 2055
1961 8920
4630 7468
8838 3905
8256 3593
9824 3754
3365 4225
434 2578
4916 6660
7553 7933
539 1873
5044 360
1387 6166
2462 4636
7936 1524
9754 1567
6055 4459
7523 5040
404 3930
4890 8123
3774 1824
9489 4363
9926 4366
6120 7624
1684 4223
1182 9119
7531 4973
6046 6084
8036 3210
63 7207
9299 9525
99 4187
6545 8497
7587 3000
7124 1200
6175 5530
2745 5694
2945 5884
4211 464
9987 4395
1083 1785
1723 1077
3863 8962
7993 223
4484 3798
3361 3841
1901 6139
8944 6178
164 5673
8021 3447
3977 1227
3768 7018
897 2063
5391 2174
8208 7021
3823 6018
8101 1870
2377 6812
9597 8773
395 2789
2053 9057
1721 2889
2003 6641
9485 1481
2407 5827
3787 1348
4712 3520
5136 5416
9414 2771
9599 4802
3000 2133
7777 6358
199 3692
2742 35
4082 4014
9411 215
4533 9045
470 6203
6278 6955
7879 1828
3114 9201
