9999 9998 112063927564812931 9620 2
6192 4560
8606 6192
6192 3257
6192 5744
6596 6192
8631 6192
6192 1021
6192 2225
7381 6192
5185 6192
6192 3512
9700 2169
4958 6192
6192 3363
534 6192
6192 3214
5556 6192
6192 9929
7103 6133
3909 6192
6192 2549
3191 6192
6192 6592
4671 6192
6192 6178
8366 6192
7630 6192
6192 2956
6192 183
6192 539
7366 6192
6192 8770
6192 5278
6192 3468
6192 6928
6192 7694
9209 6192
6192 2162
1227 6192
8766 6192
6192 9689
6192 3156
6192 4367
903 6192
6192 8256
9735 6192
9149 6192
1543 6192
4972 6192
6682 6192
6395 6192
3058 6192
6192 7171
8592 9374
6192 3299
3673 1535
6192 5265
2006 6192
6192 8978
4665 7983
6192 115
895 6192
6192 1817
6192 1043
2795 8360
6192 3452
650 6192
2583 6192
6192 1854
6432 4333
4219 9166
5475 6192
6192 3676
234 7564
3126 6192
6192 4288
6192 6307
6192 8381
1281 6192
2022 6192
6686 6192
6852 7108
2354 6192
1599 6192
6192 2488
6192 4273
4078 6192
6192 1440
3904 2403
4922 6192
6192 7772
6192 9318
8495 6192
6192 6877
6192 9955
4064 6192
6192 7565
6192 6603
6192 610
9926 6192
4020 6192
3136 6192
6976 3597
5912 6192
6192 1426
337 1185
3357 5122
7915 6192
6192 191
6192 8815
8155 6192
6192 2059
6192 1194
6893 2330
6192 5575
6192 7265
6192 3734
6192 5713
2933 6192
8190 6192
6192 6346
6192 7208
6922 6192
7084 6192
6192 5034
6192 3707
1985 6192
6192 2039
246 6192
6192 307
6192 7163
6192 2154
6192 4347
6192 1261
9995 6192
6192 3275
6192 5043
4297 6192
5030 6192
6192 8493
4015 6192
9021 6192
5991 6192
6943 6192
3215 6192
9006 7156
7477 7827
9603 6757
4523 6192
3600 6192
6192 6540
6192 6495
6192 2408
7533 6192
205 6192
6192 7070
2826 6192
579 293
6192 8178
9903 6192
9410 6192
6192 8423
5139 6594
1733 6192
132 6192
4164 6192
7897 6192
2027 6192
6192 4235
7948 6192
6192 523
6192 5264
6192 8359
6192 518
9049 6192
6192 2139
48 6192
6192 5412
6192 9607
1625 6192
7068 6118
6192 24
6192 7210
6192 2307
6192 3501
2517 6192
7744 6192
6192 1355
6927 6192
2097 6192
6192 5870
6192 3938
2742 6192
8465 6192
6192 7583
6192 3986
9113 6192
7771 6192
1654 6192
9739 6192
6192 8420
2314 6192
7294 6192
6192 1154
6192 5008
6192 7253
6192 7342
6192 1667
6192 6891
6192 6918
6192 1042
4983 6192
2080 5693
6192 912
6192 8970
6192 5824
6192 8835
6769 6192
6192 7715
2718 6192
8307 6192
3963 9319
3559 6192
8755 6192
7699 6192
6192 7545
8552 6192
6192 4617
3728 6192
6192 5047
7820 6192
1752 6192
6192 2449
9900 6192
3587 6192
6241 6192
7151 6192
4512 6192
8519 6192
8479 6192
3245 6192
9834 6192
6192 8043
4965 6192
6192 6677
6192 1195
6449 6192
2778 6192
141 6192
6192 1095
6192 2494
6192 1935
6192 5789
2015 1574
6192 1576
6192 3966
6192 5704
3651 6192
7466 6192
9270 6192
7024 6192
869 6192
6054 6192
6192 6937
6192 3675
6192 8847
4485 6192
2880 9278
6192 9708
1419 3923
8796 6192
6192 6246
7949 6192
6192 691
5501 6192
582 6192
6468 6192
6192 269
801 6192
6192 4170
620 6192
9732 6192
2290 6192
5411 6192
6192 6398
482 6192
323 6491
3266 6192
2416 6192
4967 6192
6192 6317
1676 3097
6192 3002
6192 4631
8232 6192
6192 4919
2916 6192
7284 5938
4496 6192
6192 7542
6192 2602
6192 9773
4625 6192
4618 6192
2386 6192
6192 5939
8864 6192
5370 6192
6192 5840
6192 139
6192 2925
6192 9360
6192 4279
6192 9885
6192 129
9107 6192
6192 3112
4054 6192
6192 7231
6192 6513
6192 1256
6192 3555
6750 6192
6192 7240
6192 6781
6192 5566
8306 6192
1925 6805
6192 4559
4974 1102
6192 6573
6192 7953
6192 5337
6192 3177
3036 6192
7870 6192
3071 6192
6192 9373
5503 6192
8701 6192
6192 9622
6192 9161
6192 9499
6192 548
9144 3485
1023 6192
4879 6192
6192 1252
9030 3817
6192 1450
3361 6192
6192 7275
6192 3117
6192 9501
2687 6192
9460 6192
6192 8702
3518 6192
6192 3443
6192 4874
1065 5431
1881 6192
6192 3289
6192 9115
6192 6606
6192 6977
6192 2509
2140 6192
3862 6192
6409 6192
1236 2282
6663 6192
6315 6192
6192 6135
7853 6192
652 6192
4093 6192
3098 2206
1338 39
6192 1819
1918 6192
7337 6192
6192 1562
6837 6192
1186 6192
4648 6192
7023 6192
4221 6192
6192 1251
6192 2873
6192 5537
6192 3619
540 6192
6192 1007
6192 7232
6192 5526
6192 7008
6192 5249
5399 6192
119 4719
6192 6822
3176 6192
6192 7525
6192 737
405 6192
8941 2916
6192 6107
6192 5194
4239 6192
6192 3072
9728 6192
6192 9616
9516 6192
6192 5395
8935 6192
6192 5219
6192 4289
1038 6192
6192 4491
6192 6327
2781 6192
5983 2487
4290 6192
5230 6192
6192 6952
6192 910
6192 5930
6192 9066
6192 1962
5990 8839
8711 6192
9811 4706
6192 4133
6192 4128
4302 6192
2054 6192
6192 2295
6192 2991
7311 2876
6192 637
6192 3228
614 6192
2665 6192
6192 5805
6192 9897
8381 4056
6192 8483
611 6192
6192 1286
8066 6192
6192 5873
598 6192
5679 6192
3073 6192
9629 6192
6737 6192
2219 5005
675 6192
6192 3414
9852 6192
5925 6192
6192 387
8398 6192
9330 6192
7451 9614
6192 1567
6192 5771
8226 6192
6192 2738
7973 6192
6680 6192
1924 6192
4673 6192
9974 6192
6192 4718
3271 6192
9163 6192
6192 2537
6192 5181
3457 9924
6192 3750
6192 2328
6192 276
6192 7416
6192 3608
6192 2061
6192 5156
6192 7053
6192 2028
6192 8035
8329 6192
9112 6192
4376 6192
7107 6192
7266 6192
5140 6192
3447 6192
4277 3747
6192 1417
6192 7011
7175 6192
6192 2756
6192 4588
6192 617
1674 6192
6192 978
3213 119
6192 8040
9796 6192
6044 6192
4658 6192
6192 9850
6192 8691
6192 4234
2765 6192
1072 1866
6192 8451
6192 3516
5957 6192
4332 6192
6158 9638
8055 6192
700 6192
2308 6192
2464 6192
7708 7652
6192 8457
2793 6192
478 4086
6192 2562
6192 6506
3622 6192
6192 4224
3368 6192
4569 6602
3366 3178
6725 7740
7509 6192
6192 9016
6192 6490
6192 9663
6192 4634
6192 9632
4635 6192
6192 5624
6192 1192
4245 6192
6192 3039
8421 6192
4655 6192
6192 5172
6192 9431
6192 8153
9731 6192
6192 7922
6192 5522
6192 7649
2493 6437
6192 1595
6192 900
6192 4596
5515 2620
7437 6192
4758 6192
6192 4176
6192 8365
3927 6192
4024 6192
6192 8915
6192 8375
4473 6192
3152 6192
9070 3055
6192 9230
6192 2474
8657 6192
3010 6192
6192 9076
4403 6192
3591 9623
6192 1725
6892 6192
6192 8351
2533 6192
6192 4555
6192 3127
6192 7496
6192 6297
5134 6192
6192 7653
6192 9093
6779 6192
6704 2478
6192 5830
9931 9819
7879 5235
6192 1803
6058 6192
1022 6192
3090 6192
4747 6192
6192 2864
6192 5142
1183 6192
6192 3340
6192 445
3455 6192
9400 3268
3788 6192
208 6192
1475 6192
5802 6192
6192 7289
6696 6192
5276 3775
7605 6192
6115 6192
9259 6192
6192 927
6192 1632
1386 6192
6192 4280
440 6192
7534 6192
6192 4467
8906 6192
6192 7573
1432 6192
6192 7389
6192 7306
6192 5266
6192 4070
6192 4626
6192 764
6591 6192
5105 6192
6192 2989
9801 6192
6192 5147
6192 9462
6192 7180
7354 6192
8238 4292
6192 3140
3048 6192
7667 6192
6319 9696
87 6192
6192 8257
4928 6192
946 6192
3024 6192
1397 6192
9965 6192
6676 6192
6192 5032
4110 6192
6192 1836
8806 6192
9196 6192
9776 7892
6192 6857
4100 6192
6192 7862
6192 1557
3449 6192
6192 5056
6192 6404
6192 923
6192 4311
6192 50
2543 6192
6192 2040
6192 1728
4686 6192
6192 957
6192 3304
6192 8961
8037 6192
4743 6192
6192 1411
6192 3263
1603 6192
7258 6192
6192 2032
5703 2329
4942 6192
5273 5142
6192 3507
6192 7524
6192 9639
786 6192
6192 8284
6192 9007
9789 7680
4756 6192
6192 7598
6192 9861
3497 6192
6192 2325
5021 6192
3286 6192
6192 8110
2125 6192
6192 7866
8698 6192
6192 8161
5525 6192
6192 147
5401 6192
6192 5165
6192 500
6192 5827
3771 6192
7993 6192
6192 1642
258 6192
1734 6192
1248 6192
6925 6192
6192 5351
9382 6192
6192 1808
9355 6192
2623 6192
6192 602
6192 1318
6192 5458
5099 6192
9219 6192
1850 6192
6192 704
6192 4478
4530 6192
8637 784
6192 6240
8380 6192
358 6192
7742 6192
4165 9546
3083 6192
6192 9482
4573 9788
8871 6192
7079 6192
1250 6192
6192 7486
1320 6192
9487 6192
7947 6192
7082 6192
1702 6192
805 6192
6192 678
6192 318
6192 5620
6192 4123
2829 6192
6192 4733
6192 332
6192 5363
1109 6192
3789 6192
6192 6076
9511 6192
5191 6192
1978 6192
8403 6192
6192 2241
8709 6192
6192 2045
4085 6192
5681 6192
7316 5145
6192 9849
1546 6192
6192 4685
4609 3503
6192 8162
6192 4180
8332 6192
7898 6192
6192 7299
6192 9303
1358 6192
6192 6052
6192 4124
6192 4071
6192 5752
378 6192
6192 8245
1670 6192
6194 6192
6192 9668
4352 6192
6192 5842
1784 6192
5168 6192
1364 6256
6192 8589
1143 6192
6192 8882
4544 6192
6192 3543
6192 7204
6192 5354
3813 6192
6192 6530
3677 5493
6192 2352
6675 6192
8327 6192
4571 4149
2903 6192
6111 6192
5177 6192
6192 5703
4987 6192
892 6192
6192 6361
6192 7540
6192 3823
6192 7129
5762 2314
6192 8429
6192 7072
6192 5162
6192 3471
475 6192
7324 7022
6192 7782
1633 6192
2021 2727
6192 4615
7332 6192
1849 6192
4050 6192
6192 7983
4200 9951
6192 3119
6192 90
6192 164
4701 7714
6192 7857
6192 7909
6192 889
29 6192
2074 6192
6192 4283
6192 6612
3793 6192
6948 6192
6192 586
6192 398
3551 6192
970 6192
6192 3054
6192 8546
376 6192
2674 6192
6192 806
6192 5482
6267 6192
6192 7483
6192 5702
8296 6192
8926 6192
6192 120
6192 1800
6192 6222
6192 7899
6192 4414
4358 6192
6192 9439
6192 1961
6192 7182
6192 2356
6192 3914
6192 1416
6192 7817
6192 6226
6192 1136
8629 6192
6192 673
2657 6192
8613 6192
6192 5550
6192 4599
1511 4487
6192 1340
8584 6192
6192 9122
3903 6192
9510 6192
259 3202
6192 6576
6192 5559
2613 6192
6192 3887
6249 6192
4658 7893
6192 1151
8552 9670
2323 6192
6192 9786
6192 385
6154 6192
6192 4369
6192 8705
8843 6192
6192 489
6192 9521
2854 6192
3625 6192
2096 6192
1675 6192
8880 6192
6192 2773
6192 2090
6192 8095
2029 6192
6050 6192
6192 9050
6192 9353
3229 6192
8842 6192
6863 6192
6098 6192
1360 6192
6192 7593
9508 6192
6192 9716
6192 7433
635 7258
134 6192
7872 6192
1425 5572
5650 5011
6192 7209
8670 6192
6192 9139
8614 6192
2593 6192
862 6192
6192 5025
6192 135
3051 6192
5206 6192
6192 1787
7767 6192
6192 8987
9877 6192
5926 6192
9555 3257
6192 8517
6192 6394
7185 6192
6192 2877
2083 6192
6192 2984
6192 1519
6192 774
6192 4890
8921 6192
6192 7787
4464 6192
6192 75
9769 6192
6192 1597
6192 2504
6192 2127
1002 6192
3575 6192
7093 6192
6192 2319
2177 6192
3038 6192
3946 6192
4451 6192
6192 8957
6192 47
6192 5336
3832 6192
4187 6192
6192 8413
6192 7152
6192 2070
8518 6192
1804 6192
8467 6192
6192 4210
6192 6182
9484 6192
7453 6192
6192 9825
6192 6033
6192 9921
6192 7128
6192 4353
6192 1167
7331 9219
7743 6192
6192 5245
6585 6192
6192 9977
9973 6192
6192 351
4650 6192
6075 5292
6192 7761
2883 6192
6192 1132
6192 654
6588 6192
3479 6192
573 6192
6192 3713
6512 6192
6192 3147
1668 6192
6192 5228
6192 8389
6424 6192
2459 6192
2367 6456
6192 359
9799 1609
6320 6192
6354 5733
1384 6192
3230 5180
6192 2303
9376 9416
6192 4211
9210 6192
1182 6192
6192 5698
4455 6192
4432 6192
3391 6192
6192 8785
3000 6192
8900 1809
5914 6192
6192 3807
4574 1306
4741 6192
5058 6192
1216 6192
8675 6874
6192 6141
6646 6192
6192 7396
9076 6406
6192 818
6112 6192
6192 7878
7230 8462
6192 6698
6192 9718
6192 4884
6815 6192
6368 6192
8717 2870
6192 8565
2186 6192
885 6192
5621 6192
3317 6192
6192 1368
859 6192
6192 3658
6192 242
8347 6192
2667 7707
6192 8265
2073 6192
6793 6192
8902 6192
4130 1162
6192 3330
2777 6192
2736 6192
6192 9134
6192 8177
2998 6192
6192 4811
6192 4561
6978 5821
1407 6192
6992 6192
5785 6192
3114 6192
6192 8275
6335 6192
7383 3778
1032 1692
6873 4083
817 9468
6192 2897
2426 6192
6192 7810
6192 890
6184 6192
9942 4274
4814 6192
6192 8521
5739 6192
1583 6192
6192 2548
7068 6192
6192 2466
4681 4932
3078 6192
6192 2398
5567 6192
6223 6192
9889 6192
3434 9581
6620 6192
5292 2085
6851 6192
8283 851
2461 6192
5465 6192
8067 6192
6288 6192
6192 2112
6192 4326
6192 2651
3264 6192
6192 9981
1933 6192
2148 6192
6192 5321
6192 3769
6192 8163
6192 9628
6192 1197
6192 7481
8489 6192
6192 5872
9596 6192
6357 6192
6192 1520
6192 2769
5964 6192
6192 2095
5245 8189
6192 6810
4697 6192
9277 6192
2340 6192
6232 6192
6192 7055
6192 6035
6192 4791
6192 7301
6188 8917
4619 6192
6192 7537
6192 7676
6192 8203
1911 6192
54 6192
765 6872
6192 6189
6192 3185
6192 1554
6711 6192
6192 9552
5929 6192
6192 5673
6192 5962
1600 6192
788 6192
174 6192
9099 6192
1009 314
6192 9157
5944 6192
6192 2506
2263 6192
6192 3635
6192 9736
6192 7511
6192 7737
6989 6192
8498 6192
3182 6192
6192 9766
1036 6192
2720 6192
962 6192
6192 7807
4846 7207
4387 6192
6192 4731
2120 6192
7127 6192
6192 5326
493 7534
6192 5313
6192 7322
7499 6192
6192 7884
9404 6192
6192 2821
9500 6192
5457 6192
8128 6192
7440 6192
8982 6192
6192 8951
3703 6192
6192 9084
6192 8458
2680 6192
4472 6192
9879 6192
6192 4793
7528 3896
9856 6192
9469 6192
9461 6192
9337 6192
6192 919
7579 7273
6192 84
6192 5710
6192 4594
334 6192
8581 6192
8887 6192
3920 6950
9954 6192
6192 1294
6192 9881
2555 6192
3308 6192
6192 6068
6192 5731
6192 140
624 6192
6192 215
8791 6192
6192 6910
5898 6192
4661 6192
2138 6047
4269 6192
2919 6192
6192 9010
6192 3337
6192 5023
6192 3890
6192 8534
1664 6192
2711 6192
2564 6192
6192 6955
7519 6192
6192 6414
5067 6192
6094 6192
2835 6192
6192 9886
6192 2351
6192 6286
5661 6192
6192 4817
161 6192
4240 6192
314 9057
2878 6192
6192 5638
6192 5276
6415 6192
4260 6192
8918 6192
4276 6192
6192 4384
6192 382
3022 6192
1273 6192
6192 5247
6192 3008
6192 3819
6222 6042
6192 4365
6192 1596
6192 8470
6192 3092
1497 6192
6192 4801
6498 6192
8285 6192
4824 6192
6192 9993
367 6192
371 3566
3198 2888
6192 1883
6192 9085
6192 981
8577 6192
6192 6125
6192 3012
6192 1041
1134 6192
9663 1374
5684 6192
6192 9283
4623 6192
6192 5561
6328 5998
6192 5942
6192 8695
6192 94
126 6192
6192 2529
8205 6192
6192 898
2921 6192
7945 6192
6192 5750
3162 6192
6192 9730
6192 5878
0 6192
6192 1015
3554 8533
6192 706
6192 3084
8259 6192
6192 7296
6220 6192
3705 9217
6192 6064
6192 2797
6378 6192
6192 5958
394 6192
3303 6192
1513 6192
6192 6293
2909 6192
6192 1754
6192 6204
660 6192
6192 44
6096 6192
6192 902
6753 8243
106 6192
6192 3604
506 6192
6192 5367
6192 8808
6192 4031
7144 6192
653 6192
9454 6192
6870 6192
5755 6192
4690 5573
8654 524
5709 6192
8267 6192
1236 6192
6192 9685
5963 6192
5210 6192
8057 6192
4755 6192
3804 6192
972 6192
6192 9931
5606 6192
5610 6192
2363 5564
4390 6192
1327 6192
9280 3086
9214 4362
6192 4243
6192 8834
6192 6238
4374 6192
6213 6192
6192 864
8174 1046
9586 6192
6192 9758
6192 6191
6192 1427
3953 6192
6192 5573
8225 6192
2237 6192
2815 6192
6192 6799
6192 8224
9019 6192
4493 6192
8292 6192
4158 6192
6192 1113
4911 6192
6192 7413
6192 441
6192 6744
9686 9607
6192 6905
6192 3623
9419 6192
4498 6192
6192 5416
1245 6192
6192 1636
9447 6192
6192 5271
4392 6192
6192 5649
6192 3376
6192 8661
7000 6192
3440 6192
6871 6192
6192 438
6192 9009
5644 3827
8682 9775
7600 8659
4826 6192
6192 5959
6192 2141
2834 6192
6192 2609
6192 8684
9467 6192
9565 8874
6192 6898
5029 6192
1860 6192
4351 6192
6192 6280
6192 9384
6192 7174
2269 6192
6192 9028
2026 6192
6192 2607
2915 6192
6192 6651
5403 6192
3742 6192
6192 2152
3181 6192
6192 938
5289 6192
3105 6192
6192 577
6192 9443
6192 2189
4976 6192
6192 2033
6192 851
781 6192
446 6192
6192 4156
6192 2594
6192 6216
3032 6192
6192 4120
5628 1051
6192 9809
6192 6519
4800 6192
2038 6192
9137 6192
9869 6192
6895 6192
6399 6192
6192 5391
6192 8004
2839 6192
6192 7689
9221 6192
7450 6192
6192 3701
6192 915
5388 6192
6192 7411
4320 6192
6192 3716
162 1355
4466 6192
155 3462
6192 6261
8122 6192
3093 6192
3717 2821
362 6192
6192 6008
6192 1120
3510 6192
2099 6192
6192 6516
6192 4556
6990 6192
6192 3070
7255 5541
3730 6996
6192 952
3803 4238
9602 6192
3429 6192
6192 3694
6192 7713
6192 2048
6192 8538
3683 6192
6192 5173
5756 6192
623 6192
6192 7596
5775 6192
7391 6192
101 6192
6192 2293
7680 6192
6192 8860
7980 6192
6192 9061
736 6192
5095 6192
4443 6192
6699 6192
2057 6192
6192 1771
6192 988
9525 6192
6192 3282
6192 2330
6192 3104
6192 9922
6715 8808
6192 797
5455 6192
6192 2182
6342 3382
2372 6192
6192 5740
8928 6192
3693 6192
6192 7162
6192 6887
9507 6192
9321 6192
757 6192
9721 6192
6192 9155
354 6192
5719 6192
6192 6073
7962 7519
212 7939
6192 4863
9646 6192
6192 4748
9320 6192
6192 7927
6192 8042
6192 6276
6192 8909
883 7431
1269 6192
4766 676
6192 7600
2157 2371
2926 6192
2840 6192
4334 6192
8633 6192
6192 2587
58 6192
9597 6192
6209 6192
6192 5560
6192 9152
6192 3397
6192 6758
6560 9552
7257 6192
59 6192
5951 6192
6192 6902
6383 6192
5451 6192
6192 9074
6821 6192
6192 9393
1396 6192
6192 5086
6192 2306
458 6192
6192 3562
6192 6518
6192 7608
5706 2557
4524 6192
3631 6192
8600 6192
5309 6192
3065 6192
6192 4662
6192 3852
6192 6966
5899 6192
6192 5083
6192 9486
6192 591
6192 550
165 2250
1686 6192
6192 552
5911 6192
5234 6192
4315 1608
1941 6192
6192 3123
6192 2994
5502 6192
6192 8199
6192 7377
6192 7780
2590 6192
4776 9714
6192 4314
6192 6243
6192 1885
8952 6192
3395 6192
6192 5123
274 6192
6192 2394
6192 2387
1421 6192
4529 6192
9971 6192
685 6192
6192 6084
6192 7454
4420 6192
2729 6192
2357 6192
9551 6192
3392 1319
6192 3261
6192 5883
6192 2334
6192 2924
4859 7458
3227 6192
6296 6192
6192 2498
6192 3281
5880 6192
6192 2516
6621 6192
1558 6192
6192 4400
7582 6192
6192 1141
6192 9522
6192 4591
6192 7229
6536 415
287 6192
6192 7920
9988 6192
9997 6192
659 6192
6179 6192
6192 6835
6192 1916
2370 6192
6192 8210
6192 9344
8675 6192
8063 6192
78 768
6192 3379
6192 4900
6192 5057
1484 9117
6192 8875
7390 6192
557 6192
6192 3743
8227 6192
4926 1055
2236 6192
6192 1773
6192 7491
6192 9449
6192 1060
4266 6192
5207 6192
6192 4558
9585 5280
2258 6192
6192 1724
7559 6192
5138 6192
6192 8107
6192 1228
6192 8353
6192 4481
2527 6192
8419 6192
224 6192
4394 6192
5035 6192
3544 6192
6192 9472
5229 6192
6919 6192
6192 8214
6192 1656
6192 4712
5236 6192
2982 4341
8061 8715
6192 4480
5479 6192
6192 556
8022 6192
6192 7165
4293 6192
304 5436
8154 6192
6192 4893
7149 6192
3548 6192
7847 6192
2155 6192
9140 7748
8541 6192
6192 9857
4203 6192
310 6192
6192 4001
153 6192
1321 6192
3187 6192
6192 1306
9473 6463
6192 1100
8452 6192
6262 5599
6192 2747
229 6192
4779 6192
6192 468
6192 2342
6192 661
6192 8356
3736 3269
6192 2320
6192 3033
1066 6192
6931 6192
9523 7030
6192 5094
4454 6192
9722 6192
3826 6192
9724 6192
1659 6192
6192 672
6192 8976
7189 6192
6192 8482
6192 6348
8349 6192
2298 6192
422 6538
2069 6192
6192 321
6192 3139
6192 10
6705 6192
6192 5793
508 6192
6192 9858
1977 6192
6192 578
9394 6192
6192 9177
316 6192
5026 6192
6192 9794
8829 6192
6192 8832
6192 4774
1133 6192
6192 3661
6192 1241
8006 6192
6192 8823
1005 6192
5277 6192
6192 4692
6192 5110
2376 3065
6192 6131
5893 6192
6192 4132
6192 9441
8253 6192
3087 6192
6192 484
9261 6192
4167 6192
6192 6458
6192 2862
6192 4129
6192 893
6192 470
8274 6192
6192 1757
6192 5727
5345 6192
1129 6192
6192 1145
7633 6192
5642 6192
2662 8759
7731 6192
6192 7349
6192 9104
6192 3873
6192 6859
6192 3605
6192 9581
6192 1487
2913 6192
6192 8782
2011 6192
6192 9770
6192 3252
6806 6192
6192 3013
6192 6157
9976 6192
6192 4849
6192 6340
6192 1839
4929 6192
6192 7435
6192 2930
6192 2358
1793 6192
6192 320
2728 6192
4127 6192
6192 9426
6192 3863
6439 8925
6936 6192
6362 1947
6192 8187
6192 3656
2977 6192
4354 6192
2539 6929
6192 8555
6192 4049
3195 6192
6487 6192
2538 7035
5524 6192
6192 2951
5167 6192
5223 6192
8117 7950
2373 6192
6192 9254
6971 6192
4041 6192
6192 720
944 6192
6018 6192
3870 6192
8070 6192
7705 6192
4765 6192
6192 1982
6273 6192
6192 363
3665 6192
8262 6192
6192 1493
6192 5240
6192 8139
8051 6192
6192 1359
6192 9884
355 6192
6192 8946
6615 6471
3159 6192
5459 6192
9147 6192
6192 4053
5027 8817
6192 286
2450 6192
6192 3733
6192 70
6192 350
8678 6192
8261 4019
6192 7278
2082 6192
6192 5115
6192 2592
6192 873
8062 6192
3197 1553
4576 6192
466 6192
6192 4105
1000 6192
6192 7317
6192 1547
6192 4274
5981 6192
6192 9311
6934 6192
6192 406
6502 6192
4477 6192
5919 6192
2922 6423
6192 3288
8572 6192
6192 7875
754 6241
667 6192
6192 2582
3242 6192
7968 6192
4646 6192
1840 6192
5131 6192
4378 6192
6192 2614
1522 6192
6192 6298
6192 4012
3307 6192
6192 3444
8822 6192
6812 4127
4853 6192
6159 6192
1402 6192
6192 3410
3232 6192
7712 6192
2415 6192
5562 6192
6192 3149
9678 6192
6192 2203
6192 8474
6192 6203
6192 6901
166 6192
7901 6192
8944 6192
6192 223
6192 9069
6192 7670
6192 8883
6192 391
4401 3228
6192 2302
6192 9323
6192 9411
6192 6049
6192 4402
6192 6523
2135 6192
7959 6192
6192 9635
5730 6192
6192 9558
5078 6192
6192 7952
8266 78
3329 6192
6192 6248
9126 6192
6192 9423
6192 2412
6192 1766
1226 6192
7460 6192
6192 2987
3081 3940
6192 547
9073 1140
3759 8026
6192 74
1890 6192
6192 7835
1198 149
1108 6192
6192 8575
6192 9859
5254 6192
5832 6192
6192 9578
6192 4652
2421 6192
2626 6192
6192 8932
924 6192
5729 6192
9245 230
1802 6192
6192 1333
5808 6192
8427 5424
6192 2294
6192 9380
6192 3433
6662 6192
7015 6192
6192 3825
6192 8945
6192 2715
7727 6192
6192 4647
6192 3311
6192 7276
4955 6192
7404 6192
6192 5129
6192 7741
6192 5904
6192 8545
4530 2780
6192 9605
6954 6192
4142 6192
6192 2894
8134 6192
778 6192
8258 3488
6192 2218
916 6192
6192 3910
4157 6192
1446 1691
6192 8218
7403 6192
6192 4887
3942 4868
8368 9672
6192 1115
3753 6192
256 4640
3210 6192
6192 4212
9934 6192
6192 9717
8048 6192
6192 6229
6192 4782
5197 6192
6192 7732
7921 6192
6192 1290
6192 4886
1541 6192
6192 3386
6192 1293
6192 1716
5356 6192
6192 3636
8341 6192
6192 3772
6192 1898
3438 6192
6192 5896
6192 8878
6192 9743
6192 8054
6192 6999
6192 909
6192 3025
665 6192
6192 6095
1785 6192
8103 6192
2138 6192
2147 6192
7576 6192
9563 9674
1719 6192
3719 8625
8494 6192
1967 6192
6192 7397
450 6192
6192 55
8080 6192
6192 3472
6192 6026
6192 2407
6192 9248
6192 1274
6800 6192
9681 5538
6192 5923
6260 6192
396 6192
125 6192
6192 6833
6192 5294
6192 6407
6192 1326
6192 5171
7776 6192
4109 6192
6192 418
3554 6192
6192 1289
6192 2553
7907 6192
7135 6192
9813 6192
742 6192
2851 6192
218 6192
6192 2843
6374 6192
8861 6486
6192 9390
6192 8650
6192 6594
1879 6192
6192 7599
5916 6192
6192 1515
6192 8076
7153 6192
3441 6192
6192 4003
6192 4595
6192 9407
936 6192
3018 6192
5300 6192
1130 6192
6192 9661
6192 3011
6324 6192
4148 6192
6192 3101
148 6192
2012 6192
759 6192
3598 6192
6192 4172
6192 9655
6452 6192
6192 5262
6192 5813
8789 6192
6192 5496
5734 6192
9358 789
2001 6192
820 6192
1844 3528
2610 6192
2724 6192
4924 6192
6192 82
6192 9141
5186 6192
6192 8949
4990 6158
7540 1529
7449 6192
6192 2312
6192 7562
6868 9290
6192 9647
6192 7291
6192 336
1418 6192
5189 6192
1708 6192
5846 6192
6192 6669
6145 6192
8580 6192
674 6192
6192 1790
6192 2067
6192 9519
6192 5436
5510 1017
6192 9526
6192 2272
948 6192
6192 9060
5472 3825
6192 4996
6192 1403
6192 7244
6192 5871
6192 8377
6192 3779
6192 9002
6192 2503
6192 5377
8410 6192
6029 6192
1658 6192
9723 7260
6192 9255
4955 7044
6649 6192
6192 9945
5514 6192
3154 6192
6192 749
6192 6271
6192 5429
1560 4173
6192 662
6192 8200
5558 6192
2763 6192
6192 2142
6192 4571
1062 6192
6192 8114
6192 1260
6192 7097
6192 9658
6192 3420
4881 6192
4388 695
6192 7970
7488 6192
2737 6192
6690 6192
942 6192
9839 6192
6126 6192
9425 6192
3358 9072
6192 7302
6192 7923
6192 280
6192 4033
6192 5153
1443 6192
4839 6192
6192 9378
2024 9833
6192 9158
6192 6285
6192 8390
2289 4931
6192 7999
6192 9648
6192 2250
6192 1542
1965 6192
8524 6192
5394 6192
7512 6192
6192 6935
6192 3671
6192 849
8322 6192
1559 6192
6192 7365
7098 6192
1902 6192
6363 346
3247 6192
9295 6192
6192 7686
1156 6192
4707 6192
6192 6350
1761 6192
4306 6192
6192 2299
9656 6192
8106 1146
6192 4916
6192 459
4343 6192
7961 6192
1504 6192
6192 5993
6192 4845
9546 6192
6192 513
1377 6192
8215 6192
6192 6564
7109 6192
6192 1671
9563 6192
373 6192
6569 6192
6472 6192
6192 702
6192 5136
6192 9165
8708 8742
2836 6192
6192 3901
6192 5019
6192 4096
3074 6192
2418 6192
6192 3485
366 6192
6192 7378
9493 6192
3917 5877
6192 6889
319 6192
9368 6192
6570 6192
5148 6192
4581 6192
4910 6192
6192 3722
6192 4837
6192 9000
6192 3581
8531 6192
4295 6192
9418 6192
6192 1409
6192 517
6192 3726
5877 6192
6192 5651
6192 2392
6192 1966
6192 6768
630 6192
3886 6192
1163 3485
6192 9958
7239 6192
6192 9909
3934 6192
6192 6845
9514 6192
6180 6192
7745 6192
6192 8244
4410 6192
6192 7213
6192 8399
2261 6192
6192 3356
6192 7441
9740 6192
4821 6192
8396 6192
2960 1343
5075 6192
6192 5629
6192 6633
7184 6192
3739 8200
6192 3535
6192 8539
6192 5767
9654 6192
6419 6192
4796 6192
6192 9427
8069 6192
6226 8372
6192 3550
6192 3450
9123 6192
6192 8908
4769 4128
6192 5305
4478 474
581 6192
6192 8977
6192 5655
6192 2030
7764 6192
4177 6192
5349 5683
97 6192
6192 345
6192 5461
9894 6192
6192 6946
3809 6192
81 6192
9365 6192
6192 479
6192 333
1520 5987
6192 4602
690 6192
6192 8435
9098 8137
9420 6192
4700 6192
1538 6192
7357 7655
4799 6192
6192 3620
6192 8992
6192 9257
6192 7380
6192 8635
6192 9068
7085 6192
3664 6192
6688 6192
2653 6192
4287 6192
6192 4746
9542 6192
7490 6192
1483 6192
2969 6192
4860 6483
6192 1908
7749 6192
6192 7225
6192 3460
2448 1202
6192 6562
6192 5659
6192 4989
503 303
1225 6192
8182 6192
7164 6192
8694 6192
6192 9575
8637 6192
6192 5845
4244 6192
6192 9316
6192 1030
7138 4253
4605 6192
6192 1093
2788 6192
6192 3533
4356 6192
6192 4312
3026 6192
6274 6192
7254 6192
6192 4205
7838 6192
7575 6192
6192 6900
6192 6531
6192 7286
8679 708
4255 6192
6192 5615
6142 6192
5581 6192
6192 8849
2881 4641
6192 5891
8686 1623
2627 6192
5045 6192
6192 7215
1946 7372
6192 4193
6192 1690
6962 6834
6192 5565
6475 8101
5712 6192
7675 6192
4391 6192
6192 8749
8097 7321
6192 2888
6192 1525
2563 6192
9184 872
4812 6192
1073 4988
6192 842
8781 5445
6192 2920
6192 7574
1240 6192
3045 6192
7121 6192
5051 9715
4218 6192
6192 6814
6192 7730
7134 6192
6471 6192
594 6192
9683 6192
6192 9379
1904 6192
6192 6761
6192 8193
3089 6192
6192 8596
6192 6120
4519 6192
2240 7684
6192 2093
848 6192
809 6192
6192 8778
3080 6192
6192 8101
9395 6192
9408 6192
6192 9234
6192 8463
6192 1713
6192 7170
6464 4248
6192 5700
2780 8282
6192 1433
4386 6192
6192 1841
6192 8211
6192 7111
6192 1453
860 5097
6192 9573
6192 1578
8974 6192
6192 6244
3287 6192
6192 3061
6192 8405
6192 6657
6192 2205
6535 5040
3897 6192
6192 8667
8335 6192
6192 5763
6192 9895
7886 6192
6192 1616
8088 6192
4236 6192
5754 2900
6192 6637
8074 6192
1001 6192
6192 6726
6192 7329
1792 6192
8397 6192
6192 7544
152 6192
6192 1940
1196 6192
6192 9760
6192 3708
2550 6192
6192 4723
6192 6279
3239 6192
9537 6192
430 1345
6192 2869
5027 6192
4396 9349
6192 1258
6192 1920
436 6192
6192 5198
6192 9587
6192 5453
1798 6192
3604 3756
2647 471
1969 6192
6192 7102
6192 1747
6192 3046
6192 9613
7025 6192
6192 5253
6019 6149
6192 411
9191 6192
6192 8854
6192 7818
6192 434
6192 7522
8272 3448
841 566
6192 7061
4225 6192
9645 6192
845 6192
7518 6192
6192 181
9333 6192
9933 6192
6192 9228
6192 2483
1059 6192
4497 102
6192 716
7226 6192
1591 6192
8477 6192
6192 3621
6192 4521
3290 6192
6192 4949
6192 6442
6192 6648
2796 6192
6192 6733
6192 1332
6192 8644
6192 3723
2427 6192
9401 6192
6192 9844
4030 6192
6192 9071
6192 2197
6192 5809
6192 4335
5918 6192
6192 6002
6192 549
6192 9174
6192 2863
6192 4840
6192 2620
2477 6192
6802 6192
6192 1740
4627 2721
2935 6192
296 6192
6192 3244
9231 6192
7007 6192
6192 7685
6192 2242
6192 9893
30 6192
7824 6192
2521 6192
3765 6192
1474 6192
3973 6192
9783 6192
9478 6192
6193 6192
2712 6192
6192 7695
3805 6192
7662 6192
6192 9359
6192 4870
2484 6192
6192 7462
4363 6192
6192 2360
1621 6192
8636 6192
5660 6192
6192 1466
6192 5463
6192 7894
4341 6192
6192 9817
6253 6192
6192 2098
6192 5243
2535 6192
6710 6192
9754 6192
1518 9567
6192 7178
8569 1455
6192 61
6192 5077
40 6192
6192 2467
6192 968
9830 4257
9938 6192
3947 6192
6192 2954
322 6192
6192 481
6192 3150
1131 6192
4163 6192
6192 4231
5517 6192
6192 4829
3454 6192
1187 6192
1857 6192
464 6192
6192 9949
6192 8083
8732 6192
2126 6192
6192 6508
6192 6281
6192 2489
6192 5765
2468 6192
6192 9584
6192 4028
6192 8868
7765 6192
7704 6192
6331 6192
6192 863
6192 7978
312 8587
6192 4035
6198 6192
2410 6192
5137 6192
6192 4417
7145 6192
2230 6192
243 6192
368 6192
2082 643
6192 3091
9595 6192
2859 1017
6192 6820
6192 3545
6192 5570
6192 2164
6192 8511
3964 5368
6192 1408
6192 8993
6360 6192
5201 6192
260 6192
6192 1284
4568 6192
6192 5948
6192 595
7385 6192
6192 8034
7118 6192
6192 1460
6192 4267
6520 6192
6192 5614
8781 6192
31 6192
511 6192
1848 6192
3190 6192
6192 8933
3408 6192
2980 6192
6192 3180
5589 6192
6192 9734
722 6192
96 6192
6192 4875
163 2497
3113 6192
7420 6192
6880 6192
752 6192
6192 1323
6192 1153
6192 4934
2573 9375
6192 1010
6192 1105
6192 568
6192 7664
6192 9063
6192 407
3547 6192
6192 1128
6192 5119
9089 6192
6192 6888
6192 956
9440 6192
6192 8195
6192 2695
6192 8415
2333 6192
6373 6192
1878 6192
2631 6192
940 6192
7802 6192
914 6192
7942 6192
4009 6192
9556 6192
6192 9515
9300 6192
6192 6988
6192 6811
8300 6192
1660 6192
2527 9398
9562 7468
6192 4907
6192 7363
792 6192
1984 6192
6192 3062
5664 6192
6192 6003
4901 6192
5042 6192
6773 421
6192 1922
6192 6916
6192 6323
6192 6456
4977 4023
6452 1968
6192 877
6192 6250
4032 6192
6192 2355
9544 6192
1272 6192
9415 6192
6192 8997
6192 6024
6192 8273
6192 5485
6192 1735
4798 6192
6192 1919
6192 6214
6192 2741
6192 4252
9901 6192
6192 5574
6192 1127
9188 6192
3911 6192
6559 1118
6344 6192
6393 6192
2513 6192
6192 989
6192 3921
5158 9359
8898 6192
8626 6192
6192 1861
9630 6192
1308 6192
6192 7619
1653 6192
1246 6192
6192 9695
4143 6192
8836 6192
4966 6192
6192 7013
6192 6958
6192 1833
5568 6192
7717 6192
6957 6192
6268 6192
6192 2767
6192 7697
6192 4763
6192 2518
9778 7513
3974 6192
6192 4534
6192 3060
1243 6192
1405 6192
6580 6192
6192 6786
2130 4780
6192 1572
3812 6192
1676 8255
214 6192
9347 6192
2896 6192
6987 6192
2597 6192
3799 6192
6192 934
6192 9409
2441 6192
2013 6192
2050 6192
5098 9059
6192 3630
3440 3184
6192 8561
9509 5519
4833 6192
7975 6192
6188 6192
9504 6192
9943 6192
6192 987
1815 6192
1314 6192
5901 6192
2963 6192
6 6192
6192 1709
1029 6192
356 6192
4107 6192
6192 3522
6192 519
6192 409
6192 7904
3883 2852
2310 6192
5625 6192
6192 6092
6192 8278
6192 7444
6492 6192
6192 1404
9106 9120
142 6192
2123 6192
8505 6192
9208 6192
6192 8692
4520 6192
6355 7024
4706 6364
9307 6192
68 8799
8183 6192
6192 9910
433 6192
3491 6192
6192 2755
6359 6192
6295 6192
6192 4036
7089 6192
6192 130
2955 6192
1746 6192
3077 8464
3880 135
1190 6192
6192 9505
6392 4078
4438 6192
6192 521
5441 7093
1351 6192
8767 6192
8081 6192
6192 5718
6683 764
6192 8350
6192 9003
5176 6192
1604 6192
2397 8761
529 6192
5711 6192
6192 4794
6192 6473
6192 5998
355 6326
6192 7813
4660 6192
6192 1063
7158 6192
1121 6192
6192 6230
5218 6192
4789 6192
760 6192
8663 6192
6192 4954
9763 6192
4379 6192
7932 6192
9430 6192
3248 6192
6192 3474
8414 6192
3649 5011
6192 8879
7168 6192
6192 6864
6192 5161
954 7421
6192 7864
6192 2576
6192 7946
943 6192
7642 6192
4134 6192
5867 6192
6192 2191
6192 8714
6192 277
6192 7992
4495 6192
2201 6192
6192 4348
4654 1832
6192 4878
3345 6192
6192 1278
858 6192
993 6192
8077 844
6192 8740
6192 735
2595 6192
6192 8315
9331 2126
8108 6192
1180 6192
6192 9727
198 6192
6192 960
8323 6192
312 6192
6192 1444
6192 705
5380 8562
6192 5007
1655 6192
3358 6192
6192 7543
2690 1314
6192 8466
397 6192
8234 6192
6192 2744
6192 819
2972 5248
6192 6469
6192 1137
6192 6693
6192 5469
8394 6192
6192 2353
3998 6192
6192 7790
6192 8818
6192 1731
827 6192
12 6192
7375 6192
6192 6809
5596 6192
985 6192
6192 3655
8618 6192
6192 2220
3107 6192
6192 9802
8281 6192
7755 6192
4357 6192
1537 6192
1148 6192
2137 6192
6192 2446
6192 4802
3640 6192
5931 6192
6192 5787
6192 5856
6403 6192
7861 6192
6192 4275
6625 6192
6192 473
6192 1363
5084 1648
6192 5662
6192 8716
1939 2554
6192 6217
2600 6192
2739 2265
6192 9952
6192 3539
971 6192
6192 8097
251 1266
6192 3381
340 6192
6192 2939
6192 5490
6192 2035
7683 6192
6192 6655
3814 6192
6192 8337
1368 8186
7398 6192
6192 2907
5974 6192
4483 6192
1381 6192
6192 4219
6192 238
6192 3343
6192 7672
7969 6192
5437 6192
9197 6192
1590 6192
5291 6192
6192 6983
1524 6192
7616 6192
8164 6192
6192 2813
8230 6192
4803 6192
3437 6192
6192 7759
6017 6192
299 6192
7885 6192
3218 1605
4742 6192
6192 861
2616 6192
6192 3652
2104 6192
6192 5494
6192 3523
5350 6192
2195 6192
6192 5694
6192 2278
6192 1581
4017 2361
7859 6192
6192 2198
6277 6192
6192 1797
6192 838
6192 4609
8839 6192
9818 6192
5384 6192
6192 9399
6192 5024
7069 6192
7300 6192
6192 1114
6192 5520
3466 259
6192 8330
6192 663
2161 6192
2945 6192
6192 27
2092 6192
6192 5470
6192 7987
5721 6192
6192 3341
1047 6192
1644 8421
5582 6192
834 6192
7298 6192
8798 6192
6192 1339
2569 6192
6192 9421
6192 592
1438 3857
8718 6192
6192 5817
6192 975
6192 8305
4488 6192
6192 2385
7287 6192
5344 6192
6192 3088
6192 1852
8485 6192
6192 5737
6192 5529
4722 6192
2598 6192
6192 5653
3418 3625
2841 6192
5741 6192
8020 6192
8912 3083
6192 66
6192 225
8585 6192
1268 6192
6192 8448
6192 3674
6192 7964
6192 2884
8401 8950
6192 8599
4736 6192
6192 9184
9991 6192
2485 6192
2531 6192
4651 6192
7212 6192
6192 821
6192 6707
9742 6192
3828 6192
6192 4084
7146 6192
8870 6192
6790 4650
6192 5910
3102 6192
6192 3868
6548 2842
2270 6192
1178 6192
6192 8807
6192 1888
1300 9766
6192 9413
6192 5977
6192 7646
6192 5238
6192 1703
6128 6192
4580 6192
6192 9620
6192 9738
6192 3919
8775 6192
9765 6192
3719 6192
7815 6500
6192 2581
6192 3760
6192 1742
6192 2105
6192 9435
7132 387
7809 6192
2823 6192
6192 1594
4310 6192
6192 1991
5897 6192
2470 6192
528 6192
9662 6192
6192 6529
6192 8703
5251 6192
6192 7220
6192 3642
6192 5549
1828 6192
8642 6192
546 6192
2617 6192
1744 6192
6192 7669
6192 4249
344 2156
6192 7297
4440 6192
4903 6192
6192 6665
4649 6192
3829 6192
6192 5816
6145 9329
9035 6192
3758 9702
7012 5036
6192 167
6738 6192
6192 6339
6418 4045
8733 6192
2469 6192
6192 9797
6192 1484
6670 7097
4735 6192
8496 6192
6192 4034
6153 6192
6192 9276
6192 8092
4851 6192
5440 6192
6192 177
341 6192
5384 8963
6192 6257
6192 9465
3867 6192
6474 6192
240 7409
8888 6192
6192 4610
4680 6192
6192 9990
7382 6192
7030 6192
3064 6192
6192 1705
6034 6192
6192 8233
6192 4528
8669 6192
6192 5178
6192 565
6192 2479
5272 189
6848 6192
8869 6192
6192 1234
6192 8819
6192 5725
7688 6192
6192 6004
5973 6192
6192 8116
6391 6192
6192 7335
6192 8927
6192 1218
6192 2833
6192 5180
6192 1948
6611 6192
6192 8461
6192 6547
5671 6192
6192 2305
2163 6192
8409 6192
4827 6192
1814 1062
6192 2434
9328 3531
6192 2578
6192 8621
4505 6192
9526 5339
7595 6192
6192 5800
3044 6192
7783 7927
9939 6192
6192 2911
6192 2541
6192 5852
726 6192
6192 4535
6192 6090
6192 2404
7536 6192
6192 7350
2118 6192
8002 6192
1099 6192
6192 9364
6192 3003
6192 5884
8018 6192
6192 4994
6192 6161
9105 6192
4069 6192
6192 7198
7625 6192
6192 3488
6192 5409
9224 6192
6192 4106
270 9087
6192 9545
4140 6192
3955 4131
6192 4059
9608 6192
6192 3931
6192 5607
1753 6192
6192 9641
6074 6192
6192 8484
5361 6192
6192 8091
6192 204
5434 6192
6192 7812
9491 6192
2516 8649
8191 6192
6192 9549
7406 6192
8628 6192
897 6192
7009 5594
6192 2891
6192 4323
4281 6192
9713 6192
6192 4751
2664 779
1280 6192
6192 6876
4317 6192
7553 6192
7971 1701
1973 6192
2647 6192
3053 6192
5634 6192
4195 6192
9275 6192
9978 6192
5895 6192
6192 3292
6192 1938
7167 6192
6291 6192
3653 6192
6192 8449
6192 816
5510 2655
7492 5089
6192 5426
6578 6192
6192 235
6192 4565
3776 6192
6192 2677
7629 6192
1344 1162
6192 4247
5535 6192
6192 3843
6269 6192
2136 2779
6192 6881
3425 6192
111 7137
9239 6192
856 6192
6377 6192
6192 689
8986 6192
8784 6192
6192 2666
6192 6735
5751 6192
8769 6192
6192 3534
3236 6192
6192 4397
7868 6192
9595 9369
7570 6192
6172 6192
6192 7426
6192 9463
6192 7917
7728 6192
3131 6192
9429 6192
6192 2632
6192 9998
6192 6465
7587 6192
572 3361
8184 6192
6192 4250
6192 494
6192 5054
6192 2671
6192 4102
5425 490
6192 7881
6192 1305
6192 1835
6792 6192
9590 6192
6192 627
7487 6192
5611 6192
1997 6192
6192 7770
6134 6192
2451 6192
6417 6192
1737 6192
4499 6192
6192 9396
6192 7246
7883 6192
1510 6192
4194 6192
3988 6192
6192 7124
6192 2958
8133 6192
9485 6192
6192 4431
3226 6192
6192 3989
6192 3231
1503 6192
8039 3148
2899 6192
5275 6192
6192 8913
5084 6192
6192 9920
6192 4476
6192 1372
5738 6192
6192 5063
5113 6192
6192 6974
9305 4139
6192 4299
1027 6192
6192 6051
6429 6192
6552 6192
8792 6192
6192 9983
6192 5400
6192 9860
6192 4600
417 6192
9527 6192
6192 8540
6192 1068
6192 4892
6009 6192
4678 6192
6192 9704
6192 5443
8570 4666
4370 6192
7712 6751
6192 5314
3310 6192
2149 6192
65 6192
6192 6521
6192 2572
6192 4564
3498 6192
6192 6685
6192 57
6192 9851
6192 2757
5833 6192
6192 8340
6192 8658
9033 6192
6192 4945
6192 6780
6192 7941
9288 868
6192 9891
6192 9756
5034 1615
6192 9779
6459 6192
6192 254
6192 236
6192 252
6192 5369
4508 6192
2865 5098
8255 6192
6192 9298
6376 6192
6192 4092
7986 6192
6192 1200
6192 9568
6192 9171
6192 7224
9853 6192
5997 6192
6192 9062
6192 3982
4 6192
6231 6192
8530 6192
7101 6192
7940 6192
9386 6192
7822 6192
4014 856
6192 8840
2309 6192
9892 6192
6192 7356
9711 3918
6192 2591
6192 1894
6343 4747
6192 9627
1704 6192
6192 8478
6192 1152
3075 6192
6192 1053
388 6579
6192 6183
3122 6192
6192 2660
6192 8513
4285 6192
6192 7682
8318 6192
8276 6192
6192 6610
6192 465
7141 6192
5941 6192
6192 3566
1622 6192
8317 6192
7706 6192
6192 8428
6192 2567
6192 2478
6192 8551
6192 6262
6192 4993
6192 2348
5850 6192
6192 4823
6192 292
980 6192
3806 6192
3350 6192
4773 6192
6192 6162
6192 2361
7991 732
9821 6192
6192 6679
6192 4628
6192 412
6192 8722
6192 9226
6192 3116
991 2700
5885 6192
5650 6192
6192 1124
6192 964
6192 7752
6055 6192
6192 7566
3259 6192
6667 4281
9501 9083
5696 6192
4740 6192
6192 3426
867 6192
6192 7237
1774 1441
6192 9086
6192 2828
6192 7169
6192 4405
4206 6192
2716 6192
9290 6192
6192 2575
6192 6408
4981 6192
2571 6192
8937 6192
6192 8828
6192 6305
8115 6192
6192 655
6192 4918
6192 3155
5774 6192
6192 7399
6160 6192
4241 6192
7938 6192
6192 7719
17 3354
5053 6192
6192 1375
6192 4155
6192 9024
5396 6192
597 258
6192 5553
6192 668
6192 2642
1821 6192
6192 3850
6192 7388
5879 6192
6192 3541
3241 6192
5924 6192
5303 6192
6192 7678
6192 3784
6192 6668
7062 6192
9698 6192
6192 5380
8681 5677
6192 2079
6192 1858
743 289
5283 6192
836 6192
4226 6192
634 7038
3928 6192
6192 2743
3079 6192
3792 6192
905 6192
6192 5862
1044 3851
6192 6175
6417 8846
3222 6192
6192 2654
6192 7692
6192 9785
6303 6192
6192 1382
6192 4380
9970 6192
6192 2605
1564 8213
6192 4806
1034 6192
6192 8194
9772 6192
6192 8447
6192 2710
6192 7422
369 6192
6192 2300
6192 3194
9051 6192
217 5256
1296 1846
6192 1688
6192 3322
974 6192
6838 6192
645 6192
2460 6815
5267 6192
6192 1770
4135 6192
4460 6192
6192 331
5971 6192
3238 6192
8314 5443
8146 6192
4554 6192
765 6644
99 6192
5786 6192
6192 5239
2401 6192
2803 5467
6192 9118
6192 6996
6192 1149
1025 6192
3773 6192
1387 6192
7341 6192
6192 7739
7475 8471
6192 1138
9207 6174
263 6192
1467 7598
6192 9446
6878 6192
7364 6192
6192 9637
6192 5408
9334 6192
6795 6192
6192 3727
6192 9483
6192 8279
1147 6192
6192 491
6192 1886
7696 6192
6192 8872
9232 3129
6192 9241
6192 7891
3985 6192
6192 9160
3096 2998
3521 6192
6192 9706
6192 2560
6192 100
6192 4179
6192 3461
6192 4040
1050 145
6192 3250
7516 6192
6192 5788
8017 6192
6192 3179
6192 9826
6975 6192
1267 6192
7568 6192
9836 6192
6192 4636
2691 6192
8298 6192
3371 6192
1820 2376
6192 5576
6192 5512
6192 3106
6192 5135
6192 7641
6192 8736
59 7951
2335 6192
3987 6192
6622 6192
2534 6192
1031 6192
6259 6192
8123 6192
5382 6192
1349 9609
6292 6192
945 5116
6192 7452
6192 2150
6192 1155
4286 6192
2020 6192
528 7447
5658 6192
6192 8454
6192 7392
4051 6192
6192 2992
8521 1870
6192 8574
6192 2635
6192 6351
4531 6192
8676 6192
6192 3404
8208 6192
4038 6192
6192 7879
6192 4409
6192 8632
4322 6192
2076 6192
6192 365
3618 6192
7357 8030
6192 9982
6192 6450
6192 4419
6192 5307
3754 3458
8268 6192
6192 3858
6192 2818
6192 2850
6192 6289
6192 8617
6192 6242
5828 7428
6192 7315
7131 6192
6192 5921
6192 7033
7292 6192
6192 632
5050 6192
6192 904
6192 8370
6192 8726
2368 6192
1111 6192
6192 1748
8303 6192
7828 6192
6192 6858
9660 6192
9855 6192
1987 6192
9326 6192
507 6192
6192 4114
6192 7628
9328 1375
6192 9124
4315 6192
6192 6647
6192 2798
5285 6192
9928 6192
7123 6192
6192 7133
7721 6192
5332 6192
6192 7120
2502 6192
7455 6192
9437 6192
403 6192
8720 6192
8369 6192
2482 6192
6192 5446
2586 6192
6192 5061
9691 1233
6192 1743
1614 6192
8882 8968
5875 6192
2363 2493
9014 9018
6192 1580
6192 6757
7500 6192
9975 6192
2625 6192
5452 6192
6192 4121
6944 6192
6192 2393
1884 6192
6528 6192
3932 6192
6192 8029
4695 6192
4930 6192
2284 6192
7348 6192
6192 629
5657 2645
3746 6192
149 2636
5953 6192
6440 6192
2675 9110
6192 5796
6192 9220
6192 1309
8009 6192
9538 6192
9617 8406
6192 9944
6192 146
2289 6192
832 6192
6192 7156
3777 6192
6192 7579
6192 3592
6192 6797
6192 2849
6400 6192
6192 6813
6192 4319
6727 6192
8901 6192
1288 6192
6192 8299
6638 6192
6192 6884
2900 6192
6192 410
8209 6192
176 6192
5006 6192
6192 1231
9362 1428
6192 608
7179 6192
9453 6192
9077 6192
3298 6192
3667 6192
7071 6192
9313 6192
8242 6192
6192 2866
7527 8758
990 6192
4781 6192
6192 7256
6192 6551
6192 4532
6192 9606
6192 3324
4082 6192
6192 6532
6192 782
6787 6192
9294 6192
6192 6437
3610 6192
7201 6192
3797 6192
8444 6192
9324 6192
6192 2846
8886 6192
5631 6192
6192 8988
6192 7666
3302 6192
6192 7590
6192 89
6192 6979
6192 3254
6192 8249
6861 6192
6192 2573
6192 5806
7929 6192
9636 6192
6192 7202
6192 425
4725 5371
3798 6192
5764 7054
880 9501
6192 8899
6192 9729
6192 427
6192 5439
6192 210
6192 7844
6192 965
6192 8075
1607 6192
6192 5486
7567 6192
4567 6192
5005 6192
5362 6192
585 6192
6192 7735
6192 6337
6192 884
6192 1285
2828 9918
6192 532
2754 6192
6192 9840
5391 9232
6192 682
6192 8216
9203 6192
9432 6192
6192 8118
6192 2663
9362 6192
6192 4509
3668 6192
6192 6097
6192 6913
6192 1723
7591 6192
5369 5797
4978 6192
9677 6192
5088 6192
295 6192
6192 5557
6192 9047
8827 6192
6401 6192
6192 4620
6192 4825
7086 6192
9506 6192
6192 5504
6192 3188
8897 6192
8047 6192
8408 6192
6192 1176
3915 6192
6192 5748
6309 6192
118 6192
8837 6192
4160 199
6192 4181
6854 6192
3968 6192
2244 6192
3071 7429
8001 6192
588 6192
6192 195
6192 1539
6192 7842
6192 5473
6752 6192
6192 178
7058 6192
6192 7895
7126 6192
6192 615
6192 7147
6192 9709
1424 6192
6192 7379
6192 8289
3783 6192
6192 4228
9287 6192
6192 1534
8930 6192
3663 6192
6192 1512
6192 7056
6192 268
6192 1726
3436 7296
6192 3916
6192 1749
3199 6192
8954 6192
6192 8895
528 1350
2157 6192
6192 1526
1310 6192
3007 2001
6192 2255
9260 8747
3493 6192
2454 6192
6192 9799
6192 4637
5749 6192
6723 4331
6192 2132
6192 5609
6192 6774
6192 710
2968 6192
6192 4946
4223 6192
6500 6192
6192 6970
6192 6007
6192 8046
2947 6192
8881 6192
6192 6597
9080 6192
8542 6192
6192 7073
6192 379
6192 8903
2378 6192
6192 5858
6192 7125
7172 6192
4737 7322
6192 37
6192 1822
5966 6192
6211 6192
7443 6192
6192 4450
6192 4046
2081 6192
5519 6192
6192 8652
6192 5905
6192 1242
4115 6192
6192 1012
6192 3874
6192 3815
2331 6192
3853 6192
7698 6192
7161 5818
4720 6192
6192 9291
6192 4514
4385 6172
8345 6192
7506 6192
7956 8572
6192 5759
9598 6192
6192 2872
6192 681
2423 6192
3837 6192
9550 6192
6192 4147
8877 6192
6192 1051
5722 6189
6192 6784
6192 2390
3318 6192
5724 6192
6192 6256
4816 6192
6192 9168
3272 6192
6192 5920
7726 6192
6192 7609
6192 2733
6192 7100
2501 68
9596 4318
3285 6192
8660 6192
3419 6192
6382 6192
4832 6192
6192 2254
1657 6192
6192 7944
553 6192
2388 6192
6067 8960
4598 6192
7711 6192
9745 484
6192 1119
2446 6251
6192 5117
6192 2596
6192 5462
613 6192
6192 7826
6192 108
3584 6192
4549 6192
7539 3672
6192 2021
3900 6192
4178 6192
6192 1976
6192 4753
6192 1173
8487 6192
6192 9475
6192 439
6192 8856
8222 6192
2959 6192
1812 6192
3407 6192
2428 6192
6192 6818
5839 6192
6192 3687
1762 6192
7367 6192
6192 8566
6192 8008
6192 6275
5647 6192
6423 6078
6192 486
3207 6192
709 6192
4272 6192
549 1813
6192 2409
1696 6192
2481 6192
4750 6192
6192 1810
6192 6872
6192 3160
6192 5174
4168 6192
5209 6192
1999 6192
8010 6192
6903 6192
5202 1974
6192 3019
5672 6192
6192 95
6192 6640
1823 6192
5665 6192
833 6192
4486 6192
1297 6192
1582 6192
6192 7602
4855 6192
1649 6192
4327 6192
4006 6192
6192 2881
9180 6192
6192 2413
3095 1093
5346 6192
9899 6192
6192 2714
6192 9512
6192 7725
5295 6192
6192 1795
6192 8795
6192 5085
4446 6192
5093 6192
6192 3540
6192 3354
7882 2519
6192 8509
1376 6192
4543 6192
4062 6192
3451 6192
6192 7733
7006 6192
6788 6192
6192 2948
3611 6192
6192 6132
6192 9672
6192 6027
6192 2545
4935 6192
257 6192
6192 3004
6192 4229
6192 3552
2005 6192
7293 6192
1004 6192
8197 6192
6192 6206
5065 6192
6192 2599
4541 6192
9242 6192
6192 9592
3576 2579
6192 1091
6192 4777
6192 6755
6192 1573
9543 6192
9985 6192
6192 2227
3394 1631
6192 5112
6192 6862
648 6192
7836 6192
7338 6192
1972 6192
4590 6192
6173 6192
6192 688
544 6192
6192 5612
2054 8321
5523 3131
5597 8087
6192 1934
6192 4444
7310 6192
6192 122
6192 1179
5438 6192
2593 2036
1963 6192
6192 3467
7601 6192
9996 6192
4428 6192
6539 6192
6192 72
6192 2424
4504 6192
245 1268
6641 6192
4670 6192
6192 9312
6192 3427
8724 6192
9685 3109
8060 6192
6192 5890
4997 6192
4815 6192
6192 1912
6192 432
3627 6192
6192 2624
1171 6192
6192 2699
6192 5373
6192 4694
6192 3509
6192 6572
6192 3334
3082 6192
3892 6192
6192 1712
6192 4905
7774 6192
3791 6192
6192 6886
5111 2693
6192 3170
1732 6192
6192 1263
3840 6192
6192 3685
6192 7960
4536 6192
6192 603
6192 719
6192 3524
6192 6607
6192 9466
8564 6192
6192 71
6192 7401
6192 9136
6192 7245
7873 6192
6192 9480
6192 313
6554 6192
941 6192
1564 6192
6192 327
6192 1076
6192 7805
6192 9588
6192 1458
6192 2708
9675 6192
8217 6192
6192 8980
3943 4110
7467 6192
7206 6192
6192 3435
1501 6192
6192 34
8662 7099
6192 6322
2662 6192
6192 9004
6192 4962
6192 5274
7330 6192
1932 6192
6192 9747
5994 6192
3494 6192
6192 6138
6192 2486
5860 6192
3373 5939
6192 7795
6192 963
6956 6192
1756 6192
6906 6192
7560 6192
6192 6105
9343 6192
6192 8176
6192 5779
6192 1442
6192 2226
2041 6192
6192 1869
6192 6410
1575 6193
7262 6192
6192 8655
2515 6192
4502 6192
6192 3306
6619 6192
6192 6849
6192 145
1423 9250
5371 6192
6192 2430
6192 878
6539 2898
6192 2153
4300 6192
9260 6192
6192 4992
6192 6830
4445 6192
6192 1593
49 6192
853 6192
9684 6192
6239 228
6192 4585
8269 6192
5831 6192
6192 609
6192 3016
8304 6192
5445 4061
711 6192
6192 664
6192 255
6192 2265
2893 6192
5541 6192
6192 998
5518 6192
6009 6306
6192 7990
6192 3975
6192 7687
9444 6192
6192 170
6192 6867
6192 6422
6192 7456
7803 6192
6192 1032
6192 7858
6192 5864
6192 3383
6192 8124
6192 3442
9989 6192
4936 6192
2064 6192
6192 9146
9750 6192
5091 6192
9474 6192
6192 5383
5151 6192
6192 5260
6192 6366
6192 8597
9212 6192
6192 9494
6192 7352
6192 8713
6192 457
5188 6266
6192 9768
56 6192
6192 3933
6353 6192
6192 3601
6192 1950
5269 6192
6192 4687
4872 6192
712 6192
3639 6192
6192 7624
745 6192
6192 6164
780 6192
8579 6192
2971 2854
6192 6853
5366 6192
6192 1379
6192 9235
4349 6192
6192 9657
6192 3842
6192 91
6192 1191
3291 6192
6192 6385
6907 6192
6192 9780
783 6192
6192 9896
887 6192
6192 967
6192 8073
6192 1237
73 6192
6192 4103
6192 3613
2257 6192
1222 6192
8236 7618
6765 6192
6192 5318
6192 2383
3814 8082
6192 4767
6192 8779
6192 559
5799 6192
1055 6192
1126 6192
408 6192
6192 7263
6546 6192
4513 6192
5592 6192
8757 6192
9338 6192
6461 6192
3929 6192
4701 6192
6192 3445
4592 6192
6225 6192
8627 6192
6192 8363
6192 2019
6533 6192
6192 8131
6192 2072
5322 6192
5232 6192
6192 5104
6192 8975
2748 6192
6192 5552
6192 6108
6192 5427
8643 6192
6192 3644
6192 8844
6192 2603
6192 6375
9315 6192
6192 8889
6192 6025
6192 2281
6192 7157
6192 8286
6192 4251
4151 3267
5954 6192
8578 6192
4889 6192
6192 8677
514 6192
6192 6940
6192 8490
6192 3421
6192 8045
6192 5892
5404 7738
6192 393
1683 6192
4471 9127
2775 6644
6192 6632
2764 6192
6192 1447
6192 4413
642 6192
9814 6192
772 6192
6650 6192
6192 3565
6192 2685
3781 6192
6192 4233
6192 2539
6197 6192
9513 6192
6192 3702
701 6192
6192 6352
4873 6192
1203 6192
5720 6192
3396 6192
6192 1083
6192 2362
6192 9022
6192 9387
3473 6192
6192 8246
6192 2648
6192 8475
2981 6192
5979 9205
6192 185
803 6192
4025 6192
6192 7004
6192 6684
6412 6192
1232 6192
6192 7283
7 6192
6192 1936
6192 9771
728 6192
497 6192
3950 6192
7475 6192
7547 6192
6192 6866
6192 6542
5543 6192
6192 5579
4137 6192
7451 6192
9520 6192
1685 6192
6192 1361
6192 5680
6192 695
6192 9246
6192 4770
6192 8665
9008 6192
6192 8592
3724 6192
192 6192
6192 6402
6192 8994
6949 6192
6192 5551
3920 6192
7104 6192
6192 1889
6192 1662
6192 9532
6192 4614
4431 1523
6192 1592
6192 14
6192 8488
6192 6011
6192 1399
6192 4752
5306 6192
6192 3411
6192 2629
6192 8885
6192 5341
6192 5419
8914 6192
480 6192
6192 2799
2696 6091
3833 6192
6192 9572
4788 6192
6192 2902
1445 6110
6192 5932
6192 11
6192 1566
6192 3690
6192 841
1080 6192
6192 5051
5584 6192
9517 6192
4679 6192
6192 1677
6933 6192
1906 6192
6192 9193
6192 6980
1715 6192
810 6192
6192 8573
6192 1103
6192 1024
4640 6192
6192 6507
6192 9455
6192 2584
3086 6192
9274 6192
6192 7014
6192 9198
2927 6192
2874 6192
6192 3924
5261 6192
6192 4027
4931 1867
3059 6192
6192 1944
8825 6487
6298 9476
278 3193
815 6192
184 6192
8056 6192
7418 6192
6192 2523
6192 3151
3721 9562
7925 1077
7592 6192
6041 6192
6192 2950
6192 5359
3686 6192
8857 6192
6332 6192
633 6192
8679 6192
3767 4438
8099 6192
2047 4772
6192 9178
6192 4810
6192 4548
6192 8204
2512 6192
6192 5781
6192 9106
6192 5402
2024 6192
925 2993
4345 6192
6192 4213
3845 6192
6192 2273
6192 8319
7789 6192
6192 5583
5288 6192
9972 6192
6192 4248
6192 8358
6192 4792
4982 6192
6192 5955
6192 8424
6192 8140
6192 5888
3763 6192
6192 6801
6192 6671
5279 6192
2477 5468
6192 2525
6192 9102
6192 9140
6192 5348
1714 6192
6192 1215
6234 6192
6192 1164
179 6192
6192 8590
6388 7172
6192 8068
160 6192
7161 6192
9832 6192
9827 6192
6192 6951
839 6192
6192 3500
6192 5598
6192 1352
6192 3877
5064 6192
6192 7877
9308 6192
6192 7834
8728 923
7193 6192
3736 621
6192 2723
561 6192
6192 9159
6192 2124
729 6192
6192 3099
5009 6192
6192 5020
5435 6192
6192 33
6192 5632
6192 6190
6192 4415
2544 266
8748 6192
6020 6192
666 355
6192 1488
6192 5128
6192 3495
6192 7930
6192 4783
8730 6192
6192 3384
6192 6709
6192 9518
6192 911
6192 3871
5668 3728
6192 1291
5183 6192
6192 986
9687 6192
5989 6192
8228 6192
6192 2213
4807 8474
1401 5417
2491 6192
6192 4361
2577 5528
1341 6192
6192 6282
8085 7988
6192 6354
935 1632
6192 8624
1727 6192
6192 1570
6192 2681
2932 6192
6192 7277
1626 6192
6192 7546
4542 6192
6192 6470
6192 8129
392 6192
6192 4395
6192 2752
8605 6192
6192 5861
6192 42
2964 6192
2055 6192
6428 6192
1992 6192
8089 6192
6195 2865
6192 4018
1929 6192
7677 6192
922 6192
6192 249
3362 8783
6192 3603
8890 6192
8960 6192
3014 6192
5126 6192
8085 6192
1843 6192
131 6192
6192 9688
6192 4664
6192 282
6192 2713
4950 6192
6192 6678
6192 891
6192 5447
2766 6192
4500 7644
6192 7284
6192 4608
6574 6192
1102 6192
6192 6389
6192 7106
823 6192
2445 6192
6192 7621
6192 7387
2311 6192
6192 3706
6192 5591
6192 8130
3246 6192
5900 6192
6192 2722
9960 6192
8024 6192
6192 9831
7234 9828
6192 317
3857 6192
6192 6482
6192 3577
2437 6192
6192 6666
6192 421
6192 9268
6462 6192
6192 5683
6192 5996
8641 6192
512 6192
6568 6192
4426 6192
2682 6192
3489 6565
3955 6192
6192 3209
4404 6192
6192 560
2192 6192
6192 1842
7618 6192
6192 3714
6192 8144
1429 6192
6192 9626
6192 6119
5656 6192
5933 6192
6192 7319
6192 1071
1348 8323
6192 6022
6192 7248
6192 1185
6192 4672
4973 6192
6192 4545
3315 6192
9272 6192
6192 2751
6192 9778
6192 918
6192 7019
2532 6192
2519 6192
2264 6192
658 6192
6192 8093
2974 6192
6192 2056
485 6286
2259 6192
2025 5693
7066 6192
6929 6425
9819 4301
1862 6192
1589 6192
6192 8438
5491 5693
6192 1462
1004 6479
8983 277
6192 1087
420 6192
6192 5999
6493 6192
6192 6467
2650 2080
5474 6192
6192 4422
6192 9247
6192 1979
6387 6192
6192 2276
1448 6192
1020 123
6192 69
6911 6192
3994 6192
6192 7078
6192 4891
1943 6192
2396 3782
6192 8586
6192 173
6192 3110
6192 9038
6192 2967
6192 6334
1201 9116
6985 6192
8559 6192
6192 1640
6192 3526
7405 6192
6192 3846
6192 1741
6192 593
2221 3408
6192 3293
6192 4474
6192 8821
8219 320
9012 6192
6192 8150
6192 171
6192 6370
6192 2234
5847 6192
2768 6192
5179 2498
6192 4160
477 6192
6192 8998
2507 6192
6122 641
1390 6192
6192 7798
6192 7926
6192 6430
6192 8674
1206 6270
6192 6181
1891 6192
6192 8497
6192 6319
6192 8801
4456 6192
6192 5645
6192 2252
6192 7484
6192 7510
8773 6192
638 6192
6192 2222
4421 7439
6808 6192
6192 9691
9719 6192
8560 6192
6192 250
5092 6960
3995 6192
6192 776
6192 680
6192 6503
1630 6192
9210 1755
212 9073
6192 4663
6192 5961
6192 1362
6192 2830
1951 6192
6192 8510
6192 6879
6192 657
2986 6192
5143 6192
6192 9207
5555 6192
1165 6192
53 6192
6040 6192
743 6192
6192 8841
6192 2551
2134 6192
272 6192
6192 854
3316 2401
3514 5980
8240 6192
6443 6192
4095 6192
6192 5945
6192 5636
6192 3657
6192 9236
1818 6192
1896 6192
9065 6192
6192 3505
7140 6192
6192 6756
1964 7871
6192 2499
6192 994
6192 1620
6192 4611
6371 6192
2805 6192
6192 5357
3612 6192
1750 6192
6192 3206
601 8973
196 6192
6192 5527
6186 6192
6192 7469
5563 6192
715 6192
6192 5648
6192 4359
6192 6747
1463 6192
5003 6192
6192 8486
9601 3584
7912 6192
8426 6192
2223 6192
6192 3137
7786 6192
7442 6192
6192 1123
1106 7905
6151 6972
6192 1235
6207 3320
9164 6192
4412 2353
265 6192
6192 7651
4364 4486
6192 5780
9854 6192
9611 6192
6192 7270
6192 4621
7954 6192
6192 8094
6192 8328
930 3473
618 6192
5274 5442
6192 738
6192 7290
138 6192
7154 8515
6192 3748
6192 6631
6192 6390
9720 6192
6192 1995
1454 6192
6192 5397
6192 6069
6192 6771
6192 1989
6192 5674
8616 8741
7238 1847
6192 4952
1763 2857
6192 2347
5569 6192
188 6192
1476 6192
6192 4844
6192 7538
1276 3609
7419 6192
5150 6192
6192 721
6192 7561
6192 297
7800 511
1671 498
9340 6192
6192 7756
2322 6192
6659 6192
6192 9845
9838 5417
6192 7799
1291 6444
7671 560
4490 6192
6192 156
6192 2612
6192 9741
5637 6192
6192 9034
6192 3453
6100 6192
2906 6192
6192 4458
6192 3085
3762 6192
5669 6192
9953 6192
2121 6192
9746 6192
8361 6192
6192 9385
6192 5604
6192 3405
644 6192
6177 6192
2376 7408
6192 3121
6192 7775
4439 6192
3066 1783
6192 7855
6192 2274
5960 6192
9651 6192
6192 4191
5212 6192
7063 6192
6192 9263
2078 6192
9125 6192
6664 6192
6192 8352
6192 808
6192 9810
5347 6192
6192 9322
6192 955
5195 6192
2271 6192
2557 6192
6192 5902
6192 5220
1479 6192
1107 4698
679 6192
9187 6192
6192 492
6192 3645
6192 1347
2015 6192
5623 6192
6192 8948
4676 6192
6192 8598
6192 5090
6798 6192
6192 6601
3475 6192
9752 6192
6192 9150
6192 285
6192 3027
6192 8855
6192 9265
6192 5691
3390 6192
6192 7848
6520 5509
6192 6294
1682 6192
6192 3689
697 6192
7205 6192
4667 6192
2436 6192
6192 423
6730 6192
8507 6192
1177 6192
1887 6192
7304 6192
6192 6066
7360 6192
6846 6192
6192 6965
6192 8979
3977 6192
6192 4745
9182 6192
6192 3005
2942 6192
6192 1760
3297 6192
6192 7507
6192 7083
6192 7242
6192 2565
3309 6192
8710 6192
1336 6192
797 6477
1811 6192
3964 6192
182 6192
8364 6192
8113 6192
9701 6192
6192 1465
8706 6192
7729 6192
4656 6192
6192 4136
4239 8455
6192 3055
5425 6192
6192 1877
8003 6192
6192 8021
6192 7690
7943 6192
6192 7217
5460 6192
9064 6192
1556 6192
2701 6192
837 6192
2002 6192
3513 5298
6192 5118
1090 6962
5080 6192
3866 6192
7247 6192
5476 3269
6192 8503
6192 1303
6272 6192
7480 6192
8554 6192
6192 6146
6192 4424
1435 6192
6192 5915
6192 6776
6192 2262
2562 6920
6192 9244
6192 4897
5513 6192
2275 6192
6192 1901
6192 2676
9906 6192
6192 6689
6093 6192
92 4414
1588 4111
6192 9304
6192 6754
6192 5016
5338 6192
6192 8028
6192 3960
8254 6192
9823 6192
6614 6192
6192 6221
6192 2589
961 6192
6192 6356
6192 7197
6192 6016
6192 6133
1017 515
8132 5544
6192 741
4632 6192
6227 6192
814 6192
6192 8964
5546 6192
5074 6192
6192 3697
9156 6192
6192 5630
9567 6192
9349 6192
6192 8873
4190 6192
6192 9310
5222 6192
6330 6192
6192 1040
6192 6236
6192 4230
6192 9052
6192 9056
5764 6192
4550 6192
6192 6549
6192 4408
6192 584
6192 9957
5996 6824
7096 6192
6192 279
8931 6192
6616 971
8581 8288
6192 5010
9969 6192
4710 6192
1507 6192
9213 6192
3175 6441
9222 6192
758 6192
2335 6827
3698 6192
2997 8512
5365 6192
7766 7579
857 6192
6192 2706
7639 6192
1781 6192
2526 6192
6192 8147
1783 8058
1568 6192
7622 6192
1856 6192
6192 3339
6192 4784
1065 6192
6010 6192
7039 6192
4199 1158
9540 7274
9346 6192
6021 6192
6192 4975
6192 775
6192 8220
7846 6192
2842 6192
1264 6192
5216 3824
6192 2732
437 6192
6192 6239
8836 6904
3511 6192
2538 6192
3712 6192
8430 6192
6192 3710
6595 6192
6192 9
7555 6192
6192 7896
6192 8392
7606 6192
4964 2694
6192 7173
7400 6192
6192 2010
3617 6192
7816 2576
8607 6192
7936 6192
696 6192
6192 5735
6192 2782
7493 7092
2458 7845
6630 868
7005 6192
928 6192
3220 6192
32 6192
6192 5695
7997 6192
3944 6192
6192 9211
6192 3821
6433 6192
9072 8336
6794 6192
6192 8371
3527 6192
6192 76
8125 6192
6192 5330
9142 6192
6192 1441
6789 5350
6192 8310
3979 6192
6192 1561
6192 7088
4820 6192
6192 8136
8412 1471
6509 6192
3301 6192
7751 6192
6192 8515
5644 6192
6192 5908
6192 6284
6192 8502
6192 607
6192 9436
6192 7150
1127 4479
6192 3894
6192 5881
6899 6192
6192 9919
6192 4593
4927 6192
8833 3719
6192 9279
6712 6192
6192 574
6192 7777
3983 6192
4726 6192
5782 6192
2800 6192
7934 6192
2868 6192
7571 6192
5037 6192
6192 7236
9966 6192
6192 3057
6463 6192
8417 6192
8334 6192
6192 9416
3138 6192
5588 6192
5640 6192
4703 6192
6192 2905
2928 6192
6192 7906
6192 3731
6192 4258
7502 6192
3528 6192
6192 1328
6192 6639
619 6192
649 6192
9872 6192
6192 2114
6192 6233
2576 105
6192 7370
6192 2880
2043 6192
7529 6192
85 6192
5922 6192
6192 1745
9442 6192
1530 6192
3700 6192
35 6192
5308 9877
2789 1052
6192 2209
4304 6192
6192 7977
104 6192
6581 6192
6192 9787
4984 6192
26 6192
6192 9863
6192 9372
1058 6192
6192 2558
6192 3732
3432 6192
9339 6192
6192 8038
6192 3670
5423 6192
4489 6192
6192 7679
6192 4566
6192 9524
8468 6192
4888 6192
6192 542
6192 4957
212 6192
8393 6192
6192 8666
6192 3050
5018 6192
3189 6192
7430 6192
1356 6192
6192 8277
6192 4963
6192 6136
8656 6192
7869 6192
1548 6192
7001 6192
6192 6909
6192 6489
4882 6192
6192 442
4761 6192
6192 5125
1481 7208
8746 6192
6192 8
6192 1758
1910 8676
9848 6192
5205 6192
469 6192
4141 6192
6192 3632
404 6192
5160 6192
799 3488
5770 6192
6192 770
868 6192
8786 6192
6192 4630
6192 8313
6524 6192
6192 5246
6192 5374
6192 7029
6192 311
7700 6192
6192 4715
2018 6192
51 6192
6192 389
3476 6192
6192 8622
4437 6192
6192 5449
6192 9053
6192 294
5766 6192
7589 2233
8165 6192
7343 6192
1299 6192
4677 6192
5528 6192
6192 8777
6192 3770
6192 8743
6192 9528
348 6192
6192 846
6192 8086
6192 5430
7386 6192
2462 9732
4276 9405
6192 6860
216 2656
1789 6192
2970 6192
6192 1082
6192 7996
8005 6192
7374 6192
2457 7650
4104 6192
6192 9890
6192 2107
5064 8407
6192 2009
713 6192
9837 201
6192 6102
9370 6192
6192 1193
6192 6587
6192 3855
6192 8229
6192 5927
6192 5188
6192 9138
5031 2117
9807 6192
6192 7793
740 6192
6556 6192
6796 6192
6557 6192
6192 2934
2089 6192
6379 6192
7200 6192
6192 3993
6416 6192
6192 4192
5159 6192
6192 9092
9811 6192
6192 7188
6192 1928
6192 6426
6192 9037
6695 6192
6192 2473
6192 7344
6192 7746
579 189
6192 9936
8404 6192
6964 6192
6192 2568
1544 6192
6192 8251
4346 9509
3810 6980
6192 8876
7643 6192
6192 1508
6192 4227
6192 7075
6192 937
3520 6192
6192 8858
3684 6192
8105 6192
7640 6192
6192 2115
6192 5389
1971 6192
4696 6192
143 6192
4342 6192
6192 831
7464 6192
6192 703
6192 5913
1788 6192
6192 5203
8514 6192
4669 6192
8645 6192
6192 3385
5491 6192
2655 7550
6192 3951
4317 9459
6192 8235
6192 7412
6192 7228
5742 6192
7221 6192
1900 6192
9032 6670
6192 3996
1988 6192
3225 6192
6192 8260
6192 7214
6192 3905
6192 5062
1730 6192
9634 6192
2417 8418
6192 3240
7362 5491
8783 6192
6192 2063
4904 6192
6192 3001
6192 6367
6192 9151
828 6192
3696 6192
6192 6358
6192 8441
3782 6192
4079 6192
6321 6192
6192 693
6192 2794
6192 5956
832 9471
8100 6192
3569 6192
6192 7648
7578 6192
6192 2785
6627 6192
6192 8826
6192 7047
6397 6192
844 6192
6192 2034
4970 6192
6192 264
4894 6192
5676 669
7479 6192
4704 6192
2952 6192
5048 6192
25 6192
6192 8026
6192 5811
7658 8572
8972 6192
6192 8907
3558 6192
6192 1845
9570 6192
6192 9533
8563 6192
761 6192
2337 6192
6192 3802
6192 1925
9530 6192
9082 6507
6743 3237
6192 1088
9755 6192
4072 9301
6192 3729
6192 2758
4101 6192
3458 6192
5757 6192
6192 8894
6192 3128
291 6192
6192 4871
6192 8892
6192 7328
8166 6192
2871 6192
6192 7280
7008 4282
7505 6192
6192 9864
4538 6192
2369 6192
6192 6856
7781 6192
5650 7747
6192 2704
213 270
6192 634
6192 7395
7113 6192
2062 6192
6192 7831
7762 6192
2143 6192
6192 8553
6192 5317
6192 596
2634 6192
6656 590
6192 4042
6192 5082
3660 6192
6192 7410
6192 124
6192 9341
9201 6192
4393 6192
6192 5002
9389 6192
6192 7415
113 5012
6192 1449
2049 6192
6192 2786
6192 6617
1296 6192
7267 6192
1506 6192
6192 3681
8044 6192
2400 6192
4515 6192
6192 3234
6192 2304
6192 8543
4366 6192
4682 6192
4971 6192
4237 6192
8537 6494
2046 6192
6192 4399
6192 1553
6192 1893
6192 1853
435 6192
2158 6192
6192 8019
1953 6192
4430 1634
4256 6192
6192 8145
9097 6192
8104 9354
6192 4324
6192 4197
6192 4852
4503 6192
6192 866
4494 6192
807 6192
6192 3260
9403 6192
6192 3217
734 2776
4510 5994
9615 6192
8699 6192
6192 8802
6192 9281
8646 6192
9090 6192
2580 6192
9450 6192
6491 6192
6645 6192
6192 4271
6192 1070
4606 6192
4666 6192
6192 2452
6192 6117
6192 6963
8086 2652
6192 727
2053 6192
6192 8355
1398 6192
6192 6865
6192 3359
9044 6192
625 6192
1882 6192
1983 6192
6192 5769
6192 6287
1430 3721
6192 8603
6192 2770
5834 6192
4076 6192
3412 6192
9176 6192
6192 4429
6692 6192
6192 824
4220 6192
3683 4739
6192 2431
5497 1173
6192 8148
1037 6192
4601 9597
6192 9233
6192 9456
6192 6923
6192 6483
6192 3034
5238 5284
6192 7432
6192 6961
6567 6192
6192 6718
522 6192
3049 6192
9438 9347
1796 6192
9199 6192
6192 3274
6192 822
7937 6192
6192 5838
8866 6192
6192 6783
6192 5079
6192 9964
3839 6192
8172 6192
5865 6192
2806 6192
4896 8175
6192 6629
6192 4683
6192 5844
7222 6192
1223 6192
6192 724
2695 9488
1505 6192
6192 6116
1831 2621
2750 6192
2656 6192
6192 2288
5299 6192
4659 6192
6192 462
6192 7017
8696 6192
8437 6192
6192 4308
6192 8904
1942 6192
9042 6192
6192 8991
576 6192
3216 1968
6192 2224
6192 6205
1917 6192
6192 2566
6192 2979
6192 8995
8382 4898
6192 1415
6192 467
6192 3585
1126 8910
6228 6192
6192 1528
6192 3875
288 3572
7026 6192
6192 2438
6192 9206
6192 342
241 6192
6192 6672
6192 3907
8595 6192
2895 6192
6192 428
8820 6192
5 6192
931 6192
7436 6192
6192 4336
5903 6192
6192 7531
3423 6192
6192 8247
2973 6192
6192 5617
8768 6192
8231 6192
6192 8953
8117 6192
6192 1335
4584 6192
9048 6192
6192 5499
6192 4964
6192 1317
6192 3224
6192 6759
6372 6192
8432 6393
8741 6192
9875 2080
6192 1067
2784 6192
4094 6192
6192 8525
6192 3925
4613 6192
6192 4643
4948 6192
1472 6192
7383 6192
7137 3319
501 6192
5686 6192
6192 7892
7637 6192
6192 377
6192 9269
8671 6192
6192 687
1287 6192
6192 3958
8104 6192
9867 6192
6192 3393
750 4435
300 6192
413 6192
9707 6192
6192 219
6192 5422
6192 6938
6192 2495
5414 6192
6192 1085
1439 6192
9591 6192
6192 7673
6192 64
6445 6192
6192 9878
1330 6192
2345 6192
6192 9383
6192 3970
6192 3796
5044 6192
5856 1283
6192 4951
6192 7558
631 6192
541 6192
6192 698
6192 3052
7902 6192
6083 6192
6192 4856
8612 6192
6192 9186
6192 7584
2831 6192
6192 5224
8788 6192
7967 6192
6192 3546
1354 6192
5364 3154
5605 1877
3755 6192
6192 1378
8453 6192
488 6192
3680 3802
6192 4547
6192 7092
6192 4689
6192 2975
5508 992
6192 908
6192 2004
6192 8712
8294 6192
6192 487
6192 5114
6192 8576
3704 8082
6192 248
1701 6192
6192 1209
2280 6192
6192 7308
6039 6192
6192 8751
6192 4057
7843 6192
4188 6192
6192 8014
6192 2216
6192 8102
3083 9548
6014 6192
6192 3692
6192 1469
3490 6192
1046 6192
3654 6192
6053 6192
1831 8071
6192 7572
6192 5495
6192 2552
1161 9846
1302 4504
7139 6192
4097 6192
6192 5841
1940 5506
6192 4804
2133 6192
1205 6192
2641 6192
6192 3256
6192 6847
6192 6265
1253 6192
6826 7849
6192 2443
6192 4065
6192 7720
4992 7614
6192 7407
7585 6192
3175 6192
7850 6192
110 6192
9917 5276
9710 6192
7734 6192
6192 7613
6192 1993
6192 2611
4986 6192
6192 3125
9800 6192
6192 4019
9451 6192
8376 6192
7316 6192
2838 6192
4668 6192
6192 460
5534 6192
6192 4453
6192 723
1610 6192
1221 6192
6192 4657
6192 2297
1958 1392
4048 6192
7119 6192
777 6192
6192 8362
6192 3133
6192 8862
6192 8588
6192 2861
6559 6192
6192 656
6192 288
8456 6192
6192 1613
1549 6192
7832 6192
3990 54
6192 9175
6192 2384
9658 4644
6192 1765
6777 6192
4313 6192
6192 2350
5803 6192
6192 3424
6192 2332
6192 7554
6192 8623
6192 4398
5456 6192
2973 8344
6192 8738
6192 947
203 6192
6192 2791
9218 6192
982 6192
2867 6192
6192 6720
2490 6192
2867 7009
5810 6192
4052 6192
6192 9676
5723 1736
2206 4329
969 6192
6192 2315
7908 6192
4268 6192
349 6192
6192 9579
6192 1816
3642 4642
1422 6192
9883 6192
6192 1637
6192 4425
3331 6192
6192 8727
6192 3094
1927 6192
9352 6192
6192 4939
6192 483
6192 640
6192 9356
3556 6192
7306 8793
1266 7249
6192 5825
7874 6192
6192 5726
6192 2944
829 6192
9822 6192
9522 8936
7036 6192
6734 6192
9600 6192
5282 1820
6192 3573
6192 3377
6192 3926
789 6575
6192 4675
6192 9984
1859 6192
1092 6192
6192 3677
6192 361
9649 6192
2380 8635
6192 3364
5590 6192
2940 6192
3884 6192
7003 6192
6736 6192
6719 328
5548 6192
6192 2420
6192 669
8237 6192
1606 6192
6192 3515
6192 1
5342 590
6192 6065
6192 6706
2212 115
6192 9932
6192 502
8173 6192
4142 6215
9305 6192
2999 1837
6192 5327
6192 6106
6192 4732
6192 5531
4007 6192
6192 271
6192 197
6192 1086
38 6192
6313 6192
7320 6192
7773 6192
2047 6192
6192 8395
6192 8111
2637 6192
4208 6192
6192 3888
3243 6192
6192 2232
6192 5571
6192 8221
6192 463
6192 2709
308 6192
6192 3378
1780 6192
2403 2037
6192 7067
5930 7465
2172 6192
3787 1166
3922 6192
6192 1214
1229 9167
538 6192
9829 6192
6192 8803
6192 2692
6534 6192
954 6192
6192 1307
7998 6192
6192 9803
6192 4639
6192 2985
6192 456
1772 6192
6192 8059
6192 1451
6192 8812
6192 4838
7586 6192
8583 6192
9905 6192
7581 6192
3856 6192
6192 3417
6192 1663
6192 2108
6192 6082
6192 2640
6192 1174
5777 6192
6192 1949
2824 6192
2522 789
6192 1830
6192 2277
6192 9843
6192 7105
8188 6192
3849 6192
4708 6192
6192 3142
6192 9559
103 6192
6192 5001
1958 6192
8754 6192
6728 6192
2374 6192
6192 5539
6192 3741
6192 9612
6192 692
6192 3006
9882 6192
6945 6192
6192 9667
7753 6192
6192 270
6299 6192
6192 2129
7652 3864
6192 5869
2886 6192
6192 8640
8168 9316
6192 9424
6192 172
6192 6577
6840 6192
6192 9332
6192 8989
3803 6192
6192 3678
133 6192
6192 1389
6192 4441
6192 9726
6192 7541
6192 8041
991 6192
6192 531
6192 8476
6192 102
6192 2377
7520 6192
6192 4616
6192 3372
1517 6192
6192 7477
6192 5978
6192 4126
6192 2472
2180 6192
1219 6192
6245 119
6192 7327
6192 4808
1464 6192
6192 2993
840 6192
1160 6192
1170 6192
6192 402
1779 6192
2789 2576
2094 6192
9811 3120
6192 5580
6192 283
4209 6192
2997 6192
917 6192
3999 6192
2439 6192
424 6192
6584 6192
6192 5532
6028 6192
6657 3346
6150 6192
3296 6192
6192 4809
6192 7059
6192 207
5120 6192
6192 2837
6192 5097
6192 1494
6192 4216
2822 6192
6192 5675
6192 6994
6192 530
5483 6192
6192 9377
6515 6192
1824 6192
6741 8527
3462 6192
4573 6192
3111 6192
3906 6192
6192 8638
5554 6192
7919 6192
1394 6192
6192 812
2256 6192
6192 5613
111 3972
6192 4436
1370 9092
527 6192
6192 3590
6192 1457
6192 9229
6192 4029
6192 9327
699 4523
6192 1955
6192 9959
6192 429
7219 6192
15 6192
6192 1511
6192 2170
1056 6192
6192 4941
6192 5410
6192 4868
6192 8263
6037 6192
6192 2608
6192 8723
6192 6110
996 6192
6192 240
5666 6192
5773 6192
6192 9023
6192 375
7020 6192
6192 3387
7674 6192
6192 6200
5516 6192
2976 6192
6192 430
8444 7814
6192 46
6663 8079
9956 6192
6192 7627
6192 8385
6192 1098
6192 5857
3679 6192
7523 6192
7821 6192
5886 6192
6192 2858
8135 6192
6192 6369
6192 7830
3962 6192
6192 8326
6192 4430
1521 6192
886 6192
6192 5597
7235 6192
3068 6192
7195 6192
6192 7757
6192 8752
6192 5476
6192 5073
7482 6192
9798 6192
731 6192
6192 4457
6192 7211
6192 7196
6192 3859
7888 9011
2740 6192
4368 7074
6192 6396
6192 343
9937 6192
6192 9574
1406 6192
6192 6505
8739 6192
6192 4222
6192 9815
8090 6192
3464 6192
6192 3492
6642 6192
1270 6192
6192 8865
6192 7238
6192 3415
6192 3822
3589 6192
6192 4383
6192 4790
8486 5577
1157 6192
5379 6192
2784 7340
1434 6192
6192 6237
6192 9561
6192 676
9696 1089
1740 383
2492 6192
6192 7610
1074 6192
209 6192
6653 7105
6543 6192
3721 6192
6192 3790
6031 6192
6192 5853
9041 6192
6674 6192
3811 8317
5477 6192
8064 6192
5170 6192
6192 1778
2684 6192
6192 4232
9559 4086
6192 7324
4578 6192
3484 5339
6192 6896
6192 5980
802 9682
6192 6553
5928 6192
6192 8250
6192 2585
6192 201
6192 4999
8301 6192
6192 1619
3373 8287
5985 6192
8651 6192
6192 4834
6192 6635
6192 9703
7856 6192
6192 4764
6724 6192
6192 1706
5641 6192
6192 2113
3564 6192
1863 6192
4786 6192
6192 1184
136 6192
4330 6192
6192 8053
8891 6192
2679 4313
21 6192
6192 3844
6192 3616
6192 6099
2628 6192
2326 6192
6192 6924
6192 2184
6192 779
6192 8331
7461 2643
6192 1970
6192 6341
6192 4372
6192 879
9350 6192
315 6192
1106 6192
6192 109
5511 6192
2110 6308
7911 6192
1019 6317
6192 6582
6511 6192
6192 7281
6192 7040
6192 4579
3333 6192
6192 4026
4940 6192
6192 9947
6192 7503
6192 3482
1367 6192
6192 6912
6192 671
7274 305
314 2645
5498 6192
9723 6192
8386 6192
6192 2787
6192 1385
6000 6192
2923 6192
3513 6192
6192 5812
6192 1540
6192 5372
6192 636
4857 6192
7177 6192
5776 6192
6192 5815
6192 1720
6192 7784
2697 6063
6192 4471
6192 9103
8955 6192
6192 1491
5041 6192
6192 8109
6192 9266
1048 6192
4120 5038
6192 1096
6192 9940
9793 6192
6192 5031
6192 5814
4022 6192
2442 6192
3861 6192
8239 6192
7457 6192
8591 6192
6192 9621
6192 1342
6192 5340
6192 9422
6192 6290
6192 9604
4979 6192
6192 8181
6283 6192
1502 693
2119 6192
6192 3952
2146 6192
6192 763
6192 8158
8264 6192
4909 6192
3237 6192
6192 77
4757 6192
6192 8611
6192 8999
6192 3487
1158 6192
1254 6192
5882 6192
5215 6192
9693 6192
6192 2825
4552 6746
9194 6192
6192 1960
4298 6192
9781 6192
6192 2703
4182 6192
6192 3586
6192 7347
6192 3251
6192 3338
9757 6192
6192 865
6192 744
6192 5593
6192 3130
4923 6192
9737 6192
6192 4570
2475 6192
3965 6192
6192 6091
997 6192
6192 8959
8011 6192
2014 6192
826 6192
3525 6192
6192 2734
5100 6192
6192 2
6192 6545
6192 3650
2077 6192
6192 6719
3446 6192
6192 3508
3277 6192
6192 3496
8697 6192
6192 1829
9759 6192
3221 6192
6192 4899
6192 1639
9679 6192
6192 5820
6192 3041
6192 5325
6192 1069
6192 5794
6192 2852
6192 1806
1061 6192
6192 8685
791 6192
6914 6192
451 6192
8383 6192
6192 3699
6192 3375
2338 6192
7478 6192
6785 3299
9391 6192
8492 6192
3738 6192
6192 5654
2912 6192
2440 6192
415 6192
6192 4629
6192 6457
8459 6192
7438 549
9950 6192
6192 5013
5169 6192
6192 5732
6192 5547
168 6192
6192 1110
43 6192
683 6192
6192 6842
4154 6192
6192 5778
6192 6167
6192 4681
2228 6192
7350 9490
6192 3529
6883 6192
6310 6192
7626 6192
6192 4043
6192 8557
6192 5418
6192 2644
536 6192
9245 6192
5282 9565
2914 6192
2365 1271
6192 9659
6192 1122
6438 6192
6192 7077
6192 2065
1672 6192
6921 6192
4842 6192
6192 3626
4087 6192
8905 1579
6192 8943
6192 1107
6192 9192
6192 357
6192 9256
7144 8445
5784 6192
4830 6192
6192 9162
3134 6192
3422 6192
3757 6192
6192 3720
1509 6192
60 6192
6192 1684
6192 6169
3536 6192
2447 6192
6192 9979
6192 4775
6968 6192
2844 6192
3918 6192
6192 1104
7282 6192
6192 7620
7199 6192
4762 6192
7269 526
9433 6192
6192 8831
6843 6192
5164 6516
6192 5130
6192 8443
313 3961
6192 1624
8536 6192
6192 8293
6931 7925
746 6192
5250 6192
6192 7474
4011 4969
949 6192
6192 8797
6192 3031
1135 6192
5716 6192
9381 6192
6192 4522
2761 6192
6192 2960
6192 262
6192 7137
3959 6192
6192 6263
6192 3818
6192 4146
3978 6192
8000 6192
5270 4209
5507 6192
6192 211
5746 6192
9025 6192
6192 8431
6192 3456
4448 5344
6192 8425
8501 6192
6192 7218
1477 6192
8911 6192
3132 6192
6192 8522
1722 6192
1495 2308
6192 1413
6192 8744
5376 6192
6192 8439
6192 589
5405 6192
7792 6192
6192 9564
6192 2688
6192 247
6109 6192
6305 5859
6192 9414
5311 1981
107 6192
4956 6192
6192 6466
6192 5687
6192 6030
2965 6192
2953 6192
6192 9503
6192 7508
6192 3294
6192 7115
6192 2760
6192 7617
6059 6192
6192 1994
6165 6192
8690 6192
8776 6192
6192 7288
6192 7373
6192 5907
6192 2433
733 3741
6192 5822
6192 4572
6192 4638
1206 6192
6192 79
6192 707
6192 2429
7034 9046
144 6192
6192 1166
6192 2425
5375 6192
6192 7829
6192 9868
657 875
1866 6192
6192 2820
5319 4336
9284 6192
6048 6192
3262 6192
8506 6192
2058 6192
6192 5192
6192 8664
4416 6192
6192 8384
6192 7607
6192 2638
951 6192
1204 6192
8151 6192
6192 6156
6192 3015
6192 8686
6767 6192
6192 7597
6192 2414
6192 9013
7183 6192
6192 3349
112 6192
9751 6192
6080 6192
2505 6192
6192 8996
6278 6192
6192 9238
6192 9296
2885 6192
6192 2559
1277 6192
6262 626
6561 6192
4075 6192
7487 7635
6192 2465
6192 448
4462 6192
5155 6192
6192 231
8480 6192
7122 6192
2774 9513
6192 8316
9366 1404
6192 2658
9060 1420
6192 7636
5421 6192
3470 6192
6192 2946
8938 3473
490 4589
4463 6192
6192 7427
6192 137
6192 4254
6192 8290
3392 6192
6192 7750
6192 5995
4980 6192
6192 6329
6192 1144
4653 6192
6192 18
268 6687
6192 3895
3029 6192
5791 6192
6212 6192
7849 6192
1783 6192
353 6192
6192 7425
6192 9121
4328 6192
6192 3744
1673 6192
6192 9249
6192 6504
6192 3352
83 6192
6192 794
6192 3902
3992 6192
6855 6192
7736 6192
3631 2619
6510 6192
767 6192
6192 6122
6192 5268
5478 6192
9961 6192
8460 6212
8529 1336
4021 6192
6192 7355
6192 7501
2178 6192
6192 6089
6192 5508
6192 9911
6192 8175
6192 324
6192 1097
6192 5745
6192 9388
3235 6192
6192 2321
9599 6192
8121 6192
9842 9258
558 6192
6192 461
6101 6192
6192 1645
6192 2745
6006 6192
6192 3401
2316 6192
7660 6192
6192 1211
6192 4730
6123 6192
2000 6192
6192 1729
7663 6192
6192 6171
6312 6192
9292 6192
6192 5828
8737 6192
6525 6192
9227 6192
6192 5182
9489 6192
6192 787
7057 6192
6192 7903
977 6192
1718 6192
5193 3124
6192 8594
8800 6192
6192 8838
6192 3709
7989 6192
6192 9128
6192 1669
6192 275
9992 6192
3168 4793
5670 428
6192 4805
571 6192
5608 6192
5688 1512
6192 9428
6192 9336
6192 1627
543 6192
6192 3954
6192 6199
6192 3203
6300 3047
9986 6192
7603 6192
6192 6439
6803 6192
2827 6192
6192 1681
6192 3768
2181 6192
6192 5533
6192 6995
6192 7710
8481 6192
6192 2044
9253 6192
7190 6192
2721 6192
6192 1577
4883 6192
372 6192
6192 6762
6192 3673
314 6192
4138 6192
9705 9060
6192 3560
5586 6192
6192 193
2167 6192
6192 9217
6192 5353
6192 2185
6192 1697
6196 6192
7324 1044
1680 6192
4309 6192
5252 5921
8704 6192
6192 4898
8207 6192
9392 6192
1876 6192
9109 6192
1536 762
226 6192
1344 6192
3367 6192
8861 6192
6192 2381
1758 8830
6436 6192
6192 4961
6192 3835
6192 9335
8422 3178
503 6192
1172 6192
8436 6192
6192 4265
6192 7760
3030 6192
2424 5141
7530 6192
3321 6192
6894 6192
6834 6192
6365 6192
5940 6192
5015 6192
6192 4866
6139 1904
6192 6219
6192 3532
6192 1496
6192 194
1082 7336
3737 6192
6192 874
5225 6192
6192 1807
5022 6192
6192 8867
4826 9692
6192 5033
6192 983
9643 6192
6148 7454
8192 6192
2943 6192
6140 6192
3342 6192
1687 6192
6192 7661
1721 6960
7515 9291
9242 9681
4482 6192
6192 6032
9190 6192
335 6192
6192 4847
6192 3276
6192 6446
6192 9907
6113 6192
9862 6192
6192 3561
6192 3158
6192 2771
6015 6192
3353 6192
6192 6981
2339 6192
6740 6192
2508 6192
6311 6192
6192 6691
4624 6192
6192 545
6192 1579
6192 3063
6192 4173
6192 8152
2904 6192
5633 6192
6192 495
5027 8391
6192 6660
6192 6947
6192 8127
3764 6192
2733 6882
5618 6192
1794 6192
8535 6192
9791 6192
1391 6192
6192 4016
6192 3480
3253 6192
6192 330
3991 6192
2399 6192
2166 6192
2453 6192
6527 6192
9865 6192
8156 2696
6192 4246
8379 6314
3519 8180
8160 6192
590 6192
1026 6192
6192 4350
6192 7424
6192 7634
6192 7143
4188 896
7358 6192
9664 6192
1492 6192
4914 6192
5975 6192
8965 6192
6192 5949
3848 6192
6192 6347
670 6192
6192 8266
6192 4702
3582 6192
6192 5098
6192 6537
5257 6192
6192 284
3205 6192
7731 6349
9835 6192
6192 1826
1809 6192
6192 9866
4859 9289
6852 6192
6192 921
6192 4217
6192 5714
8270 6192
6488 6192
6192 2487
6192 5992
7446 6192
8811 8866
6192 3347
1298 6192
6192 3869
6192 7295
5505 6192
5855 6192
3761 6192
3549 6192
9967 6192
6192 5415
6192 3069
4858 6192
6192 1202
7535 6192
6192 6454
6192 8084
6192 795
1116 6192
6345 6192
6192 9371
2819 6192
6192 7028
6192 2066
6192 7371
3881 6192
6192 3469
6192 6485
4153 6192
2206 6192
6192 9306
4449 6192
6192 4284
5979 6192
6192 599
6192 8593
6192 1316
1446 6192
6192 9923
6192 5213
2790 6192
6192 2707
8875 6381
6192 3969
6192 5221
6192 1150
6192 8672
6192 6636
9240 6192
6192 9131
116 9201
1628 6192
9169 6192
6192 3801
1295 6192
6192 7589
6192 8956
6192 281
6192 7268
4207 8534
9633 6192
6192 4684
6192 5106
6192 9173
4828 6192
6192 2931
6192 2811
6192 8527
4389 6192
7010 6192
6192 2961
2003 6192
9153 6192
2501 6192
6192 3305
2749 6192
4373 6192
6192 2444
6192 9015
6192 8400
8947 6192
6192 8007
6192 3165
6192 2190
6192 2536
3348 6192
600 6192
6192 5790
6192 6455
6192 4263
9576 6192
6208 6192
7233 6192
6192 4563
8544 6192
1332 3885
6192 9784
6192 2547
876 6192
563 7149
6192 7837
2215 6192
3380 6192
6192 3157
5707 6192
5116 4943
1498 6192
6192 4005
2643 6192
6192 7965
6192 639
6192 9448
3135 6192
8884 6192
8673 6192
6192 830
6192 1905
6192 3715
6192 7339
7494 6192
187 6192
6192 1563
3118 7532
5297 6192
1247 6192
1825 6192
2646 6192
5454 6192
9026 8979
6192 1380
6192 5200
6192 7076
4587 6192
6192 8824
6192 9790
2341 4691
7556 6192
6192 6147
6192 1805
4732 6421
5072 6192
1629 6192
6192 4004
6192 8816
9498 6192
5217 6192
8569 6192
6192 4902
6192 4518
750 6192
151 21
5152 6192
6192 3280
5643 1778
3860 6192
41 6192
3035 6192
360 6192
6192 2419
7159 6192
6192 1647
6192 7612
1700 6192
2052 6192
6192 6885
5935 6192
5413 6192
6192 2717
5988 6192
8753 6192
9868 3144
4362 7448
6192 3841
5392 4730
1872 6192
6192 8853
6192 6991
202 6192
6192 8462
8126 6192
7372 6192
6192 9775
2505 1689
6192 2604
2995 5420
5109 6262
3588 3323
3430 6192
6192 3327
6192 5231
6192 6072
6192 1265
6192 6302
3201 6192
5586 1008
2776 6192
28 6192
6192 7194
6192 290
555 6192
6829 6192
6192 7539
6192 5241
3583 6192
8619 6192
8049 6192
6192 1565
3314 6192
6192 3659
8142 6192
4174 6192
6192 718
3146 6192
6192 9980
6192 9560
1400 6192
6192 7796
6192 6694
8379 6192
6130 6192
6192 7264
158 6192
6192 1618
6192 364
1033 6192
6908 7417
1401 6192
6192 7414
6192 4933
7604 6192
8739 1346
6192 5807
6192 9846
2857 6192
9697 6192
6192 1996
6192 6386
6192 6427
6192 4039
1926 6192
8929 6192
8241 6192
6192 7423
7927 5783
6192 9119
1897 2670
6652 6192
6192 8357
6192 6423
2359 3140
6192 6077
1827 6192
5622 6192
7094 6192
5804 6192
7918 6192
747 6192
6661 6192
6192 9924
3413 6192
6192 8248
6192 8547
2488 7563
929 6192
6192 3745
6192 1244
6192 6541
7351 6192
6192 8764
6192 7806
6192 5652
6192 7307
6192 7384
6192 4423
6192 7823
5692 6192
6192 4906
6192 583
6192 2210
6192 7963
7794 6192
6192 3785
6192 7916
6192 1998
6192 570
9148 6192
8206 6192
6192 1006
395 6192
6192 9569
6192 5837
6192 2103
6192 5708
5530 6192
8402 7913
9916 6192
4531 6844
6192 3
6192 9694
2432 6192
6192 7252
6192 7064
6192 4969
444 6192
221 6192
6192 2683
6192 5378
9005 6192
9096 6192
6192 4294
8852 6192
6192 9585
6252 6192
8096 6192
6235 8990
6192 7935
496 6192
6192 1168
6192 244
9870 6192
6192 2561
20 6192
5829 6192
3388 6192
3595 6192
2542 6365
9666 6192
1210 6192
6192 1913
8520 6192
6192 4098
6192 4831
6192 9302
6192 8923
6192 8212
8601 6192
6932 9072
6192 4771
725 6192
6192 5233
6192 4869
6192 3268
5358 6192
6192 4161
6192 5950
1855 6192
5976 6192
8790 6192
2411 6192
6192 8196
6192 677
2243 6192
870 6192
5823 6192
4778 6192
4113 6192
2188 5472
8582 6192
1617 6192
6192 1759
6192 6717
6192 8243
6192 5758
6192 1395
7228 3402
6192 9046
9536 6192
6192 1552
1365 6192
6192 4709
6192 7631
6192 1678
6192 8548
6192 7117
6192 6207
2680 5163
6192 63
6192 3382
5324 6192
7841 9699
1851 6192
4108 6192
414 3868
8169 6192
6192 4145
1834 6192
2524 6192
6192 4433
6875 6192
7016 6192
6192 4338
3328 6192
6192 2391
6192 7839
1419 6192
984 6192
6192 7681
2917 6192
302 6192
6192 339
6192 2804
222 6192
4055 6192
5301 6192
6192 6176
431 6192
6192 5819
3971 6289
6192 6778
6192 4960
45 6192
6192 9314
6192 4717
6192 5334
6722 6192
6192 9301
7588 6192
6435 6192
4468 6192
7788 6192
6192 2510
6192 4023
8608 6192
3780 6192
6192 4716
1776 6192
6192 6563
6192 1470
2176 2612
6192 1035
6192 8167
5705 6192
6192 6431
6192 9714
6192 80
6192 2546
6192 1801
4066 6192
6192 7160
453 6192
3615 6192
7192 6192
6192 4088
5915 7345
6192 9183
1915 6192
1039 6192
6890 6192
6192 3192
6192 852
6192 9594
2762 1316
6166 6192
6192 6823
681 3439
6192 5743
9351 1658
6192 1551
6192 3519
6192 1485
3208 6192
6192 2725
6192 3416
6192 7052
1238 6192
1956 6192
5333 6192
4861 6192
6001 9453
6192 739
9031 6192
1952 6192
6192 2990
6558 6192
6192 5390
5226 6192
7095 6192
6318 6192
863 6300
6192 1461
2697 6192
6192 3530
7049 6192
6608 6192
5343 6192
6192 1282
6192 2151
6192 2497
5626 6192
9492 6192
6192 4215
9502 6192
4259 6192
5259 6192
6192 9251
6192 1255
5292 6192
6192 2910
6192 3614
6192 7833
6192 4264
6192 3335
5835 6192
4959 6192
6192 5968
3967 3015
8302 6192
6192 2996
6192 995
6192 5381
6192 800
6192 9319
6828 6192
6192 386
1569 6192
4780 6192
6192 3270
8120 6192
5242 6192
6770 6192
6192 2175
6192 9095
6192 309
6192 2476
9887 9237
6192 2349
6192 7463
2456 6192
7969 1650
9774 6192
8504 6192
6192 7470
6192 4184
6086 6192
5464 6192
8098 6192
1266 6192
6192 7166
3056 9508
6192 9020
9653 2900
6192 8765
6192 4749
4152 6192
6192 8342
6192 3567
7313 6192
329 7852
6192 6766
6192 4908
6192 2395
6192 3633
3043 6192
1313 6192
6192 4010
6192 8508
6192 1292
6496 6192
6192 3935
6192 3283
9610 6192
9363 6192
6609 6192
6192 6658
6192 7976
5481 6192
4142 8223
6192 510
6192 2324
6192 1490
9816 6192
6192 7785
4841 6192
6192 9297
6192 3389
6192 1410
3100 8102
1329 6192
6192 4201
1217 6192
6192 4995
9795 6192
6192 8610
8528 8200
7155 6192
4475 6192
6942 6192
6192 9764
5849 6192
2224 5406
6192 6517
6192 6700
6831 6192
6192 9749
6192 4885
4603 6192
6192 3899
6192 1322
4938 6192
1892 6192
8762 6192
5854 6192
6192 2639
6192 562
2579 5886
950 6192
7889 6192
6192 36
1414 6192
3255 6192
8814 6192
5442 5851
6192 6418
9252 6192
6192 7549
7027 6192
6192 3836
5970 6192
62 6192
6192 3166
3865 6192
6192 2659
6192 476
6192 4517
6192 7305
6192 4990
6192 6104
6192 4693
6192 7051
2128 6192
1188 6192
1471 6192
6192 2471
6192 2795
6192 4204
6192 8771
3403 6192
6192 1324
7595 2251
5078 4867
798 6192
1679 6192
2853 306
7514 6192
6192 22
6192 2689
6192 5036
6192 835
6192 3163
6192 3553
239 6192
6192 7099
8723 8272
6192 7187
2207 6192
3711 6192
2686 6192
6192 6235
2848 6192
3808 6192
1425 6192
6192 5627
1181 6192
7765 8550
6192 6721
6192 3580
2088 6192
6192 8137
3178 6192
9094 6192
9223 6192
2087 9063
8473 6192
6192 8516
6192 1698
6137 6192
3174 5246
6192 8185
1514 6192
6192 5407
2615 6192
7471 6192
6192 6476
3489 6192
9200 6192
6046 6192
3081 6192
6192 5328
6192 4185
2759 3526
7272 6192
604 6192
6192 4991
7654 6192
6976 6192
6192 907
3936 6192
6192 871
6411 6192
6192 6380
694 6192
2245 6192
6192 2672
6192 4569
6192 206
753 6192
6192 1064
9652 6192
6192 9617
6192 1078
3939 6192
6192 3249
5635 6192
6192 1939
9830 119
7271 7498
6192 6959
6192 2136
5012 6192
8735 6192
4724 6192
6192 7972
5385 6192
4377 6192
1926 3428
6192 7819
825 6192
1125 6192
6192 2200
3273 6192
8523 2937
6192 1489
6192 2730
1786 6192
6144 6192
9534 6192
6192 4013
1208 6192
7974 6192
8756 6192
8271 6192
7393 6192
2783 6192
6192 16
2091 6192
6192 9577
2809 6192
7758 6192
9172 9129
5467 6192
2364 6192
6192 4797
6192 811
6192 7045
7186 6192
6124 6192
6192 1571
7933 6192
5146 6192
4089 6192
6192 7991
6192 3574
525 6192
6192 3218
6192 8966
6192 3752
5046 6192
9445 6192
1437 6192
6192 2937
6192 4321
4654 6192
2983 6192
5677 6192
6192 505
6192 6170
7955 6192
6192 5843
3574 3830
305 6192
2405 6192
8763 6192
6192 1661
6192 4877
6192 4607
6192 5387
5866 6192
6325 3795
6192 7611
2855 6192
9873 6192
6192 3949
8061 6192
6192 6448
1769 6192
6192 3876
2397 6413
9067 6192
6192 7476
1609 5166
5600 6192
8859 6192
9842 6192
4083 6080
4848 6192
6192 7060
2285 6192
8924 6192
6725 6192
6192 9553
6192 2042
6732 6192
1393 6192
5281 6192
9767 6192
1707 6192
6993 6192
8668 6192
6192 888
8653 6192
7314 6192
6192 9566
6192 2116
6192 9557
6192 1990
3594 6192
9808 6192
2622 6192
1220 6192
3879 6192
3017 6192
4500 6192
3169 6192
6192 7716
6192 8940
6192 3164
6192 1500
6192 454
253 6192
2772 6192
6192 2528
2832 6192
9871 6192
6192 4434
6192 6972
6192 9589
6192 2802
5071 6192
3284 6192
2745 7130
9987 4461
6192 1880
8078 6192
6192 7656
6192 298
6192 6201
2988 6192
1921 6192
6192 2100
6192 1412
6192 3766
6192 2174
6192 8725
4705 6192
6192 9058
6481 6192
2111 6418
2574 6192
2031 6192
6192 5874
6192 5747
1931 6192
3172 6192
6192 4553
9792 2460
606 6192
6939 6192
6192 1304
5480 6192
2972 6192
6192 6071
6192 5646
6192 802
1865 6192
6192 3646
6079 6192
6192 3499
2238 6192
2735 6192
4355 6192
7421 23
3477 6192
6192 9402
8411 6192
6192 2949
259 6192
2301 6192
6192 6816
9457 6192
8170 6192
9805 6192
6192 7065
5863 6192
6192 2887
6192 1710
6043 6192
1323 8774
7995 6192
9927 6192
6192 8689
8373 6192
6192 4506
6192 8149
121 6192
612 6192
6192 9912
1081 6192
6088 6192
6192 973
6192 117
6192 9271
6192 9744
7021 6192
7445 6192
6192 2389
6192 2379
6192 5619
8446 6192
3643 6192
3774 6192
8604 6192
3325 6192
2173 6192
6192 4000
6192 2667
5066 6192
6192 6714
6192 3312
6192 7691
6091 6915
7114 6192
3607 6192
2829 3647
399 6192
6566 6192
6192 7867
1436 6192
52 6192
6192 2084
127 6192
6192 6930
6192 2668
6192 520
2196 6192
6192 7227
7271 6192
6192 3067
6192 9114
5089 6192
1456 549
6192 5311
6986 6192
3854 6192
5329 6192
6192 999
796 455
6192 7043
6192 8308
7718 6192
6192 1366
6192 472
5689 6192
1914 6192
6192 9593
5255 6192
6192 9001
5144 9362
6192 9902
6192 1751
7216 6192
6192 8036
6127 6192
6384 6192
3211 6192
6192 793
6192 5103
2375 6192
7981 6192
381 6192
6841 6192
1117 6192
6192 7701
2936 6192
8794 6192
6192 8687
4119 6192
6192 4406
8464 6192
1959 6192
6192 8973
6807 6192
6775 6192
4492 6192
6192 5836
4953 6192
6192 5795
2908 6192
9027 6192
3103 6192
587 6192
3365 6192
6192 2673
6192 686
6192 3108
7223 6192
9535 7532
7031 6192
1986 6192
6192 790
6192 9458
5101 6192
2091 1873
6192 6908
6192 2071
6192 9673
6192 1357
6192 1974
6192 5521
6192 4202
6192 7369
6192 9644
6192 4278
6192 3517
3794 6192
6192 894
6192 6185
6192 7791
8594 5055
6192 8442
6192 1601
6012 6192
6192 1212
2231 6192
6192 9631
6192 9361
8654 6192
6192 9913
6192 8971
1473 6192
6192 2966
6192 7361
880 3557
6192 855
3948 6192
7527 6192
6192 8291
6192 730
380 6192
6192 8639
6192 3504
6192 2669
6192 8693
5697 6192
1142 6192
6192 4968
4551 6192
6192 1651
3984 6192
9925 6192
8568 6192
6192 5947
2246 6192
9888 6192
6192 6258
6192 535
6839 6192
93 6192
1768 6192
6192 6739
6192 3795
5433 6192
6192 6748
5972 9623
6192 9477
9417 6192
7074 6192
7738 6192
6192 8809
6192 2183
9874 6192
6192 8602
4738 6192
6192 1159
6192 1311
6192 7376
8312 6192
2051 6192
1369 6192
6192 8845
8416 6192
6192 3502
6192 1611
6192 7495
8378 6192
9640 6192
6192 2588
920 6192
6453 6192
6192 1516
6192 6005
6060 6192
3506 6192
6192 8967
9753 6192
6192 6836
6192 3571
4339 6192
6192 3570
6192 4382
8922 6192
9762 6192
6192 4836
6192 8311
6192 9847
1699 6192
6192 4058
4787 6192
9712 6192
7110 6192
6192 3599
2889 6192
6809 3912
6192 8760
7439 6192
4465 6192
3578 6192
4469 6192
8159 6192
6192 843
6434 6192
4645 6192
6192 9571
1189 6192
6192 7090
8620 6192
8532 6192
2702 6192
6192 5578
3775 6764
2406 6192
5208 6192
6192 1975
128 6192
6192 537
6192 2693
6563 9397
6192 2199
2208 6192
6192 5060
8916 6192
3431 6968
5798 3790
5768 6192
7334 6192
6192 6701
6013 6192
4943 6192
6634 6192
6192 3820
6192 2856
98 6192
4533 6192
6202 6192
6192 8367
6192 5102
1980 6192
6192 7863
4447 6192
6192 4795
6192 8942
3891 6192
9100 6192
6192 7900
6598 6192
2341 6192
7243 6192
6192 3889
6192 5682
9225 6192
5587 6192
189 6192
646 6192
7726 3997
6192 273
6192 9195
6192 2655
2037 6192
6192 9181
1598 6192
6192 4262
6192 86
4507 6192
4117 6192
9091 6192
2248 6192
6192 2229
9135 4143
3579 6192
6192 6499
9880 6363
455 7940
7112 6192
6192 5471
2463 7483
6192 4375
8157 6192
5616 6192
6192 4063
6970 3941
3028 2193
7080 6192
751 6192
3725 6192
6192 7709
6192 7394
5312 6192
2179 6192
7914 6192
6192 8015
3688 6192
3037 6192
6218 3381
4144 5630
4674 6192
7888 6192
6192 1555
1764 6192
6192 8450
5070 6192
2649 6192
567 6192
9582 6192
6192 6643
4854 8520
6192 3956
6192 4511
6192 237
6192 9075
6192 5982
6192 8106
7116 6192
9342 6192
2878 67
5096 1535
8012 6192
6192 326
6192 5081
6192 1717
6192 8238
6480 6192
4583 6192
6192 813
7261 6192
6192 4713
2247 6192
4577 6192
7298 5296
499 6192
2291 6192
9130 6192
5936 6192
2500 6192
6192 2698
9299 6192
1315 6192
2606 6192
6192 2938
6192 6514
8032 6192
717 6192
8537 6192
6062 6192
6192 9185
6192 3937
6192 4175
1014 6192
7801 6192
1643 6192
1527 6192
6192 9941
6192 3638
6192 7958
6192 3478
1711 6192
5585 6192
6192 7318
1011 6192
4917 6192
1013 6192
3872 5418
6192 3749
6192 5127
6444 7359
573 8472
6192 9262
5639 6192
6192 2892
6192 7032
6192 7333
6192 1899
8500 6192
7632 6192
580 6192
4151 9158
1584 6192
7684 6192
6192 6152
6192 4305
8333 6192
6192 2520
6192 8346
6192 7851
8348 6192
6192 6997
4459 6192
6192 2253
6192 9030
3593 6192
6192 2336
261 6192
1652 549
6192 551
6192 2810
4537 6192
6192 4998
6192 2202
8434 6192
6192 2292
3898 6192
6192 4822
6192 7808
8050 1813
6192 5316
6192 1334
6192 1045
2110 6192
6192 4452
6192 2540
7551 6192
7979 6192
6192 1423
8179 4759
9189 6192
1480 6192
9202 6192
2004 4622
2023 6192
6192 9951
5154 6192
4501 6192
4876 6192
6192 186
2854 6626
5444 6192
6192 9204
3481 6192
6192 7659
6281 5017
6192 8469
6192 9215
7552 6192
4116 6192
906 7261
6192 8985
6192 9748
9625 6192
6192 232
6192 4008
6192 1937
9887 7723
8154 6926
6192 5335
5967 6192
6192 6984
6192 1602
6192 4526
2168 6192
6192 9309
6192 5761
8027 6192
3383 2601
6192 1874
1791 6192
5052 6192
4214 6192
6192 6114
9948 6192
8388 6192
2452 1903
154 5891
6192 3882
7655 6192
6192 2249
6192 7259
6192 2435
3695 6192
4913 6192
6192 4546
8309 6192
6869 6192
2239 6192
6192 1531
9243 6192
6192 401
9806 5477
6192 6697
881 6192
6192 157
1075 6192
8911 575
6618 6192
6192 1871
1909 6027
6192 6420
5984 6192
6192 2957
6192 7778
4159 6192
6192 1049
6192 220
958 6192
6192 426
6192 9782
2422 6192
6192 564
7521 6192
9357 6192
8528 7924
6192 2165
6192 7724
6192 2109
6192 1838
7569 6192
4047 6192
7994 6192
9968 6192
7142 6192
6192 9702
6192 388
6192 4171
3278 6192
1198 6192
6192 7693
6192 301
6192 3913
5339 2318
5087 6192
6192 4562
6192 3143
6192 3021
8052 6192
3459 6192
6760 6192
346 6192
6192 5286
7326 6192
6192 622
6192 1532
6192 3624
6192 7668
2366 6192
4612 6192
6192 9267
6192 4539
6192 959
6192 5393
2853 6192
6192 338
504 6192
9452 6192
8526 6192
180 6192
4785 6192
6804 6192
2346 6192
9088 6192
6192 169
4516 3221
3258 6192
6192 9014
4196 6192
6192 5492
4169 6192
6703 6192
6192 6163
6628 6192
6192 1777
6192 7251
6599 6192
8939 6192
1459 6192
7621 771
7797 6192
7269 6192
6192 3563
6192 2978
5352 6192
6192 605
5603 6192
6192 2214
6192 8023
6192 5386
6192 7768
91 2719
5214 6192
2808 6192
6192 6432
6192 5355
2376 7081
6192 1945
6192 2876
8112 5651
6192 8201
3591 6192
6192 1646
1094 6192
5969 6192
6192 6673
5946 6192
5601 6192
5428 6192
6192 4044
6192 2845
4711 6192
2967 9286
6192 6522
7721 5952
5542 6192
5069 4932
4261 6192
5290 6192
6155 6192
6192 234
6192 4865
9824 6192
785 6192
6192 449
5108 6192
6192 1930
1213 6192
3265 6192
6192 2570
4068 6192
6192 8374
7702 6192
6192 8013
6192 6304
443 6192
5943 6192
1207 6192
6192 684
6192 1536
4150 6192
6192 4337
733 1897
6192 4729
3323 6192
1646 4557
5450 6192
8280 6192
5934 6192
5076 6192
6192 4253
6192 8634
88 6192
8025 6192
6192 217
6192 9079
6192 3669
6192 7594
6192 3233
9531 6192
6192 3355
5489 7
9547 6192
3945 6192
6045 6192
6192 6742
3124 6192
6192 2817
6192 1499
6192 4925
5040 6192
6613 6192
6745 6192
4118 6192
8805 6192
6192 1018
2344 6192
6192 9914
6103 6192
6192 3167
6192 4189
7234 6192
769 6192
6192 7528
554 6192
6192 9554
8919 6192
6192 5772
6192 3332
6192 3629
6192 9733
370 6192
4575 6192
6192 5466
6192 1388
5736 6192
1175 6192
6192 4988
5068 6192
6192 5184
6192 3648
6192 8780
267 6192
6192 374
6192 3957
9029 6192
2630 5101
4912 6192
7982 6192
6192 6036
756 5114
2480 6192
6192 2633
4166 6192
7303 6192
8850 6192
6192 8440
9345 6192
1586 6192
6192 1782
6192 3313
4582 6192
9680 6192
5237 6192
8132 6192
9116 6192
7473 6192
5014 6192
6192 2317
6192 3357
6192 817
6192 7312
6192 1612
6731 1248
6192 2879
6192 5826
6129 6192
3893 6192
9101 6192
6192 4362
6192 5536
8556 6192
6192 8141
6192 8804
6192 123
6192 3930
6192 5937
7018 6192
9470 6192
6192 5909
6192 7285
422 6192
1895 6192
6192 8433
6192 9325
6192 4461
6583 6192
6192 7880
6192 7910
6056 6192
6192 850
7050 6192
1337 6192
6192 6254
5227 6192
1259 6192
8202 6192
6600 6192
6192 4835
4037 6192
6192 4090
6192 2106
6192 3409
3360 889
9129 6192
6192 8969
9761 6192
5448 8567
6192 4921
3628 6192
3171 6192
6192 2860
6192 8742
7854 6192
6192 8320
6192 4198
6192 5667
6192 847
6192 6969
4947 6192
9291 3369
6192 4470
6192 2726
4843 6192
6192 1837
8072 6192
6192 2068
6192 6832
6192 8893
6746 6192
6192 8609
6192 9412
6192 7852
6192 7353
4759 6192
8729 6192
2969 6061
6192 4688
6192 8198
9285 6192
6192 2268
8338 6192
6192 8297
6038 6192
2901 3223
6192 2511
6192 2457
6192 8813
773 6192
6192 1868
3691 6192
6192 8033
933 4760
1666 6192
9915 3061
6593 6192
1486 6192
6192 6817
4527 6192
3747 6192
1452 6192
5488 6192
270 5059
6192 4002
6192 7497
8262 7472
6192 7279
6192 352
5868 6192
6192 2753
6192 4744
5701 6192
8065 6192
6192 7431
5484 6192
6192 4331
6192 9619
6192 8016
2075 6192
6460 6192
6192 2160
6192 6544
1003 6192
6192 6019
1301 6192
6192 6143
6192 2812
5028 6192
6192 6605
6192 1230
6192 7323
6192 1954
9143 6192
882 6192
2801 6192
6192 5315
6192 4937
8252 6192
3465 6192
6192 5149
6192 3980
6192 7517
5868 1312
6247 6192
3682 6192
5922 1057
7203 6192
6192 5398
6192 9045
6192 6590
2746 6192
6192 3908
4850 6192
6192 1545
6192 5304
190 6192
6192 976
6168 6192
6192 4077
6192 6085
6192 2267
6192 3981
13 6192
5690 6192
6192 6405
4067 6192
6192 8427
8402 6192
4895 6192
6192 4768
7928 6192
6192 6850
766 1419
6192 5728
1957 6192
6192 6057
6192 966
3055 2204
6192 2194
9392 6224
8848 6192
6192 901
9216 6192
9081 6192
7042 6192
6192 5876
6192 6604
2211 6192
5760 6192
6087 6192
1373 6192
9539 6192
8558 6192
9917 4714
1847 1079
8734 6192
6192 7041
9650 6192
6192 2901
6192 1775
6192 8688
8950 6192
6192 5000
6192 7136
419 2576
516 6192
6192 9669
5004 6192
6264 2675
6192 913
755 6192
3344 6192
3186 6192
6192 5107
8810 6192
8325 6192
6192 7504
6192 7434
2007 6192
7957 6192
2017 6192
6192 4112
3740 6192
6192 1638
628 6192
8962 6192
6192 6589
1016 6192
1875 6192
6192 7046
6192 7931
5258 6192
8171 6192
6654 6192
6192 6917
6192 8630
1169 6192
6192 4699
6192 1338
1084 6192
6192 1028
6192 9054
3538 6192
6192 3800
7037 6192
6192 6791
6192 5049
6192 2382
9497 6192
6192 6497
6192 5540
5287 6192
7087 6192
452 6192
9167 6192
6276 7763
6192 7615
6192 3751
6192 3009
2941 6192
9264 6192
6192 3219
6192 7176
6192 1738
6192 2101
8896 6192
2159 6192
1635 6192
5801 6192
5699 6192
4186 6192
347 6192
6192 9481
6192 2169
6192 5420
6192 9434
4091 7419
4111 6192
6192 9132
3406 6192
5917 6192
5199 6192
6192 2313
6264 6192
3666 6192
6192 1923
6192 5331
7811 6192
5663 6192
6192 3662
7769 6192
4296 6192
7887 6192
6090 1271
2144 6192
6192 5190
6973 6192
2343 6192
509 6192
6192 1239
7722 6192
2792 6192
6192 5717
6192 4862
2417 6192
804 2530
6192 8920
6192 6081
6192 2122
6192 233
9994 6192
5678 6192
3196 6192
4013 2235
9725 6192
5602 6192
6192 1101
1907 6192
4183 6192
3602 6192
3351 6192
6941 6192
6192 714
8984 6192
8071 6192
6192 804
6192 6708
6192 2847
9464 6192
4073 6192
6192 1767
6192 7623
6192 9529
4864 6192
7708 6192
6192 9812
6192 4540
6192 3634
7548 6084
6192 2060
6192 5320
6192 4418
6192 1533
114 6192
6192 3145
4307 6192
6192 3204
6192 2496
6825 6192
6192 447
2807 6192
5965 1156
6192 5906
9406 6192
7557 6192
1158 5360
6192 4360
3735 6192
1199 6192
6192 9496
2556 6192
6192 3976
6192 4081
7148 6716
6192 8683
6192 3076
6192 7091
5715 6192
6192 7207
6192 3326
6623 6192
8750 4651
5121 6192
3295 6192
7241 6192
6953 6192
6192 899
9535 6192
3718 6192
6192 6121
9179 6192
9154 6192
6192 9055
6192 6526
9367 6192
6192 4633
6192 344
5467 7841
6192 6210
6192 4944
3173 6192
9841 6192
2448 789
3399 6192
6192 9930
1249 6192
5889 6192
6192 7368
6192 9293
4484 6192
6023 6192
6192 2458
1694 6192
5821 6192
6192 5133
9145 6192
4407 6192
1383 6192
6192 5323
6982 6192
9499 5263
3486 6192
3042 6192
4074 6192
7647 6192
6192 4721
2171 6192
8615 9528
6192 159
6749 6192
6192 4813
19 6192
6192 5302
5204 6192
1275 6192
6192 4381
2455 3154
5965 8731
7997 7309
5500 6192
6192 1331
1055 6772
2285 3606
6192 2086
6192 4586
7580 6192
2008 6160
748 6192
3212 6192
6192 3816
8719 6192
9043 6192
3336 6192
6192 9317
6301 6192
6192 3020
6192 1371
6192 4760
6192 651
2397 6192
6192 7665
2287 6192
6192 6501
6192 3824
6192 5157
6192 1276
1693 6192
6192 3596
6192 9618
3183 6192
4525 6192
6192 8863
3400 6192
8707 9634
6192 9904
4728 6192
4303 6192
6192 5753
2016 6192
7489 6192
6192 8981
3370 6192
4122 6192
3483 6192
6192 1478
7754 3134
6192 7250
53 2283
6192 8787
6192 7346
6192 4442
7459 6192
6192 3279
6192 9036
3786 6192
6192 4080
6070 6192
3568 6192
6192 8648
6192 8549
6192 2131
5877 6960
7871 6192
6192 4060
6192 3394
6484 6192
6192 5545
6192 2217
6192 7002
7966 6192
9282 6192
6192 9665
6192 4819
6192 9690
8143 6192
3838 6192
2731 6192
5196 1791
5448 6192
3878 6192
325 6192
6192 5894
8717 6192
7287 3847
6192 2962
6192 3542
6192 8772
6192 1468
1262 3976
6192 9887
6192 9935
6729 6192
6192 6550
400 6192
8700 6192
8353 7657
3637 6192
4371 5672
2705 6192
6192 150
6192 2890
6586 6192
4316 6192
6192 6333
8721 1367
6192 7402
6192 3300
6192 200
6192 9946
6192 4099
6192 953
6192 1431
175 6192
6478 6192
9039 6192
6192 5685
6284 5848
6192 5887
6192 9541
7645 6192
6192 4859
2544 6192
6316 6192
9820 6192
9040 6192
9170 6192
6192 384
2875 6192
6192 9876
6192 6782
3023 6192
1139 6192
4427 6192
3537 6192
6192 4597
6192 1695
4604 6192
6628 6681
1112 6192
2286 6192
5432 6192
9963 6192
533 6192
9479 5502
1224 6192
6192 5039
3148 6192
6192 4734
3040 6192
6192 4920
6192 9078
7804 6192
3200 6192
9111 6192
6192 6716
6192 3641
6192 9898
1864 6192
6192 2260
8295 6192
5986 2113
6192 6338
1279 6192
2661 6192
6192 5187
6192 8343
8119 6192
1349 6192
6192 3115
4291 6192
6713 6192
2402 3073
6192 7876
7181 6192
6192 8031
6192 5244
6192 1587
3709 7865
8745 6192
6192 6362
6192 2187
6192 390
6192 5723
2266 6192
6192 5595
7984 6192
5487 607
6192 569
5175 6192
6192 7985
6192 9273
8647 6192
6192 1739
7638 6192
6192 6897
5124 6192
9348 4084
6192 4915
8499 1607
4162 6192
6192 7526
6192 4242
2514 6192
6192 647
6967 6192
6192 2102
227 6192
1641 7899
6192 1665
6192 2327
6192 8354
1482 6192
4125 2152
6192 8324
6192 2618
278 6192
6149 979
5310 6192
6192 7779
8387 6192
5792 6192
6192 5293
6192 6624
6192 616
6192 4818
6192 9017
926 9684
6192 8491
6192 1550
6192 3153
6192 3834
6192 8339
6192 1054
7258 9671
6187 6192
8138 6192
3463 8870
6192 2678
9962 6192
3374 6192
6192 4880
9804 6192
6192 3398
6192 6555
6192 4411
9642 6192
1799 6192
7191 4902
6192 8934
9624 6192
4344 240
9133 6192
8958 6192
6192 3028
6192 932
6192 7577
7325 6192
1401 4754
2092 9495
6192 2918
2145 6192
6192 9583
6192 4340
6192 1325
6819 6192
7890 4904
2296 6192
6192 8571
7138 7840
416 6192
6192 939
6255 6192
8680 6192
6192 2929
2279 6192
1353 6192
4727 6192
6192 4325
6192 6763
6192 5211
6192 9580
6192 7860
6192 6336
6571 6192
3161 6192
6192 7825
6192 3831
6192 1585
6192 4985
6192 6451
8078 6447
6192 9108
6192 4270
6192 6998
6192 2816
6192 9777
9908 6192
6192 1257
7703 6192
5132 6192
6192 2882
6702 6192
6192 7485
7095 2814
6192 8851
3141 6192
7048 6192
3213 6192
