9090 9089 377983245533018737 7869 2
439 7678
5406 5367
3963 8204
6531 491
8969 2489
2933 1629
4171 7004
2561 2714
1208 6553
4596 7055
8737 7575
7318 5045
743 7298
6338 1751
5551 8998
2243 2032
3407 4977
494 4268
7928 1070
2695 2154
1014 4521
2108 8285
8574 5209
7759 3851
1330 8763
567 4037
5165 4401
2286 1303
3878 6400
7742 3683
1506 5293
4455 7548
8040 566
965 6350
4675 7626
5645 5912
4379 6340
8797 4427
2525 4418
7724 256
8085 1699
7983 8405
1663 1337
431 7339
1077 9041
7878 149
4390 4742
2217 8973
8322 6940
5200 3566
5790 7200
3268 6598
1884 1965
7875 6424
2546 1002
375 7010
1990 1143
1387 4679
7703 1592
2801 2565
8485 3762
4446 9044
1044 8403
5805 5287
6419 941
264 1352
9084 2557
1308 5783
6732 4387
3631 4292
4102 5667
757 2392
2354 5586
3598 644
710 30
1570 1729
5925 197
3475 6859
8132 4062
5676 4588
9065 5437
2507 6782
1996 2359
8670 1520
5196 5204
249 3681
8865 5387
6046 107
418 5627
2460 2872
6319 5775
63 666
1144 8689
2883 6144
4463 6681
6540 3172
4621 5213
8078 1992
404 4555
6215 5678
2446 1331
6470 7315
6780 3600
5704 1186
9007 3591
6106 7792
5816 833
5540 4785
8010 8094
1111 6753
3599 970
1214 1285
2510 1132
6057 4344
7765 7834
8469 1587
8453 5966
5768 3827
8916 187
7782 384
6881 2367
3452 2552
1917 1436
493 192
4928 5476
447 1976
2480 1553
1573 3752
4067 8388
6505 2788
2546 3550
280 7943
7814 3289
8780 8653
2869 7474
388 7505
1562 4534
7903 7703
20 6052
4282 7118
4642 6947
7452 5366
4559 7589
5774 3152
514 7829
7912 7922
8292 8505
3841 2344
8317 7899
5335 5077
2292 2251
8873 3182
1681 6366
7482 7543
5302 8427
8100 3087
2844 1815
1375 4728
311 446
9088 4292
7677 8130
2338 7662
1003 387
8091 805
8496 3855
5152 8608
7158 3829
3346 7639
1339 1972
1054 84
3148 7460
4144 7940
4732 8530
5266 6423
1524 6285
2434 4517
8172 6300
2313 412
3422 8255
5192 2289
2299 368
8838 6622
4051 8252
8413 3686
565 4281
6524 68
8801 7972
8437 6346
55 1109
1926 2988
7010 7186
1275 4484
8548 7397
504 5402
2893 3375
7002 7363
2097 4674
1708 8205
6399 955
498 2517
576 4739
4411 7666
5826 3890
6568 6018
907 270
8182 5097
4644 6927
2960 197
5296 7061
3912 4653
1834 3159
3293 7084
608 6304
4707 1637
6445 2945
296 6967
583 7222
757 5427
7789 7237
5800 7828
6146 6668
2992 3859
5015 8297
6253 6128
4102 772
3590 2655
4477 5133
4099 2928
6794 4317
4024 3324
7934 6297
314 3777
1247 4445
2355 8517
7562 2883
4890 6093
6955 5083
8200 7828
7660 2772
3521 8264
2805 8393
286 901
7795 7075
4129 7199
4740 5941
8 4386
7074 4251
1062 724
7164 4988
6301 1701
8484 707
609 3185
6267 7051
4092 7613
6395 1494
4178 3636
5061 2607
7307 1424
6631 5772
2822 8142
5441 7570
7316 4622
6145 508
1705 7125
8126 3663
2964 4104
7148 294
7192 7876
4309 9033
1492 6354
509 2860
6952 8578
2141 4685
2926 2199
4248 8443
398 1031
242 5144
6032 1042
1730 2968
2769 4191
43 1647
6546 4436
2080 1645
2826 8082
4591 7319
4699 8629
7302 8017
1296 7510
554 4744
3302 5701
4827 3761
5466 6989
77 545
3352 3070
5136 3264
6381 8144
1688 840
642 1295
5665 2237
1400 115
8976 1960
5939 5860
1640 8981
2397 1185
5371 388
7062 6180
3702 7318
1610 5886
3655 6765
8142 2907
850 1869
225 201
7663 6823
6874 9056
1651 4246
7348 8170
7019 2112
4429 4015
7482 3403
2662 6953
5763 5240
8415 5232
6594 7147
1088 8580
5843 5530
2797 2352
6624 4222
5756 3804
344 4919
7476 3182
5374 5988
4273 5787
908 2721
5590 1202
1248 5846
2454 8507
1090 5979
5938 1612
874 4875
3365 2178
6296 5961
697 2827
5518 6221
6411 4606
7970 5845
5122 2138
3189 1277
7747 597
7017 5598
4422 3131
6543 7927
4422 477
1975 5111
8303 3487
7372 8292
775 8094
2933 4696
7516 4578
1664 4196
606 2784
2917 3361
3814 2614
2157 9059
6456 5456
3948 5245
3146 5313
7717 3950
167 7729
5716 6786
7996 8715
5984 8855
4097 8469
4455 8407
8618 7478
6664 2260
4838 6321
6445 5636
7281 3223
8599 5476
7257 8903
6385 7777
7281 3086
107 5301
8100 4684
4800 2786
6092 4478
3646 4902
3106 8705
4446 6291
2312 5688
2820 8781
6793 8081
4170 3850
3991 3348
2074 3699
1026 5705
8568 4410
2421 6068
4360 306
8446 3243
2048 760
8340 1600
3411 1571
7670 3294
8744 8167
4933 5985
1143 3573
2033 4771
7048 3887
8651 5019
38 8725
6548 2425
545 472
876 4055
3382 4429
5224 4512
8786 5269
1997 1120
3156 7694
6802 3697
8097 6888
2515 6895
8510 4708
1535 8905
8029 8535
5343 1758
6903 8551
6586 4587
2737 7728
3100 7385
1413 3127
2458 5790
2736 7377
8925 2369
3122 8351
4066 5994
5306 6102
7459 5537
8663 7979
7556 286
858 1028
4389 7301
6431 696
6387 6767
4756 5077
5292 3861
7965 1950
7115 3467
5011 1507
8018 8230
518 295
1619 4752
5041 950
8950 9064
2237 3776
8351 2417
7870 8978
747 951
7309 4326
4830 1699
799 2219
6665 6013
1418 847
7652 7560
7739 3124
7482 3944
4791 2852
568 4973
4534 6631
3769 3392
7128 7072
8651 7287
4212 7945
3451 8156
2038 9077
991 5090
3159 5518
10 1893
6875 7605
6870 165
4652 8887
3009 3958
2177 3317
4340 2371
2435 2966
3015 4050
2047 7031
8783 5027
5839 1181
8666 4809
2653 7206
8410 3873
7641 6103
5084 6674
6404 8464
5997 6340
7852 8595
909 6041
4401 3483
3619 4522
2603 2740
4940 5448
6792 6402
8912 8491
3382 5832
6831 4702
2033 4623
5278 5421
3330 1895
5792 1885
6189 5461
4903 1291
1274 9024
1275 3088
7250 2779
6795 3075
2190 8222
6838 3181
8194 4673
3537 6343
4538 926
7239 7799
7349 5693
7470 5083
7531 2187
5968 2886
8601 437
6441 4291
183 7075
8868 1607
3491 7689
5757 2349
6967 8106
1922 2004
3082 1873
1650 4692
7345 1797
2816 4919
1375 9003
5653 1578
4415 4910
5523 8354
6149 1469
7844 4961
3831 8635
8227 3841
1940 2271
7724 3219
9002 21
1666 7940
5307 6833
7912 4844
2973 6660
1162 811
3543 2512
7710 7720
8210 4287
5742 4223
809 1749
8745 4016
4782 7225
217 768
8828 1244
1595 5707
3929 313
1094 1128
6948 3900
1527 6460
1954 4922
3862 7723
3026 4558
2833 5805
818 5318
3896 9034
7722 7981
573 4230
1092 8209
8166 7741
796 2040
5662 3910
4502 4680
5556 6959
839 537
2735 4882
6520 7741
9034 2168
8092 5856
4070 5094
6043 3859
2388 8572
2399 647
2551 1913
7027 7148
6373 6303
6112 3783
5332 683
1860 365
387 1368
6564 8518
6424 3701
4232 5853
2135 2335
7624 1460
5983 1699
149 1625
386 7846
5784 334
6232 40
6727 2132
8994 6234
8120 7858
6376 5757
6261 6362
1246 7990
7953 349
5099 5866
2220 548
4837 8661
3500 7297
5058 1226
1310 2673
6390 2122
6613 3834
8954 2123
5859 6305
2446 7581
90 4649
7197 2230
2080 5843
7413 4213
6295 7136
1852 30
7680 8898
5281 1679
1199 84
1668 8592
1945 3807
2332 2542
7209 6377
3744 3234
1045 627
2280 2309
1269 2510
6702 6635
603 1493
7901 1600
9023 6566
6382 7354
6074 8548
882 8762
5725 3488
4143 2286
1459 1334
7066 1548
2091 1092
5410 8550
1957 8004
8613 2228
4091 2342
6725 5424
8941 7853
7687 5998
8920 8108
4901 6435
2173 1079
879 7428
3450 8303
5698 5994
3237 6740
3991 7537
3721 5056
3914 5640
4692 4094
3291 1006
3079 3454
4573 7783
5947 8674
3659 6546
6015 8387
923 2809
1007 7004
7225 2953
7651 3522
2597 3523
4803 4411
5111 513
7982 2702
5680 5388
8607 7701
2121 521
8033 7048
7117 223
1398 3080
3993 5370
4984 7207
8509 4160
8406 5838
7301 4176
5390 6806
88 5201
4378 5923
7572 1779
4802 7485
8073 9065
8619 5600
381 5349
6480 6067
2452 5795
86 3891
3973 4841
6954 7170
2473 1915
6846 3418
1565 4030
471 1566
298 6044
6253 4057
3103 3985
5865 1299
5309 3679
5503 2293
2211 6567
1760 7132
2027 3699
6384 328
4229 603
3304 5329
8971 8655
5102 1061
3932 7876
7955 3349
9017 5020
8064 181
1321 312
767 8577
4521 8762
6710 5413
7963 216
2415 5313
2591 5343
7919 6319
7112 5125
6503 4282
9058 7360
5347 5688
4724 6085
7551 5016
6428 3950
7878 7085
3753 4766
6351 4444
962 3442
764 9053
8584 643
8950 582
4274 8442
4388 5309
1413 3367
6754 2556
43 3724
2610 5404
6160 3811
5933 7120
2407 8060
7177 5079
3975 8720
4990 7595
2881 5167
2287 3371
3838 5604
4493 3692
4582 7022
1924 693
3863 8910
5104 5915
7500 6982
6219 1509
5578 3885
943 5976
5887 3321
3710 1043
1265 2269
8862 4325
8898 8712
776 7612
6069 249
3310 5729
8697 5252
3472 7129
4173 5642
4462 5587
9053 8989
6399 4791
4918 2798
3616 6479
2685 7343
2111 1255
4235 1985
4075 8379
6972 8808
7785 7976
3776 3073
998 8449
5895 237
4318 4603
4666 6048
5160 5952
4807 5209
3135 8251
8741 3376
1929 6324
4285 8843
6026 8468
4642 7435
8685 3272
8132 6318
2420 8158
3725 9088
8648 8612
8257 997
9004 4539
4629 9011
585 5710
588 7327
1648 3183
3945 4872
2977 9051
7572 8324
8015 7012
6457 4033
1195 8304
6089 2065
4871 1371
5969 5697
8475 6001
4174 4076
7193 8195
220 4050
3872 1189
4570 2803
2272 635
5112 3616
5941 3312
4046 2669
7231 2020
1681 8683
444 6702
1055 5514
3221 8991
7040 6
2952 6519
6435 5736
4337 5112
3769 3143
7126 2440
856 5274
854 1080
2789 340
347 4551
7124 5138
5375 5241
2263 1136
7461 2007
7173 5550
2871 7525
6177 7070
1178 5724
5931 6093
1206 7609
6304 8703
8287 8654
2163 6633
6974 9057
3320 148
4115 416
5095 4579
6746 6159
4170 5525
4533 2799
4527 3093
2106 5077
8294 2644
6264 7117
4008 2489
8914 2413
6622 668
7697 5889
5953 7919
4177 6520
2466 3502
7424 2168
4339 6027
7593 896
4971 7618
5809 1940
2181 5075
4300 781
6880 5445
7658 132
8227 8463
294 3797
2891 3055
2987 3554
4906 3712
3317 8790
5973 5691
4211 7155
8734 924
6777 8863
2091 3940
5648 671
3806 4730
1001 1821
173 4488
1941 5416
6829 6400
7020 4261
5108 2325
6905 5345
2115 6960
3911 8752
5584 6154
7334 7483
5797 6793
5516 8967
521 6143
3423 2649
5798 2887
6191 3369
7084 713
266 8956
5702 1230
7047 5618
1292 2832
3817 2794
8142 2886
4524 4817
370 6015
5421 8629
2174 5400
802 4047
4425 7573
7848 5326
3359 119
3905 2356
2920 953
655 3412
7682 176
4188 3261
4301 5786
3253 976
5680 5888
4841 6574
4281 8954
8917 9048
6836 123
7839 1278
7296 1857
5603 2667
3094 2982
9080 5648
8485 8022
1620 2801
4946 1282
5030 946
336 3809
594 2059
2098 3841
7507 4597
2682 8973
91 8261
3865 5748
3640 8016
7686 5752
2479 7249
1695 8678
1785 4377
2408 2045
1157 6051
6107 7558
3151 2467
5246 558
8093 2274
1843 2770
7690 4749
5101 7932
7062 2146
3084 934
1041 6868
7477 1883
6528 2166
534 5044
522 3025
2654 905
7328 2095
4953 3868
5978 5491
393 1127
7124 6140
6661 7358
4855 8853
4589 6388
2514 8882
5278 2626
2117 5616
2428 6308
3634 1947
6610 7677
2848 4289
65 2164
1661 7317
7526 2952
932 8112
2554 4278
6201 5015
464 4196
2239 7717
4607 6773
7388 788
1625 3024
2830 4572
2927 5314
6492 6557
4339 8417
4559 1437
6371 6367
2615 5281
5542 5624
3558 2197
2380 8984
6527 3707
3272 810
5249 8193
5727 1674
8235 2500
2324 4030
1280 766
2094 8221
5097 1172
5893 8161
4163 2346
2671 8807
107 7558
8643 1744
1753 4643
53 4691
4276 5553
8236 1753
8426 5997
5365 5639
1093 8276
995 860
6059 5547
1906 8063
7297 2228
1004 6670
5647 5152
3770 8824
9083 1982
288 7339
4218 2826
4148 5117
1351 5550
4560 4835
1128 1691
7563 5646
3333 8280
4632 8226
4924 8331
3109 4061
7812 5245
2683 1259
57 1542
6425 6360
4037 4627
8593 6803
7044 2284
1823 3524
6714 722
8964 6034
6504 1555
8231 8190
4381 773
4704 7396
777 3638
258 8458
4898 1068
6890 1990
724 2600
4022 223
1724 827
2367 3045
4548 260
970 3303
1439 2198
573 5023
8970 1005
2170 3752
3206 3271
4248 6058
4092 3483
4882 7195
1934 35
8653 421
5529 2210
7924 5477
8036 8423
5191 200
8425 3681
4303 2840
7373 2598
1293 4821
7020 3987
321 4524
1604 8250
991 9054
6010 8613
2355 8072
2649 3586
1556 2944
8514 6257
6322 1134
1240 6967
3486 1783
5251 4867
7566 2263
4678 1794
8095 6672
1956 69
375 3842
4065 5674
6772 8492
2551 2443
1937 2694
8122 718
8285 5695
6581 3002
9039 157
3377 7213
8442 6235
2145 7469
2824 759
4726 9056
1183 7131
6083 3163
7911 2055
7073 5482
2356 4719
6013 1949
8306 7779
8008 2192
6895 984
2676 770
5050 7838
9043 204
3195 3558
4684 2258
5901 1515
844 5409
8761 1884
6469 136
8264 4997
6628 3293
2633 3018
4630 4715
4027 1966
3502 3202
4902 7454
2188 2416
3607 7545
7102 6718
5588 1368
7078 59
2195 5062
2224 1300
5315 1473
1846 3218
78 2581
6048 3849
323 8020
8789 1509
2208 7456
5691 2324
2867 9041
3024 7639
197 1910
2683 5531
8213 510
6512 1520
841 8331
8389 5441
7044 8782
551 1374
4516 4845
1715 6962
7163 2876
7320 4017
6860 3202
6620 556
2917 1498
5135 272
6391 7417
7821 5901
6130 3317
4799 41
8156 8610
3743 9085
5598 303
809 6422
4076 705
1735 5011
6975 7519
2999 6159
6481 8193
2544 7932
3795 4138
4357 8241
5172 2121
3999 1711
7432 729
6309 72
306 221
4796 5548
7900 2996
6768 5019
5635 1942
541 3064
3260 2695
2111 7113
3338 8575
3911 1760
7612 693
6775 738
306 125
789 427
442 745
13 6381
297 30
2654 7820
4839 7146
4757 6562
5002 2874
5507 3808
2993 7665
5320 4371
1600 6206
6667 776
2163 7624
6194 8452
2466 5389
66 7371
505 8895
310 1931
7026 6341
4866 6087
1687 7564
4778 6790
159 2684
6794 6223
2366 8775
7869 8927
438 8358
8995 1514
3931 9039
4855 909
6122 2076
3982 492
8646 3237
6489 2937
4457 6944
409 877
5932 2268
4093 8857
3778 8880
8427 6501
4614 169
7946 8714
8596 647
6158 1825
1984 2143
6554 2134
3559 7606
5278 5605
4792 4973
6846 8845
7099 1288
32 496
9060 8950
5649 3723
4713 2897
3737 1557
23 8135
4729 2160
1700 470
3251 316
4555 4183
8247 3833
4929 7797
5414 3514
5412 4018
5165 7831
5177 7687
8448 3267
4657 176
7667 6352
7346 2245
3489 2121
6969 3657
4754 2485
1192 8389
2893 672
1218 1955
7611 6246
6346 29
1552 6410
6992 2182
2294 2109
3649 7361
8756 2403
5809 3164
189 5879
2758 6481
7065 7471
1759 6029
2571 4154
8074 7953
8678 7209
5681 6986
3321 8075
3947 5558
1262 8711
9067 1536
5628 5029
1269 6872
2537 5651
6803 8307
3369 7141
6402 3149
6335 3765
8533 3521
5874 3717
8491 5260
6769 4005
5031 7182
562 4540
5673 228
4006 15
2689 1486
8969 4959
8626 3668
245 1603
6171 2366
8 6938
8278 236
4357 6963
4223 7966
2071 2492
931 7220
1343 2973
3486 1899
5027 4137
2014 6896
8415 6040
4057 3326
1084 5904
4390 1223
7277 5733
713 1785
4963 1186
4056 2404
659 8017
4185 1318
6687 3486
6978 1853
4355 6944
4112 730
6536 2504
2110 6907
2092 1860
3017 4071
8003 4264
882 7414
898 6118
4828 5074
6486 7403
4774 5974
249 7978
1268 6146
8074 2892
516 4634
5327 5348
622 6648
877 1526
3632 5552
8741 911
4604 7674
8633 1435
3035 1692
3560 6475
7903 257
5833 90
661 3519
8343 3031
3484 4562
3565 7465
5787 7175
8991 4189
4212 6389
8995 182
3708 1693
4100 7898
419 7152
3965 7136
7075 2630
2315 2826
8405 6332
3265 4143
102 6749
3012 5732
6964 5662
4949 4720
8042 6254
4904 7121
2339 139
8908 1179
1580 3923
6343 4189
2329 6622
3951 5425
570 8454
4356 7740
3210 5425
7785 2519
1816 8133
8734 3719
7560 443
7926 6892
7127 1024
6188 3100
5534 8595
5087 7960
7536 4430
3064 7596
8703 7172
4564 7980
5960 3723
6801 1048
6741 2153
5554 962
2736 1667
876 4420
2254 2898
6421 1121
3203 891
178 5898
1733 1806
1726 448
3115 4538
7217 2991
288 2748
8961 4558
8701 4996
1761 2119
6276 1761
7495 171
1188 7800
7512 5553
4452 6927
1325 5059
3562 497
5591 4918
7473 6805
6428 5138
7638 873
2739 8684
1532 7797
6117 8362
2093 1767
2435 4154
3792 6903
5748 3907
5015 5376
1957 4700
7021 1061
466 7798
4947 8628
2970 4691
1735 6034
6426 2438
3769 3551
4764 5172
4912 7921
5280 7101
8188 2975
6156 5756
1847 8881
6945 5261
3924 7988
5447 6004
5872 6000
5603 10
7719 4502
2267 1255
8718 3948
1398 8885
4414 4893
4509 4653
8660 4231
5776 42
172 6492
5042 6035
5608 2939
7924 4520
4912 162
732 2569
140 2193
6378 329
1618 2673
8139 8037
4626 8004
7407 4967
484 7258
7469 7605
6507 839
7306 613
7779 3711
5176 4655
8017 4335
5185 3592
3664 5232
4994 5775
6129 1335
217 5249
539 9072
4131 6905
7918 3348
8109 6056
6416 1131
8131 1499
2364 2134
8503 3882
5314 515
5259 6789
103 1970
1687 2037
4628 3470
8777 1690
8659 7278
1837 1118
5725 4553
4180 2017
748 4325
5856 4250
8921 4408
1190 323
85 1349
1899 5468
7274 5131
2722 3042
1013 2092
258 2281
6053 7721
142 1814
6244 5256
1192 401
7501 1094
4501 720
769 425
8649 5270
414 4928
5871 7451
2579 4599
3937 7276
820 2200
206 6666
3999 5591
3897 7566
6272 6916
8253 5391
4588 3413
7686 7074
2283 4707
5621 7993
7685 5196
1082 8494
5703 495
2486 5801
8778 5542
4727 7825
6299 7523
7907 4184
6188 8493
7623 6795
4026 6017
4541 2132
3655 2331
6573 8080
6395 259
1719 3387
8943 1879
8294 3195
2810 50
470 6182
2635 6658
8581 3558
6307 2199
4225 2911
1044 970
2015 2450
38 4797
522 1927
8015 2294
4064 795
790 1163
3687 7391
3478 8874
8134 2417
2729 4349
7637 2254
6010 1971
2528 2398
3236 3477
1785 4266
3902 3738
3082 5932
1495 8792
1520 150
3720 2486
5197 357
6890 2660
2659 3215
657 133
3793 7499
2893 3619
8210 7204
5657 4584
3373 1332
1015 7107
1110 2519
1818 4412
2786 4975
4446 2193
8248 7569
7763 5895
111 2934
1006 3795
1567 4229
1035 1705
8710 7680
5780 5664
1078 497
7364 2636
3035 7497
4479 1945
4723 2986
1939 8434
2574 4090
6883 4494
8320 3737
1419 7960
6103 1658
2256 3975
7911 5240
4610 4840
3981 6391
5090 5626
8265 7704
6266 4822
3874 2348
6139 3415
577 2968
4266 2503
7759 2047
8335 8208
8022 7921
4078 1602
4361 4507
1766 2465
8215 4318
2912 8126
1365 8459
1530 7106
7636 5961
6326 424
3593 3850
3523 8956
2726 658
8044 244
7312 846
1764 4551
6632 1192
6756 5123
7608 2963
6734 431
4227 3298
6733 5094
3973 2471
8769 6441
2642 3523
6891 6785
252 7234
553 5113
7788 1490
168 8476
2641 6127
2863 6654
2437 8628
408 5034
6986 3375
4176 1306
5453 1223
8245 7670
5170 8131
2716 8918
1565 2466
2370 7528
6581 5548
2337 7220
5133 5457
7890 535
6560 5189
5488 4705
5635 4853
7028 2462
3168 8666
2499 5329
3492 7574
2948 2298
5690 4724
1374 8671
8690 8854
1582 220
2125 479
3994 1995
7034 3460
5247 7371
1722 1094
7405 6114
7138 5039
1511 2156
73 6269
4464 5458
7284 135
5155 6361
3506 3360
8630 6859
3256 4592
5284 5813
6011 7040
6065 1201
4918 8715
7086 3084
389 2346
7033 3635
7027 3530
6102 5243
1649 3596
3104 2923
2640 7097
6576 4256
2133 4102
6067 1247
4754 3345
200 5534
6882 6544
7272 8644
8226 4552
5108 3585
7425 6500
857 12
1419 8672
7166 6550
708 4048
7494 4820
6169 4303
4470 3658
6973 5321
5473 3747
6061 7492
8423 8182
760 3693
3824 3136
4934 8565
5055 2909
2267 4897
2297 7881
4847 4396
3331 5105
7196 7944
2462 3410
7847 1381
4745 5753
1552 8168
3489 5989
4454 3768
8315 1982
8048 1338
903 7646
8847 3588
7065 3594
3461 8836
7806 57
5303 3544
6943 4283
4639 4176
1327 1315
1888 2498
6781 6551
4805 3072
8844 6844
6574 6322
5948 7684
352 4625
2534 2831
6947 8344
3331 4080
7645 1512
5214 1952
1399 6003
3867 5171
1078 2648
4793 6963
7367 2005
5557 1438
3583 4074
4923 8032
5897 208
4349 1717
5668 4346
1009 4480
80 3754
5890 1286
8086 5926
1656 3585
1085 8664
2049 263
5963 2693
1185 8763
1840 4156
3500 3541
1322 2545
6302 2840
4592 3497
1440 5109
3164 1056
5150 8343
8876 4711
824 8465
3170 1953
5362 2076
5396 2578
244 2830
98 8524
3681 6556
3360 8489
1386 4185
5539 5070
6328 1837
915 7750
7000 4940
6311 4192
7736 7323
5363 1511
8019 8667
3347 765
8238 4697
1222 2607
6285 4722
677 5881
5234 7337
1239 6897
4723 8725
2959 7103
3999 2971
8746 3312
8820 3322
4580 2778
4029 4229
645 5322
3193 6838
566 8224
6617 3926
1638 557
3473 2799
7167 4890
7688 2401
403 1249
7606 7395
7780 1976
2745 2949
3992 2911
6942 6914
6135 2122
393 848
7624 7948
8304 2399
8260 5702
595 1550
6027 48
2969 53
362 5361
4208 6186
1227 1869
2398 4157
5364 6006
1861 5413
4120 1400
6539 1679
7687 8096
8555 598
3667 4280
904 6682
9033 4886
3452 1745
2492 5773
7488 8079
3745 7485
8677 6690
2885 333
6889 1382
2102 2713
1462 1037
219 6232
9059 3520
2524 8975
8478 4845
2746 6210
3974 6689
6749 8261
1842 7150
1772 8538
6430 4535
3277 3855
2573 6164
6065 1058
6321 5625
152 1022
2348 4600
6062 4024
3717 839
1979 5353
3662 4965
2245 897
5200 8830
3121 8613
6917 1607
6066 7182
8958 1103
7298 7651
2793 2814
8629 5594
8289 1558
2916 856
7413 4426
6502 2032
3624 7816
1651 531
1064 5818
1090 1018
4056 215
5730 7041
8019 1870
271 6431
6415 272
3342 5860
6547 8500
115 3771
2562 895
2211 3446
2798 5758
6620 5356
5740 696
3015 3018
1755 5452
209 2321
4330 465
3989 5446
4334 6504
3642 3970
974 3569
6014 393
1124 726
6907 546
6000 3018
2436 445
3737 4193
1886 7679
178 8694
6385 8483
8720 4023
1626 5129
732 6144
829 7794
8872 7212
21 5350
6912 3459
888 4991
8113 7076
7585 8000
5261 2699
5341 2360
5250 6375
4353 3149
8939 3170
8718 914
550 2944
2458 6428
538 7855
8858 7781
7972 6224
8147 1191
7857 4535
5911 5630
8897 2895
1571 9007
1476 6901
7001 667
4186 7584
8980 1504
8152 722
8447 7287
4483 5178
446 3462
6843 3121
7317 7093
3917 5894
830 288
974 6852
2693 7430
2202 4625
6552 7145
2509 599
4063 5685
3651 8589
4700 8586
975 5074
3510 6497
7459 9007
723 5986
2383 6030
8428 7413
1768 4186
3463 8200
6261 1201
823 2289
6310 1546
8488 4358
2423 5930
27 5107
5625 2432
1780 9051
7595 1614
6015 1333
1797 7068
5194 1956
135 3184
2472 8417
2524 6845
8141 2452
6354 8761
8564 6037
3756 7749
5414 4987
2713 7024
2560 8909
2589 3135
3936 3547
2707 3130
3033 513
606 2560
2200 823
2362 6727
8170 486
6337 5872
6881 3951
7886 8390
2205 6869
512 7070
8242 1907
5875 2411
1455 5821
6061 2433
6370 5545
7071 8773
9055 6597
7636 3009
3086 8811
3344 8981
8256 1241
1823 694
3793 2934
4815 972
7568 6576
935 7415
6434 2758
2929 144
2663 7319
5241 4442
2942 8791
1196 5924
9032 1251
7303 1124
2688 5418
2085 8295
505 4881
4850 8718
8746 5135
1783 6138
1980 1364
5096 4238
920 6285
7559 5035
2358 3538
4962 6353
504 3495
6082 4075
92 4107
8225 4301
5696 3853
4885 4669
1468 7965
5242 2021
5095 7089
2651 7518
4164 4159
4716 6277
1711 5700
6572 3190
2051 8988
1494 2704
4513 4842
5527 3311
3785 8685
5071 5321
4819 4714
6198 2526
6337 6270
4172 673
5682 5951
3434 8358
277 6975
1204 8449
3311 2316
4295 4627
7458 8944
6537 4409
6955 1729
7685 846
2278 1167
2501 1814
1748 293
5262 4272
688 64
4360 6774
5956 6862
7193 7530
6657 2071
2383 5798
6494 1116
2699 7441
6947 2872
7645 3049
7338 3188
3039 7416
5974 8105
7179 4636
6694 651
967 5053
3370 7603
638 6691
7086 3678
9078 259
5900 138
5091 6614
3993 995
6758 3043
7125 8481
8274 7438
6893 3791
334 6443
4877 7352
5382 2559
4573 8786
2326 8967
1341 8219
8135 2258
2902 3770
5559 6317
799 3838
2382 8633
6898 1045
8695 772
8190 6864
1161 276
6987 1474
5479 8201
849 5428
9086 3543
5393 1177
3440 4028
598 1072
1367 3663
2990 8896
3630 3593
6344 6985
7562 2105
1652 8863
61 5543
4358 287
2479 6593
6375 8070
3440 7373
5129 5265
6373 1902
5779 113
3866 645
2210 47
8971 4638
5918 4320
2161 8499
1510 4294
6747 4127
5743 5400
2026 3904
8739 8027
4468 4859
2368 1137
3986 2345
8856 520
5973 4255
1777 343
4034 1153
7322 8922
2358 3102
4961 5017
7094 7529
7327 1633
7935 1114
6461 6524
1424 4609
2482 3603
4789 1584
8409 2586
939 8171
7824 2640
6865 6560
126 6125
3695 8997
45 4256
7903 9036
6091 5276
1303 987
81 1073
1220 5048
290 4044
8206 4417
8849 451
8775 6634
8971 1311
5238 6152
2028 4624
3704 4084
7188 6974
7424 7859
6961 6107
377 7468
838 3955
6839 968
875 4067
2702 1353
2029 1417
2307 5183
6576 5700
1421 6311
8095 925
7774 7458
4052 6294
6259 7403
7900 9022
2043 4326
501 9023
5685 3257
207 4921
6613 153
6399 2644
4327 5940
5759 6135
2349 0
4943 2156
5980 5866
3109 5588
4299 5474
6427 7971
3128 7423
5854 8024
2891 4772
1871 8114
182 541
6506 210
5201 6531
269 7171
8282 4902
7250 916
5707 7057
1001 5877
5497 4497
4559 1107
8704 4054
3612 6822
5517 3293
7592 326
719 1891
1820 5154
6885 6763
2666 1342
7927 2961
8401 69
6780 8225
1639 7127
6150 4723
870 7652
4140 6888
946 1495
7348 2238
1339 184
2723 3451
1676 3206
729 6410
3183 8922
3871 3311
5496 4948
2137 2593
2667 3198
8405 452
3444 6414
8652 3111
1148 7141
5590 6225
1393 1631
2325 1830
7420 8272
3153 2356
3977 99
619 1568
6906 8474
3825 1858
1611 5955
9050 3816
7409 41
195 6280
5628 7580
6481 1303
7334 762
893 5155
4451 1251
8032 2049
1455 6516
5894 325
2264 497
2096 1102
3883 2960
1185 7032
1487 5481
7835 4971
4166 8344
6508 3084
6521 517
1763 6047
2878 1413
4582 7568
8269 96
2322 661
126 6045
6684 6114
54 3511
425 1854
4303 8049
4068 2775
1921 4905
3851 7464
4458 819
8546 348
5026 6579
7369 1457
4736 3896
1976 7826
4538 6855
5601 8837
5542 8645
1705 2763
6950 5016
5394 6765
2818 3675
6052 2237
7939 1359
2046 1188
6978 5283
4724 6118
1994 3078
3656 6988
4588 3509
7890 3677
8086 8939
634 8773
8205 2636
2311 3107
5906 263
7118 2709
566 8630
5055 9019
6374 1202
4969 5503
1115 3391
4392 7656
6488 3748
1961 7846
489 669
8428 5334
7210 4075
8277 2494
131 7607
3938 8373
1928 7007
5851 6537
8665 5172
6963 5559
1353 1243
1232 8413
3509 2268
255 822
3104 7064
8791 5679
5210 3422
3973 8252
6021 4361
2287 1874
3685 2623
5764 4706
6985 4585
7009 6397
7023 2547
8985 5130
2040 7810
4374 6493
1793 2525
4935 6034
9001 4955
3662 2780
1012 8516
6374 7279
4493 4610
2974 2441
6229 788
428 6364
5187 8362
8729 7343
3153 2776
6421 4173
6556 3318
3011 5768
3571 5558
5384 4131
5575 446
5969 5018
7326 3255
7667 480
1984 3764
5494 2283
5438 3540
1376 7604
7318 763
6991 4341
3 5777
9087 3474
6783 4667
7623 2067
4981 8340
6364 6984
7622 1983
4236 8109
8999 8378
5361 534
6300 1217
8192 6222
3967 5245
7188 7236
5745 2314
7884 4822
980 6120
7933 8213
464 5013
5299 3141
2543 5054
5461 706
7273 5570
1672 6565
2131 8439
7311 4882
3402 1607
7411 1377
124 1623
5078 3008
7039 461
1822 1411
4776 5814
2413 6073
7085 4768
4518 4249
6230 7570
5268 592
6803 6671
28 3185
3875 7792
5800 2252
7400 8033
5883 8599
4522 2016
750 7825
4688 3437
3145 3021
5313 11
4319 4333
2570 4697
4121 324
2093 4243
4380 7772
28 3411
5274 4528
5804 1931
7023 6290
1338 1025
1892 6641
6832 7867
8196 6480
2039 8411
7412 6245
1081 827
1334 8693
6392 2200
3623 6943
6075 3252
92 3710
5693 174
8562 5906
5292 6943
562 7942
3436 4285
8148 6678
4257 6754
7479 2192
1261 2705
3476 4037
104 277
4995 4098
1109 4888
6243 3425
8218 198
695 3853
9049 7094
2837 7683
2051 320
711 3936
8580 6223
8046 5379
8482 1553
7669 2691
3498 4425
1949 7613
7132 6945
2113 5943
6514 3890
2290 2419
7594 7976
7400 6483
7552 4651
7631 872
1777 1502
2562 5389
4123 3097
8159 2138
2323 798
7125 2100
1594 8220
1245 4482
2641 4762
7457 6490
7415 1152
7837 88
1261 7433
4395 7951
394 8714
785 5854
2836 5126
3321 2701
8677 7196
2569 6751
7072 7760
4267 15
614 6203
4435 4550
123 2698
8948 3921
0 6022
5460 5118
2529 4834
2439 1929
3401 5659
3101 8589
5370 2552
6645 4047
1513 3418
593 6006
6202 6907
2932 515
8452 2821
3273 6744
8414 3129
6045 708
6321 7238
3290 8943
8001 4741
462 1403
1359 2176
5867 5584
8565 5724
903 7928
8170 849
1694 4093
6592 8797
3817 4194
2195 4507
8073 493
3053 7893
4329 1840
7043 1267
646 2650
4469 7914
6775 927
7889 7237
3340 3050
3432 4768
2762 4282
4106 2862
2201 5083
4068 6552
411 7868
3144 5500
6634 3535
4259 1721
8549 6584
5020 8354
8217 6247
4027 6725
8542 1121
3058 8693
7213 3993
4371 910
3421 8928
2938 409
5089 1688
6928 666
8401 5163
6662 4683
4665 4830
3795 6102
4650 7971
5499 7368
986 473
5039 1498
7073 1346
2875 4168
8287 7466
1234 5827
761 6444
982 1879
4508 6915
3014 1352
3132 6678
1899 6233
8764 7319
2609 3944
4017 7030
7284 4321
6242 8441
7586 7896
1905 4192
4416 4187
6238 5188
3930 3248
4777 4365
8679 989
2001 3123
7193 1431
7169 5168
8119 252
8039 8411
4233 8163
5113 6332
341 1638
2238 8504
7163 2262
2915 801
3621 2720
1775 2426
4314 1515
7110 5297
5636 7990
5655 4875
3517 515
7662 1097
1523 5435
2176 4747
3076 6948
1441 5410
8566 6908
1440 7389
5945 3755
4200 2465
8911 5563
8361 8631
2516 7158
8840 304
1787 8440
7190 8381
3844 6564
518 3220
7888 8763
3836 8948
6847 5433
4942 6969
3431 7545
7263 8688
8463 8201
2933 4834
3754 2921
2190 8065
7967 7137
6186 4567
3259 104
6953 4110
54 3858
4385 4587
5262 6132
4609 2858
2204 592
3212 797
2267 1323
5437 4484
402 2135
1497 8119
314 3496
6235 2276
753 222
6656 5993
4607 4057
1124 4478
7928 3630
4100 218
1998 7854
2040 538
3306 2434
1231 1274
2337 1463
3504 88
8818 1511
6437 8051
8996 3316
89 3230
6633 8498
8796 3961
626 6044
2978 6390
6079 1
372 1203
4931 232
7291 6783
6605 2271
879 1485
196 3627
2209 1901
773 350
8781 3254
7259 2270
4027 5
1175 3183
450 7421
1774 4352
7046 8112
7823 7721
270 2790
8185 1075
759 5965
343 6233
5195 421
1448 2233
8353 2011
7369 6104
3536 5862
1519 6950
3306 3498
2158 5613
2879 2634
4421 7087
1206 3273
4443 1745
8577 3589
7497 861
2325 2056
798 2347
8445 1811
83 3514
3897 3451
5141 3355
4920 3828
6910 2552
5296 3498
7467 7047
6640 8470
7767 7460
4475 2159
1315 8228
4294 5640
7897 3208
8375 1196
7559 7618
6944 1132
701 631
2874 6660
8820 1156
4565 2865
4389 646
8833 3811
1127 5184
977 300
43 5337
7293 548
1840 2575
3677 5741
1162 971
3742 5323
6358 2977
997 1981
4469 6700
2370 2662
6568 703
3177 526
6419 2938
454 1046
2442 2877
461 1071
2901 1386
7357 2376
8169 5343
3292 1786
1107 3153
2437 2173
4659 2546
5921 5788
5452 4225
2333 7604
6644 7577
1718 2734
8256 8686
2727 3823
8253 4515
5359 7412
7514 3350
1356 2426
3281 7563
7055 2796
1238 5154
7469 4670
2024 18
5098 5821
2248 7325
5499 5354
57 77
7895 1402
7155 3446
668 1871
2306 4149
5013 2585
4650 5728
2792 1403
6931 17
3664 7535
6317 3155
6603 5855
5665 3671
6494 3655
7813 3900
3539 858
1375 8933
5975 6966
4132 2448
7613 77
2304 2726
3418 5577
3445 6847
953 481
4285 5752
5929 3471
7080 5790
4103 6820
1843 5693
3806 5186
7644 8490
1205 6653
4490 6154
7651 6972
5941 684
6797 8357
4436 8406
9029 6050
8420 8535
5476 8781
7398 5014
6854 7134
8434 7178
6161 4017
6754 649
8491 1623
6711 5276
5263 3628
1650 5497
7955 1059
4333 836
5946 5305
2318 7087
2205 4246
5936 2394
8634 7740
6509 7786
5940 4334
7784 3291
5576 7864
3667 8556
8115 6436
4418 5677
4405 5466
4518 6537
7270 8446
7531 8732
4587 5040
6408 3409
8865 8578
3725 5162
5486 4307
2877 4036
1047 8086
7637 1112
3696 3948
4289 8549
8089 3068
4358 6426
8861 3397
1414 1166
7836 527
3244 8287
8944 8521
6198 6824
2861 7856
2100 5295
118 4403
1249 836
8874 8978
7302 3013
1202 5030
4429 5495
2842 3051
7841 5616
2199 7227
3456 2699
8257 1093
8694 6902
4001 2661
4346 8336
80 5028
6581 4711
5499 6046
919 5226
146 6195
1714 7957
5151 1675
1246 3766
7645 967
8033 5076
7620 7709
6956 5017
1552 837
878 8212
2085 4630
8969 5176
2418 4535
5332 3534
5127 716
7485 6646
5765 7058
7458 3716
3329 7867
3905 3779
7399 1153
8500 3856
7182 1312
3227 3123
7934 1605
3828 9089
7872 1918
945 6381
4277 6207
6008 1919
3188 2824
8418 4296
3326 1430
2979 7306
291 2651
2595 6658
3395 1579
5088 4367
2793 2161
5723 6152
886 2648
56 941
686 5154
8966 8535
121 911
7983 6897
8641 7816
4175 1977
5798 6417
2481 4212
6278 5997
8267 824
1106 4262
213 8048
6204 9013
7417 6396
5784 7019
4542 4199
7306 6086
9042 6598
6962 1958
6647 8325
2684 8402
6231 3479
7964 4754
6083 8015
8854 6254
7195 5611
7253 3040
5878 5036
968 5936
8610 118
4944 7501
5049 1797
6476 6395
1947 6186
4255 3784
7431 4957
1735 7652
8972 1397
7095 225
6190 1822
1928 736
5308 6404
4331 5397
5785 8004
529 1135
1747 3566
3488 6988
4053 993
2548 4218
3159 921
7980 5026
1667 8284
685 6628
428 5442
5022 1325
2838 2803
3949 5524
985 2266
476 4550
5647 8946
2583 5174
5450 755
7693 2171
2020 2261
4050 5524
862 8835
3922 9056
4478 3099
2787 2319
911 2475
6289 6870
7211 689
3242 8215
1771 3011
9008 3557
6557 1578
2337 5741
3967 5297
4246 9008
9061 7754
5349 3957
7474 542
4993 612
6360 5849
4977 3165
8601 5317
467 396
2741 8429
5348 6008
3188 8731
187 6715
7772 1911
2649 7821
4160 1
4746 4511
105 176
1346 2954
469 7232
5131 2434
892 4398
5634 6742
7847 2744
3199 1919
7205 8318
3399 6244
4503 4058
8051 1968
654 5259
959 8709
8313 126
6652 6671
9026 8603
5645 4109
1358 3830
681 4385
8488 8330
5652 6791
8263 4889
1868 3012
4645 6516
7223 4920
3219 7105
8102 3832
3444 8514
6236 6631
2234 2006
3544 1969
7977 7633
1381 8311
899 4887
4932 6123
8066 8424
7945 416
7737 3706
2916 4318
3926 3407
1994 4741
5322 3982
2217 1858
1956 5830
8519 2276
7143 4847
3920 4077
2070 6225
781 2079
3430 8838
6870 3220
5654 2888
5305 1827
2880 5526
2497 2530
3155 2756
2062 731
8019 3860
7832 7959
8249 8748
4938 8817
1823 1321
700 1444
6982 4377
6447 6714
3368 286
2452 4048
4979 4642
1060 4500
4088 4944
2249 8493
6464 4923
4571 6763
4664 5282
7456 5485
6359 7793
1494 7853
5586 3266
2870 2981
7492 2976
6501 6780
1892 740
5889 6687
6810 542
797 1132
1644 7682
6478 3670
5221 6314
6590 4817
4877 1854
3944 4562
1578 6650
2567 4769
6898 8984
5021 1613
3328 3309
1509 790
672 6120
9086 5713
355 457
7989 2020
26 6977
3554 4577
2740 6524
2722 2233
3621 5265
934 1136
3733 2279
5468 196
3190 2261
6153 4252
5897 699
8355 4138
7798 395
1408 67
7905 6138
2019 2090
6499 1036
5725 2754
6070 5470
8452 6227
3892 142
7537 7640
3060 854
6280 932
2087 4391
8703 4111
5911 6582
5488 4966
6357 1809
6467 6166
4625 5123
4949 2755
806 947
6166 9020
7622 4805
4458 2152
5328 3564
4557 5322
798 6851
2455 745
2064 103
4998 6183
5960 7717
206 1487
179 7002
6587 423
5817 5537
7323 6784
7209 8658
6099 7730
2862 2849
8693 4856
280 3864
144 7141
5240 3929
3325 7164
3580 3932
8506 96
2279 8485
7915 6575
140 5233
5501 1627
1943 3892
1117 6802
7360 2904
7425 7098
7521 5454
189 6434
5018 6992
5703 8662
2437 4690
3286 8976
2184 1700
3401 4128
3487 25
3747 749
3378 3646
349 2857
6958 1846
1523 707
8211 5496
733 4281
6936 3625
3658 2490
5014 8707
3011 6688
7065 1466
1118 6879
8449 3751
2530 7953
1830 7713
9075 767
4505 1702
3126 8930
1726 761
4542 4276
2324 6416
5982 6332
1979 8084
2776 1654
4630 2642
8201 8701
7860 4120
1887 3678
6320 5312
733 7254
5328 3185
444 8847
8722 5285
7401 8864
316 5402
435 1773
8344 2387
4005 3478
1765 4992
6875 2431
1179 6679
5235 1773
8103 3002
5600 4073
7787 4912
7889 6451
2783 5136
4158 8513
2185 2136
8983 2785
609 7662
3127 8121
2715 1896
2625 8685
6477 972
8733 7553
2214 4005
2953 2114
4997 3298
6887 5346
6319 5064
8345 5567
4633 9013
1374 9021
8493 4485
330 2832
5871 7246
7587 4122
3022 7545
5720 6597
3884 1769
8321 6968
1848 138
6009 5006
4583 8767
8810 4459
8106 4904
3670 2322
2473 411
8603 8977
6150 3004
8853 3482
5885 5044
804 4299
7509 1643
704 7506
5501 5249
5973 4555
7732 4917
898 2890
5270 7949
391 7300
737 8711
7786 111
6132 61
1666 2737
89 4682
188 5112
4859 1065
1992 3114
7945 2046
5443 84
4709 5634
6193 2729
3435 2374
3225 5751
3732 6144
6969 4742
3835 8314
4206 3903
4848 8979
2841 2679
7914 6804
4114 6111
7864 600
2689 1694
5583 4629
4160 6298
2180 6451
6940 6260
1105 8837
857 7631
4375 2676
8508 3969
4708 5072
4293 1825
6168 6260
399 3706
1655 5128
3189 5471
8109 7113
4840 247
1697 8360
3394 5922
14 281
5847 4101
8554 1546
2149 4668
8529 6628
8274 3211
5089 4924
2985 3424
6730 4576
2909 2363
3129 1042
7760 1776
3746 2508
3361 8937
317 4342
6695 3872
8638 5271
5797 5506
1074 2209
5859 2824
4639 888
6579 495
5531 3914
8519 1969
746 1403
2973 6760
2485 1878
5061 5964
6097 5612
3746 3899
2286 7664
1019 7144
4659 8926
824 3994
7698 2998
8808 3106
2357 4447
6244 1995
4480 7968
2079 7995
1867 1321
2102 1428
7818 929
7487 3976
232 3458
6717 7252
6499 282
4537 3313
5899 5816
4489 8943
5382 1235
3646 1737
8266 2609
8415 3906
8748 5204
8157 1666
2207 1459
5565 4014
4063 2457
4988 2563
8299 2767
8820 3725
2210 7702
1613 330
3869 7096
7129 6082
936 7016
6887 1182
4439 3688
5671 9078
8750 558
660 7793
3721 5198
8726 352
2390 2099
625 213
6851 4431
5162 8916
7208 8650
4749 3529
6301 6794
7916 4382
5686 4255
8328 9025
5305 8358
2307 4348
3075 8640
1808 5566
2164 6893
5526 337
3341 5047
1692 1190
8696 6237
1239 1896
2370 3136
4536 8166
87 5987
1353 7706
5140 7394
1979 7295
2122 5057
2708 2930
3423 3205
8558 3304
3331 2897
606 3680
1480 3460
7137 3258
6339 6664
4887 4372
7773 2029
3610 9086
7909 7536
7269 2578
3810 4824
5115 526
5604 3120
6094 2669
8541 80
7029 9001
3907 6854
957 3171
8864 6713
6334 4001
794 6014
3734 7323
7083 3808
531 5871
3175 7550
7668 3267
3645 7393
5534 7990
2229 8112
7496 5113
2512 1405
7248 4154
238 7423
1285 4969
772 5807
6438 4008
4130 192
2407 5607
4727 1411
622 690
1335 1147
7571 5088
1954 259
8822 2221
6396 2680
298 5486
7558 5260
3476 1053
2743 2244
885 7525
6721 1547
7025 6411
7793 581
4946 6836
5658 467
467 6675
8783 4114
1244 8799
1662 5810
856 489
2219 933
7450 476
398 741
735 6768
647 61
8528 2033
6057 7718
8410 8569
5132 4188
4616 7029
1143 418
5233 5398
2637 468
1996 5363
2602 1805
5520 3532
6123 5405
5881 1067
5904 6126
439 2605
5203 3986
1376 7674
102 6251
4491 2621
6418 2938
7162 3111
5073 2773
700 3735
7011 8129
182 2621
8157 4969
6533 8077
8998 7710
6385 6028
3591 3823
5923 8995
6590 6653
8347 817
8119 936
2951 6404
3033 608
4351 268
6937 4835
1179 4879
5490 2682
7767 3968
2274 5510
6615 6431
3626 6822
3315 3037
584 7850
7261 7117
206 8863
923 93
4016 4456
433 4574
3552 4572
5269 7939
8473 2207
8889 7692
4074 8614
7281 4124
177 5244
5981 8582
7325 9034
336 1769
8653 7269
2573 3608
6989 2783
1168 888
1518 2970
2470 7129
3362 5773
287 2668
1672 889
5554 7055
7659 710
5689 7166
4906 5065
1773 7011
2514 8028
7704 3875
8392 3434
8037 488
7601 2192
8457 7090
919 1807
110 3391
6792 4377
2385 6540
1064 5267
2733 5927
648 9017
5688 2601
3281 7455
8476 7556
8000 6067
1581 8114
6804 7752
7285 1514
8949 8192
6164 614
8767 2828
8101 312
6114 3693
1835 275
4437 3952
6136 1170
3309 7814
4204 3091
8855 4939
5369 8872
7364 128
2869 7715
3966 7275
1804 1527
4733 6545
6379 3470
1677 3105
3353 1696
5958 7754
5190 5282
8181 5217
2671 4434
2018 5086
2682 3092
5252 4433
3586 2226
5104 4072
6718 7152
7883 7287
7477 4808
6902 3709
8832 3668
2205 6957
6339 7839
1066 9025
5333 5124
2751 863
6288 7248
1139 5976
2752 7559
2908 2801
1079 5787
1304 5851
5612 2781
8353 4590
4616 7950
6371 7310
6841 6510
3182 5726
8389 6978
2690 3894
784 8600
2483 4413
893 5075
1366 5464
1017 560
8513 5836
3757 1938
1622 8888
2063 8730
5216 2562
1669 701
2784 1981
8074 6172
3333 8855
1302 1851
285 7427
6175 513
3213 4479
423 7742
3743 4833
2141 1589
1497 6954
9015 7221
8553 1737
4391 8520
1630 6279
7723 2753
6656 8825
615 7707
8324 5765
1894 7954
3303 470
862 6884
8056 2874
5518 5935
6888 1
5793 8800
3087 8828
4727 4776
3507 6719
1097 4172
6475 4390
8516 600
1534 2024
3176 2265
4237 5892
3846 5813
5961 1436
3356 5149
2666 3978
4458 5579
5942 8204
2148 5570
2430 2257
8453 99
2127 843
1592 2675
3396 6267
5399 1917
5867 6353
368 3001
4071 7186
7720 5469
8084 803
6053 3248
1628 6103
1307 6004
4823 6510
3799 7008
4496 5858
7836 3570
6920 3877
6407 1147
932 6626
1473 5678
3085 4952
8935 6281
5996 1349
174 8350
6913 1794
8057 2371
6464 782
24 3181
5700 5956
6325 7349
6932 8257
7602 8116
7830 7361
7194 8804
2359 808
1006 1617
1536 1508
1782 7854
4854 3344
6949 3099
1490 409
1524 6910
3424 4468
1539 3097
6282 6391
6019 896
4767 2399
2864 361
6445 1714
2692 6139
5581 7578
2220 7944
5181 5782
973 4055
1234 6561
4749 8104
9066 1233
4287 6340
3599 7725
5465 8648
6809 6322
3717 1169
3750 5486
838 7243
1912 2282
279 5358
7258 6900
6393 9000
4463 2840
6512 5990
7168 2645
904 1577
6529 6411
4219 4992
7599 5411
8588 5655
6599 6487
6112 432
6197 3529
7875 9077
1684 4719
8502 7608
6648 3137
702 4917
3013 8216
6720 1019
1379 5751
8813 8044
4141 7658
2773 5109
2277 2741
361 8957
4020 5553
1846 4933
1120 239
185 2875
640 7216
8527 6796
6000 2183
8736 7583
6951 2347
3394 8990
4447 8182
6414 7952
5451 2115
4818 8476
7230 2334
2759 3212
3295 2004
2598 8654
3329 7312
7272 642
3748 1867
8847 4695
4078 1712
7292 7843
2581 4593
1689 1391
3699 1359
607 4137
7367 6564
8329 8779
7104 8560
1852 8495
5428 7444
7336 8978
1667 1849
3544 6962
3678 3566
2530 5159
5999 7551
3034 362
6119 7563
8940 8597
2738 1595
4533 5085
5170 7221
8999 7070
8806 2629
8955 7699
5718 1278
3502 26
8524 698
49 4548
1166 3640
1725 8398
2764 2557
2846 6935
7111 5636
294 5462
5754 5840
2010 7570
2958 6405
16 5081
3476 5451
8710 9069
3399 3143
7388 1819
8940 6525
3766 3030
1910 7866
7396 1250
8402 5284
864 8258
3339 8016
7743 137
326 8757
787 6136
8480 5409
8272 7887
6070 5655
3580 5525
2818 6609
3549 3984
3763 6774
5298 2578
4522 3453
5198 6899
6639 5699
1988 3943
6911 8681
5319 3945
5837 6833
3387 4906
2961 27
4505 827
1130 5522
3112 1173
6621 7041
1383 3531
3013 1944
7550 3886
7253 6099
6387 2776
4713 8240
8830 7710
1594 3208
8639 26
5882 1528
5395 0
9035 5641
3786 2805
5250 1372
6732 22
8661 3908
3352 4400
6104 7312
3354 3138
2295 994
4436 5422
663 2845
8660 5721
7358 957
5685 7984
2506 6354
6302 6090
7240 5566
1142 2166
1918 591
330 1482
3595 1357
4485 735
4674 2460
7122 1392
1409 5223
3654 7786
6002 2802
3088 8006
2468 7509
3113 7151
4708 6036
5985 473
754 496
1373 2291
1891 3027
2947 7906
5284 5664
1032 1935
6121 6959
4798 7896
6238 2549
3278 7782
3748 6323
6791 9073
4663 2232
4337 4411
1617 8744
1083 8286
2811 427
5179 7960
8051 7700
1847 7166
482 2375
584 526
5167 1478
7154 6911
6596 5265
1870 2830
2309 4994
960 4951
1986 4562
6008 4483
7527 1599
6868 2724
1517 2160
965 7109
5784 1745
6263 6153
1241 378
4266 2528
2051 4941
6228 5911
6706 1759
4705 2731
8591 1436
5003 1360
1991 3680
8099 8624
3452 556
2309 1545
280 1969
6635 2451
6137 7740
5545 6639
5931 7625
462 641
2511 8736
2012 1771
6880 8088
5968 1565
2297 8948
8585 4988
1428 7755
4317 4059
7888 6356
5157 2233
1073 8302
4702 3323
2049 3586
8894 2714
7930 1622
4872 5592
7832 1426
7251 2301
7116 6866
6333 8066
6451 1802
8785 8118
1262 5548
4890 8708
4289 3821
4476 141
5028 7979
227 3400
7747 8045
8080 5864
3563 2341
8980 1824
4616 5480
5614 3578
1636 2394
5137 60
5411 1955
7708 8577
3094 3794
6516 7768
4949 7097
8686 4322
7800 3491
618 7488
8208 3022
2572 3982
1031 3587
7839 6423
6858 4135
8814 5991
9033 7987
365 1839
6418 2721
4494 4675
2386 1177
4853 641
6805 4393
1832 6522
8664 2807
2875 6304
1871 1567
8752 8890
3493 8099
3151 7320
2119 4181
3547 7524
5791 1764
465 8400
8334 2402
1200 4302
3788 6424
4927 5056
2691 1138
3954 2215
1968 8953
8625 8605
4751 1651
7484 8768
2852 8716
7686 7484
3453 1596
5541 287
8595 8356
8702 1127
2593 3231
963 614
7273 6223
3369 2429
4378 487
4647 8709
4181 2700
6990 2539
8349 1783
3059 7480
4730 2410
8627 6146
8459 5908
4541 2588
8023 8065
108 7362
908 1566
2010 459
4301 2101
7102 2518
4910 7423
4743 8701
575 7375
7705 3300
2410 1967
2405 3212
5517 8570
2959 6253
8546 8923
3657 8392
8425 5771
4048 2647
1513 5275
1964 7770
8860 1039
7890 1100
7973 667
2462 2730
5381 1093
7657 4946
3065 569
3089 4248
3229 6151
5416 3253
548 4857
3334 4294
4710 4041
1077 5832
2611 4142
6313 2732
2145 1120
5982 8859
7426 8480
3483 3022
6443 6293
3919 7517
8346 167
8354 9082
732 2209
41 5448
5789 7812
2432 7191
5449 92
5277 1108
65 4467
8120 5421
7313 2724
7225 2994
6127 5387
1297 3166
9064 42
7969 5904
7991 8737
7716 3215
7107 6672
5638 8478
644 6198
858 3516
8158 2097
7335 5716
6738 1529
6886 1308
3315 2599
4894 8218
7857 236
1683 2057
1175 4119
8705 2870
8060 7192
5845 7347
3480 4239
3674 3552
3895 7911
6048 5437
5492 1566
6250 8285
3928 3468
1973 6136
6313 3154
5378 1925
48 2550
4449 4191
2409 4223
1763 624
4656 4696
5144 2821
5734 4565
8851 6630
6007 9018
8739 1683
7985 5174
5377 6601
8243 5517
6345 4164
8691 6491
62 2346
8052 8357
4933 4454
8848 7963
7522 4936
6135 8906
3674 603
2011 5057
951 1018
3096 1148
5535 1220
4415 4967
5729 6544
8611 3379
2622 544
8917 4911
4499 2998
4530 8804
4029 7052
8420 5142
4409 5328
5754 4963
5258 7273
5552 6073
6586 121
6996 3968
4681 3005
3010 1500
7189 8484
4216 6862
7403 698
4405 5356
3424 2089
2470 2606
2509 4086
3074 7569
4228 6898
6762 6975
3587 4885
4221 6096
1463 1301
5344 5111
1187 565
2474 2783
4199 5543
7233 529
7431 604
3341 2168
8131 4
8879 8416
3561 7395
8375 1790
6190 8707
1929 8682
6291 4948
806 4205
7595 493
3751 139
7528 5822
8321 4130
3246 6904
3726 7923
8945 3367
7635 5153
4926 3421
5970 4386
1385 7188
8695 1588
4143 8385
6208 7406
7278 4817
2618 2604
8117 8776
7868 1193
6928 6972
8828 5614
1339 7384
3328 3433
3708 5375
2186 1850
4324 6539
3358 3315
916 1816
2235 4687
1673 5503
5850 3882
5586 4958
4560 2134
5917 2127
7568 229
5711 1137
2084 5494
4707 4972
7040 4660
8309 693
5431 4762
5064 7402
1551 1985
3507 8634
3053 7511
154 2259
8186 6360
8348 35
7356 7861
4213 2681
2242 7072
8734 2758
5501 211
2861 1442
1645 1462
1906 6642
7326 1283
5166 4764
2212 7663
8043 6835
7074 7042
4409 9042
8145 691
357 6220
550 5560
6031 892
2340 5738
4908 487
2476 7328
3696 4271
3662 8289
4385 8382
5727 769
45 5150
7394 1554
6240 5090
2222 1580
2065 2729
3376 921
277 159
6426 1756
2701 8806
6346 5920
8039 7170
2191 653
5969 8359
5789 5633
1645 5170
230 5717
7969 7706
8367 385
1204 4647
6147 6070
4275 5526
8372 5162
4774 422
6382 2889
6694 7727
5918 3304
2671 1731
407 104
6548 6846
5747 6546
8055 8632
1076 2059
172 8383
8621 3554
4425 367
6595 2417
5771 7057
4084 4556
1213 2791
3352 4086
7255 7625
410 1432
6413 1859
3666 4370
1255 1786
5897 7245
2932 1624
957 4610
6769 7284
6705 2432
8804 836
6938 2531
3016 7790
4254 4278
364 7302
5323 944
6202 8099
7869 7958
3751 5862
8542 4373
6559 322
4992 2078
4317 3214
1528 1543
4791 879
9070 5554
6834 6284
2012 5991
1938 120
6608 6603
7228 2593
8310 5595
279 2913
3830 1458
943 1806
8034 264
4612 7112
5796 1832
6716 7968
1033 3016
2469 6005
1160 3527
1319 3128
1096 3171
3569 1406
3217 8507
1451 1020
8882 3518
7198 5303
5663 7340
7980 3407
9040 918
2569 4087
6306 1039
2103 3966
3114 4676
7554 8894
3031 5458
4461 3064
2814 6134
4013 4310
4915 1061
1123 1615
6218 6499
127 8078
4963 3986
8892 1222
6850 3297
3104 3112
4162 2686
4428 7649
709 2006
5225 268
7920 1248
4076 2016
5072 6291
8047 5592
4883 87
2187 4198
1409 3172
1088 8575
2389 2977
2298 7371
3782 6643
3663 3691
4665 4831
5264 2056
6042 5763
2951 6776
65 7347
1456 5545
1608 8347
5143 7572
6211 1884
2719 3338
6701 7811
7301 7043
4474 1818
7199 646
6731 962
7845 2650
434 8818
3528 5557
8866 3121
3286 5424
2024 5762
7330 371
2456 346
6485 2664
6420 4861
230 8433
1026 939
2014 1151
6427 4311
2747 4959
1209 7784
1613 7661
364 7051
8176 715
7333 3111
8960 4142
382 5300
6205 230
7202 5890
4365 3383
9055 3160
7474 8222
6493 8319
4308 6065
1612 3807
1787 3469
7310 1092
1053 2744
4060 3336
3019 2565
1204 6816
5344 1834
7726 3044
2167 2450
3840 164
2449 6373
1725 4147
1536 4661
1253 1549
1125 8330
707 7577
5960 7020
662 8649
735 3503
821 1595
281 2886
3224 1112
6893 2414
1461 8788
4758 2061
7586 1656
1099 1415
242 6230
3916 4870
2365 188
6823 9035
2955 7105
3256 3564
6994 3044
8532 96
525 2406
4505 6327
6560 4077
4365 6463
5957 8378
5955 2915
3271 5232
7087 7732
1798 2974
5614 869
8645 1056
3474 6075
5689 7695
3919 3485
1493 2503
1340 4122
8873 2304
3062 4379
1238 2419
9089 6196
4710 2330
928 4764
7411 4363
6902 8288
531 1083
4980 6098
8676 2854
3634 7344
4900 2323
5026 2402
737 1660
2536 2016
3130 2426
1730 3686
5770 7629
3950 7877
6757 2691
2587 3044
1335 1698
1685 8462
6252 2500
8571 4582
1727 457
1262 641
7135 8771
8821 1456
6268 2986
5120 8395
3904 2559
6791 5755
3732 2228
1512 889
4194 7878
3923 988
1716 3473
5236 7822
463 6351
640 5766
967 5392
3506 4014
2714 6666
5494 596
3522 5478
1264 1795
7724 8798
570 6549
3870 6903
2278 4387
1549 8246
7232 6155
8125 3323
5834 4733
4046 6627
3422 8483
9019 2427
8997 3990
5931 2301
1102 4021
4855 6309
8839 8985
2958 6297
5204 2179
1790 749
8198 7654
5174 728
1812 5839
5221 2631
7404 6225
5821 8867
7892 3052
3818 5260
2837 4215
5099 7439
7791 3536
4936 8290
7265 3598
3714 463
9045 2858
6071 6184
7359 6179
8264 5018
8501 73
2028 3816
4725 8166
4258 5182
8951 3647
3433 4867
1197 1711
2373 3213
8470 5016
8588 1544
5127 2551
3250 9070
5207 1226
3491 8970
1866 7452
3597 3636
1844 1616
7729 5591
4045 1318
8558 832
2321 5121
8259 6108
8468 826
8349 8374
52 621
3310 1290
4190 5814
5925 8392
7203 2410
4438 4258
8351 1951
8635 2461
3951 5141
5609 6009
7825 264
1641 4504
6119 6764
6493 6086
4298 1725
1833 5285
6364 6979
1875 7538
6997 8882
4520 7723
8864 6776
8904 3461
8675 6586
4995 8965
5971 7186
158 4576
5710 6296
793 4480
1314 5345
3417 3851
3133 3348
8772 2005
6522 8202
5599 2823
408 616
5006 502
4495 4752
7906 3615
3776 5769
116 8729
4539 5222
6398 2832
5716 1333
6187 3164
2701 3271
5585 8519
4767 3601
9009 6246
1370 3933
969 2960
2774 6861
8861 4146
6726 3105
5432 921
1070 3238
2855 8852
6645 8446
2030 564
8594 9043
6229 8431
3350 2035
1384 7955
8690 1770
5152 6123
5166 1286
3604 3048
4383 2846
3672 4602
2253 1720
6020 5056
6727 756
3001 3125
2525 2226
1216 8955
7654 2017
7377 792
1904 4688
2348 8026
6212 2690
3645 154
2988 486
649 382
2879 7863
5119 316
2607 5509
2066 7865
1865 6961
984 7880
7706 7933
6030 4726
2368 8924
4819 7598
219 5173
4713 358
6229 3743
4673 2367
8560 7352
992 2443
5861 7018
3976 5939
4887 6605
4452 8826
928 3209
6737 816
7309 948
6739 4277
5464 2533
5734 3867
357 3036
5376 5628
4191 4052
1184 8115
3284 8687
6686 3119
435 8604
8694 1325
1041 3567
7212 7163
5109 89
7180 8164
5023 2505
4049 1697
4847 5291
3125 6653
9028 2971
5242 6292
7811 5037
1818 4397
6193 6606
2561 4394
775 3527
5406 3014
3448 4789
8982 3694
4324 5441
7492 483
8770 2561
5968 5402
4945 3855
6076 7577
534 8909
6420 5205
2835 6643
765 8888
1224 3686
4349 4226
4056 6612
9089 7621
5677 7462
8363 8303
3926 6813
1289 2512
5536 8145
1180 4584
8262 7743
3480 3042
3091 1580
8608 850
8274 992
3338 1538
8880 3241
7995 5682
50 9002
4041 5826
6016 5714
7135 7772
2827 1939
8606 3322
3106 4520
2576 7210
8145 6800
898 7050
3499 5559
7886 1030
7379 3672
2555 3252
4284 6774
7954 7383
2123 364
5970 268
3364 4437
3151 4279
5515 1766
4339 7300
120 3954
4900 7327
3895 6736
108 1126
1181 1660
9002 8720
1225 4780
8575 5332
8730 2159
3017 5148
3843 3879
1188 7593
1365 5567
541 2804
6462 6339
2706 7914
3642 4259
5703 4234
8504 2321
5108 1866
6429 8039
2771 2679
1709 6636
7427 353
1597 1451
5634 6237
7023 6027
4526 2159
2931 4956
4852 1885
4459 3447
1772 2616
5738 769
7310 8702
5738 2060
2028 5426
2880 2786
329 7019
5753 1722
3049 8622
452 6847
2959 8755
7934 8472
9043 3088
1173 7712
5064 1598
760 2365
6318 3332
6716 5124
720 8111
5458 72
5566 4145
2179 6193
8684 9010
7286 815
5873 894
6849 5814
8617 5136
246 5098
1406 7811
5442 3262
4066 4998
8723 8149
2854 2899
4025 2968
2275 3814
4134 3412
133 3692
8665 3285
1446 1213
8952 4373
4757 8636
4781 1630
2594 8516
6077 6325
6523 4242
5352 6750
3045 1449
2962 6654
5390 8726
900 3076
5990 2409
6941 3602
4854 7408
6432 429
4524 1642
8994 2139
5051 6444
3433 5254
6035 5715
1327 269
1357 8944
5836 8191
58 7227
5068 2914
3998 8450
3969 8497
51 5635
2453 5646
2992 2376
5836 1158
8791 4756
1220 1110
9083 2645
7564 6897
462 7754
3685 8928
5533 1895
2423 7064
8293 7404
3536 4151
2894 6267
751 1535
2841 1741
965 2679
2948 6080
1153 5721
8728 3193
6164 6172
2982 2583
8806 6474
7064 6550
7208 9037
312 8199
1123 120
7664 485
4604 8644
1039 5493
2073 3150
4968 6825
7426 5564
4930 5103
1305 1852
7804 2731
7956 5735
7739 696
1434 8673
8432 4581
3589 7446
1287 1591
3688 8311
8891 8349
3697 8369
8203 4333
1567 6953
3478 7673
9023 191
7564 6858
2061 6162
6464 780
6119 5666
4951 3771
5780 1245
3726 3676
6707 1665
2535 3053
2436 7957
894 3490
8817 2483
833 5325
3760 5082
542 3845
5095 390
5903 2946
2795 2917
3674 8711
8048 246
5039 8903
2544 4766
5357 8552
6873 2265
1288 5244
3540 1972
2255 8000
8486 7012
3859 7974
1891 8541
8818 4738
8428 8877
667 7253
8473 1237
4125 8252
7277 1267
6597 6819
7783 6060
1729 8900
7497 902
4718 4566
8258 3942
5861 6641
8062 7750
6685 4881
6884 8156
7660 5009
3983 2347
9050 2516
3775 5982
767 874
4868 8719
6707 7744
2681 881
4225 595
4750 1676
7099 6188
7561 6887
5879 4457
5665 549
1757 4511
5047 3773
7495 4641
7452 3275
11 4742
5271 4779
579 4104
4646 2183
5295 7854
797 3150
1285 8537
4675 5709
2256 2646
371 8870
5324 2247
6260 70
5735 5145
525 4750
7100 2086
6210 6109
6950 4118
1623 3839
3816 575
5297 3031
1619 1004
8061 7155
8986 3082
586 5326
7307 6666
3798 5050
1879 6750
7746 4061
4560 6792
5916 1280
7864 4004
8453 4613
4565 6934
1564 7913
4942 7616
8620 5280
6397 6421
2230 570
4679 6370
3040 2322
4095 503
7670 6419
1815 4401
1770 1985
1473 3545
8398 658
2498 7241
498 4504
5080 4447
6282 1401
4854 4245
308 5848
5764 2218
7162 3576
5569 4510
6163 8934
1845 7743
4413 3421
6427 2088
2008 5429
6263 809
976 2882
3503 6156
1556 6167
8557 862
7436 3468
177 4198
1266 6390
7857 3015
4187 3556
8805 1243
3257 6133
6449 7941
205 4508
8330 993
4024 4041
2733 2482
8980 3661
5525 5093
8761 3120
7367 5826
8596 1108
6337 4012
8268 1391
3525 3848
5231 3336
3300 7517
5078 1999
7924 8680
9064 978
3761 8293
9 6765
7226 815
5741 4567
7133 1916
3042 8549
3618 1592
6049 8064
8441 3690
2353 2059
1098 2524
8210 5750
7142 17
5124 2378
3505 3608
4636 2967
6961 5363
2795 5610
1760 253
4819 6248
4772 8607
2311 212
1477 7707
8583 5371
6595 134
5565 4699
8207 5430
508 4309
5156 4250
7349 2231
7057 1821
2355 1866
949 3919
6647 6019
628 2845
4634 5731
4905 8124
1156 7478
1734 7895
3246 4893
3600 998
4342 7267
4064 3895
5238 4324
7614 2147
4851 8410
7215 60
207 1670
3033 6370
4618 1537
4907 2487
3190 1159
4100 739
7089 5378
2638 4186
3091 1728
5117 3964
1393 4433
4471 2627
5913 5183
4954 5310
4894 7576
380 8118
3068 6199
3217 2941
2171 1800
4498 2052
4669 6403
859 6277
3958 8846
3705 8081
2338 1297
6827 3581
6955 5611
4495 3850
5870 6750
2847 8050
5379 2129
3815 5011
7636 2441
7178 7840
7679 7035
8749 1423
1996 3814
2238 2230
6093 4786
3299 7707
3471 8451
1357 6970
2961 8618
5737 1123
8180 8059
464 6441
8787 7339
6025 3050
6510 4456
8070 8656
8931 1789
4681 1016
545 5555
4547 5727
2411 441
8373 8301
5360 4701
1514 3658
3947 6396
1632 9054
5773 3772
6713 750
3195 5400
3550 5080
4511 4761
7440 1882
2433 7077
3269 6450
6575 3638
8764 690
3401 4259
4498 5125
8175 144
1119 5604
1364 6412
6645 8363
2984 6568
4813 2460
6627 6157
8494 4948
2537 2592
3174 5258
5025 8607
7538 45
6522 734
5546 6921
8756 4994
7691 263
4700 3438
1341 5017
3345 7176
4549 2515
2100 4423
7781 5914
6420 7053
4083 8956
3804 2940
5940 186
5593 8043
3640 1656
3902 1764
6210 6884
138 5767
4241 1523
2288 7081
5173 3365
539 552
1332 2983
549 5244
8342 3726
3608 4242
8422 619
3602 3739
1175 5806
1221 235
979 7520
1298 6942
4654 1855
6629 6736
5981 4972
5967 2971
8760 5616
7412 9063
1559 880
4676 1272
3733 2766
5646 1450
7411 639
4032 1558
3573 8384
7807 4668
251 4782
1432 7133
3592 650
2441 6325
2709 5749
6504 9071
791 5176
480 2124
1810 8081
5851 8178
6692 853
2666 6476
2658 5237
4039 2451
2425 2163
5106 4568
8743 5293
5371 1197
4658 6388
7812 7360
7964 8604
8028 7268
7795 6462
2215 225
8907 1900
7834 309
6050 1087
6306 3746
7731 1337
458 9027
3913 416
5939 7552
4595 2536
5276 6476
4139 2645
747 8363
7340 3573
410 9024
2515 7092
8795 3900
2172 713
4474 6050
2768 1862
6092 8634
4575 1696
2332 3169
6018 101
8886 7840
6120 7997
3372 3603
2586 3995
2470 2484
245 602
1561 8766
461 1824
2368 34
1548 3226
8672 7181
8692 4531
1482 1617
1203 8067
6063 8460
2223 6318
3898 4951
8253 4790
7227 7750
3873 15
428 2982
3202 8963
2408 278
2287 4997
5582 4892
9005 2733
2709 7630
1826 1088
7775 5372
4044 2351
3040 3219
7245 1759
1078 8031
1594 4561
8365 1805
70 3090
2861 5110
5032 8851
4549 6247
2596 3547
3579 2536
253 1242
2766 5619
8070 6541
3333 6409
2494 6286
3909 2377
2472 2717
5557 5932
6655 1655
4463 4863
6287 177
5309 5529
3801 1157
1776 6771
976 7542
519 7165
6416 6823
881 7092
4448 2140
1237 4122
7785 8455
3098 3038
703 2071
8272 3309
5575 3719
7069 4690
2066 6923
6538 5460
5756 5907
8231 6055
2639 1612
7736 6450
3017 4864
7103 6127
7218 7907
8610 4384
8742 2222
5057 6671
6602 6407
5677 9016
4214 3435
2788 2236
2601 2523
5283 8034
8340 3043
4770 8534
4541 8706
6110 9059
2732 9047
1803 6854
8697 6095
1522 4985
2187 4428
7530 1801
6623 1769
704 7729
8972 6033
5670 3114
645 1659
5952 4845
3467 298
366 7794
1487 7350
3531 262
5547 7036
5076 2825
8373 2732
5126 7267
8616 8181
7290 8903
7873 4614
342 6231
6361 8259
2214 473
4964 5139
8513 4666
3804 6542
1032 3117
4977 36
5153 1011
3847 5763
2164 8468
6315 5137
8341 8179
7770 4224
547 612
3693 8723
3155 8604
3020 489
2948 3722
3395 452
3506 5427
2545 6100
8467 1145
5928 2266
115 7973
1918 758
3399 4945
7967 1256
2535 2203
3054 868
2745 94
3308 5976
6814 4619
6908 9016
7927 5033
1222 2000
2855 7483
5570 7582
247 5502
5950 3379
2883 7208
8038 8436
1004 7504
5561 4793
602 1887
4086 6956
7671 193
1815 4126
8001 649
101 7642
4861 4090
2510 5259
2604 5918
4201 1626
9076 5718
2813 4093
8125 5058
5511 7294
8098 4250
4654 3616
7590 8588
163 2416
3492 966
8560 7933
6834 2676
5807 7703
3358 2872
3141 5891
4332 1500
1808 9070
8767 6348
2249 3747
1443 1247
5617 7343
3120 1238
5440 638
8970 2491
3409 5979
8962 8996
877 339
7183 7896
449 1740
9066 4726
4619 1324
229 3096
1016 5084
8802 6551
4974 7484
7052 1702
6924 5420
6002 8528
412 2475
5444 4778
7124 1503
4650 8699
8060 1348
5418 563
6663 2705
8766 3793
850 1906
9000 1500
4976 8896
4978 8534
164 463
3354 44
5647 524
4866 2924
7012 9003
2951 4508
1101 5751
1675 2722
9021 8104
1141 2582
2827 4648
5637 3252
7711 3157
7888 5439
4836 2220
5954 3156
6301 4419
5273 3904
3158 6890
6983 79
479 5024
5765 5880
2102 2695
6455 1302
1786 5001
7802 550
6475 1063
2166 4534
3385 2183
7342 3756
7534 8418
5596 3045
1854 8710
2866 2222
6112 1784
2268 6195
8867 8122
5505 3143
5820 8884
6883 2162
5424 2967
4987 4487
1505 6594
8066 3032
1429 1843
4435 2819
166 4971
4950 8507
8167 2706
4471 7153
5748 289
6533 1572
7139 2912
385 5906
2090 3994
1908 3385
4023 2010
7355 1378
633 7861
7690 825
8305 2439
2416 6090
97 6830
152 1524
2873 4184
487 6618
8339 431
3861 1959
5998 3470
254 2778
675 5046
937 7029
7539 5078
8484 4861
7309 2271
7294 5780
3235 3039
1136 657
4574 6359
6795 5723
3364 6658
299 1001
2734 8279
1170 5509
793 4153
8831 5445
4466 1776
3758 1556
7059 4504
5256 4786
4970 8849
7932 8300
7431 3237
5266 7994
2216 6806
8439 406
6901 7586
5318 571
537 3901
8562 3420
8209 1388
8592 3650
3467 2657
6675 3492
954 2914
1034 7667
3571 5196
1611 8394
6001 5206
6929 3625
2371 1870
2475 8113
405 940
555 4408
4247 1083
427 751
8786 7132
9006 1529
8032 4392
5182 8388
1680 5338
2622 3241
3325 4737
6779 5325
1914 4914
7180 2444
3763 940
3327 6184
1351 634
6965 1907
8623 7133
5318 5908
4608 4026
3574 189
1655 3972
676 5766
5683 4264
6695 1671
6323 37
5329 8444
8223 5330
7355 8249
9014 8752
831 7523
4703 600
2172 3928
1736 4964
3893 6744
923 2965
1122 1462
2771 1128
27 180
3208 2994
5885 114
7921 1630
2471 1194
3867 6258
4797 8312
274 3825
8559 5070
7898 3568
8488 8748
3564 2559
8334 5629
7205 3389
4031 6463
5757 1260
6914 598
6037 3346
3246 1790
574 7448
7676 2307
2342 6752
1780 411
6195 4389
5316 2294
7051 7523
6687 815
6875 8076
7527 1396
3727 503
219 3716
7525 4894
6064 1744
3052 8545
6414 4323
135 4472
3703 2013
3581 5227
5848 2363
7002 5201
4222 9069
2846 8579
7833 8551
1935 1048
6423 6470
8951 6934
8834 7026
5472 7720
5272 3790
5856 2119
4564 1141
676 3936
4512 1171
3981 7489
486 4512
8397 8928
1936 1482
438 1909
1601 5456
5505 7745
3731 6859
1761 3322
1765 8436
7509 1934
4980 170
2905 2080
2225 349
9065 6508
6816 5645
1695 5844
2048 3028
6386 8695
522 5106
7164 4957
4517 4895
1596 2054
4054 7473
439 4156
7528 8899
8742 1696
7004 8973
4232 2213
653 5118
7337 5361
4443 340
2632 7308
7875 8275
1694 4203
5161 8450
1000 210
276 1576
1788 1814
7215 7736
4359 8352
3390 6482
5595 6612
1585 3843
1521 4939
3440 8090
2231 5587
7827 2647
5651 5599
3909 8025
7829 6468
6637 8270
8080 3341
1387 8237
7292 7774
8672 601
33 8304
5717 6203
3276 2869
3813 5745
8052 2402
4632 8618
4330 1213
4473 2941
576 6673
554 6863
8041 5412
6741 1590
6536 2564
7078 4071
9035 7005
1886 2916
8689 3526
4262 678
4683 2760
4510 6659
4711 7546
7798 5320
3443 4824
2921 703
1377 7190
4465 6010
8207 2896
6160 6523
3361 3980
7410 2291
4614 6281
6782 2401
5202 7325
4605 6443
199 3946
9047 4590
1469 7917
3359 6104
6275 3510
1300 3374
6473 6633
4337 7602
4829 6634
6818 8177
8917 4811
8136 3207
7833 4153
3286 721
785 2878
6744 3939
236 7761
2514 7915
2761 7834
4967 4891
2843 5429
76 3097
7753 1452
1678 6454
1225 8561
8783 2651
4195 5761
272 7271
4615 3504
6184 1650
5255 508
4677 468
3222 583
7591 7537
7179 2921
6238 7500
4162 8816
2647 8842
5418 7156
2375 8926
4383 5144
1819 7845
3428 5274
2017 5752
2488 8094
5461 3080
2185 8503
18 3849
1471 4469
4488 2128
3933 5866
4653 8008
4000 4719
4464 7422
7294 7908
6552 6587
5279 8155
4989 2928
7217 1826
62 3635
1395 153
7629 4316
7508 4880
6981 4407
7610 2169
3736 1490
429 1836
1657 3969
2169 6626
6857 5141
6770 2055
6798 7138
8985 6722
5254 2553
2928 6316
7817 2640
8188 2825
5611 4786
436 8979
6724 7277
3846 4576
3052 6574
6729 4715
8256 558
90 3813
5167 7272
6141 755
3194 5868
3780 4428
3981 6142
6452 1920
8675 8788
3598 4525
4733 3712
4448 8009
3733 8861
2632 3555
422 3077
5346 5374
8665 5648
6966 1889
1913 4532
4007 7457
8196 1046
3014 5565
8100 443
2144 989
6908 3288
5169 5304
629 35
3763 3012
9006 3300
8208 301
1721 254
1811 1813
6707 6383
3425 3774
7909 8776
1066 4539
7555 2716
8688 6806
3488 8058
5120 2317
3500 7986
7393 3335
3934 8894
8936 8514
4611 3891
8953 1571
2332 3152
8328 3602
6892 8271
5841 7677
8784 269
2440 7214
8916 83
7008 2950
7906 4821
203 7048
5847 4784
4672 6694
3196 7656
6179 893
4870 5168
7059 8005
1665 371
6722 6989
8030 909
391 8636
6699 8481
2041 3283
8120 2520
1872 3213
1527 8874
5794 5266
2361 857
5093 1875
5221 8375
3039 1407
169 2398
5898 8155
7832 1949
4964 8334
946 3943
503 7392
6380 638
6611 4839
7783 248
2598 1779
6052 5869
155 6531
7900 4208
140 8043
2806 3370
1900 9055
2804 6088
4066 9047
4557 7765
5812 3465
7110 8104
1753 3509
6095 5356
892 3783
5082 4492
1423 3337
307 6369
3205 5491
2083 8397
4573 8402
3026 3068
1257 6234
4772 4568
6637 6512
8726 4813
1697 5631
6367 130
8592 1948
3954 6178
1603 8955
7094 1603
8591 2712
521 6677
943 2358
2219 4136
5075 578
8184 1529
7807 2483
7531 942
8605 555
4077 9068
7688 4872
8002 445
6714 1516
8397 8735
5129 5903
1528 6525
8715 499
8503 3868
8364 5718
7211 6170
2828 8045
9031 2306
8580 5403
3435 7680
937 2688
7968 1419
4158 7879
410 4279
7160 5131
4705 7086
715 1722
803 83
1273 1792
3652 2522
7342 7939
4777 1043
1736 4084
4820 7565
3241 5281
3596 2672
38 5412
3436 7424
8912 8380
6217 1932
1834 3571
4904 6876
7084 6703
3299 2914
4305 4361
4923 6891
8911 5967
3617 7742
1816 6331
3927 7692
3974 9044
7708 3373
6485 91
7170 7135
8867 235
5858 1581
7732 7422
6287 8600
7322 2878
5310 1281
6788 6014
5362 5571
333 4575
5432 7001
5753 605
4527 8883
2012 3379
7304 1439
4554 8605
4046 3706
6116 1801
4598 5169
8269 7417
8773 3242
7935 8456
5434 164
2718 7550
925 5719
5010 1896
4402 5052
5531 6892
5519 4583
6044 3054
1246 3095
8543 2041
7494 4103
2422 6685
5881 5755
6181 8756
8988 6921
6747 8724
7400 2463
8681 4355
31 7897
2859 2939
790 1232
7709 3710
1294 1371
950 3927
9067 1034
1027 5981
8401 4334
4797 6530
5069 4984
7071 5347
4750 1895
908 103
8463 4199
8028 3740
4916 3307
4962 3918
7672 6311
7502 8664
5491 3388
8807 2070
6741 2984
2276 897
8922 4879
1914 4415
2363 3207
1452 9009
1885 1936
5579 1391
7815 7739
8055 1306
1946 1675
3095 7809
6881 1793
3305 6580
3351 5005
6182 3441
1318 3400
6128 3203
3622 217
7380 7913
1671 3466
7317 6895
6019 2604
3345 5504
2479 7446
1207 8589
2817 6986
5580 4124
8058 6439
2742 1882
5339 1206
3167 8684
4185 1518
8254 1709
2093 1904
4679 530
4362 4031
3697 1148
397 1999
8308 4788
4656 6646
536 3872
5261 136
636 8333
5568 6721
1203 3109
3075 2240
5811 8091
880 11
8951 39
7647 2272
1653 1692
8489 1212
776 3408
6946 6281
3234 5391
3067 2577
8065 267
8333 3724
8878 1118
8294 7618
7167 884
2474 4182
6116 2014
6930 3305
4078 1131
5861 2612
5464 2239
8417 8576
4620 4222
1876 6013
3079 2936
3591 2448
6778 3043
4202 6613
8972 2767
504 122
3220 3672
8502 1317
7776 1145
5027 573
1550 1591
2158 4816
4405 5679
8872 6821
7376 4479
5893 6224
6317 397
715 1974
8815 2993
8780 5549
6063 7983
4188 8869
3313 7886
4812 5097
5000 6685
8390 1433
540 7664
3072 5706
118 1686
1488 876
1229 3896
5575 1109
3831 3837
4033 1743
3499 3477
1752 3650
2680 3702
10 3280
2743 4926
529 3180
3805 5797
48 2972
2311 3374
2245 6867
6830 4995
2636 5515
6234 374
834 929
2385 2129
7010 4391
9026 7660
1034 5163
6766 8247
8831 4968
7204 1972
1459 5579
8430 939
2216 6273
1002 8508
3875 8822
4491 5436
6277 8730
2241 4194
6491 607
1913 8123
5288 8197
1798 2260
3113 7085
510 7910
100 6710
561 6284
1336 465
5012 6983
5812 8523
6995 5571
8388 4563
8471 7962
4476 3730
188 6689
8837 3732
6231 4677
101 1326
1768 2480
701 2079
2910 5815
5074 1947
8193 5125
6526 979
3328 740
5514 1329
7656 354
4546 3756
8777 7314
1493 8034
5708 4985
4544 1489
8873 2541
2670 948
2156 590
8332 4069
8738 3147
6361 4903
3416 2062
8438 6648
3796 2044
7116 129
3228 1293
2564 6768
8966 1276
2564 4809
2285 8983
2395 8158
7771 7447
1030 1150
1824 6233
6440 2366
2865 5750
5445 2086
4842 4825
5465 6985
723 4417
4104 4320
6230 3585
2298 352
4619 4952
95 7288
3450 4304
2663 2567
8598 1752
4600 5612
8391 4379
5181 340
4467 5990
5327 1680
3812 6805
5103 6221
6607 4195
1125 4671
2091 1354
6942 2740
1166 1606
7663 5038
6208 6567
4035 6208
8338 5233
5200 2057
3002 2393
1898 4220
8265 314
2678 2847
7938 6901
5099 4862
5879 6438
1176 6940
4165 3930
6439 6559
8225 7488
8054 3325
1865 698
4341 6570
5465 6496
6676 5280
1586 2381
5768 5407
823 7111
1583 172
403 391
4481 3247
2379 1533
3828 7984
5466 3223
8337 3366
8425 336
5050 8180
7324 9019
8633 1628
6643 6235
6513 3240
5867 602
4591 2586
3113 1215
5351 806
1466 8766
5287 108
238 6271
75 4045
8993 7505
3729 97
2274 6296
3051 3611
6904 3759
2952 691
9079 3765
2903 3405
3160 3931
6669 7516
632 2700
475 6858
2834 455
7266 7855
687 6352
5777 851
4837 4703
1830 1347
6650 4315
7377 807
3556 4670
6507 1147
2279 484
3256 3065
8913 8462
3245 8739
7138 3449
4684 538
6479 852
7472 3181
2247 7373
6387 5661
5116 3761
4746 6527
7114 6932
5213 3639
7937 2705
6237 986
8009 3242
153 4603
5643 1787
7076 4984
3830 5295
5883 2173
6095 626
335 8652
773 5692
6470 6214
7628 2203
838 6749
6472 3127
8396 5014
1892 4370
9017 3575
2128 2266
8755 557
4424 4195
284 6327
2984 3405
2725 6584
2803 1561
5153 7734
3979 8442
7244 7298
4712 2567
2127 7282
7655 7237
5036 2703
3590 4779
5325 3056
4293 8134
1230 720
543 1535
5524 7378
5046 803
6118 1719
5054 7634
5378 6680
3499 4382
788 6306
6327 2521
2674 1622
2334 376
450 7869
8714 151
3767 5796
4454 7283
1991 8744
7923 2721
7078 7013
2343 6852
2436 2160
5913 8932
5164 2658
4870 8059
5391 7111
4646 1746
1423 2409
4341 1922
7633 6696
963 3130
424 6591
3861 2628
7365 8524
7 6446
4962 7769
5198 8642
2273 6584
3508 3666
7638 7616
6797 3436
1064 4575
6384 6045
3303 7071
5175 2195
1530 2513
3997 7358
6848 5800
7681 252
6511 1244
3232 5858
2451 4253
2854 292
8281 1955
1155 6357
2231 5213
1445 4558
5838 7507
6216 8110
4958 929
3937 4972
5483 4715
4371 5910
1251 1224
169 3469
8360 5894
8717 5549
7963 8538
9024 5544
1348 7493
7140 2541
8691 4507
8140 1338
982 5802
1987 1611
3696 5218
4805 6540
3888 7429
228 2165
1831 4103
2795 1380
7510 8183
2069 6817
4238 6079
3145 1412
2665 4483
6583 3694
4058 2257
9003 5272
675 5373
8025 7131
8796 76
3716 1313
1489 1368
7540 1748
6536 8204
4867 523
3762 3619
2502 5943
4133 2376
1558 7280
6627 7329
7764 530
4810 235
6909 1254
2369 8107
3568 4572
4392 994
1470 1678
7304 5948
2412 9001
3871 6776
1376 2360
5615 3083
1017 3818
1028 4905
4981 4153
187 7333
1273 5007
5601 4239
8796 6241
8628 3357
2239 8314
1730 5615
8021 3207
1858 8462
6708 368
6844 6716
378 2469
8218 7549
1736 3350
4735 1546
2360 1491
9075 951
1008 7910
5468 6418
4846 7606
278 1232
2750 1297
4564 4869
3209 1625
785 6603
621 8398
6849 4156
345 7082
986 2897
6094 1451
8571 3569
8265 5052
8845 5654
5595 7351
6312 1917
8281 1940
7925 7897
4272 9030
5370 3650
4637 4422
7258 3802
7576 874
6336 6987
7239 6606
814 385
6063 7289
16 477
5820 8137
5672 3297
8155 8160
1254 8584
5529 4674
2428 5914
6569 8823
5841 6435
2031 2910
828 6732
2025 6932
1869 1828
2690 6362
9026 3800
1210 16
2892 5895
6569 8293
4957 5971
2005 742
8809 1691
1882 1076
6068 9010
6845 4916
7118 2723
8654 5735
8528 246
8854 4617
7119 2278
6349 5052
5985 6252
3637 4607
248 793
2619 8379
8450 7727
2143 1275
5482 5423
3150 305
4910 6575
5724 5934
6006 4187
6871 2953
8502 5779
5296 8871
6982 8762
1363 8578
3234 6649
8052 2633
2504 3000
721 4662
2247 2336
2161 1993
4960 6450
4221 6433
4110 1026
8843 2349
7540 8719
1038 6150
2504 3192
1733 6168
226 1218
3376 8061
8997 1224
6037 1309
8938 8092
6487 3520
2046 1628
1057 6594
375 1086
2571 1254
7600 675
2272 1085
1107 580
7755 4877
6757 1995
7565 2292
3135 1968
3019 4966
6704 2112
4836 8522
6249 8250
8606 100
4369 3285
460 363
1740 870
8521 8466
1441 3967
4404 2700
6220 668
5562 5084
6024 3766
2401 7797
6254 8479
8087 3984
5944 774
5625 4516
810 1154
1440 6130
8541 2693
8296 3688
5684 640
5123 6255
4180 1390
9044 4413
4486 8369
6672 6178
1384 8733
5746 3071
444 4663
3285 8477
1635 5885
8361 5712
2258 8416
6228 4999
564 2145
1794 2585
1344 1075
2773 6165
6462 3272
4470 3410
554 3952
8741 6107
3723 1903
1245 4755
4776 1298
1714 4516
429 3677
4717 6313
3694 7616
3450 961
8508 6822
4460 7551
7876 2994
5489 3409
7123 1497
981 6054
7774 6906
4121 1989
2734 3224
3945 1089
6284 7490
4206 4433
5717 1280
8856 4042
6725 8534
875 8443
1616 4424
4603 7909
2297 7951
3061 2597
3794 7837
3050 254
6077 4387
2487 3988
4074 7150
2428 1040
1748 1316
3172 1415
17 6928
1330 3600
5346 700
3822 8205
6534 7210
7026 6605
3975 7326
8431 3749
6094 4310
4563 4299
6084 4982
7364 1369
4312 6736
3250 7421
6498 1102
5995 7972
6877 8991
2135 1077
7148 1186
3200 4120
786 3800
4488 8942
2621 1248
5180 4583
6808 5947
5680 1237
4278 7463
3224 1681
653 8968
4092 3343
7565 5242
3032 3356
6693 7951
6438 8413
2918 872
4885 4586
7615 5023
1636 7199
5606 4384
319 5360
5839 71
7113 7079
7569 1267
3807 4220
2957 968
4022 2011
1479 5674
3342 5403
387 5211
1425 4617
3520 5984
8998 8214
6011 982
5183 963
3916 283
6761 4542
7233 7259
7445 7954
7022 6030
6891 6651
4966 8470
6660 6849
2528 8486
5189 3820
275 4276
3664 5650
525 3781
8690 1679
7067 6485
845 1672
2158 111
5609 3457
6601 2357
1832 1408
1062 4175
1496 6283
6619 3811
1481 4880
6906 8146
3703 8681
8705 5349
5290 5263
5401 6488
6689 7348
6148 1041
152 2116
6910 4746
6838 8954
6532 2056
5951 6787
2036 3149
8436 6600
6397 5193
8206 5239
5571 6215
3047 4491
4634 7455
5420 3038
8323 8898
7766 7447
6710 4866
4889 5572
1483 4766
401 7340
3067 5220
6844 7434
4876 2094
7794 8458
7347 5360
1563 2139
1042 4198
8441 3001
8068 5285
7623 1467
1821 6983
4751 1156
1422 7376
8645 6783
736 1424
6328 6905
2681 2873
4939 6712
5848 3960
8552 7756
2023 102
2778 4814
2650 1853
507 8677
6748 1777
408 6371
6640 7527
6492 6692
1364 8707
2615 7457
2190 4824
3719 8999
3826 123
2256 7648
7552 2302
7498 6812
5342 5599
7461 2527
8461 5577
5838 688
8546 5825
4497 5832
8612 8746
7262 6294
3698 8427
4406 7460
8291 7944
1011 192
6200 4258
6218 1641
7867 3643
8787 384
3532 8596
1754 401
3789 4180
737 3281
5230 5532
3843 2250
191 2394
2858 8525
6245 783
4417 2193
3314 1954
8504 3391
5714 9069
2702 7437
871 5754
3931 4164
4688 8153
4423 2633
744 7120
2032 3818
775 5925
5744 3059
4467 3932
3366 4506
8366 3193
3080 3009
1648 7617
384 6413
2992 245
8044 7998
7837 4820
3129 3935
801 7593
1054 3849
4523 2471
7131 5257
5422 2384
6060 3680
3783 2704
7316 8540
8920 278
7557 4206
2391 6817
875 6927
7696 1395
7507 7174
8926 4237
5594 8329
6638 4518
7256 7943
7853 7285
273 752
8114 7089
4435 7515
1346 1362
500 3367
5582 6232
5750 6562
479 6170
2296 6904
1382 190
2226 2263
1850 6330
3178 7220
3434 3907
4121 3941
7322 1411
5199 3529
4238 6320
3231 7456
4600 1317
8774 6922
4982 5256
4779 6715
3653 530
3263 1387
4677 7422
3645 2662
6130 2138
2081 1665
3079 5766
2331 5473
1634 1857
2737 1133
6702 8745
3110 4357
6152 2909
1907 5979
5802 8455
587 3390
6507 2179
3398 8644
5379 255
3971 2610
4457 740
459 8058
9039 1703
356 4410
1853 6084
2448 7332
2895 1170
3474 3633
7455 8673
4210 5991
717 3468
8091 7459
7307 5406
1352 9075
5729 7401
4069 383
926 4157
904 6046
5139 1549
6495 5271
400 5446
253 1103
748 8856
7993 8045
6116 4581
2855 3548
3572 3634
3375 7829
1890 5410
6217 3702
8722 3966
6735 6981
6099 1076
7629 4381
8095 7391
842 4061
584 5347
2905 2677
1030 833
5262 2061
156 5496
5544 8526
4167 8316
5382 4698
8737 7279
6272 8637
2472 2839
5585 4670
2967 7984
5455 810
576 5682
8808 8215
890 1994
1105 8725
5427 4778
67 4703
2756 4292
6159 343
8298 1018
919 8180
3561 4464
4500 4456
4681 1540
6347 258
6782 1525
8232 3359
1752 5829
7689 8573
7467 3565
5367 2300
3665 8457
4026 5707
4471 8311
2461 5320
6817 8602
1574 2319
1243 2868
6966 4924
3464 4592
5114 1616
8771 2608
610 7079
5138 7316
457 7501
7168 127
8143 21
4926 6300
6652 3959
8745 4636
8941 1498
5137 6745
4590 1945
6403 3853
4079 3326
5971 928
3469 7122
5967 1662
6433 8953
5367 1121
748 690
160 8209
2532 6688
450 2235
7803 2986
6488 3069
8308 8127
7136 7530
4632 2334
7433 6226
5040 8244
5065 8967
4129 2571
7006 2789
228 3958
6842 7692
5230 6365
8262 2063
4609 2381
626 178
2424 7907
6175 58
9077 3041
4527 5661
4089 7721
6489 3235
7975 8390
680 4173
3425 1208
1223 8013
6092 4751
6429 4043
161 304
7415 4900
6375 3125
4533 8901
2793 2519
2140 7285
1781 1596
5454 5072
5229 7814
2047 1531
3809 692
2085 3501
8983 7969
456 5893
5432 1287
3724 7404
7541 6153
3771 7671
7242 6487
4884 2196
8830 2920
7328 6761
7781 1841
6156 2128
4768 7627
7871 2891
2673 8262
4822 5640
3108 8411
7091 3525
6747 1758
1048 5219
5372 1837
3354 5949
8230 2464
8213 3138
4875 6410
2176 3279
7145 241
7931 279
6280 6256
8152 6078
73 620
7297 7861
786 4586
642 3915
4549 2194
4228 3511
8849 5988
4055 5711
565 2687
3794 6632
2202 5675
121 7259
7239 5463
8966 5100
1678 6657
1069 5567
778 2419
5209 1732
4836 7619
231 2901
4577 1009
6657 583
1847 3414
5745 7842
5155 5704
4983 3977
2995 1700
5825 2581
8372 4497
7711 2270
6466 6595
1533 5656
8987 7173
7044 8084
1177 4293
2111 3446
1795 7650
3336 1553
382 6329
3700 6678
8775 5252
7429 987
2375 8162
1261 1249
5003 3140
4617 7532
9078 4399
8893 7679
4774 2723
6448 5689
6828 8016
2151 4884
5962 6990
6934 4898
7967 4117
5070 955
4331 5135
6533 8150
2469 7060
7178 8492
881 750
3605 5587
896 3270
3374 7043
8014 3590
3472 5778
136 2900
6190 2736
8530 8187
4654 194
2249 1654
3215 3671
2741 9027
2601 8992
9038 5994
7390 8135
3461 2467
6686 3953
777 4030
9016 1337
3274 1938
8371 6061
4982 4586
3231 3553
1150 2423
8352 3550
1442 5947
2328 7784
145 846
7588 2797
3429 7122
1495 3673
7 1029
5622 7082
2652 936
7187 863
240 6556
5585 556
1887 8266
987 3305
5019 1922
8327 213
5235 3925
7979 234
1513 4354
5522 4139
5791 1747
3003 8226
6945 7889
848 6999
6695 5923
6925 1409
6082 4211
4673 4010
6753 2899
3838 1333
4692 2042
6646 1798
4757 4256
6691 7957
5163 7877
3099 1394
6826 7940
727 1662
5431 5919
3065 4338
8022 8483
7383 6551
8601 5451
5791 4735
4016 2880
5238 4067
1298 3258
1302 3205
3225 2609
7846 870
6558 7536
8412 1984
3879 5629
5687 4785
532 7127
5505 3386
5547 6635
722 1002
2359 7331
1877 995
5311 6544
7691 2716
2613 7873
3752 7923
1456 360
8231 7894
8458 1905
6553 1550
4840 6400
5694 2930
5740 4137
5944 6209
4359 5601
7822 1826
1660 62
5425 8069
248 5403
7604 8138
3996 2241
6075 435
5082 1181
7045 6598
6601 5368
7206 7196
973 996
5852 7614
2215 2930
747 3553
983 7102
3517 403
4942 8602
3532 1420
7269 4352
7760 5813
2171 5270
5429 9028
7279 3984
1408 1904
711 883
7211 1923
5340 8774
1110 5639
664 8321
5876 4031
3689 8206
2934 3132
7152 1738
3574 1875
3599 1052
4567 1654
3086 9052
2797 1252
3593 5774
1981 1512
2130 4599
855 6449
8733 8370
6521 9009
4826 1218
6796 4286
4759 3072
109 4999
3692 1518
6550 2108
5482 6980
8163 5632
6403 1234
3930 3343
8934 4450
5908 4033
6577 604
5589 8423
3592 3373
3712 3302
5627 6459
8865 6166
3132 8469
70 865
2853 1930
7425 8190
222 622
6796 4383
1890 6368
6124 4793
132 8179
9074 5528
7567 6348
6625 1242
4152 5907
4242 4437
7123 5600
1747 7704
7671 6372
7205 3952
8333 8435
2516 509
8939 7421
6079 5663
644 1090
2486 557
997 5287
8929 8369
6363 7149
2301 2656
1772 5574
4426 302
7483 978
4937 1644
3728 8846
8122 8386
4279 1754
5253 4676
2931 1464
608 2799
413 3787
7850 1113
42 5781
8755 7767
1562 4958
2899 7333
281 5060
3370 6128
3240 7902
4835 1465
8584 214
7082 4915
4418 3160
6406 1032
1428 4730
7819 6032
979 3886
7622 202
1572 6715
6525 2490
4952 4110
1867 8606
7538 7385
7229 3882
7180 5065
2965 4216
7995 3096
8803 6494
2372 8102
3026 5497
8689 8227
3301 6988
2283 612
4359 5093
2048 4081
5080 8261
506 8492
3808 1131
7714 1349
8630 6276
1119 7705
3914 7289
4631 2433
4167 3179
7644 7807
2494 2338
4921 8418
3477 6755
2094 7076
712 5889
3543 4287
8437 3596
3472 3191
8157 7450
7386 5654
7822 2956
6001 2866
2777 1300
8709 8647
5944 5970
7578 5327
7068 6393
2319 1190
1637 8188
139 5886
2034 6343
1386 3625
9012 4155
2357 1805
2800 2743
3627 3621
7999 9054
5662 2866
4568 2169
8357 4802
3514 1377
2072 3708
4813 6632
1614 6818
816 5304
7383 8071
4116 7505
518 1629
2411 7691
5860 1860
6066 5005
7755 759
7123 6449
2495 1537
6151 3819
4763 1332
8011 6068
425 3991
1315 8740
443 2260
8887 1416
7468 559
1758 6374
1957 4022
7612 1865
7544 3943
1341 3609
7500 3147
351 6911
1410 8649
6151 2950
6918 2537
295 4459
7068 7361
4765 1274
159 6974
6213 7868
7722 1572
109 8406
8173 7433
5674 4208
7579 8660
8979 1690
1501 5006
2450 18
3383 8147
2142 2312
3667 849
3713 4302
6728 131
679 993
4859 8404
3880 984
7097 5362
9013 8583
307 5055
3344 6187
8343 2945
1897 4230
7233 4839
3629 3892
6852 2922
8868 3568
3233 6239
146 7540
8455 3580
3270 3209
956 4581
4346 5594
5883 4029
6101 438
8843 7556
6555 5422
1614 4264
2068 704
4370 8197
1682 4481
7494 8292
3879 1454
4426 6113
952 3194
346 233
1914 6453
5627 7299
7197 6394
6202 6626
3522 2477
8061 8353
6342 5479
7936 1709
8163 672
1073 5767
8001 8909
7321 5411
6172 6328
8661 1796
2548 4794
634 5374
3356 1023
8530 8443
4860 275
9042 5117
7576 447
4355 5914
1671 887
5420 5230
4718 4302
6355 4047
2254 5799
7382 2329
5849 5446
7264 3095
8831 1085
8494 3857
2175 8379
2704 7473
9066 1863
2847 8602
6439 1496
4277 2120
6616 7369
1079 3105
8053 4342
4811 1050
4382 5004
8239 2852
3803 2369
2425 4189
2185 6192
1990 3787
4008 1780
4760 5859
2292 5835
8132 7915
6698 1242
940 4290
421 1975
7638 8515
2757 4272
5086 6402
2669 2865
424 1208
866 5577
9083 4919
8657 950
1053 6261
6105 7059
5383 1378
8940 4440
3512 7625
100 555
8233 7217
167 2829
1530 1239
1393 5660
3343 8636
5106 8500
2873 7931
3366 191
2104 3563
7689 3682
4192 9074
2099 1766
2381 7675
3787 4694
658 1765
6954 7610
1982 2118
607 4485
5857 7159
8144 6357
835 6083
8165 941
2150 1452
8347 2120
4130 8797
5767 5980
5375 6579
3057 2683
1754 109
6382 6463
6976 460
3741 8329
8751 4062
4543 5258
5959 4196
3353 619
7898 2446
7442 3473
1822 5711
5091 5046
4220 964
5917 3459
5184 1145
4443 1327
4531 4773
8305 1881
54 1856
2760 2534
398 7015
5133 8269
3225 7177
295 878
2544 5498
4928 1350
7341 3603
2312 2696
4240 8920
5936 1931
5522 5644
1721 7388
8281 8538
2667 7778
3123 6011
6444 4601
1427 5351
2009 4352
7688 1150
5428 6840
7594 3145
3800 8008
7899 3358
7758 3937
6072 8197
6770 8702
5809 6797
8134 2825
422 2765
5459 7105
5387 2449
3977 4108
6909 147
6604 848
1226 5828
3136 4865
3889 4517
7088 8771
2383 5214
6348 1279
2856 2774
5901 4009
1400 8887
3380 3864
4484 8071
297 8571
6878 5241
992 5921
3762 2974
5184 4001
6883 379
999 7047
6987 3398
2919 575
8539 5974
1049 733
1690 8113
7165 3511
8652 2749
5663 6865
4378 8934
1779 1313
6018 6981
6220 3877
5173 972
4476 8196
7201 3171
2943 8200
243 7292
4321 2189
3755 143
4889 6722
8434 7804
7614 6269
2603 2925
656 8029
4566 1569
4858 4782
7073 8473
2603 8727
5842 7899
4669 8480
7801 4064
589 7782
1750 8591
276 4853
783 6612
4599 917
1621 5314
106 781
5292 1842
7443 1463
3394 3152
8562 3134
5558 8533
1609 1912
5972 723
2808 3825
8408 238
1205 6434
331 2203
8207 7931
5134 8880
8686 1236
878 8668
3817 7235
8073 5098
3194 897
7108 1398
3427 5254
4211 1050
3400 4269
4262 9006
7468 5182
6222 3946
3385 990
6864 3754
3076 8419
265 5061
8911 4161
1920 8919
1149 567
4968 229
8376 6154
7232 2270
1432 7447
5301 1371
2413 8841
8583 460
4494 4666
1066 539
3846 1019
7805 903
1770 346
2931 223
9053 6218
4500 8421
7195 361
5760 498
4699 8371
3873 145
6353 3460
1653 3552
3306 3480
880 5484
7730 270
9084 7394
8291 783
2090 7929
4239 5771
1009 4468
8189 4325
1629 6302
6815 2408
840 4003
4884 6757
378 1920
7765 496
7800 4718
6131 1125
2246 4068
7711 2308
1097 6057
4783 3128
2641 4424
6639 1541
2950 146
5467 721
3310 7387
7418 4721
420 8259
889 3284
5372 3455
4284 1771
3494 7167
7913 2313
4062 3876
665 1862
4690 611
3063 4898
6276 6086
5330 5550
7919 112
5824 4521
7673 4584
6012 8431
8576 6919
474 4959
2585 5777
2658 758
8031 656
3721 6132
1103 4265
7278 3962
1045 2155
7401 8888
2288 4343
8046 1739
3946 1198
8064 1808
1037 5020
2680 2760
4197 7393
2503 2975
2789 4260
4998 3481
2063 7847
2707 8234
1299 7733
8996 4735
7598 2706
674 5537
8678 3630
3670 8083
1415 7130
7859 6066
5386 1489
1799 4063
326 1031
2329 1453
5096 4453
8550 6038
4470 4915
8029 7726
4896 6320
2310 580
1939 5088
3217 4165
1070 7961
9041 2003
5592 4085
1427 7804
4452 3956
1793 5588
2492 6775
5454 4873
2798 2303
4021 3233
6770 1287
91 210
1560 6717
847 7054
220 3161
3641 5479
4973 1688
3032 3223
7158 3197
8547 3666
8377 8298
6363 4577
9074 8794
8457 6816
6515 2407
2975 5590
3803 6215
1811 4139
2269 8845
6523 2120
3927 7881
7738 6429
1308 5028
6703 8736
127 1991
994 5331
5943 4691
1311 2610
40 1010
2214 133
7107 8115
3561 3444
4170 2744
5348 5269
3412 7594
2895 8567
3206 7685
6939 2901
5283 6221
2500 5212
5764 4762
5416 1051
3346 3103
4837 1937
2644 6995
6654 6659
6818 7161
5805 2711
6489 4270
7566 998
327 4987
4940 3419
4396 7895
7510 2352
5066 5890
7104 3296
5935 9088
670 3703
2615 2141
5775 6647
2217 8266
916 4157
3531 6812
2618 7212
755 7598
447 7062
5005 4734
532 3553
480 7049
4930 7385
2132 7708
8352 5543
3142 5345
4009 74
1801 7022
5584 2288
1162 8574
8325 5448
8829 4510
6590 99
5089 801
5293 6641
3911 4985
3126 725
3116 757
2534 4376
1299 8675
2123 1205
4481 5965
3404 3869
3504 6139
3657 4696
4336 8482
7992 4416
5385 4665
7221 3614
7116 1561
3489 5896
1454 8974
494 175
7633 6596
2573 7099
4808 1427
2726 3897
4741 4697
3170 4787
6245 8800
3589 751
8533 4284
5691 7741
3378 6718
5189 5808
4448 3100
730 3360
244 7396
4254 7418
7103 7001
8035 1196
8399 2870
7477 19
1691 6562
3627 8612
2289 8959
1934 2720
8774 5862
5620 7429
5040 6856
3868 6491
8299 6830
6548 3638
2489 8988
8125 1637
2728 3905
468 3718
6763 5143
9062 688
7467 4216
2474 7260
1742 7112
729 8669
4646 7014
2350 567
4019 6367
724 1129
5043 458
1548 6053
532 5514
8460 7610
8850 6909
2684 7215
1720 4320
6675 7204
5054 2313
82 5460
2689 6535
6274 5047
2688 2041
7320 6007
765 2710
7881 8809
453 6216
8981 4040
4934 5802
4410 3353
711 440
3565 3029
7748 752
8819 3365
1850 6596
7821 2261
1278 854
4263 2099
3342 5509
207 2566
5294 154
5952 1447
5664 8620
8378 261
7673 6004
4364 8800
4408 7247
617 6753
5408 1890
2339 4002
6458 4331
1475 5670
7288 6697
6338 4808
3006 5330
388 2862
7289 4228
6217 6998
2300 4254
5417 6282
5355 784
953 2126
6263 3556
6914 5456
4916 6262
8587 7337
868 2320
7757 3233
736 4455
6529 4190
8009 8460
5898 8118
1641 8078
417 2548
5086 6926
8896 2923
7168 6246
5705 8128
3299 2490
7674 5917
1537 8651
4615 5380
1270 868
958 7562
5921 2935
6182 4519
1975 7189
2788 4647
4396 145
7334 3363
3101 8031
5409 6185
5812 5955
5150 6620
6442 5250
2756 7877
5512 3103
7395 4069
2580 1141
5301 4980
7305 505
2065 3648
4569 4373
1284 882
1028 1806
4893 2075
6203 2535
9084 1050
6692 6465
7840 938
5415 816
6559 3393
7516 1683
973 1962
4550 1789
2707 1355
3613 3302
9028 2837
9008 2082
3947 8291
5344 777
1791 7418
8563 8747
8696 4529
1795 1286
1581 2879
2965 847
8666 250
8 977
477 8371
5669 1789
6054 2697
1469 8565
5498 1384
1399 4953
8787 7092
2227 1269
3101 8361
2006 6160
8299 3521
8700 362
8222 4493
991 397
1864 4310
8372 8742
2269 4297
6501 592
5734 1382
7189 5807
8384 132
3411 7450
5076 6834
2194 6173
6178 2784
2482 8599
2439 6924
2618 4218
4804 1928
8249 5304
2767 6656
4167 3138
7038 7250
4309 3296
4668 2624
8776 3007
7495 1365
315 6122
476 3886
5513 1395
373 5181
8603 8915
609 6557
5992 3085
5120 9021
1122 8764
1351 1442
7426 8531
4366 3203
2892 2939
8548 2920
3471 3624
2654 394
1933 222
8308 1999
7770 2923
2558 5127
5500 8817
3533 4175
7370 4221
1021 948
4566 6585
4591 148
4096 8846
6845 412
5903 430
2029 4811
3313 2584
4131 1484
6508 5930
6168 3273
7608 5623
4913 1737
1768 4629
6837 4237
4945 2993
4495 1562
4545 5819
7177 1140
4142 6668
7747 7808
4802 3270
510 6388
4498 6484
7381 7690
1044 5208
8167 2642
4686 1937
5609 8368
3582 458
4989 7976
9057 8511
4441 255
7063 2092
4775 1695
4193 2720
779 1046
623 5500
5139 7427
5413 3319
5845 6853
6971 5303
3387 2560
4321 5419
4326 2812
3745 934
5030 8574
8179 3426
6265 4615
1091 7079
5615 8947
6793 4934
7267 1702
2583 1857
1978 2541
574 5351
4090 8590
5582 2851
4635 3976
2086 1164
1399 3249
6938 572
6703 2291
4230 7597
4169 3863
2480 1105
7304 2529
2597 6723
6851 415
4165 7245
3038 117
6287 8360
5336 2905
2300 758
2002 200
1095 8420
4045 7184
6811 2257
7751 6413
4880 7605
5723 7631
5515 8809
8377 1862
1062 4999
6175 6480
3024 2443
8563 2980
6992 6993
6081 604
5431 7947
3390 4095
8708 7862
6717 3803
1762 2435
2805 2143
2004 2396
656 6514
4058 3563
1707 7578
8384 1057
4693 3298
4986 5951
2766 1838
4368 455
4306 2841
7560 8059
1886 7836
4920 7056
2066 6636
1912 3312
912 3902
5598 8377
5884 3831
3745 4930
6652 7224
7682 3714
307 2327
5248 3635
812 40
5475 1015
4503 4129
4009 3204
978 3503
2522 8760
937 5679
5872 131
5603 6825
7486 3257
5118 3517
4503 8025
2958 5602
5819 3439
3250 5956
1763 2942
1819 7389
2529 6659
5487 174
8275 72
6921 6571
232 5044
7342 7461
5965 2440
3126 2942
2989 1378
3715 1015
4981 6668
1740 7185
6496 5722
7964 8126
8305 7885
1317 6862
1320 7993
7547 7850
8698 2988
7503 5549
7462 4842
5126 5597
6539 4604
3809 4207
6090 7779
6009 7949
2632 7150
3049 5067
1720 2022
863 1455
1619 1075
799 3156
7352 4656
459 6393
2211 6269
6179 5286
8609 5168
6691 6216
3765 2449
8550 3216
6323 1404
4639 1273
5863 8853
4381 7639
7453 4416
9000 1533
8521 5905
5705 1328
4330 5629
3329 2818
1719 8869
1311 1056
2568 2194
4386 3505
5998 2771
7003 3864
989 4181
116 490
6035 7462
5937 7011
1119 1288
8576 5092
2724 478
5158 2932
6569 9046
5195 3253
7 8869
7157 2139
4756 3796
7419 8912
3584 50
913 4869
8230 2467
2997 537
2814 7533
9067 752
6224 4752
394 7192
4731 4938
8832 3087
6002 6174
2130 2331
6007 1880
46 925
6553 4881
4095 2081
6520 3023
8708 4011
8721 7513
4172 4150
1163 6807
2 5639
334 5820
2850 8055
977 1817
1676 8106
5498 7110
3933 3546
533 3685
906 8558
813 710
6073 8275
8754 872
3527 8229
4801 6802
8154 2202
5710 4514
2998 4796
5442 4874
8250 4989
2365 7759
5552 6517
495 6054
1043 3813
3525 3054
6864 4921
3406 323
2235 4594
4531 7730
3173 8092
1122 3631
5740 8729
5289 4124
1174 8777
2970 4821
7475 2557
4193 3059
8181 2565
2493 3796
3487 2815
2509 3515
3574 3974
5143 8563
7816 2538
7658 8012
8822 6115
5653 4806
2944 2129
7722 1263
6640 2306
6588 5714
2910 6567
6825 761
3581 8600
3189 9051
5389 5326
1306 918
564 8326
730 2077
494 4796
5473 7498
4021 3258
3714 3505
8620 3141
3863 3382
580 3660
6767 2877
7849 2216
3423 7971
7499 5930
8289 4203
1054 304
7973 2828
4644 8758
2445 8688
1638 1575
2172 8760
1157 4360
5984 7389
1258 3877
7145 7882
621 6799
3297 5661
2339 637
1163 630
1744 3928
6176 6363
3201 7855
2821 6272
3885 4689
6721 6228
1733 1591
5094 2108
8608 149
1348 8007
4990 8721
3459 3066
4953 8258
2050 5165
6518 3284
7792 6578
6743 784
6222 1381
3644 7376
6527 8902
8046 1778
3890 1905
1197 9050
1713 116
6077 9027
1710 9057
5704 5488
924 6868
661 4179
2265 3871
5128 3019
3186 8572
5789 4038
3968 3881
8721 4313
652 148
7859 1016
1334 2545
8439 6812
562 2076
7637 7988
3067 6761
5195 6836
6637 359
7643 6138
8976 8283
3071 6471
392 2622
7762 5096
6563 8481
8328 1225
5847 3410
7735 6688
3823 2107
8331 7632
7391 1271
6122 2206
9012 8273
7654 5008
6804 930
6709 4938
2053 6247
2853 867
7206 8512
4014 6924
4777 6664
7104 1241
2070 5755
6338 369
4843 8482
3684 1108
2731 2207
6833 6767
8719 5147
2941 1963
6479 5228
6433 4044
8868 8851
3624 8691
5573 6521
5909 6351
6587 3094
6636 7833
7353 918
5849 5390
3384 7602
7943 7374
7481 3085
4849 8006
2385 6713
28 657
714 5907
4213 1230
3381 7197
6990 8635
418 5857
2459 8788
7611 5104
528 6352
4748 6294
1472 4683
7120 1201
1644 1211
297 3941
2853 2663
1593 6407
7041 6252
7709 5831
5169 3162
7165 3577
8536 365
8298 7727
595 5721
5678 7288
4203 4423
6032 5803
8793 4917
3604 2097
2342 2458
955 4162
2130 5263
4052 2915
5214 1104
142 3248
708 749
8416 8615
1112 8486
7052 2081
3051 974
1313 3631
8459 242
5702 4113
8832 3891
2906 1910
7478 9025
196 2140
2062 7355
3112 6686
4557 2055
3187 5913
1646 7027
7949 1636
6894 5235
3510 7137
3507 5977
1037 7828
6187 8437
4990 9012
2447 6650
426 4702
4350 5653
924 2352
4190 6359
8314 7874
9010 4659
8994 1441
7173 6039
3395 6933
5841 6865
691 58
5857 2617
3035 2745
8487 8147
8875 4054
5886 4105
7219 3604
1626 3239
8037 4879
3806 4925
1900 7449
8551 455
5651 3296
3909 3139
8753 5544
3323 8362
7873 3854
6956 7300
8838 1146
5670 1345
6606 8102
745 3941
423 5310
5166 5996
549 5980
5013 8941
1466 3636
3770 8807
4502 5988
7491 3929
2911 2496
8713 5091
3869 1011
60 7965
3071 926
7705 2461
4345 2465
7190 7796
4961 4878
5996 8552
3364 5003
6759 3668
4834 676
8144 5774
8827 6496
6084 7179
5414 8471
3016 3291
8151 5843
3235 7498
2485 4432
1648 1389
8696 4217
3405 6401
332 1293
7935 69
1515 5521
1726 5739
4232 3398
6683 7910
4288 4944
445 8812
6589 4627
7499 67
5935 6060
1687 3669
4785 1936
2912 682
53 4832
8648 6297
247 4640
4082 3540
7366 2804
1219 8192
97 4909
1439 5146
1706 4663
224 6384
800 2112
7446 3240
7845 6995
4114 3081
4795 4158
3118 3642
5854 7037
3287 8152
4753 7008
8489 4328
8759 8478
4903 3606
3147 7653
509 5063
4548 484
4138 1228
318 4574
5128 3885
8006 1361
7517 2845
5215 7213
2590 3916
3671 4936
7162 1829
5819 4184
5508 3923
5816 2643
840 3513
1842 1653
8697 4841
2057 4830
5272 1723
1496 2400
2115 2620
4347 5796
3542 2522
8765 333
2305 4551
2713 4244
4767 2782
5376 8325
3383 4789
8071 6170
76 6769
329 2884
4384 6023
1057 2774
6959 7726
8780 7912
3046 8673
922 4869
5321 5058
3267 3453
2648 2540
1330 6948
771 5779
5323 4563
1704 7248
1919 8544
7988 7904
8471 5902
2058 5948
6514 2945
7795 87
1825 1165
1173 3852
2473 511
894 8542
1406 8572
574 338
7891 1017
8174 666
2498 8324
1935 6309
2304 5825
4209 7644
5452 3620
3378 786
1992 4474
4809 8247
8722 3587
4644 4899
9081 4710
8984 5538
5823 2241
1137 5036
6529 2487
2323 4023
7851 6880
1454 3282
6362 3755
5282 7611
1680 2478
