10000 9999 769055555300415633 4774 2
3421 3978
4431 7790
9499 9186
4274 3154
5969 7498
6770 1310
8037 7077
1925 9340
5318 6712
9825 8414
2710 4687
4250 5267
5031 7933
3308 9644
833 3414
1826 9945
5850 1740
1604 3579
4619 2261
1655 6562
7336 6671
3541 7388
7540 8027
1674 4765
7585 1196
2803 9026
6556 8924
8308 9619
9769 7837
7992 2214
4750 7071
7017 3353
1888 404
4981 5076
4841 4171
7631 5022
9313 2317
4998 9769
9549 9769
451 3018
8819 8494
6480 9679
3697 5814
6074 7177
1776 7974
1706 2249
5073 7425
6549 6916
4382 9791
4281 8913
2336 6875
6321 6926
9887 796
6780 6708
9111 8445
3868 283
5541 9114
1210 5767
4169 9426
4638 3182
9705 2767
7683 7960
5282 2451
5292 1322
4734 4062
7332 5029
1388 8784
2024 7303
5289 6153
2023 5378
2773 7505
5413 5762
3198 3064
3928 6954
8020 470
9954 1746
6336 4134
2181 1589
2669 7888
7128 4388
6248 4270
1809 8172
9547 8095
5532 3556
23 8029
9664 6460
2603 3667
8749 2153
6684 9092
3457 9459
2855 7748
9730 9307
8527 9528
7092 4535
9129 4287
602 5424
5416 1862
3502 8069
4153 7560
6073 4265
2511 3445
8332 9379
5325 120
5809 6834
7212 9541
1505 1025
2210 7942
1977 3421
3948 4411
4567 277
6223 1321
6703 2226
2493 6247
8501 4381
125 1569
1634 2271
5855 8736
6348 9769
3969 8788
3494 5558
8759 8703
7408 2240
1561 9271
1865 562
5815 9878
9548 7081
325 4105
9039 863
4211 5392
3823 660
1209 6038
1061 6201
4997 7887
2441 6443
7533 3115
7994 7199
5435 6452
8487 1191
9567 6132
3284 4339
9769 1106
5292 7178
6520 3853
3999 7940
343 1060
3162 8662
8746 4803
9418 8971
4719 5382
9517 3887
8840 6473
6292 4881
1956 1071
2685 2585
7690 2238
4098 671
4368 4350
9296 7639
9029 1209
9664 2752
9852 1894
920 5043
3273 6629
9867 3553
3125 6349
6707 2860
123 4725
7264 4792
2344 6432
5213 7847
3763 4179
5479 2055
8861 1110
4127 8410
3185 8059
8671 5821
9670 5812
4861 2197
9105 3891
9400 2307
8668 1353
8431 156
9002 867
6864 6706
5534 5522
8937 7453
2382 4370
7546 5204
1191 634
9031 7017
5438 8866
8 2435
7375 7795
7380 8940
5283 2731
3904 9769
1698 1106
2314 4017
4068 3969
9603 3132
6242 7782
3577 2045
2462 2214
6311 5443
1279 4172
2638 2893
936 2476
9787 2537
7232 4860
9840 5177
5783 3285
6341 3665
3130 3656
5963 8067
1917 9634
1459 9531
7584 7657
881 8616
2729 1375
3494 7853
9397 8778
8035 145
9711 4625
713 5271
3597 2261
33 916
5758 2280
5968 7058
9500 5932
8301 571
4701 5070
5511 5241
561 498
7940 7285
2806 5078
6404 4892
1903 2240
7801 3895
4871 2822
6405 4595
7682 877
4822 1022
5942 5411
2383 3521
6421 8809
1420 5272
416 5598
7387 2350
3263 8221
5426 5263
2495 8587
4939 9923
4519 5862
3742 5787
1112 9691
5660 1707
1197 9247
4927 1308
3692 3224
7800 9615
6496 4791
652 160
4867 4754
8907 6630
9084 3210
6555 8229
1985 8072
7284 1021
7849 3905
6404 8790
5472 9720
3764 8786
7968 4111
5050 9962
1180 7212
5487 1799
9515 327
3357 9717
641 6606
4188 647
1970 5550
2887 2924
5328 188
8297 6920
1040 1807
4937 6660
2108 5461
849 404
2651 832
2509 400
9627 625
2666 719
5002 1085
682 8366
1351 5540
7400 8965
8098 9334
7702 5061
8608 7139
1915 1992
6940 8554
2799 5698
3654 8058
8537 1085
125 7011
7656 3517
8146 2607
3115 9773
9689 7530
8060 2239
9769 6185
1423 6883
2090 1830
5304 8477
1071 6358
3549 505
7729 3660
630 9763
9550 4637
5762 8605
1326 6085
9963 6367
5209 8355
5838 2429
6544 8268
8903 2319
9583 4124
9897 8177
9825 3463
2424 9594
5147 1631
9769 712
7616 1791
9696 7826
871 8452
2251 2224
5664 520
991 6023
6390 580
4020 8502
4614 2637
7186 4188
8826 3010
4485 4544
2006 2768
6631 9490
4371 5808
1238 6778
8223 5224
7812 8299
6576 6589
2946 5568
7587 707
6167 9769
1039 564
5554 4639
8225 4273
999 4295
2455 8614
3537 4019
6503 1912
4987 9769
998 8450
4859 7312
4427 1701
6339 9825
2741 7445
4394 3166
7198 7743
5723 5706
8917 1389
5816 6889
9570 6298
4808 8456
5939 7649
3902 3629
6381 6035
7279 1390
8121 7876
4986 8289
4622 9830
2176 6254
656 9991
6729 6705
7335 238
7315 6594
5936 4462
415 9435
7659 2063
8947 5127
6190 9769
9769 4494
8769 2505
622 6418
7465 9222
8502 8588
9836 7986
366 2730
5389 7736
9701 9769
3147 5766
1483 2132
6500 9086
9056 6540
8253 8016
4220 2367
8835 325
8698 1493
423 6753
3859 942
6989 9927
8147 9640
8988 13
6397 7660
6368 5676
9769 9631
4351 7571
2750 6522
6795 1970
9399 8273
2536 6374
1594 8942
9039 9341
4900 2488
5516 7017
4247 7194
918 764
9546 3776
9837 3918
9371 8964
5898 997
6690 2556
8719 2716
9637 1186
9372 7357
4889 7798
3552 8775
2574 9751
284 1180
3971 1742
8518 5005
3654 7459
3452 1824
5491 1456
3366 7123
8231 3013
6156 5332
4516 4037
7379 9686
7125 8592
5664 6711
4925 2488
1660 6381
8369 9414
9274 235
495 5756
6688 3090
1796 9120
4773 3842
9226 5040
1026 4623
8475 1875
5812 4073
9125 1905
40 53
9681 1699
7508 8854
3216 1579
9231 6700
1150 3645
1773 4563
3592 2634
5499 4040
1477 528
1577 6452
7362 8438
1078 5270
6046 1597
5106 1463
722 1732
1802 3898
4408 1809
106 6347
6805 3012
5739 950
5686 5727
8066 1860
2710 7524
7751 2214
9636 5430
2944 1915
4386 9011
9353 7423
5277 9401
2646 6514
9769 8552
943 4224
232 5414
7324 503
8207 2993
3863 9722
9468 2094
3776 8865
1150 140
1065 9190
9883 7597
6352 460
2279 8874
8477 9708
4458 3701
1011 3553
3495 3521
6810 140
8751 8519
2126 8625
2189 9882
2096 9383
4862 3838
5187 3934
8056 9287
7055 7848
8264 1588
4490 933
7158 7318
3748 8836
7467 7293
2526 834
756 315
7554 4735
5994 1912
1256 6477
2655 380
1337 179
9627 8766
2402 3524
2188 440
3603 6620
7678 5959
8302 6698
5410 7560
4027 4970
800 998
9049 9218
1602 8670
1931 8156
2821 4712
9769 8520
479 6792
371 9457
8549 187
7910 9712
6432 2537
4209 7373
579 9728
274 6863
707 9975
7616 707
1437 7026
1020 9769
7826 1923
4725 9959
359 606
6256 4822
9039 8994
9427 3364
7361 3313
2911 1239
8456 4288
7738 8778
2471 1998
3709 3486
2516 6999
8760 3318
5702 1759
2885 7708
6227 3844
1376 2017
5555 1041
2145 9436
333 5677
712 7551
8157 5165
3626 8894
3345 2617
6866 4134
9709 9521
1987 5275
7583 7368
6753 4378
457 4875
7680 1555
1901 42
7567 1712
3798 2216
4064 9065
6193 8301
4957 8233
7972 5473
5466 8938
6945 7855
6957 5578
888 5205
542 7867
9858 4106
205 6012
5115 368
9512 3817
9563 3856
9733 3458
2462 4725
212 6764
1680 3411
1016 5851
7105 2037
2083 7796
7748 206
5226 710
9964 2092
1939 2601
4237 8067
5986 1034
42 8028
2249 5155
7356 2826
8084 7824
8016 9969
7658 9672
9801 7294
5058 4387
9027 5352
1378 897
5747 9703
9875 1354
430 2954
230 7906
7495 6401
1286 4801
5862 6944
5245 5260
3746 1424
5594 7659
4447 980
1399 9425
7310 111
3875 4061
7868 6543
6381 5630
1194 5912
3193 3901
7197 4424
6122 4118
1716 9144
996 6441
4486 8694
3156 9694
5022 1973
6309 3685
5918 6180
9579 3521
3320 4105
6708 6630
1964 3395
8874 9698
4153 6825
6872 1105
2033 5795
9370 2440
4425 7381
1219 4267
244 1848
7872 9988
1908 3075
4265 8989
425 4755
3209 157
6500 3531
5719 972
6484 9769
652 8515
3083 8158
9916 7266
1156 3195
4056 7281
4799 1712
5989 6267
2963 2212
3882 1374
6552 6402
8513 8754
7074 2108
1941 2174
924 2789
2161 5637
4880 918
8798 4180
7698 8306
4567 7484
6571 6045
3665 721
3330 894
7434 548
4810 4081
4075 5490
138 6394
654 6060
7132 2541
6010 5119
6399 7096
9830 5800
4278 1883
6152 2759
8897 8718
4667 8991
1515 6692
8827 6775
5797 3315
5468 7212
7298 2846
171 7701
3579 7223
2080 4098
6734 4926
8234 7079
912 6413
2292 5257
9218 5746
3371 4896
1839 9315
1886 7281
5743 1850
7025 6179
2640 6694
7415 1213
3186 1399
9664 8285
3090 2181
4892 7085
1389 5755
354 7315
5818 6180
5966 7347
2914 5199
7924 7772
3926 9172
1814 1732
2266 5532
3957 4511
8722 5434
1762 8880
2589 2915
6929 7668
3358 7027
3044 3382
9229 1809
9884 5466
693 6868
6769 4497
3101 6322
9698 3614
2438 9645
7553 8252
358 5913
4227 3494
943 830
8790 288
9845 6038
250 8219
2916 9970
194 7632
2381 7251
9831 2945
8131 5456
9994 3889
2533 6885
7106 2702
7759 7986
5089 81
7844 5661
6477 8960
8279 5154
8004 8567
1071 7361
3086 2932
9769 6563
5691 1540
3889 3678
703 2361
3254 5656
3477 9380
6919 3512
2680 2920
2403 9171
2402 8051
5503 6083
54 9194
3358 9042
7948 2133
5052 1563
8714 2632
6963 5006
4197 8535
1248 6589
3483 2714
96 8085
1999 4023
8625 1080
7654 4647
6110 4225
1342 6324
9769 4858
9691 2477
8525 2014
9492 7615
9769 2747
1404 3438
8021 2122
7343 2541
9235 2873
7941 5294
842 4418
9481 9406
8176 537
3737 5617
5744 908
2643 9286
9380 9874
9665 1386
5229 3221
1495 6141
4275 100
8413 3634
689 1936
1320 6652
1475 2409
5270 1813
2828 7359
3158 7411
7468 6722
8640 4802
1418 4901
5009 6320
9783 1273
2011 3732
5126 2813
431 4652
3846 9432
3778 7151
2519 5964
6352 9854
1918 7202
4636 4955
5202 9336
3907 9155
2211 8512
8262 9195
3470 3462
3780 1154
4929 1771
41 6246
6302 5921
2780 2050
2023 6970
8685 6067
3607 2539
1253 1372
940 2732
9936 5
3836 8422
2680 6015
9294 3338
4124 5799
2426 7019
4677 6042
8520 5521
8240 4766
1803 4912
3639 7276
7557 8464
3793 4601
196 2732
5150 7566
6469 5187
3181 1389
9916 763
6536 8887
1959 1074
3872 2992
3031 3076
8877 7979
5392 4873
1830 9284
8379 788
7982 5633
7245 440
8270 8733
2047 8387
1345 776
1334 3439
6894 7341
6666 9432
3415 7018
9959 2308
3090 1683
3416 5092
9769 1316
4134 6716
1857 7480
8242 3559
9841 579
9427 1292
8136 4128
3418 8824
5751 9905
9664 6645
8838 1208
945 4964
851 1052
3365 8729
9769 2551
449 5355
3367 3338
6489 2553
7774 5408
1839 900
5508 5202
4962 9914
7236 8888
8510 7534
471 2180
3847 9672
6155 1103
1166 5899
586 8197
3017 3129
6460 7281
7547 3690
1840 3056
6943 1923
2962 2386
2714 2569
1082 9816
8119 4727
1749 6694
2204 7037
2453 7144
3162 3935
1933 6486
158 8004
4362 5512
2663 1178
996 5857
5594 8609
1109 7614
7076 1681
9372 4123
3119 8398
1877 1721
1857 3789
3257 4775
8246 1245
3438 2715
9874 267
5166 6026
8303 2851
7748 517
3393 2531
720 8955
2982 169
1139 247
114 3147
5769 7142
1206 8199
8853 1208
6775 7167
9306 6525
5173 7065
6817 74
3855 6420
1273 4441
2001 6989
1633 6066
8895 9545
9179 8852
7430 6663
4697 1258
3928 4608
2696 7516
8764 9687
2488 3347
82 8290
3223 4949
8267 6166
4806 1288
4289 1053
4154 4563
8936 597
2360 1938
4549 5703
4640 4493
8579 1437
36 6875
3889 2117
6171 7974
2121 5003
4483 5092
387 894
4843 5560
7189 8565
5292 4583
5167 6765
3439 9178
2882 458
4220 9805
5811 8545
1937 8758
956 9927
6873 2857
5353 8112
7512 1117
7063 1847
5205 5506
3579 8445
8859 9697
8369 4229
1914 9860
4561 582
9367 4212
3342 4985
360 3860
8849 2404
6347 2823
472 745
284 1509
1679 5444
7846 2846
4318 9769
9003 4936
8021 46
8949 3027
1636 5196
6585 8933
5953 9493
4895 5487
3808 4656
1664 8210
8297 7829
4472 9117
5072 9986
7863 8396
69 3243
8953 6548
3960 2557
7202 2577
1981 8981
7276 778
5069 2700
7540 5278
301 7970
8449 1286
4048 2031
7438 3152
7430 6281
6625 5086
8133 7786
7107 8091
6440 8496
4599 9586
3136 2364
4654 361
7723 4245
6624 9912
1114 5905
2369 4559
4832 2905
9769 6848
1028 3985
9339 2567
9295 9588
7378 7520
3743 1104
1357 8785
8700 8286
7630 4764
4853 2997
6793 4332
7906 848
3447 6364
2039 9726
3780 5680
4842 901
7801 7129
3625 5894
9508 3788
3410 3143
5051 117
1403 232
8312 3926
9433 8180
4349 8195
2449 6851
7 297
3868 8639
7038 8379
6618 2379
661 6559
6130 8191
6998 6824
9769 9657
7702 6250
6956 1481
4344 6145
2649 2552
9543 6605
2321 2286
4350 6408
7967 5364
4285 5254
5392 9443
2737 789
3777 710
8791 2841
1132 8454
4726 8194
9769 9852
9761 3260
8992 1809
9476 2345
5205 8592
5554 3633
3428 7418
7204 7759
5667 409
675 5573
2811 5759
7638 2573
1737 2479
3175 1834
2472 5905
4347 7104
1068 2350
4389 4121
1692 8284
7577 1546
4623 82
6706 9087
7161 3844
4018 4139
1634 4710
7355 1080
5500 8378
3987 7405
1175 5347
9684 4386
1668 5031
6823 9908
2593 3704
7587 2161
8554 1580
1895 1159
2939 216
3489 300
8709 9905
7607 6276
3430 9065
2946 3062
7531 2863
7056 2433
4634 3973
7380 20
2837 6267
7879 1371
7119 2874
279 5384
4481 4849
7788 6064
2212 9715
9275 9773
2751 1388
1528 6511
4394 3522
4161 8140
9950 2050
2670 6309
3519 374
6125 1886
6733 6734
5105 211
4153 281
1397 6941
5978 7464
3674 8224
4892 7660
6667 6781
4943 9060
3260 7659
3724 5596
5976 6250
1856 141
1060 579
3202 6410
9752 4392
7586 9489
2271 7402
6518 6280
4425 400
8514 7755
8759 7449
6866 274
7248 2335
3019 1349
19 147
8395 6974
2118 5740
4723 3641
7462 5858
8304 8377
7885 8217
5713 9723
5045 7495
8072 6147
4540 4448
642 1136
4044 9065
6317 2678
7166 628
2200 4016
3656 1595
2042 1700
2620 8228
1871 1223
6328 709
7492 2893
1683 5207
3736 4464
9129 605
4089 8654
4326 1038
3341 3222
969 6687
1501 4162
5109 8806
2438 2524
5024 104
4864 6081
9026 440
9104 6650
8574 2287
5793 8319
2216 6491
4953 4152
9769 9166
9769 4624
3432 8964
1583 1924
8674 2518
2861 7031
6396 1116
6900 6705
7670 4336
4639 5891
324 4474
7584 9017
9148 2610
6029 8097
1245 835
4026 2725
4153 7055
8702 1993
1858 7854
635 4327
8966 9769
3235 3820
2895 7286
5158 6665
698 4762
5665 8181
3789 353
5083 408
5999 2192
8710 3259
9442 1066
8985 1685
6213 1342
1852 9774
5715 5824
3815 2295
3336 7214
1399 9546
1483 9769
7144 7779
9498 9139
8368 7423
5802 5770
554 8784
972 2504
9113 8513
3428 2461
214 5724
6553 951
6821 1619
5313 3936
2506 457
7307 6727
599 7193
2475 2731
9219 6909
648 9035
650 6315
6187 4362
7938 5011
3876 3832
6820 9900
3962 411
9423 6761
3970 7896
1219 1572
9949 3920
688 7253
7102 1151
8794 8173
5823 8773
3706 8800
613 7543
7752 2243
3262 6891
8164 8892
8396 2896
539 7209
681 9910
4703 468
575 2612
3835 9295
2115 588
2307 7373
3893 8971
3763 2864
3946 3011
5487 7421
4726 8598
3327 5174
3670 4006
6836 9564
5052 6310
6175 1606
9769 8293
3690 9450
6571 3022
9623 3268
4616 4191
8183 669
4240 4951
2517 8943
2510 7494
5570 4196
2344 178
3913 6624
3451 5306
9769 4722
7739 8977
5599 5659
8592 1393
2724 248
8128 1867
523 2276
3482 7928
964 1344
429 1445
7580 2627
1964 2366
4455 1365
3795 6862
6820 6463
718 4375
3881 3339
5948 5626
4557 4759
1853 3139
5186 2337
9748 2842
2952 6121
2734 7967
849 5688
7581 178
8054 9546
3448 2928
3754 4038
3053 8544
3052 1907
2618 2610
8648 109
1481 8782
3365 1535
7748 1328
5463 1760
5686 9353
5293 6803
7869 2726
976 5052
3717 6219
9759 9222
6063 6910
8635 8200
9936 9803
8892 448
2739 9241
1108 5024
843 5551
996 8869
1369 8702
7604 9663
9106 2715
738 5210
6126 7797
6847 2254
6747 3277
4588 3714
1338 2911
6304 9079
2518 4652
3363 579
7200 9619
7923 782
7744 1638
1415 3282
7869 5847
7456 6837
8269 8107
5329 1177
3279 5214
4312 3047
5196 4198
9398 2724
5777 3642
8881 4672
2711 4191
7262 1293
3980 5419
5078 4
5156 3900
9384 9157
1473 1528
1172 1182
3496 7436
722 972
4153 3941
1504 8658
3002 8601
186 7793
3724 9080
430 9672
6433 342
8556 6098
936 8020
3581 3167
9281 1760
2336 4341
6035 165
1926 4846
9071 9587
5800 8259
1485 61
1198 9651
5908 7781
1131 7820
8880 6412
2087 6393
609 2595
6457 8826
8991 862
5462 9176
4834 8978
6676 1284
4907 6374
6199 3069
9769 5365
6679 6957
7696 9324
4014 7437
2995 7983
2901 1516
4676 4000
934 3044
7047 6184
1418 5324
7164 3800
9891 9773
9255 6470
4641 7661
8389 2400
4903 2123
8386 4753
3962 7482
4411 4767
1628 2571
9769 5918
8275 8445
2213 3672
7948 3992
9437 1327
4969 3755
1549 7010
6375 4360
9907 4217
73 9920
3762 5766
1762 2539
3966 3168
2015 5183
2251 1100
5196 9839
2296 7397
4772 7495
7632 8435
6101 5852
795 9959
8533 2974
1812 6707
8189 3441
801 7857
5261 7459
8835 6011
6694 9926
2532 7998
7765 7902
6843 6277
6120 7085
1982 6406
6413 5983
3760 6635
3707 3709
996 1261
5908 9360
7535 4438
9581 6352
9394 2205
8411 4070
4995 1807
2219 2890
2246 6306
5348 8442
6386 9608
351 2531
733 8252
8938 6708
1692 1266
5073 532
5794 6413
256 8326
3902 369
3332 9955
3637 9016
7863 8146
4376 3379
2315 7275
1837 3680
1695 876
1146 6506
2361 8401
7461 8953
3281 991
4124 1432
1527 7458
4518 4686
3311 7481
6142 9769
6959 500
1093 3733
1801 2611
890 7377
3967 624
8876 8750
9769 4976
9799 5008
9769 4037
88 293
8968 7025
1679 1046
9769 9980
2818 4262
7731 7514
3268 2693
7838 1065
4689 8894
3419 6242
5256 4301
2852 2635
5559 8861
2009 9436
1000 6435
8112 9456
2821 7315
6692 5276
5104 9577
2052 4998
3320 3197
520 1533
7187 461
2415 968
190 466
9769 760
6132 1581
1822 9769
9065 625
7874 8749
2176 8603
4993 2886
8025 8813
2580 7612
9618 2099
1496 5554
1861 5133
2209 3169
5314 8701
784 304
7915 3040
7603 651
7861 7589
3347 4805
9166 9110
8519 5441
2396 9762
7011 7671
4012 52
5782 1923
9799 3319
19 7143
8928 8342
1820 1281
2845 7949
9586 3816
765 3417
9637 184
6065 53
2364 5952
906 2298
4080 1377
1758 9771
3827 4145
993 4330
6385 5892
6232 7726
893 9691
4931 6308
8543 6530
7486 1294
4744 6938
5496 4598
7120 7324
254 787
5369 906
8566 8133
8371 84
7661 7184
439 9036
2176 2556
2715 5430
9613 3694
8086 2788
9930 7436
7700 2007
7044 7322
1548 7360
8790 2114
6954 7137
3147 6664
5721 7391
3176 4439
2255 2495
6657 3028
7189 6928
4121 4151
593 2279
507 1931
1137 979
8916 324
8908 1891
8648 8076
6767 951
6507 2166
7276 1753
717 4220
9542 6487
4446 8886
591 2655
3431 8573
4023 9534
6694 2038
9536 9269
9191 4558
8096 8787
9602 9650
9600 8208
6477 8912
577 1846
9685 2538
8052 9868
4328 7862
64 708
826 3308
8793 875
357 1208
4140 4794
9769 7446
9814 5047
3001 8837
9769 8848
2750 98
2797 4175
7307 2792
4450 1150
5621 8956
3066 6894
1448 6644
2246 2089
8463 8836
7693 8528
4166 4941
4972 4297
7287 3932
6914 4942
1771 135
935 7314
167 296
1835 3580
2005 6697
3709 6589
8204 9080
7845 5844
8968 3681
9209 8266
9057 9424
1777 822
9661 2063
973 2153
8730 7313
7550 2063
9769 5896
5212 2919
6638 4108
6544 1682
7453 7470
2057 1795
6383 7324
9592 9566
1522 1487
5624 6500
8765 116
6278 6985
5998 9482
7974 1551
8607 7684
6620 1619
8111 4806
5211 9487
4936 813
3058 5198
649 3111
8790 1947
5337 108
554 3072
39 2346
9742 1712
9769 2118
4675 3843
8668 595
9897 7221
7090 722
3865 1928
72 1661
8739 2159
2399 2231
4369 7074
7561 9769
8625 9302
4409 709
7474 1177
209 7757
3974 9466
6955 7730
9784 2922
4718 8641
3087 4067
4451 1757
6876 2275
6693 5575
1714 7315
108 6394
5463 1320
7283 5595
1042 5495
6530 9419
5986 2814
6430 4120
9182 9628
3755 8802
5929 868
1778 771
2494 9248
8437 5185
3998 7626
5705 4000
1097 3634
4762 2248
2690 6870
1596 4424
4115 337
8752 4356
8925 771
7203 361
2749 5268
2263 3429
5662 3791
7696 9251
8617 6724
5105 302
2576 988
1243 2459
3118 2885
5975 5519
4164 9843
4352 7086
8195 9193
2316 639
2252 3456
5292 2958
1767 8420
453 8620
1892 6352
3386 3025
9233 3778
2054 2768
636 9780
4039 3780
4521 2491
9769 8717
9769 7247
5258 7632
4970 7448
8347 4639
7484 1143
674 5451
105 101
6343 4496
9769 1559
6935 8765
9473 3700
7252 7173
3280 9937
9017 7910
3909 2148
7926 4889
8487 6813
8842 9769
1540 5293
6691 6109
8746 8591
1704 2050
5205 8086
4904 3856
6817 2004
7191 3097
8405 5916
4335 496
4033 8732
8547 8928
2575 3142
1477 1825
9611 4633
308 5457
6877 8636
6626 8351
3961 5494
2228 60
1739 4921
6387 1872
3171 1790
5707 2416
4892 9057
9477 5051
7156 1190
9336 1797
9741 1123
3902 2760
9869 7395
8205 5235
8880 2091
6602 7954
3229 4527
4796 1154
2293 2187
807 9800
2360 3559
1802 6326
7289 559
8649 845
6269 6881
9063 1169
9766 5395
9481 9186
9534 9941
9886 2453
9090 132
1008 7552
3520 5744
962 958
7302 1426
7147 6902
3483 7599
4187 554
7810 1640
3447 9916
7544 6504
8461 7912
617 6302
8224 8172
6091 4805
7593 4396
7 3609
1497 4916
9979 2068
696 8590
3610 9210
7421 7164
8215 4718
8150 1748
6528 9876
4868 954
6997 1162
7396 1040
3801 7805
6202 3090
9102 1764
2869 9723
3189 6827
5148 4430
9025 728
7294 2399
4153 6413
3385 6182
7348 5009
5832 5366
1709 6987
7258 4814
2682 6689
2045 7042
3670 9769
9892 8184
1798 7864
4007 6607
7601 4345
2040 508
7917 3771
5786 5737
8999 5922
5493 7884
7392 2570
9033 6098
9559 5823
6597 6785
2633 5807
871 1026
2239 3589
9434 6214
3936 5738
7424 6410
9459 8127
5694 5879
1936 2195
2940 7525
839 6682
6404 4877
3473 4390
796 7813
1911 9769
7460 455
2169 1324
8648 2667
5504 1917
7909 4642
5521 3993
8767 1273
1387 9565
2696 7866
4537 6176
7833 3341
3787 5059
9189 8572
8830 1642
476 9046
2499 5871
1070 1050
2397 7151
1867 2656
6351 399
2850 8028
7697 330
8744 6737
6089 5482
9320 6351
7436 3090
8661 9720
9872 87
1208 1629
3457 1231
1156 1713
3905 988
3470 2108
3274 8231
4512 68
9769 4407
7897 9875
2779 7058
8638 4356
8441 9889
4561 9444
2499 9192
6427 9065
3210 5873
272 9474
6172 3709
5116 8619
2698 6240
9403 4322
9242 2727
8959 4890
110 4174
5177 2237
9013 4800
9923 9398
6633 8160
3917 2408
9439 9618
8707 6392
9681 8465
4219 4124
477 6090
5694 5293
6103 8190
3807 3933
1181 3444
6486 6597
3558 6896
6564 5232
2884 3709
8111 1134
9666 8470
3299 9515
9158 4517
2823 7756
1945 2833
7694 4171
9798 4143
6571 2402
626 1172
6856 9459
9043 4892
194 1674
3889 1388
7032 1780
6154 4883
4725 6873
3476 655
2655 7311
9854 97
9405 5575
7727 8815
2487 9292
6314 6909
7999 5498
7666 6783
152 7529
2833 1584
347 8050
4532 727
7715 5885
2473 6424
9871 4548
9637 6753
641 9403
2282 1784
3993 7598
3362 3753
4311 9154
5609 3899
3748 5311
3630 8882
4380 2398
3768 4004
9257 200
5842 3802
8010 3413
3783 6020
7575 3823
9426 32
7708 295
3438 3076
9175 4202
508 6713
5715 2044
626 1369
6645 8412
8216 7843
9457 5588
6264 4539
1264 6539
5829 8385
8808 4329
4979 4787
225 9011
2339 3611
2665 4856
5337 5589
7775 9769
2905 7493
2168 241
9769 1476
2696 9025
1427 2004
7643 6730
8746 70
7118 3789
4421 6339
7157 5628
2673 3114
2558 6826
3328 7052
5615 8039
8748 9278
9662 2731
1892 8643
9885 2677
1974 2548
3620 3597
2991 3183
5488 1648
1135 7589
2200 9030
3159 9039
1884 4885
5535 3251
1889 9623
4933 2655
7531 6657
9782 3697
5714 6692
2155 541
8749 780
7329 6704
1935 9885
4217 2696
78 2574
6788 6597
2654 8657
7238 5154
8952 9595
7214 7865
7645 3589
9308 3009
3741 972
282 8436
919 960
847 3902
7037 4166
620 1636
8824 3982
8833 5323
4906 4391
4198 5412
4251 8791
782 4783
4770 9946
7605 8858
9548 7448
920 2176
4296 5218
857 4212
1064 2498
6426 7663
7286 2837
4791 3458
1285 1627
5640 2616
3149 7462
4402 5692
1018 4467
8621 8403
5632 7431
7732 5015
6341 5248
2171 3546
9146 468
9423 6664
8715 9246
1583 83
4063 6335
501 5252
1036 6340
8732 1679
3839 5520
7146 9511
8197 8437
5562 9364
5417 7230
4005 9331
287 5467
3755 2161
992 9588
121 5180
6592 3641
3778 2183
2271 9440
9520 9200
9172 1068
2853 4190
1376 1916
4650 7528
5486 5887
550 7544
6499 9403
5264 2553
7462 6113
459 342
1026 9793
2990 729
5773 1347
2587 5117
7809 440
482 3824
605 2702
8017 2299
6947 8538
7710 1353
3107 819
549 619
8674 2935
4219 6607
841 121
8029 7030
4851 6732
7385 3983
8072 6613
4589 9094
7082 9769
4892 2032
2833 3472
71 9779
2998 1123
2171 7911
9249 3438
2430 8495
4092 5293
6673 7590
542 7942
1788 9149
3101 9561
2559 4631
1396 8337
4265 4188
2154 5085
258 9176
6910 452
1997 4421
4671 700
9589 2327
5563 1721
3690 2703
6722 6769
5609 9003
4779 9576
7254 8895
8871 34
3939 3606
7536 9400
7796 1940
1788 1233
6683 3252
9823 4458
93 572
2221 6544
9294 9539
9679 7473
8727 9394
8117 5220
6031 1541
4251 5548
7945 4192
4162 9367
1903 5610
7031 3341
9605 5117
7356 1506
349 6860
3577 6554
2035 3366
722 5762
8793 751
6395 9329
204 6449
9018 9846
4002 7148
5136 3711
9769 4804
4031 9377
8130 9400
8214 585
9061 415
3301 6636
8866 9924
854 6174
2580 473
1997 9030
5574 8609
6105 3962
255 9769
4716 2969
984 7775
6954 354
9976 6005
8363 4412
451 7295
1654 3607
6884 2006
3319 8965
2501 446
3924 4799
1280 3518
3023 9611
9971 4442
9746 991
2378 9091
2485 7633
1990 8007
6763 5038
5536 1989
1785 3332
2537 6949
2559 6177
3278 7268
3938 4951
7770 9769
7716 9552
8350 4333
7547 7713
8917 6996
1612 4770
9666 4268
5638 2950
2547 962
2503 2238
7951 2778
2792 8780
9109 5309
1299 2500
7878 3902
9335 5293
1632 292
741 2568
9612 6339
8538 7038
7005 4006
96 4313
9420 457
2387 7697
322 7082
4708 9352
3167 7212
3443 339
4201 6362
2726 8570
5709 3719
9847 5221
1968 6434
5189 7566
7607 3840
3746 8041
8699 3802
5788 5701
9803 1689
562 1987
2905 632
2496 2311
4451 3074
951 9343
8329 901
5951 9013
7500 5047
1135 3770
2636 9142
4707 7095
5169 409
7650 2430
6527 749
6213 1687
726 8058
2347 3723
7544 2705
8947 1261
2933 387
9994 7019
7079 3307
8828 3587
2617 996
833 9788
1019 4035
2682 9532
6791 6008
1050 7984
1998 8464
8650 6597
1926 7865
1961 8708
9631 4473
9472 797
9197 3398
812 9436
6761 3662
3184 2882
5548 2989
2774 9255
7501 5933
2631 4094
6996 2709
9272 2679
8666 506
4448 266
4601 8864
401 8725
3631 5506
2752 1524
7409 6041
2274 1058
9916 4417
6653 6402
7971 1971
9033 3881
6363 3095
2378 1532
764 3433
4300 4832
9760 6461
12 4362
3580 5850
9277 5556
8169 5737
5654 2418
5247 5084
7290 5597
2790 9461
9078 192
4202 2691
1583 7879
5288 7977
7890 9306
1123 7506
3548 9112
9387 1062
8795 1433
5603 3275
2721 5151
4714 129
2766 9770
2030 639
1804 3662
6980 8473
4862 4202
1151 8432
5097 7322
7811 7241
5746 5112
104 4251
5159 4189
2591 2645
4693 4290
957 9768
432 9935
5023 8604
5977 3778
6572 2103
56 1331
3636 1092
3835 5911
440 7453
5156 4864
6957 2319
7223 6369
8645 7466
3928 2949
6097 9326
2696 3809
9140 8749
3918 5284
7408 7084
8509 5750
527 4376
4400 8576
5428 3933
6383 3846
5948 6723
7591 58
3430 3818
9497 6645
1195 6204
5119 1691
6376 9769
7540 4350
1419 9821
793 1268
6663 7097
525 4610
1704 1898
2439 2927
2977 3055
6206 2523
2439 144
4065 7060
4436 7623
5948 3225
5158 750
5473 9863
7123 8514
9772 7858
4706 1387
8424 3215
8292 8756
2368 8733
5436 9147
1492 2100
4668 1751
9388 7905
1460 8618
6737 7226
2379 9147
9769 5424
783 8577
4870 6397
2788 6482
4795 7235
5081 1560
723 4691
718 2255
352 3280
7990 7578
9121 7914
6552 4678
2596 7226
7277 9376
9769 7067
6747 6761
1178 479
4116 5655
1539 8858
4346 9433
1833 6133
1994 2522
6266 5896
9307 7372
9493 710
3364 1291
6589 9003
4862 1197
9089 481
218 9972
7407 7883
4960 9493
4497 7574
3007 1201
7263 9879
4288 1617
3611 9662
9 4306
1829 2888
3640 8881
9399 5435
3709 2606
6745 9983
5090 2561
1188 8481
6471 9186
7270 64
2762 4521
635 4625
90 7844
8381 6634
7874 996
4797 8151
2243 1285
1234 9016
8644 3048
4754 9394
8766 7549
1706 8730
5465 2885
7012 8592
3626 7165
2289 2978
6964 8485
7942 5764
6407 8858
2930 9625
9747 5066
8318 6811
5234 7204
1911 1397
895 5694
9054 9583
6539 8578
6984 3214
2485 9380
5787 4380
4394 698
110 3927
6818 7860
2327 7680
4409 6455
6464 8872
8684 4419
7140 340
2855 3912
5148 4996
2910 5085
3121 3591
9754 3360
6528 9682
3475 2784
5363 7733
9054 1206
8532 6034
6567 5895
7180 5122
3227 3394
175 9781
6046 8375
929 4207
1110 5583
3775 9530
2281 6179
2257 226
6156 6630
7471 6599
9384 1103
3435 7223
9010 4913
1741 502
4334 702
4457 2258
3965 1224
7389 9163
1854 2269
2732 5944
8672 724
3835 4714
8936 3652
4908 6784
7475 1037
1705 1728
3065 2115
8072 2139
8244 936
4814 2382
2423 1782
2610 3938
4459 3413
1505 4519
4328 8726
3162 8647
2777 3785
1493 4704
8484 2077
7823 7004
925 5421
3249 9479
3447 6486
8154 9049
9944 3065
4646 3471
6418 9134
8595 1637
4183 8626
4331 7020
1210 5729
7308 8698
76 7141
767 6191
7857 9403
3498 8683
7336 6523
8732 9922
7376 8948
9240 5179
3205 3032
2254 5964
8075 1538
5310 5297
198 7342
6987 2353
9829 139
1081 6450
1793 2331
9956 7233
1141 1547
4085 651
3753 8145
810 7213
3602 3056
5706 1717
7334 2324
6907 946
5927 4577
2267 5584
3465 605
4823 5190
2692 4933
4208 5095
7369 9757
9649 654
7925 4280
8917 8249
4397 4738
718 669
1867 827
6243 5507
5579 5347
8682 269
9017 5150
3555 9032
9009 2452
5124 6212
5447 553
4238 2988
1001 5520
2391 9766
6373 9281
1083 5385
5388 8224
1278 4808
9203 1525
8092 5285
9769 5941
4963 3617
9350 9769
9518 686
442 2356
4491 3606
3745 4521
8222 2888
3070 1859
8352 9630
7765 4149
1042 5045
8388 4631
9063 2443
9365 1916
521 9751
5603 132
3635 2732
263 2061
3289 8353
4701 5298
5695 8138
6649 7807
3953 6121
9769 3664
472 2288
7072 2093
8982 1642
5096 5675
1851 211
3 370
5649 884
4193 2189
2538 8430
3666 9309
6391 1361
8877 3507
9293 9017
299 5879
9667 6144
2031 6887
7607 1497
2503 5917
59 1263
719 3966
1173 351
1110 7809
6223 9919
8163 9469
3721 8101
8646 8303
4391 382
4856 57
9128 6222
8596 2056
5379 9938
238 8068
7620 5988
2399 3030
2808 1936
9016 8505
6835 1090
3478 3311
7472 6021
8823 3998
158 7695
5413 1696
5979 9492
3814 8023
5116 291
3452 9418
8767 469
2249 1587
3061 8137
9051 5856
955 8994
3749 494
3472 9354
985 2841
2253 2614
3588 5144
9177 2964
4728 2840
5806 1118
1323 5146
8787 4481
1391 5951
5294 762
3200 6737
3579 8863
3111 6133
7279 6377
4672 9751
4358 8144
2706 3194
2578 4572
9448 6347
5618 1290
2094 8828
7575 2862
7449 6452
127 8020
6341 5797
1398 9804
2836 8421
4223 7622
7014 5914
8457 6129
9590 7938
6565 1732
3275 9358
3624 4174
4892 4594
2855 8407
2776 5500
7147 4843
8633 7997
1942 5757
6892 1616
7440 2108
6015 8828
265 6410
4011 9769
4444 5697
8491 8666
9654 7392
274 146
43 4496
4871 8440
9467 3844
5663 162
2430 9333
6753 5466
7476 3906
4780 3441
1007 1124
7019 2695
3758 362
4079 1023
9289 5671
705 3615
5453 8570
618 6826
2732 6609
4609 4356
516 2604
1487 2267
6477 7273
2243 5136
7764 2548
2410 596
2997 1002
550 7441
6952 2207
8031 7107
3399 7034
6148 243
3058 2796
817 656
4138 8141
2023 1061
466 6331
572 8534
7883 8306
4786 2826
5829 1558
7996 9406
4861 4010
1718 6038
6708 5510
7833 6357
3948 1901
6725 187
4946 1461
3421 4754
9572 9598
709 9045
3207 8751
9601 3576
739 7049
8081 543
8894 1774
8690 5561
477 6060
9896 5426
9070 4950
5263 1955
988 9692
5776 6843
4413 5177
3531 8531
1959 9023
9799 499
3966 9052
1199 3508
5238 4382
6690 2227
4943 5074
2354 9669
6352 3303
4338 5569
4693 8534
3036 3188
9270 8639
7075 562
8471 194
1404 9989
9799 627
9403 6782
1997 2880
8320 6122
6582 8253
8928 8615
3655 7554
9019 9534
4171 9075
6369 6567
8467 5487
1768 4857
9769 1083
7457 7129
9264 9695
7197 1099
1638 4507
3984 9767
3809 7727
4973 5147
7400 8425
2792 3875
8554 4029
4871 5557
2825 5650
3890 2274
9640 543
3440 9448
1336 2709
4023 8506
6415 5819
8217 3247
9371 8309
6731 4780
996 3085
6335 2204
1214 6898
5222 6238
9290 1511
844 5167
5459 4546
7412 2664
8835 6478
7929 3757
8541 368
1143 4434
3889 1858
6378 2602
699 832
8321 5018
5974 154
9022 7292
5256 5783
8821 2060
7753 3819
724 1866
446 9393
9307 2818
4322 1637
3726 1822
5134 1185
467 4203
4342 8628
8269 1633
8560 3643
8659 9765
323 3025
1269 2712
1108 3103
5333 8212
9061 9799
3488 7252
8139 2759
6227 565
6646 5417
9793 6707
3011 7668
6669 8614
9650 4227
9004 9769
7665 4575
7529 607
1462 525
6283 2881
8706 4133
8884 6301
5393 2114
457 1534
5994 9698
3368 1675
3631 9995
320 6874
1437 8715
7700 4698
6687 2583
2156 7919
5007 9220
9083 9383
7488 9833
4732 4550
1854 7985
213 4043
7409 3515
5657 2665
3521 2232
8853 3986
7576 1007
1923 5446
7607 2032
3813 2830
6740 5844
5607 5881
9606 3153
8440 586
261 6658
1861 3452
2814 7362
9223 4355
7015 7634
5884 7170
1390 8558
5010 6695
2551 4229
146 208
7247 6463
3750 1570
6979 9082
6337 2973
3078 7808
5950 9519
959 9769
5659 6502
7484 612
2600 5840
2688 9518
6459 113
988 9364
6164 9240
5783 1276
6247 5497
2871 3920
1602 1554
2049 9984
7679 7804
6073 493
473 3459
8237 379
9028 6639
1503 866
9705 9264
3940 335
6015 1706
2042 2113
9663 797
5644 30
2312 4484
4499 1718
5250 3054
2867 6214
7435 6350
5419 9980
4479 9798
9337 4018
1873 2839
1964 7741
5941 6411
9047 9528
8459 462
9407 3968
9462 2798
7934 4909
2823 2055
7547 8694
8634 4093
1721 3370
3363 8412
1920 7835
2324 2340
5979 428
4407 7653
3024 3170
3225 9850
2199 7436
7952 2415
2624 6645
4410 9230
3868 703
9273 4700
6501 4506
4363 3855
2660 5734
9032 630
2824 5803
3788 7320
7132 349
147 7785
7860 7038
4471 9880
971 3972
3161 9183
8202 3176
5939 4277
529 9454
9746 2984
4297 6917
7783 2267
1343 7319
5120 4442
9432 5402
2529 2565
3874 4979
407 5610
7490 9646
8973 2115
429 8656
115 6955
6899 6609
408 403
6850 4508
8251 6014
5243 2942
3845 1250
933 7153
5240 4019
6327 2782
5970 285
6597 9527
5864 5119
2910 9452
5706 2181
1384 6112
9637 7036
5760 7740
9824 5227
8731 9208
3107 8248
9890 6424
9426 738
8021 1501
749 5243
7421 7575
9475 6408
7579 6004
2468 1536
9658 5632
8493 2320
2722 9350
7139 6388
5402 4682
6447 2749
8094 4987
121 5689
6900 2079
251 5477
7017 3235
1030 3460
6481 342
7910 8614
3885 8156
7463 7453
4410 3477
1637 8867
6982 8273
7229 1355
453 776
578 9083
8677 9823
6280 8570
6699 8360
8377 9407
9909 7865
6859 7260
7278 4870
7321 8851
9737 5124
3001 5072
6574 2929
7734 4242
4078 4604
9289 633
1543 7346
9826 3607
9240 8557
2085 3571
3981 2715
5451 9784
2549 9173
8914 6282
2371 3527
9043 5005
6106 9627
3268 8458
408 6033
638 3011
8937 1111
4675 636
2155 6826
7021 5055
5869 7308
3778 2520
8830 3591
3418 3258
8708 3447
6108 6204
3724 5400
5600 3193
3629 2139
1364 4861
7995 2214
9481 1784
2724 7711
2439 448
7244 5927
5566 9841
7816 8771
166 6676
3145 6330
5309 9628
3551 8705
2301 3865
3404 9437
2698 6329
4871 4820
9769 8145
5205 4130
8327 6902
1544 8040
9964 5736
0 8998
1652 5940
2564 1290
7489 4735
6624 300
6320 9769
8481 8990
9033 2179
8072 2093
415 252
1389 7442
8217 7329
3552 4019
6428 42
5878 9239
1225 607
8193 3298
1323 2060
4343 4441
4209 3850
7759 9618
1661 399
8922 6700
9769 1520
6290 3861
3301 5021
2004 159
1983 5762
1749 1451
9571 8623
6174 4865
7640 4549
9176 4345
9383 766
6122 7376
6161 1715
3109 1383
8231 4198
3490 9375
4825 1627
8447 860
5055 2829
5629 3962
3256 738
7385 8094
4830 4521
5298 748
1219 5156
7156 9939
4433 6379
2399 9718
8155 8053
2809 5198
5645 4339
5761 9540
9956 6608
1952 9043
101 2662
8742 7744
2045 1960
5299 8560
7578 6001
3795 1417
4568 895
5844 5505
2046 2399
5439 5673
9752 8120
5523 3106
1410 9975
6061 1825
3821 4286
6077 8517
1477 8417
9351 5902
7821 3092
2069 8233
395 9993
1127 6067
3779 4277
4599 8626
2919 351
1882 3248
7502 1255
1962 9425
7507 8792
6272 1118
4277 5186
4134 4196
3755 330
8354 1350
1903 6973
201 9769
9769 1266
3677 9369
4113 8389
4324 6143
2425 9503
3710 9187
8871 1525
92 3739
8168 5516
1504 7511
6012 1341
7099 327
9246 3650
206 373
1940 4203
9202 8836
1508 8485
1210 8722
2919 7054
7736 4822
5907 9021
3370 3867
4278 7617
5602 5334
7860 9340
7184 8397
7776 6853
8633 2255
3702 3445
488 5613
6875 7179
5062 1726
1417 2967
6968 3755
6151 6457
952 3450
2879 8708
864 4112
9211 2682
2843 9895
4535 798
4325 276
8635 985
7304 8691
8197 5291
8468 5716
4049 8066
3769 8827
3868 1449
9423 8935
3803 9897
7877 9859
8825 7088
5965 2848
425 5429
2276 1994
6524 3409
3482 8373
5526 1839
6288 9824
4867 2230
6309 1666
5045 1
7338 3863
3620 7323
6972 6140
3715 7711
9769 4475
934 9769
9331 2502
8271 3007
1539 2088
6186 9942
8652 1349
5118 3810
8015 8190
1075 7748
1195 2865
8869 8109
4129 4755
5129 1301
9652 9929
8233 28
7780 62
7367 8655
1963 3970
6759 3436
1007 3549
3925 1671
3398 4479
2658 8179
2041 4378
354 2090
7326 7519
2396 4212
13 1638
3903 6918
4936 6709
2072 2668
512 1970
3941 6976
3671 2885
4801 868
4206 2678
3365 2023
1514 3482
4942 2858
5711 752
413 5489
3445 2271
9308 1596
7236 3845
3658 9429
1787 533
1662 1461
5184 7930
1545 4811
8942 1352
959 2335
1961 2078
7830 6934
7419 261
162 6840
8116 2947
1028 1273
491 9388
6550 3686
7465 1579
5103 6514
6243 3035
7632 664
5265 3892
7746 6345
8641 6541
5040 9399
9769 7622
5590 9975
3897 9666
7854 8898
2801 7183
8761 7879
8542 3438
7328 2375
666 3548
8478 8349
5605 5493
6283 1218
8293 7945
3731 6768
1854 6233
8953 206
126 9370
3608 6114
3809 5876
3014 337
5554 9478
5681 1694
8317 4709
9577 5352
6279 6030
1503 5121
8777 4030
5517 8576
4479 2203
253 2579
4394 9075
8160 3679
272 3325
517 7484
4725 863
1466 8589
9998 9769
4194 4092
8640 2405
887 8086
3780 5018
1146 7782
8873 420
2825 5176
1021 1869
5853 7430
7475 8829
264 6319
2313 9769
9092 3590
3290 7800
5307 5809
6825 1261
4781 2503
708 5088
8916 5481
1731 4747
6567 3384
6380 9149
3590 6163
8935 5074
1790 8527
3489 8231
9068 5773
6124 3601
2256 7952
515 5143
3854 4959
7000 3167
7890 1810
122 4761
2284 4220
3537 3685
500 3535
4156 3474
2910 7938
3248 8634
5645 5244
8241 8601
354 1076
4871 5066
2931 5943
310 4257
9555 9796
4838 5060
8773 8752
9206 3831
9325 9509
7220 3902
6560 635
1067 9338
7485 5295
3642 9017
8167 7619
9059 3303
5267 7284
6360 2733
8903 722
390 4064
1764 5980
8638 4218
3847 8827
9724 5882
2672 8881
185 8708
9904 3751
9594 1165
5886 6422
9809 499
2131 3352
7174 3822
2379 168
5137 4303
3236 9048
9775 3755
9078 3419
4319 7436
4878 9900
2075 1045
4513 3655
8687 909
1685 8657
1978 5695
4474 3288
1458 8889
7310 6098
499 691
5321 9698
7666 5206
2185 8981
6086 4845
9436 9303
4095 8516
7735 2378
9279 1531
7163 5323
8815 2647
8142 3360
6342 3336
5752 6579
4952 9690
161 150
5111 8985
2825 257
690 6388
5803 8986
1929 672
9769 5053
2539 2515
8340 5415
6932 6512
1711 9540
3021 9592
6785 2329
9769 3808
6614 3612
7830 2929
10 3425
8463 1065
7871 72
2315 2341
914 61
4197 87
6625 3940
9480 2837
1896 3340
1277 1785
3292 2207
9854 3817
2034 4499
9404 9242
9827 6511
7560 1208
3630 6279
9321 2573
3092 4645
6223 3496
1288 8956
8048 7883
9371 835
8993 964
2487 8062
2668 2923
8642 8810
5587 4580
1084 509
5749 2655
943 1440
7000 1144
3783 3097
8998 9627
2676 9769
4021 6665
7297 56
8604 4379
8111 1140
6451 697
9124 5486
7304 5983
3668 3629
4932 7869
5338 2045
2296 9132
1934 4653
2786 2307
1592 9785
8492 9618
8788 3373
1460 8231
5988 4336
8434 7467
5273 6027
3473 4836
5052 7901
483 5697
4267 7033
879 1870
4098 1070
6933 3500
2163 4554
6747 1379
5826 9625
8834 1271
816 6268
7139 9209
6986 4309
3184 9378
1373 4872
3319 5733
878 4656
444 1789
4838 7926
8958 8951
8228 8596
9651 3192
810 3820
3550 5239
4826 5364
2643 1105
1220 8676
4074 2396
7068 3560
9650 1381
5406 2867
9837 3666
822 1295
8391 3649
8277 2937
6753 1448
5716 965
2040 211
2782 9070
9689 3774
1613 5260
281 4392
798 8291
1541 4142
9497 5033
4899 7745
8448 5340
7527 3750
1814 3928
3187 7543
9769 3858
4252 7062
8953 4711
6794 8596
5145 8227
8281 2620
111 5792
3486 6972
4220 1215
3461 5490
2082 6737
8442 2778
3460 2262
9123 1925
6002 3129
8231 3911
4910 5140
4554 1623
7619 8770
1464 8737
610 1269
8991 9455
4967 1861
3957 492
872 7826
3827 6300
519 1531
1434 4220
5066 9101
1734 5757
1611 2544
7135 5097
1226 3838
8336 5706
5260 4042
1459 465
7687 719
545 1136
7046 833
1292 2355
1775 3705
4899 2048
228 1608
4365 3662
9605 3368
8339 939
367 4168
4435 9276
9932 4708
9385 2684
5650 4446
3061 4969
549 9223
6439 1358
558 2065
7665 1816
536 4923
1433 803
4024 4447
5474 7516
7798 5722
3645 8165
1942 6764
4066 177
4607 4149
9820 7300
4725 6222
663 8151
1718 1324
9677 3574
1239 2609
5926 9524
8693 1951
6587 1074
8718 4124
4858 8454
4710 5237
9351 5276
8763 9497
2234 2058
6990 4892
9293 9401
6589 3011
8466 3521
9036 1709
1853 4946
9380 2905
272 389
3553 4844
4849 2252
7973 9024
3549 1258
7139 9127
6347 4500
4703 7367
8345 5134
155 8394
6253 9066
1590 6747
667 6801
160 4938
2443 1370
1880 4764
7569 3202
2715 6547
8097 770
3908 808
566 3869
9750 4119
4567 9777
963 5640
2483 7750
2599 1149
594 240
8579 3578
7383 1379
6123 2906
2084 7351
3570 526
9252 3367
6030 7306
3384 9804
889 6578
5866 4660
6213 1788
1308 9769
7065 2027
7022 9856
3447 3616
464 6967
5919 3553
9833 4320
4977 5796
7177 18
247 7403
2725 2016
8686 9089
3135 27
4847 8080
7240 2073
694 6061
8697 3125
9769 376
2478 631
3532 1539
4379 9629
7926 1545
3430 5829
4508 4120
8302 6186
4315 7203
8325 9578
20 1795
4865 2727
1180 4892
886 1003
8326 9905
355 3171
6274 7096
2434 2799
5498 3177
8755 1894
794 9325
8070 8039
7915 1012
696 7872
3659 9653
9769 4758
3954 346
936 5192
3089 4641
1850 2211
9108 6644
847 4273
6905 5766
1474 7878
3335 874
2013 4693
5319 1699
6497 3066
8084 6259
4904 3602
3723 6292
9199 8809
8694 3075
289 8055
2258 264
6776 4887
560 5740
878 1164
7318 9987
5099 7771
738 8684
8785 4570
3339 9213
6903 9793
9125 4758
6095 2877
2604 1729
2802 9136
2150 3896
5093 4491
3705 9411
6359 6603
8601 5863
1863 1628
5002 350
956 9012
6487 1176
1582 983
1290 4862
4680 8596
4670 9358
5988 8559
1184 2858
2672 402
9692 8607
5259 6499
9132 183
3380 5005
2332 8780
8532 9558
2153 205
9769 1089
5604 3638
4752 179
6756 5663
5625 3496
7201 8746
9769 5319
6685 4354
3828 8394
3591 3229
1728 1853
8394 4116
673 7142
9967 4790
1030 719
174 3859
4479 5663
8936 3990
3116 3252
5146 5019
1302 5176
5697 5817
1820 5445
7268 4948
8987 3915
5252 3528
4141 1571
1125 6648
4822 5074
6111 2937
7374 8227
2095 1145
7755 3963
8316 1413
2513 8282
1618 8172
7880 9959
6452 5881
2832 5107
958 8233
5785 9408
2902 1610
8967 2377
4345 7196
3429 9401
2166 6975
240 1620
4254 7074
6437 8990
9504 2050
7202 5588
8269 9889
7727 988
1671 8070
4363 8263
928 3936
9504 7809
3976 6875
3363 4305
2157 1013
1412 1187
3486 4509
9291 2018
9716 3117
4212 8915
9415 525
8362 9287
7467 4153
6547 2240
7773 8870
7672 313
792 3387
406 324
1453 5994
9680 1459
6024 4069
4893 1832
4746 4912
1723 1701
9941 6327
6102 6842
179 9477
924 8394
9822 5549
8400 8836
7721 5421
8776 5232
6504 3627
4798 2563
4573 6478
8568 3098
2621 3268
2156 3230
8209 179
7124 1602
7926 6363
7793 3501
3562 4553
2300 4961
4872 7762
8707 4015
9560 1941
4436 7497
950 7182
6696 7489
2438 9562
2147 1032
9215 9633
9769 5503
268 6330
7570 7499
5018 3295
3996 5385
472 5286
4125 5101
3448 3631
375 1074
4009 6197
9717 8355
102 321
5105 5364
3359 8729
4313 368
8304 6134
8797 9654
9203 7588
2628 182
924 7330
138 7598
6857 7758
6969 9867
4487 8729
3234 6445
2434 748
4117 1026
1731 1279
5231 7926
381 7995
6803 1843
7502 1359
285 5372
4981 2830
6015 7955
6015 5341
6715 9280
2681 4004
9948 2133
4792 577
7520 2934
2198 7458
5397 4185
7456 7868
8796 9315
2370 3865
5668 8115
1442 7651
1809 3923
9255 4940
3165 7883
6104 1992
54 999
2307 564
6468 6259
8363 740
4605 8923
2070 415
5129 419
7064 258
7900 4041
1680 8701
6809 2612
1141 6035
5117 561
9769 8856
5524 661
6035 3091
354 9599
1355 2493
9352 2569
4520 5648
5141 7888
5800 5467
8867 5780
9311 9288
3793 3558
991 3401
1123 463
529 9951
5947 1077
3409 7955
7628 8410
2609 4525
4281 9156
5208 5564
6473 7053
4977 261
6287 9346
5527 9746
6617 8666
8651 9289
1486 2290
7270 4756
2433 9839
8305 890
7951 4405
1552 8692
7404 3168
9359 7210
8461 3916
5458 3716
4241 1946
4609 1690
6686 6616
3234 8585
5879 2358
9690 6606
3105 7410
4673 6778
9495 4644
8187 7346
9074 760
4563 5223
1557 5131
629 5660
5196 5728
5960 2003
1964 3
170 227
8070 6753
4524 3154
683 3455
9583 3447
6078 2455
3155 6323
7560 8534
405 437
514 6297
6535 7086
7222 9769
5500 5425
7450 3801
5642 3424
8437 3227
8962 975
4932 590
962 3955
280 5957
1045 8943
7986 8715
8786 947
9399 9421
6796 385
11 4889
9139 262
1400 188
3295 4233
2830 1035
1848 8239
1625 8287
6500 2158
4170 1703
1279 4449
6778 6477
1421 2681
11 1827
3864 9888
9964 4138
8144 5675
552 6503
3154 8466
3447 7484
1212 9685
1360 1054
9582 4967
179 9466
3170 9838
6098 2128
7406 2768
8077 4139
818 3312
5465 7354
9209 9072
2408 515
2204 6170
67 6542
487 640
223 1529
4248 9706
1813 9769
9934 9574
6996 5188
3101 9598
7597 2830
9093 2608
1179 2079
7911 9569
8019 938
6264 2648
3312 3889
6687 6327
1890 6439
1381 5045
7467 3060
704 1652
6793 205
1317 5601
8523 8229
299 9624
8534 9908
7271 148
5752 3805
6826 6921
2859 7577
9894 4495
3396 2427
5967 9264
3730 9834
441 4575
1607 6882
5535 2260
6022 8464
4888 1825
9769 5930
7981 4358
4064 4466
8684 8235
2849 1707
9736 8273
3576 1127
5820 9652
8423 8529
5439 354
9628 2686
2330 9514
9217 1206
9580 6803
2998 417
5711 4610
3854 6843
9103 1591
455 6917
5266 2532
2996 652
9769 3333
7353 482
9678 136
9769 6743
9986 2320
3625 5348
8586 916
2792 4062
2504 5160
480 4926
4115 5355
1615 7619
6961 6252
317 8290
982 6073
41 4294
8072 4519
7346 3552
8480 3406
4860 6103
2714 9591
5128 3566
4991 1332
4874 7548
6885 892
2885 9743
3035 4547
1438 1171
5260 4627
7267 5398
7559 4556
7095 7261
7285 9293
2841 2932
2106 2485
5370 9888
5358 7937
1427 6
7887 1386
9130 4401
9769 8218
6017 7237
7256 7920
7815 4736
1034 2100
4768 2273
8055 2735
2203 6852
474 5893
1608 1708
2429 6154
615 5467
2510 3506
2627 8408
2047 326
3725 3995
6425 7070
140 2352
5728 7957
3130 2396
865 9186
1010 3983
7352 7117
8883 3434
8852 6073
551 1501
4019 9718
7037 6590
8536 7433
596 9184
5677 144
7809 6109
7663 685
5075 3826
5098 5478
6128 4586
5572 5955
8104 6011
3355 4934
5124 2021
7725 392
8997 1151
7925 1669
6346 9480
5455 6016
2196 8974
7081 7034
2553 4247
84 5768
8058 2907
4157 4345
4738 648
1023 6854
1718 2394
5272 3082
4179 9001
8198 9771
6438 5005
4873 8468
8695 9588
8521 8636
9769 8993
6275 8806
9481 4328
2617 9750
577 6971
9666 2906
3914 7376
5153 4565
673 5068
7980 8872
6872 9621
5676 6483
7440 2717
61 4372
437 2148
5427 6826
7031 1897
9310 2708
995 5638
8565 7592
4632 7188
4710 3008
242 5830
9772 3228
206 4443
2848 2805
3947 6742
9769 7917
3379 5727
3734 3293
1843 164
5637 7889
1968 5814
6139 7330
3305 4464
7963 6936
9470 5528
6082 203
2394 2737
3403 4018
7335 8856
4537 2000
5123 7544
7587 1963
1330 6789
1540 7712
4733 7506
895 6119
6000 5621
281 5257
3857 5796
4823 7926
9702 9747
1529 9345
1841 8991
725 9709
9360 931
8157 1205
5368 2757
3628 1750
8358 4756
1015 7403
7599 141
4538 6098
2700 1464
4569 8994
8912 3517
6618 5449
805 8653
1409 9635
5132 2994
8678 7480
9748 5726
9028 7149
6567 1724
3126 2783
542 5790
7222 7321
4857 1138
1892 4684
7484 4261
6353 298
4227 6199
9140 7859
8181 2036
8935 7447
800 604
9436 2112
2120 8292
1759 9188
3568 4500
9614 9367
3155 9789
2420 1873
522 2872
4846 9738
9881 8752
2717 7048
2407 5346
6577 7217
1879 2976
6107 337
3308 6295
7024 3700
319 762
172 638
7585 7200
4477 2340
9769 5866
8954 9450
5501 8065
2749 7330
8256 6018
4113 5593
658 6270
5052 8735
1045 529
6352 351
2542 2539
987 2642
7473 3447
9496 9511
1214 6760
8835 2333
4436 8455
8335 9258
7795 6210
1517 197
2969 9776
5157 1279
1940 1711
1490 6522
6123 7250
6013 8869
5166 8093
799 4015
1189 9432
9527 7041
2572 9998
6195 9034
6508 1202
7610 9798
5840 4428
6595 9136
7705 7449
3372 5413
1982 1896
237 5924
7469 5117
6386 1770
666 6452
9802 4460
220 7844
2938 6022
3311 1053
7848 8009
9517 5915
8722 1399
7939 5713
1961 9321
6530 5364
6998 6225
3213 521
5843 5634
5679 649
2436 6035
471 8930
5900 2089
4764 3972
206 2643
5105 4297
34 375
7006 812
4402 3082
3144 4972
8622 3688
2652 1005
2501 8983
6115 9181
7104 1404
8383 4356
4615 7108
4700 4944
5784 9453
5935 3809
6095 6837
6837 8089
6498 8501
9348 2463
2126 8540
5181 3080
2114 6093
1244 866
5789 5653
4748 5147
1605 7197
262 3794
5823 2259
2483 3708
2271 4862
3021 1614
4498 3163
7216 309
6211 2269
853 5445
171 4124
6568 2199
2381 6403
5231 6189
6216 8514
6724 9494
1208 8229
5781 9769
716 281
6564 5023
3504 9100
4032 6831
4991 3950
4854 2006
8247 3788
6391 1155
29 9914
1158 1596
6476 9897
754 6740
5688 4648
4995 4686
5767 7288
9094 4404
3305 1577
4251 4394
892 1954
666 8625
4808 7352
9545 6175
8847 310
6758 8060
8871 8446
608 4387
9037 4591
5606 107
855 3454
1217 3216
150 7649
4374 3876
7657 6371
8692 6921
4476 3302
2016 879
9651 7526
7522 434
5296 1421
7379 9831
3748 1220
4795 8193
5236 1722
217 8575
1881 2228
7982 6866
9648 8277
994 2028
8606 7814
2246 2110
1203 6104
2644 2457
1708 2582
6801 5579
8047 4245
8562 3410
7932 5481
3646 9786
7145 245
5249 3616
2298 6930
1261 9227
6192 1526
318 3246
2450 7256
9118 13
5359 3470
6539 8965
20 8788
5758 8160
3000 2966
8899 7256
6340 7552
2413 4993
8585 5518
9495 7245
7865 2379
2432 4268
2324 3859
261 701
3096 6580
5305 9491
1313 4779
3613 8034
4436 8526
7522 6684
2597 3841
9769 7112
4303 3665
6596 1965
6043 9842
3810 6313
823 4912
6208 2914
7940 5546
8650 7946
8382 4797
1815 4188
4764 4814
105 6291
5654 3061
1079 5838
500 1178
2817 2512
9769 6019
8445 354
7326 9068
2042 6940
3629 7421
4036 5203
67 6442
2406 230
1024 9264
395 1373
8042 9257
7315 488
6366 6910
1300 8085
791 8038
9316 9608
1922 4494
5790 8035
4064 3046
8394 1670
8148 61
9117 3963
2343 9261
8553 3785
8724 6452
9073 6222
3447 4313
2137 6954
8562 3366
2948 1434
503 8497
5234 8237
1710 3399
1615 6499
410 1781
6087 131
7444 5100
5447 6962
6724 5901
8782 846
2748 9412
3310 8160
4732 3271
8283 6724
8360 2446
248 2985
9071 3612
4334 8300
6538 716
3757 3617
8529 3513
6440 9095
2850 3369
8975 9795
3148 1207
2640 4497
1884 3686
7237 5565
5114 4719
7835 747
5854 5930
4131 8841
8010 7741
37 5749
4838 3687
8404 2563
3178 317
422 8105
4552 7656
6292 8881
8217 5581
7237 1641
4773 2792
9466 7369
915 7803
892 1720
9245 5666
2343 6580
4791 3602
1484 6209
9483 6428
2481 7359
4909 190
7454 297
815 4172
1152 687
9664 341
5977 1967
4743 8003
7345 7855
8534 7722
2005 8126
6954 5191
6244 4962
6048 4914
4186 5268
5287 3627
6841 4231
7358 1879
6551 9064
641 2714
4988 9769
786 6038
8478 4991
3234 1688
6478 976
4276 2487
7382 5401
6749 2630
3505 48
9187 3743
8220 9769
2694 3345
3200 3377
7487 6336
4983 6724
6967 2461
1575 4420
7393 2436
641 3516
6897 8870
2652 364
2555 1137
5666 8971
2716 6939
8503 8367
368 8331
2786 8510
3518 1056
9199 9823
9190 6079
3571 2719
1965 3486
1206 7426
1568 7766
3436 6477
9204 8820
401 4923
4334 2867
4883 7563
6702 7092
3848 5291
1517 7904
986 3059
4878 4367
8723 6915
3071 4866
4438 1274
1972 2848
6974 4705
9898 4406
6910 920
6720 2051
1261 1049
6979 1933
2388 3852
433 8238
5945 5315
2575 7513
1582 4401
1295 8763
4862 3928
3569 8528
7043 6255
5813 4480
6841 9660
2403 7174
6945 2653
2251 3642
4185 994
4699 1048
3478 6017
4197 77
6404 1941
4371 450
6052 5708
7787 1863
6326 1161
3966 5405
8354 2932
9327 5348
2650 4908
4462 8750
4789 5884
2676 7251
692 6821
9344 9196
5801 1340
9639 2459
204 338
3767 8321
814 61
2940 778
2947 7059
9131 1378
8823 3820
3445 6906
6044 2236
7989 9554
1971 3832
8747 7297
6811 9212
5753 7861
4307 2565
6897 8679
6405 9661
316 9270
1923 1569
8721 7382
1401 6484
6343 569
4018 1292
8097 7587
9710 3661
8016 6448
1611 1722
539 7767
4599 4480
6142 1819
5923 6847
3547 5778
3311 8824
1296 7726
4926 4533
7282 8464
587 304
3186 1071
6766 4725
2624 5437
3256 6942
7068 9664
4865 1469
4292 2311
7438 1041
2108 3296
899 6280
6334 383
1749 6509
4212 5865
9231 1529
2026 6825
143 4168
1116 4944
8755 9978
7681 9769
7560 2269
1811 3319
9861 3229
9172 8121
1814 7239
9509 6316
3533 7816
1009 5280
8950 8427
4617 9532
2756 4458
2445 9486
3022 8862
6838 9887
6985 5119
8781 424
9977 7612
4351 283
9643 8445
3228 7501
6737 3582
4884 1152
9769 2421
1646 2550
1606 8476
6403 250
1762 4800
3427 6563
2098 9426
9158 2675
7160 6479
9500 8071
2059 7854
1714 3245
3388 7345
8465 544
2043 3584
7698 7830
6014 4902
2015 6294
7363 8906
4822 4666
8874 8794
8597 9769
5368 3224
2889 4167
7123 8948
2155 1200
7660 5217
3514 7356
6634 4278
921 4770
4337 1465
1950 6710
524 5100
9513 2486
3440 5282
7722 3966
6358 3257
1349 8967
5001 2593
8152 2299
3111 2343
572 2360
880 9971
1861 7484
5544 2893
9939 9769
4114 4014
3626 1193
9413 4915
9792 1912
5470 8804
1260 9399
2768 2361
8402 9171
3837 1043
9050 824
5492 9061
7026 1625
2076 6995
1338 6456
6196 6412
9819 7429
3540 3901
9210 7825
8207 4103
6801 7674
2960 4171
8963 9722
657 3028
7432 650
4421 4398
5256 6987
993 1666
9055 2770
3883 9581
8389 4567
703 5065
6659 3153
8323 5170
2101 3700
1725 9707
1663 8009
538 1282
6679 5669
8561 5530
6893 8079
139 8149
1695 8881
8561 7645
7080 5056
6707 6508
791 6930
6230 9178
1142 6596
4667 9714
7748 5834
244 3152
9707 713
6770 896
9927 3672
5084 1057
9769 1796
8327 2437
600 8972
8801 6213
7688 527
3784 8669
5883 7603
2139 3933
3973 9769
7871 8712
6318 9697
3088 4653
2623 91
5223 8965
7999 8170
9828 9968
3490 1277
8772 222
7434 3718
8666 3520
3528 1598
4639 7123
4501 542
5845 8257
5318 6137
7541 9379
7515 4646
453 5407
8382 7903
8093 3907
5111 51
1237 5412
821 640
6746 3350
943 175
4630 3015
2980 7660
9339 7607
1957 5368
5086 6529
7388 5110
7472 9969
7510 4703
8124 5856
1965 6855
8142 9931
9589 7647
9817 903
9035 9913
2576 8171
6099 3605
1096 1304
637 6027
4087 5891
9147 4721
1038 7892
4198 148
4544 1871
9769 5839
1166 4557
775 5928
7705 5890
52 3592
9868 5251
8144 8536
6024 7524
7185 2509
1732 9199
7839 146
8866 3075
7008 5123
52 5286
4185 9819
5475 659
3830 4024
5416 1425
7719 9433
7096 5551
9832 487
1727 7492
4599 5164
5071 4920
3219 7461
2395 7665
5644 6603
7829 5195
6990 4885
5488 5824
4751 6836
2855 8325
5326 3987
547 8812
7051 1359
943 3928
9337 2135
7540 4421
5696 1696
4225 6451
5255 8399
5678 1718
1307 2012
2935 1648
3483 7706
2389 9694
1893 4172
2437 4737
1538 4968
7098 3244
3796 7462
5698 7242
1399 3606
6383 3557
1963 9540
2264 1657
8860 5733
1984 4902
924 4533
4351 7676
2987 7166
9655 3228
1235 9447
1576 4364
6985 2773
8952 6758
9505 9523
6321 1304
5037 5706
9423 6279
9135 2092
4463 7874
1375 6034
2560 9876
6891 221
2679 113
781 2657
9016 5214
5172 4428
2746 1405
9357 2782
799 8883
8067 2927
4590 9769
7276 328
2900 6885
574 89
5669 2417
9722 2563
6670 3629
7839 133
8710 8099
8315 7728
1220 7950
3736 9368
7647 484
8205 9507
7661 9813
4094 8965
9769 8876
8827 6983
7540 4575
4394 7284
5993 7384
9725 2950
777 9003
6808 2277
3242 3879
2913 7575
6901 7966
9176 9778
820 4101
7593 7757
554 2103
1936 4227
1916 3453
4308 9078
1741 4329
2881 8037
5805 2900
6801 3122
6511 7172
7632 7547
1039 393
2281 5070
4241 5536
4882 8306
7836 4335
9799 608
510 3626
9740 1768
137 264
7331 8336
8081 6541
9415 1012
7843 5482
9479 4518
3606 3716
5272 7596
2346 5110
6990 3720
8642 1903
8271 4204
3725 4514
5770 4076
4676 2356
1171 634
5422 6809
5477 8286
8312 5515
5832 2976
9812 6678
6940 535
6913 4924
9769 3799
7906 5532
2614 7672
3572 3453
9769 8789
3820 5626
1135 2480
497 7943
2081 5110
7978 545
1772 9935
3736 2578
1578 3892
4685 6455
2714 5852
6602 4416
7013 7836
2222 737
201 8000
786 6598
4100 7823
6736 9769
7401 9870
66 4266
4227 4322
2108 6250
8855 6925
6565 259
9821 5650
1167 8728
3964 4543
1714 6042
4284 9448
2956 8390
2165 5663
9244 7564
2249 7069
3120 4248
7078 9817
9446 9560
7461 2899
9978 1756
7136 2934
5987 1110
5460 2425
9054 8890
8405 4030
2461 8715
3189 8885
8953 5506
4703 890
5067 2902
4855 9561
214 4897
7000 911
8412 8708
3249 1676
516 8238
5346 4199
8828 6287
2223 1365
8654 5864
7742 3642
3104 9770
8232 5801
9769 8584
7292 3033
6332 3704
7116 7854
2143 1861
1629 4559
3217 193
3007 8649
5100 7432
7449 6640
981 7313
8822 6508
4808 5256
6637 6171
8353 8261
8891 4610
5770 6741
4357 5096
6701 6910
4252 5779
2500 3486
5674 1800
4817 4094
4279 2038
4807 468
2873 4814
6167 1684
5529 3187
9999 8649
8125 3864
5439 4249
63 7479
9800 5965
4263 4719
3389 5961
3447 8227
8741 5358
6356 6693
5313 3049
7029 223
2161 8217
3470 7375
5064 4188
8870 6774
3268 1434
1307 7906
210 3034
4160 6688
5261 2102
5439 2701
1459 8206
8486 438
7730 4602
58 4310
9799 5041
5952 2086
3479 1644
79 7069
8312 2365
1909 1238
9824 4323
892 3302
6311 2319
9256 4287
396 2398
5255 7886
2932 9964
1647 1929
3737 991
142 7828
589 1015
4839 6323
8049 222
6237 7502
478 9280
3623 4960
4440 2729
5769 6900
7024 5502
194 1826
6490 8059
157 9370
7717 4154
2649 6462
3738 5336
9849 3616
2114 9453
8420 9017
1814 5440
6958 9769
175 9642
3683 715
8201 1898
3374 7655
1859 4754
2503 8956
4046 4510
1963 3691
398 6435
2550 2411
3045 49
4081 6042
328 1151
205 303
9326 8748
6015 8762
8080 4852
4453 6504
7822 3438
8494 5892
6694 2868
1865 3888
1430 5247
232 4504
6974 4236
7972 990
2815 6235
7642 4667
8951 9834
4943 2667
2247 431
2872 9963
6062 4706
4219 803
1923 1051
909 1825
7632 5052
5513 4969
2596 4990
2454 9744
1592 76
9769 2917
1958 3447
8099 2918
9119 4031
2441 1731
2779 4267
6 988
4988 3523
4566 7755
8310 821
9501 3665
495 4829
4802 9897
2024 9732
9997 2560
4385 1394
5849 6044
8415 239
6188 6632
1530 645
1646 1684
5837 4602
665 1005
6966 5532
4400 6077
5973 9575
7316 3859
3042 6746
2702 8469
9069 4668
8090 6862
6693 3383
1644 8018
140 3709
7703 150
6299 2564
8598 9415
211 1973
1356 3858
1287 4867
5185 6858
5034 643
2890 8284
2431 9034
580 1077
6204 736
4964 5243
4611 1574
9241 2766
3366 8965
693 8074
7170 7754
8024 5860
9164 1701
6423 2324
3530 8390
5967 5216
7035 2319
4260 8295
4570 2380
5966 6216
2710 1264
1937 2389
3148 6584
4999 1326
627 9
8935 4153
7749 3398
9859 3047
3291 4493
5020 8319
4200 2581
8008 5843
344 7967
1936 8203
9647 3335
3033 7787
920 3621
9068 7583
6631 1272
9273 1253
5577 7859
5694 2296
2826 2087
8166 1947
7107 5392
7746 1818
930 4252
4377 997
5411 8097
9464 5675
9869 5162
9253 1162
5875 6019
2802 8496
7639 8233
7059 3316
5580 9632
883 4593
5506 2438
5493 7220
9488 4568
7630 397
3920 2699
6875 2816
8476 4660
9452 7718
671 1677
9265 8480
6146 4430
6486 9860
5077 6272
2497 908
528 8412
184 9267
919 2354
5024 5312
5835 448
8681 6872
5138 4182
2929 3866
5265 8220
1855 744
2382 4400
4036 2744
9862 608
55 5889
7578 418
2839 8864
8041 1294
4490 7386
1665 986
8318 179
4362 3782
2753 8912
970 1367
5483 3831
3526 9664
7422 4431
5210 4771
2944 1063
3341 4391
8593 5877
2306 1917
1456 6362
4510 3268
6375 2409
5087 28
3988 8939
8415 1910
3003 276
4931 7513
241 7259
6238 3911
9536 8323
631 5576
2768 7987
9607 2862
1067 5754
3297 3780
2061 5603
5242 1800
576 9314
688 4234
3778 1013
2914 512
2922 306
3111 4889
862 568
1314 1238
2923 1114
55 2197
7657 3375
6961 5676
4390 7432
2285 1502
2143 9172
2999 609
1686 5799
3596 3067
8154 9769
3951 6061
6528 8771
3503 9724
6113 4857
8763 4994
7562 3172
4980 2447
4008 2906
4066 1368
4137 8670
5664 4313
680 9769
293 4768
7869 904
9921 4943
5031 7139
8924 3846
5444 2207
4411 8602
2274 2342
9760 7970
9759 8328
2731 7546
2217 5553
4272 2419
1359 9799
5922 2059
2378 7601
585 7157
2871 4110
2203 3781
5949 4516
261 1348
3508 4594
6109 2772
8384 7053
6978 1203
7350 6261
4955 1619
1930 9164
4273 6642
2175 2952
2704 9826
5783 1738
3794 332
7696 329
4696 816
2068 9596
1962 7332
3681 9769
7086 2050
7513 9914
8426 1928
1400 1574
9758 4751
7625 318
7947 874
371 3497
8092 8243
5862 1652
3133 873
6781 9769
1460 187
7133 1478
4717 6131
8955 9129
3201 9880
3956 9205
623 3131
7101 2901
3011 6171
4109 2764
9982 568
9807 5606
9798 7930
1599 8693
7777 8663
4275 9769
1110 9409
9063 6030
8372 4027
7085 3786
3904 1357
9662 2086
4271 5949
3442 8548
3852 5410
143 5780
5272 7121
1761 5359
6253 8494
4526 4413
1969 9917
2417 6919
7921 7336
5685 1086
4867 809
6889 6890
7079 9167
4864 6645
294 4075
8779 6521
954 205
2959 9427
4237 755
2944 422
7339 4514
8571 1307
2785 9375
1344 461
6270 2778
5682 6711
4688 7070
4614 2378
2944 2715
7794 8935
1292 3724
5810 3127
8453 3186
8619 2316
8981 913
3243 7632
3366 8924
9596 392
4728 9769
3980 8090
2496 5767
4630 8062
7582 4189
6503 4672
8577 3186
4564 3954
8456 4445
6113 2324
3461 8689
9243 2792
2830 2385
2741 9044
3523 4170
3151 417
6379 1661
2630 8613
2739 3599
2605 6284
2969 4328
8939 2753
9769 7503
3956 3443
2500 3940
1855 4223
9554 6860
2019 8664
5639 8939
5694 6954
9011 8118
4478 1890
1931 8425
2722 5658
3281 1759
8265 1055
1857 7282
9870 1519
8768 2896
1202 2130
6558 2465
6265 8164
3876 2658
9557 9769
6160 5800
8374 658
3000 3196
6198 2462
6319 7207
7925 7410
2793 6704
3966 2510
9616 3781
3109 9765
6822 6032
3404 941
3560 3054
569 4986
5303 1249
9878 4839
1656 9717
6777 8135
4033 314
3 6786
6344 171
6626 1124
6178 465
3255 184
7172 2361
666 9348
7178 7289
7890 3864
8745 7763
9667 4417
7446 9795
8905 7982
623 3078
9526 6339
8104 856
4176 3602
4922 7394
8131 2687
6993 9138
2691 6519
5774 8714
125 8909
2045 6593
1129 3141
6715 6521
6337 5149
5444 9382
3701 7160
5975 880
9787 2413
24 4584
6531 445
9442 1649
4405 193
978 1947
4178 1521
3486 5186
82 517
3525 9914
5007 8341
7100 8598
2749 7265
8768 8439
3410 533
1920 670
8824 3975
2339 9866
4833 9210
9884 4592
585 2235
5161 3876
6604 5985
22 9769
282 4299
7260 4815
193 5810
9822 3381
1431 4802
5864 429
8805 9996
828 2652
2553 1878
49 678
2269 7583
6908 1782
8547 1362
9383 7327
1702 5155
8805 8693
8920 3902
7608 3057
7720 4505
8640 858
9689 470
661 8585
2588 111
2713 5538
6426 8600
4221 7151
3683 5102
1292 1306
8713 9121
356 7762
4367 5830
3871 9769
5360 2998
8877 7955
5062 4799
7366 1459
8475 16
7848 1031
264 7798
3011 412
5416 1061
9192 8803
542 2143
2143 5552
3618 7760
3078 6239
1560 269
5095 9639
1635 6110
585 9444
5134 1644
8280 6413
1219 9987
6087 7183
2724 7537
5403 9769
185 1455
2140 9769
9372 3358
9767 9391
9601 6936
6890 6058
3027 7325
7430 5349
3870 2947
622 6728
6819 1374
8472 3539
7750 2121
7038 1643
9597 6325
9940 694
5970 6378
8451 6653
8338 4373
585 7228
5074 4134
2556 3346
3833 5409
6977 458
4456 9725
262 2971
2374 1556
4005 7067
703 4124
9653 8697
7076 1912
6560 7150
9322 9271
9593 1979
6204 1038
7210 1298
1148 6134
427 6334
9848 2584
5068 2202
9418 3443
2375 1367
8434 833
4009 6870
8568 7253
492 3295
5092 9026
453 232
6084 7961
7127 9110
5997 935
8818 9131
8831 2108
7805 1527
1805 2576
1395 7874
4753 9959
69 7908
646 1520
5982 5943
9741 9710
7283 4293
9799 5549
4576 5710
2994 7824
1428 5227
2990 4525
6168 4725
2494 7162
2313 350
2399 3928
6008 761
468 9491
7600 4672
232 735
4424 9298
2345 6583
1245 9569
7211 6738
2205 4613
9478 9948
8376 1991
4740 3032
6436 4684
3146 171
3041 7467
1560 191
945 4681
9330 8532
9570 3082
3575 1310
3419 2812
6070 3977
6222 3881
6567 1632
2324 4891
784 6076
852 7465
5374 1830
8378 4158
1370 5431
3412 8156
3671 2087
5027 865
9877 9468
7643 9624
8840 4439
5788 6361
497 9148
940 7466
2376 1480
8156 5622
7055 9231
7677 9697
2545 9510
3081 8361
3405 6681
2590 4461
5603 2543
2439 1245
349 2782
649 6544
2622 337
7501 3812
839 4136
8017 4833
2638 5391
9318 4945
9769 1689
5995 8850
4390 6980
3971 9216
4243 5380
1450 3559
1305 7949
1054 2733
7459 3101
4788 2449
9535 7905
8917 8987
995 557
85 3313
1261 9365
6080 9950
9769 6904
8944 2190
1477 6395
5128 7242
1363 561
996 4128
472 9890
1963 2901
4809 4345
8701 8720
3989 7695
2544 9769
9413 863
5772 5105
968 4745
7733 152
5897 7524
5308 2071
2641 4157
7955 8412
7451 8773
8961 5952
1637 746
7644 1119
443 5871
7143 1809
6311 3604
1458 7126
8439 5295
3010 6491
2488 8934
423 7088
6917 1465
5735 7666
4599 8800
8813 2215
2165 9873
2125 9824
6158 8296
3352 3909
2704 9386
4659 7901
2033 1464
5931 5186
2074 8483
8367 9145
6107 6064
9417 932
6605 1335
2181 7169
8667 9293
1122 6951
774 5906
7841 6042
9318 5198
9038 193
6677 2180
4870 1443
6913 4264
869 9769
3022 4190
4835 2226
3969 9061
8464 4850
9449 7159
1562 9626
1733 8562
3804 1610
828 4460
9086 6053
2833 5511
8601 2702
6913 4857
206 9251
131 8251
6384 9503
5139 1105
974 3790
9871 4200
1377 6118
7574 8102
5956 2592
8981 922
4124 1405
2925 1194
7677 121
7869 8902
8532 2063
2301 3094
113 8824
9002 8185
9898 1672
8333 1766
2790 4316
6095 9448
2542 9532
8202 518
650 9529
9697 8704
2485 5211
5996 9041
3037 6431
2900 9663
2933 9944
6133 1232
2617 9381
6133 8974
6964 4214
5957 4386
4182 6166
7124 4943
1388 6842
7891 1174
3942 5921
2883 2338
2715 4889
2285 7691
198 6711
8693 1679
6611 5054
3772 8180
1860 7502
6328 9551
9326 2944
8534 2903
7702 2275
6250 3341
7154 7028
7455 7039
6783 3097
6633 9550
8531 8564
3860 9871
8485 3911
8292 9764
8880 7759
1415 5049
7806 2138
5124 3876
2349 7052
628 5480
7276 5306
286 1910
848 7935
8935 3348
1183 4099
4674 4128
7406 8504
3424 8966
2909 2808
6575 8412
9590 961
6822 870
1978 6661
7937 1470
1753 5586
9709 804
6498 4782
9077 7026
6620 6129
272 5836
3074 8896
1355 8763
8817 2749
754 8751
271 7511
6761 529
9946 2308
5092 3505
2834 5566
1874 823
9330 8223
1263 3121
6904 9960
134 1912
6615 7884
2331 234
842 7964
8408 3477
8970 5185
4739 9158
4989 1579
7062 8868
7862 3446
4950 4965
239 5108
8644 6400
3823 3884
7871 2031
9769 6728
1204 9960
4194 3326
9769 3806
3871 2030
4748 9521
3112 319
4918 5728
3482 9749
1029 5158
3227 9053
2190 6881
7250 1786
3392 837
2882 7802
9130 831
8087 5875
5422 3564
2461 6043
9403 4498
2505 7907
4596 9094
1438 6462
5706 4466
3120 4144
2922 3319
1635 3420
37 5361
4890 9373
2579 379
8068 151
6071 7855
9346 7365
824 577
4653 3147
8665 2348
2295 2131
2969 3534
2702 6382
6955 4253
9232 9769
5445 8994
1052 3029
1163 8178
284 757
8295 1928
7430 8097
5597 1221
7164 8311
4827 4786
2759 4791
9818 7058
9981 3485
1411 2887
4959 1809
8598 1481
8435 4331
4985 7449
1942 5432
6635 4234
2465 8479
112 1885
5828 2657
7261 7903
1569 1921
4665 7069
4153 1579
3593 6778
8230 2684
9769 7664
678 4188
3268 281
241 7243
9864 3541
4484 9148
5778 5833
776 1651
4489 1515
9720 2390
472 2319
9769 5995
2072 6672
8994 8447
6948 1910
4104 1634
1062 641
2991 4286
181 9780
7923 1068
1384 3164
4532 847
6755 2156
6950 5326
7835 4284
5651 7390
6826 4246
6770 260
38 6562
7155 5300
6347 9617
1360 9234
9291 7753
2472 320
9769 2632
3881 1468
261 1929
1118 220
7405 2012
1854 7893
2399 8550
1732 310
6113 5591
7716 4826
9141 9756
2439 8783
5969 4530
8401 5676
2199 635
9931 372
6409 4307
1252 2921
4396 3730
2623 8912
5156 3135
8479 88
4239 4258
9411 7431
4345 7340
8962 2894
9630 1875
2023 2384
8588 3912
4894 8294
4143 774
9662 1601
4255 4575
1664 8566
8581 6632
3570 216
452 7364
3716 9848
6160 8914
9764 2466
1007 154
9721 4066
5163 5619
9855 1938
1261 2944
4315 3206
9717 8175
4243 1941
2416 4815
4465 9426
7142 6988
2728 7205
6003 6181
3331 2931
5908 9347
4672 8411
3961 9513
564 2891
4578 6025
1876 5372
7122 8995
7681 405
7267 6738
2566 6964
7330 2470
9700 5371
2669 7057
1755 8669
3441 8535
4664 3437
6005 8339
8800 6258
8322 2188
7240 6864
8728 9857
7817 6338
6454 2308
4558 4618
8626 6452
8647 163
4212 5368
7584 84
7941 8629
271 5429
7276 2902
7136 8490
2811 4057
5732 6878
1809 2249
3929 9261
1053 5100
3862 4444
1283 1247
4994 4345
1222 3319
8254 2164
8500 6623
4251 9460
9024 3577
5015 2881
7023 6037
8287 2661
2825 8408
8228 9609
6362 7276
3291 6367
9833 8191
8596 4658
7589 4251
6242 5117
500 9758
1896 2459
5345 4630
7348 5708
2255 5107
7704 5054
2878 1411
2167 6671
4391 9312
722 500
5051 9314
2944 877
1196 646
9769 1246
9075 2778
544 6542
6704 1645
7063 6219
6274 3622
5056 9799
7812 5450
1399 7138
7270 9286
373 8887
8971 1227
2020 4210
231 6181
5888 2885
8314 3370
5790 6622
6595 9769
8443 7032
3079 3962
1957 2514
6190 442
3832 7913
8037 1162
2998 7774
5403 363
290 3086
2460 2310
7748 932
4848 1991
1976 1938
2754 33
3111 1821
1697 4944
2190 8624
5294 6770
7890 4163
7892 2764
3985 2211
7043 1814
7539 5870
141 279
3902 3666
9549 8449
4034 1579
8614 8245
6051 9972
2047 211
1935 4145
6220 4623
5247 6362
1730 2623
3543 5307
1358 8208
4793 2404
5589 6050
5716 8097
7724 3465
892 3422
327 719
8038 9769
7663 2139
8044 7982
7384 9471
9769 7818
7356 943
7640 7474
8443 5278
6359 1241
3257 3765
9673 8559
3731 7984
7793 738
5335 9865
8026 9555
2160 1806
4140 8026
8972 8799
5554 2425
452 7296
2627 9372
4857 4600
8923 6197
453 72
4060 953
6761 7799
3083 3100
1986 502
9160 129
5484 3635
2393 988
9441 1343
6742 8361
7771 7083
9541 1891
8653 6009
4471 6072
2586 9432
7400 6353
4628 4340
2593 4971
5098 1356
6750 9079
2065 7256
377 2364
8631 3619
427 1095
1701 9597
5012 9950
5937 7502
2492 610
5690 4764
3579 3747
2217 6091
4957 7292
7119 6995
3783 7083
4974 4524
1262 9187
25 6388
8900 2290
8417 8967
377 2554
1779 5167
3486 3797
7902 2261
8947 1160
488 2064
5684 763
3527 8926
753 5878
4088 4488
4386 5697
7055 6802
8723 7641
7274 4269
847 3140
4828 4969
4028 8953
2716 205
8051 2951
7279 3949
4038 8668
6083 6305
6323 2399
3436 2605
2129 3033
9711 7899
6393 6340
3638 7372
8261 6468
5800 272
9113 2687
1192 6837
8500 7890
2283 1126
6799 3691
3162 8053
5819 7678
4665 222
5105 2769
8324 4239
715 5714
3093 9258
331 2222
1834 2640
2516 2018
47 2188
3941 4298
9079 56
6366 7778
51 5044
9098 7465
2306 7874
5716 5988
1651 711
2312 5014
7332 7608
8560 5717
5582 9099
6017 5034
3469 9302
2795 6178
6835 6222
8379 2961
9180 2996
7235 5130
3729 3752
1133 8656
4779 3725
6935 1698
6467 7631
4086 7005
7619 7852
4143 8965
9496 4485
6032 4662
8592 7699
5155 9383
7176 3966
2317 2917
6910 9209
5125 6690
8586 4461
624 2482
7848 8092
8498 6492
9769 1775
4222 3849
9174 3207
376 2820
1466 3547
1216 2755
6868 363
8960 8211
773 9433
3294 119
4111 9312
1330 9874
6771 5021
2946 6334
8625 5670
5602 9568
605 2243
5802 4072
837 2727
5113 3489
6917 6724
1913 3761
7673 2025
1306 8832
1475 2966
9260 3767
151 7963
1743 297
7804 5543
2982 2810
6261 985
557 2132
3491 4279
6579 3189
3979 6452
7727 7356
2199 9719
9361 5393
2208 9988
1254 140
536 3448
6148 7768
5665 3363
684 8315
4792 7178
9576 7427
1044 5206
2464 5551
2618 8508
9977 6526
1158 9835
3190 1018
1469 5699
4291 7859
6419 2351
5414 6372
3396 185
9457 1892
3310 3129
2613 6023
6866 7969
5590 5381
5669 5356
8480 68
5631 954
3792 9016
7798 4649
4635 3671
6828 7337
4042 1467
742 3301
2199 4799
19 537
3359 9458
6901 7248
3041 9214
5640 6911
7451 349
4724 610
3532 4864
9328 6589
3728 682
1122 6859
3996 266
907 6366
8569 2506
7577 7122
1559 2540
2442 5154
4184 1078
734 8590
1102 3413
3778 3059
1834 4903
5695 4206
7582 7503
8664 9221
896 1808
9659 6833
3820 8083
611 2884
1406 8022
5603 9122
2156 4865
7674 2876
7573 855
5024 5333
1053 5827
2910 3327
9088 2979
5344 1444
1746 7724
7225 8580
769 4984
6070 5623
5608 6393
1562 2116
3048 7748
6691 7741
9055 198
2474 7792
718 6744
9857 4931
8551 2000
6903 2144
2359 2538
9392 9158
2818 9871
2829 4086
7900 1934
5587 5354
5313 7844
9244 3380
1478 9185
8006 1190
2527 9952
6925 1413
8409 8132
8904 591
3233 3085
394 8528
1956 1082
8469 7022
4641 4153
1535 6054
6495 884
5593 2357
472 7807
6517 1513
1290 2163
4657 3014
6299 8161
2218 9433
35 2455
8668 6806
1725 8290
5280 8748
555 7713
378 309
4148 8784
9093 1150
9862 9431
1465 6608
8474 616
7293 5886
4418 2912
4128 1007
2171 7257
2552 9769
811 4813
9583 6374
4515 1179
2871 8583
155 2146
5923 9120
4343 5732
6992 2083
7659 8739
4583 2528
5514 7571
9879 5447
1250 6877
2903 8787
9493 1737
3100 6917
8507 1461
4542 1037
7682 6200
4813 3427
1831 514
3861 4563
5744 2086
4474 4729
7769 5216
1598 3981
9769 9915
5864 2827
5543 7353
6001 149
4766 7555
1379 5253
8483 6442
3602 7575
8628 9769
5256 1943
3022 2629
3865 6589
8005 3349
1549 8774
4267 173
927 2097
567 6353
9769 8310
9100 9001
8560 4930
6678 7992
3423 7145
9543 7439
4977 586
2527 7819
8992 2970
4143 836
7809 5845
5412 9974
6754 732
2107 2696
1072 8207
6337 7152
6721 8050
9460 1744
3518 1603
1221 4193
8282 9925
6846 5492
4303 4338
5105 9661
7679 6488
3309 2161
5106 6679
4205 4575
2439 7477
7398 7702
2724 4015
2334 9959
2758 65
1510 6080
5000 6126
5082 3417
4282 2460
6672 9769
4792 7992
9202 2127
2277 8082
3186 5985
2453 3891
9961 3583
9663 8011
7616 3919
3201 6157
8979 5288
5665 4589
6924 8031
2568 300
6679 3468
6318 996
6126 2023
3809 6461
9003 5297
9832 6650
1927 7952
5791 6211
5706 838
3173 9231
8012 7283
8994 8889
1864 3726
3055 8581
9185 3496
3667 6349
1657 6365
2346 2789
7262 5085
5981 7151
1693 7227
9335 2270
8667 9010
6664 886
9817 368
9294 6545
9955 739
6172 4395
5861 2940
517 5579
719 9317
5395 3294
7149 9410
6417 8448
6860 5798
6312 2451
3781 73
8295 7168
3611 2800
1088 5335
2662 3459
1236 9129
3994 3356
669 8110
3722 6829
5194 7506
7587 2086
4080 7317
2806 6951
8936 5927
414 8722
9769 6151
4835 1932
3836 2078
7309 7565
3690 1016
6697 8294
6074 7912
2855 2385
910 8948
2257 1006
4965 6839
5469 9380
4497 893
8356 6918
7452 2777
1141 504
4127 9769
685 1058
3533 3216
7742 5377
3174 7086
7292 6825
6569 8939
6539 7577
2391 9103
1400 1513
4421 6015
7986 340
3050 9624
4343 7276
5788 5404
7692 8642
1583 5339
920 4943
8924 5635
6458 7405
6429 5277
2604 5664
3592 1817
847 5499
1289 7856
5647 9334
7533 7003
5656 3559
929 4688
3087 175
7182 9069
1542 8273
2206 3177
5848 5303
7331 9363
6149 3327
4297 94
5701 4653
2031 458
8069 7219
9889 996
4390 9492
6228 398
5908 1339
9899 4574
5661 9522
511 5193
9476 5255
4219 1004
3669 2740
9289 9541
9661 8931
1262 5423
9395 4066
6517 8064
700 9884
8727 4226
4285 6311
706 7103
7386 8553
5013 1077
6616 3155
5107 9533
5759 7216
8227 7999
9853 6683
4936 1701
2287 5547
5712 7079
3039 2187
9512 1593
5260 8743
7507 6369
5675 9836
7517 3327
5239 9952
5910 3466
2626 3635
3402 7093
270 541
1158 863
884 8071
9846 3407
8197 1414
4213 3232
4252 493
7553 9482
3093 375
8781 6213
7220 9520
8053 3084
6570 7313
9985 9094
7784 2329
6516 2044
4992 9844
9828 474
734 703
2155 5294
5857 2272
9330 7256
9881 6241
2163 9002
7920 8688
2341 923
6107 1382
1814 9012
3276 7391
5620 8306
123 3965
1199 6602
6739 936
2073 2758
7556 3391
30 1673
4360 7291
4182 5575
7349 7486
4413 1400
42 8153
4068 6659
6934 3133
6765 1267
3676 8786
2270 1658
3056 7370
4164 8226
118 2690
606 6917
1505 8977
7002 7467
8408 2532
2775 2711
209 9225
224 6140
6991 6324
8097 2791
9729 4777
4153 2926
4828 8115
8366 2840
2902 9158
1076 8546
1869 7518
6285 9972
951 4323
5855 1573
7885 6586
3833 5165
916 2108
3655 7491
6090 1476
6251 1828
5929 5383
291 2489
5104 3036
7665 9476
2655 155
8926 9054
6537 1669
6503 8965
9244 1823
8627 5096
7268 4273
5681 8845
1436 793
2138 300
8278 8903
3207 6821
9584 6347
4084 8092
1445 2349
3465 7667
6352 6954
6780 4502
435 1273
3484 1489
9696 2186
1213 925
1264 4335
4092 9902
8406 4435
24 572
2190 4790
8219 9530
5340 2556
7223 8346
3671 2250
943 9819
4422 3683
6830 1189
4429 9581
2004 8893
9174 6746
2833 8330
749 3967
6094 48
8789 3760
1270 6477
1120 4792
8534 790
446 842
2589 184
5744 9310
3250 8559
7278 3323
9002 768
9933 3366
1365 7615
4166 3691
3498 6889
7986 4672
4235 895
677 8594
6411 112
7748 7544
7378 9769
3419 5641
6131 7725
9769 851
1965 9062
5672 8113
3179 3890
6010 7815
1852 8358
7636 9824
3180 95
5071 8398
9430 983
2723 3150
6916 7971
9833 9950
7314 8414
1544 1197
9253 9544
9308 6444
4104 3417
2425 307
2936 2752
124 4654
1919 4155
9402 6895
3510 6747
5857 7109
3423 4283
6456 5854
7324 5533
4554 142
2784 9237
7635 3720
920 3115
179 2307
1718 7834
2402 8505
8712 6008
806 1148
6513 811
8573 9753
5870 5126
4386 4569
5594 6888
3750 9367
7628 7675
8875 4306
9436 2993
1224 5938
1458 6100
2309 1933
6113 7956
6227 6057
7284 1240
4265 4122
8992 7629
668 4950
1270 9254
4805 8394
5817 4013
420 1318
7346 9180
4770 7312
1406 4831
106 6221
2606 957
1214 7130
5881 8258
7927 9624
9187 888
9769 7559
2245 9930
485 913
4831 8086
4862 9380
7474 1412
8153 273
1870 2049
2753 2771
8590 574
8425 1335
8612 2093
4879 4833
275 1149
4291 621
3489 7483
8296 8383
2093 787
7748 9553
6260 6256
7958 4145
4579 8874
3685 3237
3271 2420
9592 812
936 6182
5074 6213
9063 2870
8592 2077
8488 7437
1568 6379
8632 5357
4524 8722
1430 2509
1902 2536
4741 4800
7111 9734
4540 6296
8427 779
5998 1164
1901 1460
2474 4050
8942 793
42 2268
1043 4426
9445 5652
7591 6562
8820 4695
6203 6920
2906 411
4722 4587
730 6743
6629 6903
3203 5826
538 7511
1584 1098
5996 1312
7837 9538
6410 6837
2685 1537
1245 6533
3849 7050
1555 118
2069 6128
4662 8402
8709 7848
8836 1435
1000 9769
2562 7069
3928 2893
8276 8639
6797 446
6871 3574
92 6379
4114 5236
5401 75
4531 2502
1134 9366
9781 3108
6600 2019
3487 1430
8741 9915
5885 8690
916 6885
5819 8749
1400 4594
3673 2304
513 4981
5101 750
8114 9726
7602 3347
3114 2919
6812 3138
6772 7443
4529 8926
5044 9463
8299 9838
6078 2194
8962 9011
8187 3595
2521 5420
6597 4593
4750 2768
8378 943
6373 7187
8490 9018
5046 1883
9365 2010
2794 456
9283 2193
7024 9751
4096 9769
6275 4984
8839 6971
8712 5771
6124 3877
950 8811
3334 5163
8700 939
4908 7555
3504 9769
3060 1033
3554 2624
4216 832
1804 8927
3660 6127
1912 7570
1518 5982
9678 1112
9323 1839
1261 924
5748 7295
3281 8065
2986 3994
8833 5758
1232 9362
2362 7941
9005 6147
8411 8055
55 9614
1838 2665
4582 3902
4935 6409
5084 5279
6900 4322
7290 9769
4720 4363
1149 5700
1908 8073
3562 4343
7039 2863
7083 9603
540 3648
731 7766
9137 8813
917 4834
2109 154
7205 5455
8696 1232
1622 5025
3218 7047
2598 4216
7485 1246
6007 1812
8499 8617
2200 2458
7865 7874
1189 3910
7925 9423
6654 896
6772 9163
2027 3565
7255 3305
2176 2906
3653 226
1351 6493
8256 5508
9356 7512
8762 545
3071 22
9699 8570
6648 2679
2006 8841
2136 9893
7232 7127
5350 9083
9164 6892
9653 1638
1157 6636
8965 7436
2910 6419
6523 8807
4852 2869
9903 328
8003 7577
9944 9656
4661 4162
6515 9109
8581 4742
4191 4227
1653 503
44 9329
3369 4560
1498 2380
3211 5509
3499 8205
6217 5063
9894 6560
9099 7291
26 4156
6895 1501
5016 3169
63 6668
5185 9917
3433 8230
4917 4019
9565 6954
3208 5067
4976 9133
9958 7617
1600 8440
2407 356
8646 7298
1261 1399
5756 5606
9525 8474
7182 4244
2997 3696
6233 4492
2587 8002
5608 6566
1948 4754
6624 1792
3229 282
3301 4431
8237 4126
2183 8976
9061 6735
3641 675
5398 9134
7457 8901
1490 7190
2324 7759
6289 9122
8468 2456
6393 676
156 5306
8762 6064
7451 6825
55 8061
8020 534
6577 4704
7595 2997
2702 7282
5781 4199
632 6027
3921 7454
7659 5433
5291 4383
369 4269
9910 3118
4232 2852
1162 8798
5453 9398
7146 7231
3120 8456
4725 3928
7094 1530
6921 8254
1290 9283
2706 3548
1820 1354
5741 7185
9081 1119
6790 9633
8996 7756
6645 2139
6640 6627
8051 6056
5877 4059
5537 6737
3288 102
3035 5196
9514 7592
6573 4154
5868 1311
3880 3274
5633 5803
6578 9829
9871 8032
6610 978
8992 8472
5925 855
4364 534
5028 6416
8705 7411
3212 9208
4413 9641
2792 7798
1432 10
9901 4817
9769 8854
9868 8611
1703 6720
8130 7210
3154 592
5175 4152
3447 230
2442 598
1901 6055
6026 8103
9642 7961
5228 3734
2625 641
3931 2116
7873 7171
2392 2152
50 8356
9480 9512
5714 6494
5246 8540
1887 9769
9504 206
7042 8274
2633 3026
2417 7881
4366 9040
1121 3120
8144 4851
4655 6873
4943 6940
3699 6141
5862 644
3930 1011
2225 9629
4892 3192
744 831
584 6690
4812 5308
2300 6972
4794 9769
3483 5289
3554 8929
1408 3545
3229 3124
2933 5205
7611 7307
6499 3037
3675 840
9385 372
6953 5640
3669 3420
6508 6922
140 2784
3333 5172
8089 4058
3937 7796
7665 3826
2423 75
6639 1184
5233 2246
4978 2558
2563 8143
6714 6302
8924 1230
905 9559
7148 2104
599 4227
4523 9060
9007 6138
2058 1887
2134 3775
7624 5413
6521 2203
2508 4866
1849 6769
362 2008
2681 5024
4426 7479
9294 7356
157 2627
4003 82
7759 72
2087 468
2745 3309
6338 5878
5889 2535
5833 9769
4447 9830
8547 8704
9156 4869
9916 3709
1740 5019
4278 1896
6848 484
3602 5290
8933 9206
4501 1416
1503 8972
6655 7616
1615 5243
2348 1219
4503 1674
4581 8705
6355 9782
1292 4097
9701 5561
9769 1888
8830 7123
2882 7898
6334 4672
7171 6528
952 8957
1249 2386
9927 1130
5074 7113
7131 3668
5903 8890
1115 9712
9014 7780
3220 1640
2474 1513
4436 752
3704 532
5476 3682
1949 6997
5396 3058
4102 8924
3551 1624
2255 4597
7028 8729
6404 4555
4389 6369
2151 4431
9150 5057
5920 9535
2904 3181
3489 4393
2469 3515
6487 7760
3238 1656
2089 8392
3327 2419
8005 194
8389 897
4898 6974
383 8029
9727 8546
2328 5828
2014 8407
6927 8706
4756 7091
8721 9074
792 884
3740 3728
7123 7155
1556 1623
7500 4531
6475 7496
4085 3740
6078 4928
4002 1912
3067 5166
9067 4212
1329 9341
4011 4316
2063 3480
6183 8996
4833 9080
3048 864
1062 2303
7249 1178
9364 2557
8417 9879
5972 1736
157 348
9718 3619
6534 2882
6001 3658
2723 5452
4222 8489
4690 2086
1491 2149
6453 5141
4402 4896
2778 3223
9249 6779
5710 7315
9145 4484
420 5052
9917 1317
2439 3343
5828 5846
5313 8686
7026 8599
100 3550
9990 1929
4404 6049
7727 2428
2601 3418
6165 9251
7114 8357
6824 7275
2972 7058
6472 387
1059 4640
6271 8705
5821 569
950 6508
5371 6386
2910 2139
9261 4876
8647 1388
3517 2166
3486 1402
2606 705
2953 5640
6128 4585
5803 7384
1263 413
2163 1385
5132 4731
601 3463
9560 8317
7639 8673
7192 4517
1202 1899
5478 8384
3253 9599
8184 6620
1205 1801
9332 4220
8708 203
9398 3448
7652 9433
6699 9797
2610 7696
2738 4510
2572 4731
3354 6910
6585 8074
6783 1315
6619 9965
2897 1263
107 8816
581 5397
6181 7906
7497 5525
8 45
8757 8173
471 8297
7206 7419
5183 571
206 2736
9170 7646
3089 5999
2104 8405
3907 2141
6853 7855
6213 6025
1065 6135
4886 4247
7803 9515
4047 5317
8596 7532
5538 5016
7907 1922
2449 5079
2053 4251
5907 4870
2688 7840
5195 1407
4022 1236
5080 7755
5639 5859
6389 2624
7519 4159
3011 34
3509 5842
1269 9902
6204 7702
9185 9771
195 174
2449 6503
7108 3500
1027 2579
9957 3242
2142 1071
7741 3322
4862 524
8106 9086
6920 898
4313 4610
2749 4228
3026 5718
214 9161
107 4943
7368 1366
2257 5030
1400 8101
9874 4156
7952 3085
9403 3078
4329 9057
1577 7152
8900 8867
7747 7069
9341 1650
1835 9769
1615 9680
5375 9341
1577 9360
4910 666
6091 386
319 6162
982 9184
4044 5042
4425 1906
6234 5233
2205 1422
6467 1088
1346 8901
5768 8716
4018 7394
2191 2506
8486 1910
7042 6754
2222 6873
4816 2688
6972 4328
6374 8804
5105 517
2212 9831
751 7114
1825 9138
385 7284
7850 5211
6303 7535
2645 7051
1334 9764
9794 2294
8857 7946
8007 4651
2646 575
1950 6520
2748 9063
7999 603
9087 8341
9311 7105
6050 6345
6710 4966
3946 285
7289 8043
9151 715
8063 2633
683 5992
1349 7842
6987 6804
5639 3586
1053 2022
9163 6981
2741 6658
5798 3099
1764 5461
5760 522
4333 4213
834 9811
170 7046
7502 5765
628 1129
7770 8632
1578 1340
6490 1119
7006 4003
1798 3771
2297 5912
336 7745
6160 2170
9016 7993
5247 9570
1448 5018
9676 2261
9948 5327
1865 1380
8579 5320
5787 2029
1101 6700
1139 3439
1866 1272
1056 7663
3605 5304
1706 4333
391 7388
5967 9321
7001 8279
641 3932
2484 2692
8088 3637
8078 2844
3280 2546
8573 1895
1429 81
515 3347
9462 7492
5225 6509
7246 1666
6199 9502
5545 1311
5928 4648
699 9485
8873 2847
6979 8814
3765 1091
1534 8072
8078 3797
1678 9607
1149 432
9973 1882
9294 6609
3616 4774
6474 1501
7451 2260
6630 9895
2002 2825
7337 4714
3059 425
6546 4064
9992 5733
7625 4101
4528 5717
1957 8548
9238 3517
8946 3188
7375 334
1143 3598
7944 2757
2190 3463
3716 7928
1571 8569
1991 819
137 2530
2225 9769
8660 3748
3817 9847
3841 4336
7761 7894
2011 7255
5842 4608
7262 2119
6681 9754
721 6831
9823 7225
808 5041
8363 4612
6815 189
9302 8178
9461 6048
5672 8778
4059 3266
5039 5800
8024 5347
5026 6561
9739 7105
3598 7504
5751 4975
5709 181
2045 1963
6228 5564
9659 2957
2893 6800
7173 2523
7098 9172
6143 1495
3426 1632
1549 9030
4869 4714
2262 5567
2974 9538
1066 5407
9165 3463
5893 5483
7344 1979
515 4956
7066 2851
6780 9918
2893 9429
8160 6113
4806 2203
3329 6334
1311 9195
977 769
3843 9983
9975 3102
4313 3138
9027 6958
3231 3296
99 9360
6376 3488
9097 9082
5383 979
6643 6602
1713 1953
1251 5367
1345 3063
908 1396
7819 9014
80 6405
5523 1640
9769 45
4824 877
8122 1180
8452 2184
1242 6430
7675 7416
8660 4488
8387 3636
7449 281
236 1723
7699 3538
1500 6404
7436 9886
8223 7648
4930 8105
5682 1275
4470 8900
9221 4963
2233 2336
6011 1247
9604 5513
6737 526
8062 8315
8717 6748
5219 2979
6867 3787
3397 3303
3374 521
7066 2983
5580 5038
2326 8870
806 9769
5955 7688
9680 6938
6073 7547
1351 8355
5323 3004
6263 4647
6088 8119
2144 1659
8981 722
8236 2643
8984 5119
6753 9057
4121 5301
4482 7798
7721 4184
7104 1439
2318 3631
2866 5291
2253 8842
6787 2830
2257 7751
5442 6227
6314 6652
4215 1564
9595 4475
5435 855
4181 3616
1709 1719
4132 1375
905 3020
1550 9229
5509 3536
9928 8214
6229 9506
1783 2534
7406 9465
3382 4692
6615 4165
5585 5464
4669 580
2593 4143
8097 4303
4318 9647
3551 1073
9140 3612
574 1392
8640 6398
7299 4139
1674 5059
6912 5836
8590 5904
3239 6038
3573 254
4763 2613
7788 1597
931 4090
7292 7698
9536 2912
8036 8459
3246 6195
8613 3821
106 4051
5904 3647
3481 399
9674 2031
1567 7489
1411 910
4761 9905
7995 5187
8552 6833
7383 2534
1518 3758
9814 9377
2046 3977
1955 775
4297 1494
2809 3390
5640 949
9959 3626
3378 8781
8549 5158
3684 8085
9783 5141
7992 653
2445 1598
7152 4420
7079 6133
7717 902
6770 6981
5818 3719
2727 7830
8675 5954
4753 998
5471 8218
4285 9688
5990 4792
6286 550
5005 7594
2821 6776
649 3952
3632 5683
7055 3712
3386 9657
6746 1913
2285 9666
3325 9808
9877 7936
3344 6664
7982 7528
9769 5869
9896 5899
214 9748
1206 1081
6931 7640
2845 4265
9431 7045
1750 9299
8884 8316
9512 8911
3698 5843
7772 267
1206 4919
9191 378
4218 8428
5653 770
7568 9294
1229 8822
4842 2074
8239 7208
9663 3148
8444 3939
1566 6575
864 3437
3806 6018
8528 2456
3376 281
9379 2674
1931 562
7310 5135
9675 2607
738 31
3221 3927
410 8614
5674 5825
9558 6676
4164 7906
3928 7547
1868 489
8919 4104
517 4394
7283 8130
2242 5619
9326 5198
6695 8835
3920 6949
2111 4319
6762 1524
629 8888
2201 5754
3245 3068
5804 72
2004 1561
9002 207
5734 1963
5390 1988
812 6501
2104 6390
5126 6334
3854 153
9490 7112
5196 3500
8733 4766
6279 2177
60 1434
5175 5159
7809 6414
358 8246
6262 9508
440 5213
3327 1123
7089 2567
2046 7403
7409 1245
6946 9372
4035 9769
3405 9769
5386 1570
9047 7395
1228 6061
4355 9769
6660 6347
8456 4175
6557 5747
3137 9550
8290 5600
7777 5006
8852 974
7076 2615
4910 240
956 1979
4753 9282
3947 1639
2305 9228
6206 3266
3541 1553
3125 5685
39 9279
3321 8778
540 869
3395 7280
3145 4394
2269 7890
4826 6769
2003 656
129 3444
3218 759
5307 9421
9874 3059
41 3440
6482 3262
6675 5288
1074 2956
9288 8128
2399 6612
8365 1776
9574 2147
5302 907
9425 7975
8482 5225
2076 7959
5197 8416
171 3519
6231 1763
7336 9569
6753 6825
9058 198
7994 5785
5268 9374
5937 751
8136 9516
683 6764
4371 5618
7669 1014
3922 3991
5 7231
6488 6111
2424 5694
2421 7153
5199 1895
9307 2702
4424 5539
8393 4672
1079 8958
1564 4727
2730 5435
15 4575
9769 18
3577 6307
8834 1924
7523 2838
432 3429
2889 2234
7277 1071
7316 5612
9702 7420
9937 9253
1441 5171
4574 3664
7484 2307
4834 6849
6096 2566
662 587
7737 3131
2742 8889
9692 563
4793 2732
8748 4631
6926 3180
103 904
8469 1837
4669 3756
8708 1560
1898 7110
3594 4593
6267 8918
4743 8844
835 4245
6807 9517
2526 3003
7740 4927
2955 3780
7412 1059
1794 9045
50 7980
2398 2986
9006 9710
381 7103
3240 5883
7683 5118
3408 199
8992 2875
9668 8155
8867 4602
4099 2481
68 6979
6075 5677
3599 9786
9149 9183
5572 5357
9831 14
5466 7512
7748 8270
2454 9046
7007 4271
3834 6361
9277 1864
5909 955
3595 1499
2854 2424
8408 9009
6533 9438
9648 2642
8272 2379
5857 7399
7004 9769
6193 4456
5706 1829
8412 5260
9109 1996
967 6058
9421 714
5887 9162
5335 21
2052 9600
2155 8942
3110 1695
1155 2978
9769 3738
1479 4233
573 175
8312 3794
9122 4826
8623 7895
8978 4175
8196 3443
3658 7556
3682 7214
3667 7856
8775 7417
7939 116
8324 6006
9204 4478
4128 6838
310 2968
1747 3518
1905 4992
718 4092
447 6256
7922 1970
4785 3278
547 3829
8019 9240
6994 8977
6503 8427
5745 3659
5556 5367
2820 6365
2509 471
7376 3613
6116 6510
5466 3783
6748 1327
1943 3511
9790 106
3492 7255
678 9121
4354 8130
2372 6395
6257 3713
9810 4846
4624 657
8570 4521
6828 8288
2714 8622
9389 6971
3318 9095
9815 8629
9557 2744
7523 5089
4784 972
4643 3667
4707 5848
1271 772
3579 2447
7731 7475
458 9683
2755 3298
1442 9769
3958 8371
7352 1621
4399 2842
315 8945
6503 7276
2942 1771
9654 1964
4591 829
9899 8132
4287 7269
8181 5316
6267 8046
4083 6171
5288 3922
1348 5454
7204 5394
8848 5036
7466 5049
8006 6089
1194 7195
1046 944
8348 5487
9769 3928
8912 3120
7565 4200
2448 5888
9300 8104
4534 3975
5991 6323
2436 9326
8329 4562
130 2789
4954 7548
8906 7188
2454 2494
8519 570
9969 7434
5873 2435
7789 9340
5168 2967
9429 9716
4667 5466
9769 1932
5839 6749
3544 2046
6194 7610
7832 5962
7623 9076
6680 9419
2761 7093
6360 4167
7410 5520
9858 9855
3691 9257
8216 6425
9731 408
5958 7138
7211 7870
3029 4696
7521 5123
6621 5203
3597 6293
444 24
7411 3782
8087 4717
1454 3138
9425 840
1331 4603
2836 2663
2600 8803
3695 2200
213 324
8582 3280
3207 8963
6225 9153
6379 2707
7754 9769
1609 859
9162 9769
5032 2519
9313 7328
3257 3160
4247 2389
4777 2308
3265 1103
908 7768
1517 1928
2513 6581
8253 4546
2062 8519
2680 7976
6079 4177
3735 2114
9870 4545
9693 3656
311 6648
780 1995
8766 3317
1585 2841
355 3651
1231 5262
1770 8315
6132 2470
5667 8430
2261 8630
1150 9953
339 9859
9057 190
2338 2867
7134 2163
9628 5498
8019 1170
1872 7283
3486 9338
1064 6081
9610 9886
8462 2821
1769 7198
3157 8921
7371 1132
6526 2140
345 9741
568 4384
4983 5131
5881 7542
1573 3081
936 9400
8708 1460
6718 9416
1174 249
2815 9106
6500 9174
1007 9390
6705 486
1019 3236
1010 7515
5342 8729
4414 319
95 6999
3024 9769
4862 517
3264 468
2713 9114
4060 5035
2893 8896
5586 7009
8250 9199
6350 5227
8273 1752
1274 2264
8689 3053
2574 5972
8429 6551
3247 4145
5473 9623
5592 1378
8514 7320
6531 889
6915 8478
6117 9536
6169 6010
1501 8363
3337 7044
149 5322
4411 3855
3791 4136
8823 1441
4361 4064
1242 7562
9463 4100
5025 5676
34 4231
7429 6068
4532 8023
1309 5828
386 4053
468 8611
2807 6665
1539 9020
2325 9975
2943 1096
4256 4440
3853 1316
9321 4715
8338 664
6370 1066
5417 149
2821 312
1115 7734
1175 1259
2945 3637
54 2176
6584 4423
388 4155
9237 4604
7282 8917
7303 3645
5174 1831
4629 4029
8621 1162
3607 7704
6446 2037
9216 1797
242 2373
1297 7088
6194 695
6676 1168
5360 2278
9745 1387
4335 1975
8630 354
9121 5230
176 3847
592 8205
6466 4155
7162 4298
4324 6065
8530 2061
4283 1904
8400 2182
4463 8007
215 3074
1396 6641
3894 2900
9769 98
5056 4840
1845 235
9769 5343
2173 7947
6638 3527
5260 5090
5862 546
842 7844
2150 4692
1069 6410
3597 6207
9133 9797
1745 7023
7689 4468
3703 4110
5363 9769
5274 6034
206 2323
6466 1569
3524 5197
3302 5720
1836 3184
9334 8980
3945 7664
9505 3946
7905 5651
9451 4667
2152 9680
7107 1980
542 7243
6570 3585
6852 6651
7700 5415
8033 3802
3138 1842
5053 1676
9888 8123
5117 1448
4349 9993
5585 7848
4366 7414
9769 2801
6798 3080
3485 8799
3634 4323
604 217
6313 4467
619 3195
1035 3073
2752 5956
6719 890
2728 9769
5730 991
3794 3961
4804 6914
113 3191
4996 8837
6532 5293
9911 7995
1399 5910
3588 4966
9626 7818
5096 9255
1731 3449
365 3464
982 3877
9070 1991
2908 4139
2862 2172
3447 281
8364 4755
29 3301
9867 6769
7965 8808
5329 8187
6534 9469
1182 9769
2401 4769
7391 2617
3931 9428
7854 8100
3008 5182
4411 6757
2330 3837
2329 128
1126 8584
3600 2693
5694 7579
7208 984
2522 5048
9574 8964
4857 305
620 2302
8181 4147
365 3846
2635 9769
2726 7040
7078 6726
7662 17
5533 5531
4178 7311
5546 4314
6226 8694
701 9096
3660 6754
4753 9304
1923 542
5404 3727
5415 1680
1679 1261
2659 2537
1145 5036
5752 5052
4965 5373
7632 7763
893 9966
4994 8637
8659 5365
7547 585
7621 8003
6608 3400
120 5891
8134 3570
7142 8174
1046 530
8723 8711
6679 9224
4173 9613
3162 8419
9651 3204
6464 602
5103 3648
7986 9017
1180 3943
6844 3045
6875 5217
3310 2265
1401 2943
3927 5761
9950 2743
3542 7037
6485 9453
7071 5215
7214 2512
759 8352
2525 8907
1766 4418
3441 7428
7181 711
224 4760
5627 7077
3916 9942
8370 9947
3043 2425
609 6692
2945 6932
9403 3226
3309 8511
4645 6886
4237 4195
5994 2723
9355 7872
5448 5658
2134 5748
7999 9170
3365 4994
3663 5819
8180 2749
9769 7929
9189 9060
278 9003
7869 8140
4997 4691
2594 8685
16 3567
9811 8597
2204 5122
3524 383
4740 1819
8987 3351
8539 99
7575 7359
4713 776
3241 8231
9769 3567
5774 9220
6614 1107
8953 4222
8971 4819
9126 3932
1484 8451
7653 5244
6928 4587
4917 677
1511 1711
2307 767
9735 6338
3690 8370
7016 9769
2084 3751
9344 4252
283 5485
4142 4914
9342 5290
859 6123
1211 1524
6016 2585
446 5420
3306 8974
4620 3310
9276 3608
5652 5547
2995 9032
778 4541
9154 384
6825 8415
230 6205
4406 5705
7590 1261
9769 1492
5598 4634
1444 7962
9870 9910
3426 1802
5608 7720
354 1388
4464 8343
9464 4469
3134 6303
8359 5075
5803 2856
7827 64
2507 2456
3252 4359
4124 4603
9470 8221
6273 5208
9285 4678
8016 1809
8524 4302
6319 8380
6814 9728
3361 9248
8325 6038
8509 5343
5831 8241
5582 3873
3408 2720
9115 8559
184 9576
9048 6619
5094 7848
5761 3006
5074 7322
8524 671
1047 8417
585 7498
8047 8610
9791 7669
9340 1193
3187 3398
3886 6334
1491 121
899 4730
9493 1535
7610 3308
1859 2819
5611 908
7808 4982
8135 1408
8596 1644
6972 4645
8260 920
3183 3829
2209 4947
1868 6645
4143 4543
1418 4598
7296 9142
1318 7476
1376 210
8418 4917
8309 7586
8180 2657
3235 8626
5642 2740
2219 1989
4202 7931
3690 3287
560 2849
8941 5504
7809 7105
9168 1459
8514 4694
2322 545
7714 423
2892 3635
4437 41
3119 6137
8669 8266
631 3885
228 3503
4553 3051
3090 4778
8186 9615
8786 1626
1505 6865
5288 8638
411 1530
8471 8932
6114 2431
246 5807
85 6879
2549 9306
3080 6934
9150 8816
3355 2425
2283 3283
5843 8697
6752 4726
3281 3755
9152 9721
1319 7875
614 778
885 240
4353 6390
193 7096
4746 3477
4001 9421
5822 8364
1129 1565
7302 3267
235 8503
1472 2745
4146 2976
5523 9622
9297 3303
9445 1204
1424 9769
2020 1016
4808 3832
812 2229
989 8543
9178 6465
8197 2652
5281 3357
2831 1851
7714 7509
5035 526
6242 2067
1353 8423
2323 4206
2718 3111
2162 1954
7224 546
3120 7686
8554 3649
5052 5926
1403 3563
8938 9755
7484 167
3182 1061
7844 2500
4054 8656
1434 6502
2916 281
7111 4247
5704 8227
6621 2611
4571 5621
9457 1409
2768 8282
4270 1728
7226 194
8653 2726
641 6503
3016 2665
475 6173
3334 6600
9470 2500
9262 752
9893 7077
972 3997
4626 1355
2992 7405
5984 8231
6490 7911
229 6695
738 7340
2260 2267
7028 8334
2633 2364
2752 4372
3989 3561
9481 9794
1770 9806
8596 71
6620 3270
7123 8474
6069 710
6039 4351
6044 5447
7511 7490
9326 771
2244 8430
2204 4107
2540 7891
8050 4153
2787 1321
4372 8734
4582 3450
9371 7055
7651 234
9512 4884
3894 3596
4192 2835
8086 6249
34 8255
3847 8362
8213 3561
7547 6656
7450 4403
7579 6250
6878 3267
5786 5238
948 564
5228 7319
7798 86
179 5914
6437 4095
421 3518
9769 2247
4025 2338
6173 3257
9088 9571
8708 7831
7063 8788
8307 8797
5052 7916
5614 1080
4837 6693
8830 7194
3078 9056
3457 4381
8533 2529
1630 7656
7413 7350
6871 5390
4649 7918
8642 7707
3924 3052
7962 2241
5770 2139
9638 1957
9000 4585
5522 1915
7545 8231
1346 6348
2747 8149
3744 4567
4857 3887
3541 7218
6215 2671
1103 82
6816 8223
1390 8180
5362 8368
6674 7783
8592 5017
5063 9184
5616 7371
8057 8607
4814 7194
9943 3489
9685 7910
2981 836
4844 2066
9720 9854
4551 79
6702 1089
2804 5438
3693 6940
3056 9116
323 5003
7370 4432
3480 5315
937 4958
8372 9769
6857 7864
9345 5475
6347 785
1457 5804
3289 8949
6960 9294
7609 188
6159 8501
1753 3038
3646 8000
6516 8424
8680 1993
8980 5056
5793 8851
4340 7264
182 2727
8442 8921
8598 6302
1988 5750
4863 738
583 6285
8663 9569
2986 9713
9976 3484
5548 202
9653 2414
4045 2022
6632 7356
5074 6455
2199 3023
1958 3007
4679 379
7061 6785
6671 9207
8519 4757
6209 6296
3969 3689
8772 7988
9414 7786
8045 923
8062 2619
5028 528
1128 5562
1750 722
9537 3657
6829 1667
9717 3665
7007 8045
8786 8549
315 5147
5201 1011
7373 219
680 2941
4213 7199
8736 6316
3304 9394
3665 1319
1788 5693
8637 946
8975 4787
5602 5376
6624 6845
6251 5936
856 6224
6266 7959
7175 2638
2763 3429
2008 5336
267 9319
3944 7848
4342 3206
8162 4793
6751 2284
9671 8944
663 1020
6703 5242
9423 5382
9575 9033
5316 9484
6815 8708
3077 8125
6882 8640
8740 3292
9532 9519
5520 7301
4590 977
4639 17
9273 6664
531 3348
7761 3985
7906 1471
6965 2618
8097 8412
8231 1655
675 525
2898 9400
9396 5376
9972 5134
3851 6311
4325 1296
6937 6113
5415 7293
3748 9231
8379 7215
6028 2996
7551 9929
3571 4864
7855 8790
308 5979
6869 5555
4311 1235
4026 6941
9957 3314
2363 8753
1997 7613
9015 2256
9041 3196
7059 3749
4249 1586
7115 8241
8313 5152
9159 9464
3945 346
6455 3234
5763 8466
5971 8445
5636 5764
6371 6773
8522 4653
4769 6302
1409 8910
9057 8037
7815 7198
7124 7791
523 1537
8947 1667
895 1333
5934 7293
3272 1575
6467 6059
2238 9556
8665 8129
459 1066
2231 6136
5716 2644
2105 2603
9981 1394
7742 5864
8708 6692
3202 4259
679 344
3789 6588
1672 4079
6746 8014
3644 8414
4392 1482
4055 9172
8737 913
7545 1084
7811 6769
2399 5843
7538 1937
4894 7966
1418 6282
8173 1879
7292 6245
1839 4559
3852 2639
8606 2373
3300 1535
3286 3330
7060 2995
9144 7219
1326 8883
6591 3611
4655 8761
1488 848
6047 1120
5802 5812
8596 6957
4589 4415
3514 1131
8850 8493
1094 3344
3090 6410
6381 6264
1017 2155
454 8530
1723 5387
6171 9177
9666 9379
2422 2605
2957 5130
641 3984
802 6279
8433 399
5744 4683
4452 2697
5960 2606
4365 966
4230 2453
844 948
5571 2425
9769 8114
5687 3146
2823 1548
3840 6218
4091 6607
6777 3713
4889 4958
5026 104
6712 7758
3597 9961
3186 4309
6861 6640
1885 3699
1673 2039
7049 6052
8316 1123
3203 6828
9704 1263
6487 3059
3494 8030
6783 7087
2833 7436
5775 697
1194 8790
9957 4685
4443 5646
569 7276
7637 6072
6628 1074
9537 232
9658 1429
7303 9510
2000 8799
3928 9367
4077 4724
5994 6231
8878 5728
6410 7595
927 9283
1977 7513
8874 180
5519 1745
7689 3651
2124 5648
9358 4135
9400 566
9675 5218
2870 3752
7865 7411
6832 5141
251 6305
2310 8344
5999 6718
3661 5874
6229 1325
9232 7363
3959 9783
7925 4705
5578 7634
7471 7135
7925 3773
4231 3212
7960 9769
5418 1389
7561 294
7419 5269
9124 8846
2398 7722
4524 237
3584 1742
5602 3671
4663 8744
4737 4473
2671 8306
870 7508
6923 7452
7674 850
40 7300
3190 1325
9924 1087
5294 5331
4025 456
462 4232
5643 5005
6503 517
7227 8845
2835 4947
3614 1507
5456 9882
8501 7440
820 3799
3211 5954
1754 2818
2721 8015
1480 882
718 5050
5067 6880
8468 4082
1290 2487
2875 3128
9843 6601
233 7346
5725 7143
2555 960
3252 1007
5152 4261
3005 4102
605 8188
7272 2741
8963 4317
6551 3121
3889 8778
6352 967
8555 599
3228 9307
8625 3126
9085 9592
3155 9259
7727 4321
8791 2000
2178 7895
3293 3895
3844 2255
8813 3157
7926 4344
7195 743
1446 3341
4197 3533
7606 5021
8097 6915
8773 4098
9721 3631
3658 7953
1423 7985
7676 8843
9614 884
5770 2412
2385 4802
6717 6660
5288 8563
8051 2305
6236 4121
9268 1721
1447 3722
7489 8948
2084 2155
2444 1125
8147 1470
6333 5435
9422 2663
5882 3098
2583 4052
4536 2296
9570 66
4522 7745
102 5843
3534 882
245 5825
7464 884
7627 1535
6826 2720
4983 3198
3673 2928
4522 4092
7715 5219
5880 3069
4348 2792
5154 9035
2825 6192
8577 6510
8169 4096
4854 3199
8880 3269
9240 9294
1093 371
6764 9748
8017 4304
5549 556
1977 7909
9456 8153
8290 7709
2199 6662
1765 8227
1214 7774
679 4749
686 4582
4394 7851
3145 3123
9585 8452
3878 668
5142 4265
6482 9008
5162 9769
5946 9397
255 6006
8108 2345
6405 7773
6869 9301
1818 1536
963 8917
3825 6968
9080 6805
3087 5220
3049 4776
5800 5811
5004 6970
9649 4893
2305 5399
1253 4818
3652 7991
5775 7018
6138 863
8001 9050
5770 9239
5083 1388
5587 6147
4621 2412
2871 7809
4191 4702
8308 2289
926 8173
3438 9198
9843 4172
5233 9043
3977 5199
9560 3324
8159 2683
4452 1021
438 9369
5450 3536
2198 8672
1265 951
5156 9032
6312 1113
3529 1791
4790 5841
5662 3798
5178 114
3145 4812
1312 9769
6329 6698
9851 9424
2683 6157
9035 4434
1640 7584
2848 4981
4145 6647
832 3602
3759 1665
7764 1048
4921 2153
5738 6036
9602 2765
9236 641
7333 513
9906 8270
8879 3656
9251 1977
8443 5961
5294 4297
3207 9122
4388 3518
4905 8788
7558 7868
2781 7191
5338 7618
384 5448
861 2951
6535 7305
2338 4350
891 1009
1904 8969
3261 8683
9195 493
5348 436
3283 2241
1844 6126
6825 4748
1603 9201
9769 4618
4454 536
1461 5394
1252 3048
784 2825
8460 2881
194 5200
881 562
6091 3113
734 3654
6342 3811
9824 3981
6594 1806
655 8445
1257 6235
758 9308
6736 2273
6557 9979
3164 730
9687 1971
8987 4047
9141 8834
7217 6118
1353 3147
8168 5867
6092 8125
8500 4606
1900 6350
3626 1942
6086 7952
1109 5707
3362 2983
2363 511
2818 9305
4954 479
8079 4321
3311 490
7888 8265
6682 1153
7073 5445
9769 9225
426 46
9837 5091
6763 7396
8987 3632
8914 8498
3235 4588
6160 1460
7478 34
8298 4575
7016 987
2508 8124
9617 4173
8443 9181
2689 1748
1452 2564
5872 8980
9796 4968
8790 9169
2761 5020
400 70
8600 8192
6003 5542
539 7044
7416 1591
7832 7630
4150 5616
2277 420
1944 4060
8456 1208
7832 1966
7743 2291
3316 9583
9363 5731
4093 8159
5129 3268
3078 6354
3966 1303
2975 5334
3290 2446
3493 4064
9283 1037
4890 3085
4789 6099
7614 6667
3016 3363
632 2363
8075 6163
4064 7882
1759 2220
9061 628
825 6170
338 4393
6819 6185
9107 8008
2965 1612
7351 4520
7572 7099
7637 4556
2321 3526
5742 2163
9716 3565
1748 2576
2490 14
8135 9122
1735 3652
9547 5166
9449 4824
1292 4862
7545 9266
9782 9307
1261 4182
678 2
5291 9718
1177 8013
9552 9349
4215 3882
1639 9004
8675 1147
3766 8678
1245 76
3104 1716
9180 4017
2095 723
2982 2792
2613 9250
7043 9633
8099 1430
8036 4699
7234 179
9402 297
4550 322
2723 5681
4173 1715
9307 5074
453 491
9335 2952
3060 1523
9965 8567
6715 1512
737 4565
9573 2654
9333 6842
7674 3066
5471 3172
8819 9143
9769 5120
1188 9769
104 8494
4470 9620
9263 2640
8738 6054
2025 8788
211 3835
6475 5039
5330 1142
416 6984
9938 9799
1372 8182
4647 2092
4821 1958
3493 3467
4282 2941
8010 4911
2988 3470
1588 2296
8053 6927
4298 2187
6505 5447
9304 7685
6040 1953
5351 9044
3207 3370
829 313
936 3847
7414 5291
7510 4071
4377 8217
6352 1896
1827 6150
8936 7660
2467 415
