10000 9999 1099566572842205623 4233 2
4619 925
1310 6964
6038 9361
1746 4178
4407 3111
4252 8706
5292 9350
5116 746
8651 7568
7687 9743
2456 6759
1030 3505
4459 1353
8205 3665
6558 691
7502 816
8768 3846
7977 5695
530 8540
1143 6916
9595 1968
8080 1518
3288 7962
3736 6229
6821 835
506 8097
7478 3832
2362 1899
7520 642
777 8755
187 945
2606 6428
2687 123
3207 5341
4267 8480
5582 9517
5415 420
5133 8444
8073 134
2043 9702
2756 8228
416 5615
2503 3565
8816 7327
6814 9312
7787 3795
1244 3200
5549 5573
8752 5995
3643 6374
4770 5922
5457 5916
8273 7423
508 869
1580 6973
4161 9230
6521 1594
3176 410
767 1491
9994 6828
6594 8867
4574 3925
2864 2140
9985 2740
5448 2093
5262 5248
6000 5066
9377 3253
1299 1048
4398 9044
9059 3039
2311 1245
6470 1402
9428 2666
4114 3195
2449 1968
5668 3801
3809 1121
2226 2629
8427 4736
8578 4573
737 7395
6832 51
4829 3988
5064 585
8444 9267
8194 1007
44 6853
2231 8595
6589 42
6407 62
9961 1810
9139 6188
4281 1784
6344 2480
812 8611
3139 5806
3831 6445
7248 7521
406 6250
1231 4449
4970 1446
8426 3248
444 4606
9469 6258
7190 4245
4119 8861
3733 5756
7641 6958
9770 2570
2978 9051
8556 6624
9284 8850
7449 2352
8733 5266
4420 3264
1788 7839
6464 5079
69 3586
9962 5194
2655 4114
3684 8421
2572 5629
4210 2209
6288 5569
7936 2789
1147 2671
7359 9135
3404 5641
5789 3446
1087 4204
599 4162
9683 2466
6570 4606
2632 9361
522 4246
7579 7920
2276 888
6483 491
4127 8310
2453 7334
633 2950
2913 4619
1857 6927
5622 3446
1381 5725
8987 573
2681 8743
6327 6288
5178 6457
7833 2208
5045 8642
152 8101
7478 9526
2158 8872
9282 3958
3845 193
6658 6639
2814 4116
6672 9323
44 8179
960 2255
2420 6604
6398 5033
4897 274
8626 3473
4548 6929
9514 2882
3998 9958
884 8828
4592 8741
7401 9471
4515 6602
7051 9104
7067 6528
3964 6681
9297 6366
534 5953
4950 1361
7987 2227
2239 839
6114 3347
7670 5850
513 6654
3511 6027
9559 2940
5289 8242
4267 8085
6772 7364
2608 7291
7769 4005
8303 9749
5266 2150
7243 3237
1629 1505
585 587
8876 6855
2061 4592
4973 2462
5864 4088
5699 7255
1357 349
8969 3817
502 1393
3625 7018
7860 6051
6170 7730
8664 9919
5006 4477
6719 2279
3594 4657
6989 5790
1001 2593
8034 9385
4848 881
3368 5675
6566 2739
5981 1669
4338 1532
1349 4019
9230 543
7935 2273
8489 2075
9113 5808
4678 8878
604 423
1293 8966
7199 8676
4554 7090
5104 7039
5168 6627
3475 7340
4232 7482
3346 685
6035 8243
4592 6637
1663 4183
3557 5523
8484 5908
5560 5319
1916 7447
2852 2282
4782 2317
8126 5275
1013 480
4470 655
7499 8546
2957 5375
5575 3673
1952 7454
3354 6098
2238 9152
2386 7334
726 8421
5552 2563
44 6467
6471 3851
1594 3041
8000 1355
2149 3476
5480 9695
5608 6156
292 9520
4471 5606
9729 4033
7616 3370
9307 9275
6658 7105
4370 4337
3343 2066
5160 9073
9193 4982
4757 5646
7803 2168
2955 641
9155 8439
3884 8830
797 1301
5900 6410
6193 2148
9100 5915
2269 7498
8829 3269
8972 6748
8059 5763
2373 3650
5597 168
8127 7406
54 4017
4530 5622
5486 6635
9988 6548
7872 870
3959 4670
7595 8265
1008 8536
4530 2160
7410 5745
7644 1432
7289 6209
3390 3628
7116 5418
703 2696
595 5958
745 7321
8514 3191
5369 5651
2267 8116
3208 4626
6684 7188
5547 4558
1821 3120
6129 2634
2776 7355
3271 1213
9835 2862
8161 620
616 4298
8325 3779
7484 3072
9911 7958
178 8470
6279 5975
9726 5738
6543 4438
5056 3236
8113 8848
6072 833
4101 3701
1209 777
2422 1688
6621 7098
695 8979
6871 2975
9416 3769
5010 9706
8730 4540
4226 3019
9576 3062
136 533
4137 4792
8568 3917
1064 5911
2764 103
5994 1095
6169 7884
7169 4742
5043 4122
5846 823
5188 567
1517 9949
6625 5426
5392 1821
2481 9278
1212 4189
6588 299
525 1590
5370 5979
8010 8472
1803 7482
4707 7749
9350 2535
3641 9059
666 3743
9380 6185
4896 1006
196 5193
4443 8135
4400 4855
462 287
4583 573
6250 4971
8890 3857
5778 7700
3414 3841
3966 7406
3940 4228
849 9592
774 4043
8180 9353
5092 5149
4538 1398
2819 5467
9417 4977
719 6780
8609 6321
9824 6172
4278 1161
2081 9350
7181 96
2865 7024
5865 7000
7481 1150
8065 1710
4002 7513
4180 3666
5650 8640
661 5686
5396 2962
5700 3936
9328 4110
9614 3115
6728 8079
5147 7587
2023 6143
3659 221
7798 3909
8070 337
2549 7064
4091 4198
89 9780
3683 4592
2133 9033
616 1837
7869 4563
6918 8502
4701 7218
3359 1084
4071 8539
9387 2122
6832 2063
3198 9592
544 8860
1095 937
5214 4609
6104 4693
5259 4462
9559 4888
2896 2149
8317 3807
4243 4828
9066 9844
4778 469
902 1340
2130 3327
7427 7116
7319 2753
3134 7505
9693 5218
2159 9255
6672 8368
7262 3649
6831 1458
5762 7654
4436 6684
5243 1698
6267 235
7547 8683
705 2002
6466 2120
881 1479
6999 243
9470 3764
4725 1454
5632 290
941 4010
335 2120
4624 1130
3043 8002
540 3272
8656 6370
2628 8114
6732 150
9988 9601
409 4903
5215 317
9805 2689
5792 28
9875 887
2129 9213
5133 1873
7510 4559
7393 8355
2357 7325
959 8614
1258 257
4079 6177
3144 4716
8759 888
6190 2537
2610 1433
3934 6411
1404 1285
3213 4691
138 3264
8866 6049
7600 2447
6255 1024
7006 1814
4098 1509
53 9529
1660 9268
7865 7847
6292 4709
9339 9623
492 5016
392 2970
8510 2270
6904 9907
7813 7789
8012 7395
4932 8770
9729 4085
7317 4592
6974 8612
506 3711
4320 6758
774 2548
6706 6170
1953 373
3102 5835
5744 5196
6396 8442
4592 7207
4592 6953
6677 3667
5120 3791
8046 3424
4592 9493
1781 3665
4337 751
8560 8544
7049 8331
6639 9514
6003 3117
6997 2162
450 4704
9040 737
3895 780
8656 3682
3982 2715
9236 7584
2509 142
3984 9438
1971 3333
6192 4429
762 991
5869 9682
3571 4263
2389 3519
3502 816
4621 720
4856 6244
455 9783
6029 5613
9423 1480
9863 6189
6614 1427
7038 2390
1818 5694
6761 4268
7485 2584
5761 8896
7240 4072
2838 9235
1174 4801
3894 7579
5559 6171
5270 9960
1565 8487
402 6913
937 8716
6329 1797
8605 377
5721 5161
9167 1017
5872 9831
4454 1732
4853 5791
4823 9237
7611 902
372 2787
1492 667
3124 4592
2981 2080
6687 6449
3450 1244
1850 2817
1884 5913
6079 4162
295 9917
2947 8249
8182 8084
2301 4577
5915 2786
2276 7834
650 9059
4919 3661
3929 5573
1244 9873
4157 774
8998 8618
1165 2103
5286 8076
5443 9778
6055 4592
8316 9903
3089 9435
3904 4271
9532 3510
2455 9286
6692 9952
8444 2616
5676 7615
2475 4488
4553 1581
4647 3855
4592 3196
5903 5167
4951 6497
3377 9075
3811 7653
9051 4379
3827 8048
2354 340
8384 1076
4986 8011
3865 6257
1000 4532
9718 5533
1332 4036
9820 498
1600 7695
6715 7586
1980 6527
2217 1907
4750 9439
1060 656
3370 4540
4854 8364
4539 2845
9100 3890
8088 1363
5049 7971
939 6232
4940 1284
1757 3259
832 9731
87 3322
1756 3832
5869 7095
200 4512
9178 3509
1248 2179
2582 8151
3620 6839
6115 2383
3435 6261
1773 6340
7232 5172
7803 2451
855 2203
3589 2907
7130 3512
2580 6803
4145 7846
7820 5042
4313 4696
4076 5531
4821 4513
5880 1340
3177 7494
2739 1661
2093 2395
8562 8772
5185 7267
6541 5094
7026 9087
6475 77
2239 7796
3074 3914
6645 4656
8631 3999
7544 9287
5084 5958
8309 5255
3561 2782
8837 7658
9305 3203
7251 6117
6389 6598
8625 1779
1524 5747
2480 1152
7840 3309
9970 5355
7009 6472
8833 9433
783 7786
1352 6961
8919 1252
4326 8851
4492 205
2751 5850
4958 3587
7402 7014
2479 5122
7936 517
2380 607
7268 1726
4217 3509
1972 9717
7391 1442
7264 3461
7255 4240
5986 2616
5150 9433
6918 2658
2990 4603
9117 5605
4180 7214
6292 4186
2188 9495
9503 5409
1343 9762
6855 6630
6222 1654
8897 8078
1223 413
6459 2595
7880 9476
1447 7598
6349 6321
5938 6259
6960 590
9052 5085
6172 4596
9473 1392
6487 1915
7691 1250
171 1476
122 3740
9008 7992
1610 357
6662 8197
5988 8209
8160 503
8710 9349
2599 7321
1305 5538
1860 7914
6091 4055
3910 1267
1658 2885
5906 2802
5665 9273
9942 1670
5585 4271
5490 8524
9491 1579
9503 9681
1915 4830
2031 9768
3145 1213
2907 429
4610 2443
629 9486
5593 1256
2101 5668
8722 2331
1761 9811
4758 6391
7828 5729
6447 2680
1791 8321
7101 8729
6035 5386
9118 5943
6901 6122
9469 7381
8935 8669
9610 3848
4540 1972
2392 9986
926 7221
8416 4592
9431 8465
5306 7226
1750 5832
5209 2365
1395 7521
6213 3640
9890 7873
2591 5803
7459 7731
6244 405
7371 8948
6248 6021
6554 7528
3156 5856
6627 4989
4191 6289
3558 1199
9242 3858
8735 3454
4803 8491
4098 6021
3366 6792
2311 3373
8710 5648
3058 388
10 5499
7113 7925
3212 6422
5834 5335
6656 1276
1591 138
6439 2906
8686 2146
2843 4628
487 1494
3007 6843
9383 3064
4126 2528
6585 1255
4592 6966
2937 2543
8585 2170
1823 6417
3574 7950
7882 7472
642 4746
8681 5961
9406 5618
9143 4719
1517 9393
2997 1576
6996 6782
793 1870
6605 9932
1882 7725
7809 2334
6410 9241
1874 3987
1521 1419
8491 4725
4578 566
8423 9568
1264 6113
5761 277
9866 9686
5226 5802
6092 6810
5757 7630
5298 5623
3407 8626
1069 766
1159 222
2351 5633
9157 5356
826 4668
3222 881
7110 5465
4630 5422
7740 7079
6408 8905
3220 4795
9577 4617
2414 5323
7875 3815
3290 6750
9779 8835
8469 1525
3537 261
4272 7636
6184 9885
7398 4689
8060 9360
8764 8412
2899 8988
4435 4805
86 3666
7526 5055
2014 9947
8174 90
7996 8049
721 5223
386 7247
1740 8826
3251 4592
7666 771
5746 6915
6434 9424
2134 3946
5488 1203
673 4246
9725 4458
2582 902
6149 857
2490 6318
5946 7597
6753 7679
490 4417
9803 8532
4605 9892
7651 2324
6520 6041
619 5488
4781 108
5079 8029
3384 404
5846 4127
827 6767
8464 683
1244 6883
7417 8763
9942 8463
8786 9136
8293 2271
2137 1276
6141 5952
3384 4058
8995 3171
544 5534
2361 9810
2754 7896
5870 3470
1581 5332
5383 9104
4862 6519
2480 7130
7980 835
3155 7779
6684 7388
6918 8160
8546 5979
9964 6338
2834 1063
5297 8673
9582 4886
2430 8173
1999 6437
1619 244
2680 930
3326 369
8569 4361
5003 7919
28 4091
8334 9474
9655 7266
8617 4934
1960 8466
5766 6113
9371 279
7050 4022
1694 5646
6171 1151
5561 5433
8405 4890
5777 4261
3016 3702
60 8407
6441 9546
961 4592
9184 7572
566 2683
4017 527
603 850
360 7933
9061 1102
7877 8040
7267 6412
2904 556
9711 7511
7228 8946
3223 5931
1479 1748
7328 291
2973 7796
7576 4
3466 6350
4178 5697
7771 4969
677 3806
3482 4408
495 1547
7121 8890
4743 2077
9734 3665
5256 1541
264 804
9691 3587
5619 4651
7513 7722
107 5982
1146 1070
3073 4460
9965 32
6616 8308
9384 6500
4003 5013
9828 8143
5116 910
1180 141
6601 9814
4845 4593
6363 5445
6106 3602
6251 2204
4385 9694
1241 2707
1173 6747
483 6240
9298 9255
2253 6895
6369 2839
8723 7364
6126 5505
2462 7086
4858 5873
572 2241
6445 3705
2171 4083
7452 5147
9392 2342
8982 1610
4699 6326
1897 5646
5622 8527
8877 8174
7256 3126
82 5333
9972 6943
3013 5258
9517 626
5321 273
6818 9337
8111 9247
8244 6295
8483 2674
9876 2569
5708 7479
4886 3839
7698 3939
2407 3211
2152 5334
7448 1929
2802 7100
7825 4080
3195 4819
6087 3120
4638 5640
5925 3710
1772 2601
8144 7552
3353 3872
1044 5958
5327 6095
9764 962
8152 3505
5718 7056
4030 2902
2142 1439
7401 5601
2912 4365
1642 7274
2041 5174
6506 9262
5148 6406
4117 5021
5254 6122
3872 3820
993 259
2371 136
7196 1920
9764 7049
6568 8107
8969 2295
9360 4180
8827 7462
8139 9763
3561 3376
4592 3463
1937 5453
8239 9566
5321 8448
1592 8575
4069 756
2040 3361
7405 2775
9486 3482
2386 4069
8229 8266
7432 7046
3132 3761
8656 7121
9261 4118
6002 8029
3871 5268
36 9636
9885 3193
434 5800
7279 4379
3005 3191
1102 6254
7900 8428
9535 3815
1925 5297
2008 764
394 1045
8508 1572
681 2458
5698 5142
109 3235
5878 9303
8463 1890
8361 6325
47 6734
7733 4976
7054 4015
8717 2958
2699 2813
151 2125
3356 5398
3348 9146
2081 6926
2560 2762
8222 3818
9406 6059
9493 4269
7540 3693
7858 6815
4531 4321
3116 4846
903 1585
7969 774
1468 2748
9357 8815
904 77
2957 2216
3120 8126
6948 406
649 6828
7002 9613
6306 9942
626 1452
2895 6004
1097 2701
2159 6743
721 9471
2875 6009
4347 302
8452 6418
5672 2910
3457 7136
255 760
7611 9893
2922 48
9733 875
2589 1050
6920 8093
8745 3823
6590 7774
4592 1066
8283 2916
6927 4462
133 4465
879 6394
4564 2400
8339 1520
1275 1266
3608 126
3328 4592
7940 4579
3219 5182
9226 6591
209 8811
9794 8943
7465 6571
5295 9472
4327 8356
9068 6801
9715 3899
7858 8993
2012 6552
5657 8518
426 630
5130 2908
3303 9906
8061 4573
5194 9696
7167 5144
6905 1534
9176 7479
7031 394
2162 4700
4708 1612
8798 4493
5825 4112
7848 7610
3012 4810
9773 6901
6164 992
977 7041
3132 5273
923 5804
5905 6936
5058 8000
3973 6372
2123 6506
240 6123
7938 8345
6887 1209
6982 91
6423 3549
4310 5015
5146 3665
4991 1245
3761 204
6112 2420
2858 9299
4915 4899
7436 5474
3951 7656
2756 8654
9887 4111
7969 289
2051 6274
8576 9171
5158 7520
2616 8183
7817 8455
8148 6197
1687 3065
3191 9097
2164 6414
8886 7345
9119 9495
7672 3067
3957 8348
4551 4546
3104 8519
7223 3280
9004 4545
9956 6295
9787 7658
9743 8239
5096 6294
641 3389
8394 9271
7904 7388
3682 1445
3458 3159
3666 5678
7856 1541
8006 6988
1433 8105
884 7105
3767 6849
6863 8096
6538 5455
2991 1054
6223 3992
1141 7896
8776 5024
8548 5610
8829 4293
2245 3126
7284 6498
3311 3546
1931 798
7627 7118
7981 3956
5875 4580
2339 2261
9517 6014
7976 6705
8478 4372
9415 3495
8232 4777
2746 3063
7791 6893
8299 1384
4426 9727
5304 4592
3899 5898
9476 3150
2880 2975
2283 4689
7000 2604
4276 9644
6216 8521
6736 4505
2789 904
7376 5849
6992 1436
4209 4077
902 1228
1751 3884
7755 2500
4316 8896
3899 8236
7652 4674
3403 5373
539 4255
4891 174
8310 9875
5303 423
6168 3867
5152 4177
408 1871
8774 6761
4659 6702
8920 6183
279 952
7457 7694
8036 6901
3686 6475
6620 7810
5163 5528
5999 6663
5288 1754
9930 4048
5946 5074
4633 3775
5197 9849
1558 6503
7646 1392
5460 3972
8013 5683
3453 2858
1030 9980
4867 8625
9120 2022
3013 7273
4181 2420
5458 4802
115 654
1141 9423
7137 185
9939 8396
1054 795
631 7042
9559 6675
9324 1958
6606 4449
3195 1921
2567 7693
9614 2754
7557 3492
3563 2080
99 9097
8407 2474
2596 8446
6910 9333
3344 3742
521 1269
7841 8327
1218 7014
9742 4722
912 2589
5649 27
6086 1610
336 9850
4102 1215
3061 3030
5826 8356
8624 315
6914 251
3443 4979
4451 2951
7770 683
3772 7152
7375 4418
6798 4718
21 6268
7227 9877
9483 3481
3292 2652
8882 2803
3069 7643
9300 124
8556 7743
4616 176
4758 5352
2976 4721
3787 2593
9958 2415
7003 8583
7243 4153
7231 9713
2560 8917
7070 4179
57 8098
3175 4203
3588 2827
4312 5841
8098 4689
4893 2276
9704 3395
4023 1816
136 6389
8463 5059
4062 3529
5290 613
5951 6224
6717 280
9497 7777
2342 3771
7768 9278
6694 3982
5844 5401
5424 6835
6711 2946
2635 7866
8025 7278
5162 850
7496 5184
3257 1214
8221 6734
848 5301
9155 5008
9184 5979
1063 6748
297 7806
7803 5243
2892 8503
6953 7219
9464 6756
8862 7379
4667 2002
1104 3637
3396 6867
3842 3801
8556 4010
9659 4512
8597 3479
4689 8556
5534 595
3342 6757
8820 9719
394 4864
9513 4868
9200 8817
2997 7150
6883 1914
9788 7883
2086 835
3929 6296
992 1759
9588 4489
3991 4568
9821 5902
3069 9904
1136 5324
4707 7563
6425 5196
9875 4886
8981 7313
8019 5177
4120 2385
6974 8577
652 3105
4622 3305
5109 5199
7712 8715
4109 5840
751 9596
973 3560
4395 536
9399 7960
8030 9298
6661 4453
9703 8872
5568 133
3365 239
4039 5558
8004 7532
6558 2655
9324 653
2217 2499
7033 9550
5677 8970
906 2619
9490 498
5167 1713
4316 8256
8760 3573
5158 5177
4484 1029
8871 7322
1341 329
7371 6714
1542 6754
4611 8571
3975 130
3825 1400
6403 5617
5495 3913
8170 1885
4776 238
4281 4104
2319 6117
5712 8295
2005 6216
4618 2934
4157 2558
6069 8596
6161 904
3280 5943
7401 5546
1606 1083
159 1368
3484 2137
3647 5478
1326 8582
6640 1959
1425 1484
9675 1565
8551 3119
5731 2639
6900 1469
1622 2436
490 6497
9919 219
4704 5009
1045 6582
6281 5645
4595 1479
7716 1893
128 5548
4300 123
2654 7953
3313 4375
5185 2596
5086 2545
7972 9804
220 1359
720 2776
7234 7079
3328 365
4273 5279
8134 4580
9624 3297
2694 4356
3381 3436
6965 8581
233 7761
5670 8149
3496 2023
4215 3043
837 7303
566 6494
6563 820
8454 4490
4707 9328
5098 3618
2479 6717
846 1716
4276 2007
7523 3072
5104 7892
5829 9790
6979 8466
8062 2511
9543 6229
9441 144
183 8357
4623 4592
6759 1572
7181 1515
2954 2979
4957 1978
2624 4092
4024 9188
1745 2940
4592 2121
4536 3888
5029 306
4881 9412
5682 4650
8899 1051
2638 9172
7640 8766
7912 6487
7169 3003
8691 4958
269 5259
9892 4299
7237 2711
4677 8431
1509 5665
9318 7563
171 6583
3985 3366
9180 6903
3885 7265
6332 8766
1002 6387
2972 4592
3286 2778
1841 1134
4137 2037
5626 5979
3236 9311
6068 5361
3749 6386
4698 7663
1289 8895
9419 2327
8997 4790
5605 7252
7759 7689
9436 4523
5571 204
1202 6609
6294 5452
9555 5267
6901 6399
5403 8207
1323 7959
9387 6289
8682 6053
6837 9747
1866 4730
467 2583
4657 5530
4592 8245
5897 9886
4137 2016
1719 374
2768 8
7580 599
5741 8803
5521 4221
1096 3708
1256 2756
1016 3659
4771 7923
7037 5347
2394 7831
2497 889
4320 4845
9233 5952
8447 4228
4019 9903
5426 4679
4257 8553
9632 6204
1781 8899
2143 2815
7156 4592
2153 1628
7684 756
2983 5230
9328 1153
4592 7660
6176 5169
3060 9882
5813 3980
4390 1284
7906 3195
63 714
4994 1148
6177 9188
2306 8541
4637 2202
1276 8708
8912 161
7874 8581
241 8772
6073 1257
7316 532
4590 370
1639 6341
4114 9062
4592 1503
6871 1297
9057 4517
5379 4077
4527 7091
7950 7342
8966 7921
1321 4592
728 7056
9155 9731
7362 1128
9646 2468
9536 1565
5346 6976
9216 8010
5156 4972
328 4592
834 6291
2372 3970
3428 6613
3416 6372
9655 4285
7879 3260
5980 902
9843 9224
6626 1510
8777 1664
605 2131
7032 171
2051 1261
7171 8983
7179 9580
1550 8399
835 7490
4289 2309
9776 50
9650 8552
4243 9927
79 3789
1662 1536
9775 7307
4628 5203
7028 7093
7784 6219
5169 1695
1032 8518
7758 4328
8852 9991
1467 502
709 8861
3234 4898
3219 9290
4592 1248
4167 5357
7656 5137
2634 5627
2494 7345
1284 6332
1597 9450
3809 1650
8574 4282
3852 8697
8667 3789
7882 8532
2467 4842
4562 5675
3477 1226
860 4207
1638 9610
1030 9733
9375 7675
7207 6819
7439 1441
4345 9819
5819 1029
8491 4325
934 1742
4205 2028
8985 8590
8986 8468
777 5184
9206 2634
1056 7613
4840 7853
2890 4596
8081 906
4080 8275
7896 3853
4785 4817
7990 9019
7132 5793
2887 2940
140 6667
9502 8480
6706 1746
4532 9956
6187 9047
2927 9059
5684 5908
4968 2954
9397 5382
7789 771
5315 8782
6700 616
605 6793
7558 1997
3193 9740
2607 162
4878 848
2604 6706
9833 6989
8310 234
4981 8309
8610 6103
1701 9292
6132 9196
4220 768
2911 6645
9050 8824
9714 9955
981 3894
8135 4901
4592 6900
4382 7925
2601 4724
4351 8191
8699 7740
77 3493
450 8895
4197 9872
187 3701
962 9028
4592 4342
2898 7418
8628 7441
5741 7076
3487 9967
3603 6508
5654 2379
7265 9075
7701 2083
8707 3789
5814 8241
5671 8594
4786 7873
7841 4592
2226 1841
9261 3878
7051 8026
2243 1408
3275 4816
6228 5144
2237 5622
851 9235
3459 2563
6755 7521
5157 3827
4545 7050
9858 259
9863 728
2156 2210
3294 9757
3057 246
3219 7434
1106 9454
3775 3811
6158 4592
312 3503
5472 9248
7081 788
291 8638
2827 1394
8280 2293
5452 535
3093 9733
7719 5617
8358 5443
5003 6841
5671 4376
2949 8211
7963 1598
4737 3087
6669 6130
1691 9362
4250 6983
9149 7481
7143 2453
569 9097
7609 5381
7045 9773
3131 876
6777 5776
6450 9237
8980 836
9743 6675
8139 6280
7129 6531
5922 1100
9894 9127
4551 3607
6679 8391
6722 168
139 8062
1871 4061
7202 190
4406 3781
1694 4933
7526 4089
4812 7549
8886 6831
6821 5776
5640 6578
5605 8604
3587 7269
9296 3198
5363 7616
4528 3985
1701 9694
7161 3882
9585 9047
2183 9413
2521 508
2965 7422
2653 5467
4141 6371
4248 2165
5307 9641
3437 8483
9930 3782
5643 8621
7431 9065
9439 7409
9710 4707
681 6018
4880 5953
1678 1819
6574 9561
2042 3422
6506 9850
9716 7732
91 9058
7714 3384
9711 7580
9625 8421
269 4051
4581 368
7734 851
9328 8947
1047 6101
5218 4447
1023 1300
5059 3560
2146 632
6001 2247
2480 5740
7448 863
5154 7766
881 35
7181 4190
811 7995
8445 3858
6985 1907
6909 7701
4752 2283
7237 8277
8444 9517
4377 9954
64 7657
9267 3244
4169 6347
4205 9267
4164 3815
6805 7223
3867 5244
7352 4846
573 136
9600 4166
7400 4926
234 7196
2381 115
2943 1456
4008 642
8450 423
4003 7053
214 2665
7557 394
1304 9217
9197 6284
5129 5802
5524 3774
553 1187
400 7901
4776 7760
904 3293
3560 2932
8172 1971
7605 3046
5063 5117
799 6794
6255 7654
2551 9568
1709 4592
510 7772
1495 1565
6416 8282
7889 2940
7992 6116
8465 1758
1797 4850
8421 3809
7365 9281
9926 1492
8937 7975
1527 7390
908 2136
7503 2532
5440 7753
3460 4592
4601 3193
6729 6958
7577 3415
2684 4358
2868 1102
2310 7228
18 6155
7162 6185
318 9776
8334 715
653 4900
7157 3894
3775 8505
6448 5541
1137 8389
8999 8593
2582 1699
6431 9080
7073 309
6821 9370
9351 5580
9593 2105
5406 2643
4411 1713
9517 9612
5012 1522
3151 6416
3152 933
9109 7416
2211 5475
977 1803
3793 2418
3127 4631
2087 5787
1314 9352
7137 4587
3033 7398
5249 5793
904 4357
4067 6844
1022 8063
863 6135
1691 6494
7667 8428
272 5848
7184 4430
2661 3043
261 5285
3616 8863
37 1543
4614 8050
711 9051
28 6897
1455 9461
8412 1249
6100 4673
1845 1410
8587 1723
595 6715
8246 8353
3306 610
2708 8243
2456 1692
2316 8349
4410 1847
1433 5684
7120 5608
4592 9026
3417 8347
5700 2679
5676 2421
5698 3837
6461 6254
1546 2137
6684 754
9355 1245
7237 8295
5802 8175
5218 8756
1356 5076
6494 6574
7310 5213
7823 4477
7713 3569
1249 2228
4021 5043
5155 601
5289 9319
5037 8051
3084 1245
4572 9571
2789 588
1543 7580
7513 6162
8675 6894
2723 1107
4787 6685
4304 3479
2999 4043
5019 5143
6435 5039
6990 9282
5857 6872
2401 1109
3165 3320
1258 2881
7904 1129
9088 9732
5241 4185
9909 3850
7347 3812
1928 2445
608 4050
5232 5449
5906 3294
4596 4032
652 53
764 2658
835 5854
3954 3007
3320 5452
1877 43
9897 4849
8450 8824
9263 7529
3183 9072
4592 6751
5564 9197
1932 2738
8491 9801
3206 646
2735 4034
7401 9336
7435 1113
5151 2417
109 3597
3764 6313
7140 5825
4759 5396
6879 457
77 8353
1105 2075
1494 6877
6079 6432
210 26
3621 2922
2535 5482
251 9805
8006 8381
4028 9661
6898 618
2843 7593
627 3045
9764 7299
8003 5237
4592 5910
5262 5406
6649 3808
1513 7275
5501 9134
6260 6827
1277 883
8727 7609
7165 386
9977 5780
3499 4638
9304 4245
5535 6360
6991 3934
8160 7594
2477 5026
7840 5264
5397 7549
9286 6379
4060 9142
5746 1823
3620 4088
2790 1494
1946 816
8197 9569
9215 2403
6184 2710
8971 1601
6896 7488
7780 7802
4752 4807
403 2541
2952 6499
573 9866
8977 8987
5154 4947
5906 7794
2634 6157
7388 8778
32 9620
5807 4339
3154 9859
3295 9001
7482 9122
3903 1551
6013 5881
9360 7175
3622 307
5827 7453
7908 9856
3336 8546
1939 9727
10 9625
9372 5278
3285 539
4915 529
6501 3068
7243 5965
9526 4660
1553 4083
2509 9397
8074 1847
6164 1501
3043 6920
4658 5896
8916 8855
8213 4973
7671 6800
1323 6307
8377 5817
8416 247
7360 6610
8924 8627
6030 3935
1618 6787
8996 3975
8950 6657
3565 2916
8250 5373
5489 5671
8796 6143
3264 7588
7403 4592
4592 2138
8770 8108
8375 5225
9200 5272
9437 867
6096 3890
2704 1140
9360 8651
4007 1957
4126 5026
6110 2552
3842 9668
8208 3075
7528 2396
9489 2526
5514 436
3967 4171
7844 3301
75 4938
572 9625
9090 9145
5976 3080
7571 8976
15 2562
1885 77
8290 503
6770 4050
9285 7026
1112 2597
7971 2907
678 997
1190 9688
2839 3462
940 1363
8440 6680
2688 9914
6643 5061
526 4707
3735 7124
184 3787
6937 7538
3635 3406
2176 4765
7223 7785
8710 8888
593 4919
2071 4045
4610 8380
1038 4209
394 7877
9133 8364
8264 5808
2236 3120
9934 530
2697 3565
1274 5644
4592 4099
6832 8058
3661 6285
4939 6677
3244 6154
6776 705
3390 9594
7859 4153
9814 9690
2469 6386
1030 3600
2967 4202
2306 8477
9461 5436
1561 6283
8724 8707
4612 8088
2876 2966
3216 1645
7070 2189
5669 2446
9339 3637
2574 494
4055 2424
421 5876
2196 4649
4737 4709
5312 2309
4526 9083
1830 9441
8692 9910
6121 969
5516 3959
7664 6758
3938 7580
5842 3665
846 874
9616 7089
7135 4643
2670 9201
4592 5140
6460 1192
68 6840
227 5625
89 8397
2452 6955
3765 751
5177 1293
2119 6491
1126 6260
7083 7406
7021 69
2703 2268
2290 872
8114 7357
3366 443
6721 7981
4486 2669
6906 2547
9864 4064
1186 109
835 4583
1450 668
1579 9177
9856 309
1443 7812
8164 7338
6045 9786
7593 5320
7597 1908
5758 3662
5418 1649
9839 2119
9959 6803
1271 2728
5417 5751
1942 5414
6655 9563
7138 7790
9451 5613
7586 2265
2396 8674
4357 8459
325 3719
5449 788
7182 3070
4539 4099
9866 7282
9207 3952
6032 1397
5370 7145
1544 747
7091 7724
6206 4747
9155 8176
9106 1952
4167 8300
4503 4523
8876 3205
1454 5848
538 7383
9354 1714
4592 1801
4917 4592
2603 9906
9248 9547
6659 3347
551 7014
1557 3415
7243 8421
6254 2105
6017 1767
3692 1678
4494 5799
6226 7820
6755 2035
9880 7386
420 6012
4780 2640
9307 9737
7703 3980
4676 6309
8080 2754
3659 6765
7894 1010
1810 8580
1311 3737
3539 3504
1486 3234
8229 3059
3726 9654
4564 3542
8509 4420
3002 2690
559 935
2745 5080
6255 196
7390 7831
9430 7050
9102 2439
5371 6623
7133 5758
8191 7024
6137 8726
9172 311
1716 869
7938 2821
3715 816
2826 261
1982 7385
2989 2115
4592 4822
7466 1296
6802 7820
2182 6485
8977 9231
4668 7097
3662 3243
8538 3804
7228 600
5339 8857
9560 6967
2634 6725
3225 117
9308 2817
2953 319
8507 2856
1489 5608
7584 6362
3752 7711
5642 6471
8171 9107
430 3859
6652 5714
5751 909
7853 4923
382 3996
6783 7738
7726 7055
3366 5309
2380 6377
5483 1020
6505 6599
5493 1111
417 5790
1712 7495
6678 4975
8997 4798
7176 3801
5811 8047
569 256
4267 7028
9500 1127
9128 9378
2515 7546
5284 8536
9423 4596
2471 8517
9839 5260
4434 4922
7296 1178
3940 3476
2067 2923
366 2280
4026 4090
3707 4592
1762 9721
8332 4637
4053 3208
1337 6393
1984 3421
7441 3432
4530 9297
2860 5964
90 3135
6748 4442
58 4221
3293 7260
9233 2608
4686 6112
1837 1721
5251 787
4974 8354
7812 5504
8936 1327
1498 9565
4602 3123
9198 871
1389 3510
3419 8957
6530 2458
1080 2088
2527 2121
6176 5500
859 6579
9519 8926
3433 1514
456 4910
3077 6776
9348 9615
1494 9153
2398 5191
7698 2427
3177 7603
6453 5657
2623 9147
2644 8582
6881 4273
5660 5846
2642 6769
1620 3886
114 6612
1824 6688
284 6156
1242 9434
5915 4350
8342 2725
2864 6586
5122 1747
9180 9283
9337 8088
4979 3503
9107 9772
3416 8040
184 768
9033 5338
4478 5053
3 1372
3793 9160
4908 2655
6403 486
1269 2544
582 1705
8892 4485
5659 7438
6592 1133
3447 6660
4318 6687
3358 7004
9085 9971
7705 7806
6508 3486
2290 6326
759 4930
5787 8908
8512 7526
1820 8513
6278 7812
6524 9888
452 554
5592 6438
1557 9404
6425 1729
145 6970
6298 2961
5495 7933
271 7833
5318 3524
1092 1642
3195 8926
5910 3688
7318 5657
3523 2468
1239 951
3164 247
3576 563
4592 3805
7251 5939
833 9800
8624 3036
8546 3728
2985 8769
1141 8160
1263 2094
63 158
6210 819
5343 3390
6418 7100
6062 9588
9141 1818
4592 8233
6172 9657
7656 8931
5349 1499
2729 956
7462 838
1132 3257
18 519
24 7245
4183 7395
7275 3834
3290 7236
6429 1185
6357 9705
7679 5768
5577 6457
3934 9743
3099 7864
7312 4073
7077 9645
5683 8254
1667 1647
9647 7952
201 3813
4035 9721
645 2842
7934 6717
6386 9277
1302 4278
5387 1307
9134 9008
5377 8137
2651 3405
7435 5330
7097 9019
2736 6753
5149 1629
3218 5003
8399 7177
7489 9606
906 7905
1398 5216
3966 9460
4757 5527
5856 1102
3182 640
1753 4565
2786 7747
4943 4035
4814 9042
8095 3582
5312 276
9866 28
1759 5192
970 2264
6135 4585
6995 2269
2822 2378
8443 7011
6340 7715
4706 5036
9193 5076
3618 2945
8482 3947
7851 4772
4147 5164
3526 1768
3868 9862
4360 1869
8663 5812
2616 1859
8390 7647
2825 6993
198 5417
4284 8382
5372 509
4668 2092
2203 7053
7565 821
9747 751
8165 646
8679 1819
6601 4745
209 312
1973 7812
6934 3897
2078 7608
3716 4592
605 3401
1689 9445
9426 5803
8617 1062
7204 7789
7399 7051
5686 5080
5537 3288
197 4541
8364 9245
422 4037
5380 6346
5253 3017
3559 2643
2817 4179
285 999
743 492
1690 2618
8346 4310
6789 6244
2869 8327
6553 9595
4884 4382
8336 3290
7893 2455
589 5171
5153 3529
8444 9805
1507 6495
3296 7003
2196 8621
6633 9587
7149 5100
7277 3109
852 4449
878 9257
31 2344
9941 6550
2423 5995
5904 2673
7080 3801
5154 2714
3565 6417
196 1555
5094 4524
1273 7778
741 9664
279 3
7837 2891
80 8374
3905 2760
1643 4769
6311 5638
5957 7259
6448 9845
1093 4305
4782 8848
163 6922
8713 1728
1777 1778
513 3373
9256 4032
2814 2154
9509 1136
230 8715
3744 8169
4098 3441
4460 4480
6600 30
7610 5182
265 1496
4560 1682
6312 4824
6828 6324
4211 69
1047 8640
0 5987
2625 651
485 8229
7189 2970
8585 6863
804 2838
98 11
9192 5261
110 1824
5035 6127
4300 2207
2921 8320
3551 5154
7222 9941
7376 9151
7251 3093
2863 9274
2228 2685
6469 7566
9800 9947
8570 9008
2039 3533
132 1034
2319 740
8037 8795
5897 1836
3269 2730
8375 6626
363 8413
926 7936
1943 379
9484 3350
9475 8758
5955 245
6947 1665
6254 1936
5456 2084
8098 6998
6252 1725
3048 9767
2614 6335
3426 9195
9855 1683
955 5473
8797 8569
9528 1830
3774 3106
3709 8347
7268 3991
620 6321
2790 5838
7752 8922
583 7819
9857 6781
1515 6812
5197 1295
4127 5698
7551 1254
5140 113
8389 2262
7438 7941
7005 3816
1515 1652
2729 7543
4592 1358
4592 4042
9876 1855
9728 2285
5677 4710
3357 2243
4265 479
7388 7239
8384 2712
977 6515
10 3307
1553 5779
2212 3818
3066 1008
6107 6166
6207 459
7552 9793
1698 896
883 3976
2425 6472
2927 1364
7049 2024
4592 8661
4805 6373
2346 7559
669 7997
4716 3500
1556 5290
7566 7594
5269 3943
2775 7457
7362 7992
3338 8255
3982 509
3021 9178
8833 6563
4583 585
3239 668
3282 6068
1605 6064
7664 963
6980 4769
2582 1424
2735 8134
5885 3527
3964 3054
7273 3500
2110 1625
8308 5358
5103 688
5936 3240
1514 5094
3893 4311
5343 2220
72 8116
1941 9361
9892 4841
8547 7930
7477 1644
7201 6131
4592 9662
725 8406
2098 6645
9659 6442
3518 138
314 2168
6119 7032
2407 440
7661 6635
7711 3364
9821 9415
4947 1972
7193 2910
2198 9328
2608 8435
8455 2504
4276 5631
3906 8896
313 6159
5524 5774
3138 5181
7896 8491
8842 1336
231 9928
221 2977
6733 488
7395 2886
6011 9842
2835 5888
1801 2372
340 6878
4190 5202
5539 9926
4080 1689
4196 1641
7205 9538
6658 4603
1752 5227
1904 2818
5878 4825
4357 1546
9511 9394
2894 7991
6647 7974
312 67
110 5689
2554 6874
701 6309
1814 2496
4592 7644
7432 2753
5913 2614
5497 3215
4700 2781
4151 5076
174 5233
8187 6355
9440 2262
2218 9170
6233 4920
684 2131
1074 226
5197 3652
4124 8150
7450 3978
6629 5538
3266 1244
3800 3690
6177 4387
7706 8177
366 3154
9171 6715
5705 6381
1379 2210
9825 7926
5707 4592
6193 7943
393 320
9037 7655
2222 9823
2880 1151
4762 8197
5058 9421
5649 8234
3356 3313
7629 9754
7300 9095
2389 7332
9091 7904
1617 3475
9129 6384
2052 5572
952 4673
6530 6924
6634 7676
6071 3852
7537 3046
4592 2568
4241 8452
9422 1377
104 8535
3194 2172
4592 3473
7273 8201
4624 7937
6070 3375
3236 4127
9539 2303
6957 1902
1783 774
5509 9531
831 2207
1667 5808
3416 697
2789 3712
1172 5172
999 1468
6408 2087
5893 6091
3082 8590
2145 1366
3931 3672
7738 6052
8992 7279
4776 4323
7861 1041
3022 5179
3873 7409
8087 4458
7501 8709
7868 754
4794 1327
989 7074
4217 3568
3046 3459
5527 9070
1865 2256
4927 5077
4392 446
3914 8501
3750 9881
1603 4453
7105 8340
2484 7494
4355 2336
5839 1787
7916 4059
5781 5292
4086 5952
3423 6336
1270 4354
8024 1192
4367 1800
8645 4761
6323 94
4597 2405
999 9414
6420 6724
2 9039
452 6509
6404 4673
1172 9123
5055 4002
8913 9524
8453 7754
2479 5925
1347 371
6696 1660
4232 5672
9788 141
3778 8647
4113 1313
9567 7560
9946 4583
4639 7885
9372 4592
8779 456
5662 4592
4360 3678
7658 3960
3225 7565
3237 4142
46 6755
6030 2562
7536 1430
6323 1577
2318 6935
907 2561
9590 9383
7094 1114
217 4538
8963 8916
5684 8307
1396 3188
6325 4422
4651 6858
3919 4810
6395 8672
6093 9733
666 3370
7440 4592
9776 8546
2046 7645
4499 2526
9740 1359
327 9504
2130 4987
7219 1451
3129 6860
7498 164
4916 7389
8984 4852
4904 8334
9619 4315
5965 8629
381 8461
4416 7205
4697 9179
8030 8801
2252 6455
9412 2724
5691 3300
7299 2033
7891 4592
4869 922
7082 3113
4253 9551
7687 1191
5630 7940
6956 4923
5011 8043
5506 9114
5922 1224
4034 4416
9317 721
489 4858
194 7398
8418 9774
7407 7228
4770 4376
7287 4847
6835 4734
1507 3116
5919 8627
3502 3652
5988 4238
4989 3334
8529 1090
7005 9096
2305 7340
6492 8299
6060 767
9378 753
3519 4966
5589 9452
1827 9994
3542 8556
8101 1978
9611 1952
9254 1502
5526 5003
8952 6606
146 3615
298 8457
5486 637
1292 6527
6383 869
3777 7748
4232 9232
7895 4773
2184 8103
4373 6763
4932 1348
8190 9640
3546 6921
6569 8078
6652 3700
1009 234
5060 7622
6210 7
7456 6289
2300 2911
2737 4249
9378 2429
7265 6302
5253 9866
6818 8964
4106 2074
1846 7049
5917 5923
1238 3613
9015 4094
6449 1637
8488 7297
3894 8053
6812 3907
1439 533
8334 1841
8212 8431
1144 8283
9214 916
1094 158
2139 8285
8725 9350
8318 898
4303 6068
1749 3273
4870 1074
1586 7331
1107 6856
7506 4515
995 7176
3575 7866
987 8148
7818 5578
7909 7819
2167 4796
6235 3538
9631 9969
3871 8556
3062 1241
9567 6406
444 2696
6703 4122
2090 9979
6156 6779
62 7028
5360 9852
6688 2796
530 2528
3463 496
5998 8005
60 9336
7861 6994
8227 6763
5450 2846
9626 3028
1725 3217
5680 4121
3502 9811
891 1148
7879 2523
9073 6880
1880 3598
2036 7693
2116 7261
2588 6389
6173 4316
6207 8672
6913 8276
9905 7194
8501 5997
1565 5218
4376 7311
4592 8979
43 2681
7169 77
1477 4693
523 2333
1162 171
9954 3769
9144 1755
1331 1642
5659 6752
9723 8662
375 771
6849 9217
2346 3199
850 8817
8129 896
9361 3842
8687 6546
1823 8867
8670 2835
1722 3591
816 6200
36 569
4443 9683
4772 9415
5219 405
9561 2749
9139 1430
6104 4374
7664 9497
5300 651
3697 5594
2287 9122
7459 279
6052 7465
564 7248
2498 774
5600 4062
6266 4864
6761 19
8147 1294
4971 1196
4592 8918
526 2486
8372 3446
5846 9465
7779 8877
9607 3475
2546 9013
8045 6482
2124 2563
8739 982
1072 7904
950 9536
6917 4410
3822 159
3697 5368
466 3325
781 1231
9244 3797
1552 4834
3085 8998
8044 7106
6741 6216
3724 4536
4388 1236
9128 3178
6201 2931
7666 7904
7795 9289
9543 77
4688 4080
2454 9035
546 9478
5210 9852
3885 7373
347 6671
3127 1473
6310 5242
8793 5972
6272 4592
6068 4937
7433 9666
1258 7021
8891 2802
5638 5252
243 5583
5970 7883
5298 8373
2010 6249
4592 7469
7312 4818
3680 5906
2920 1422
4592 2047
3439 9947
7111 3757
5463 5366
4210 5120
1164 983
5298 8707
3961 5497
4493 7305
2487 2722
5476 7903
2950 8530
9961 9965
4257 5989
3011 7530
7212 7425
7583 2852
7720 1876
871 8122
5954 4089
4398 3001
4016 8083
6882 7391
9044 6151
5727 9856
7469 8547
1839 5212
2676 9197
8155 5306
4422 6602
3683 9718
7927 4816
8427 9325
9900 8687
8637 3427
439 5560
9053 9161
8413 7954
7987 944
1164 1067
4715 6366
2028 9291
4958 6695
7102 3630
1618 2535
3295 2434
7666 9477
6679 5321
4883 6523
1035 6536
8802 1821
5852 2884
2483 3743
7010 9420
9108 9154
9115 7082
6821 1615
4357 6293
2904 3574
4523 8153
8028 3508
1261 3025
7215 4690
8496 2236
64 2722
9001 9436
1334 4069
9457 8989
6508 8698
4434 7279
6545 136
3494 8860
9563 8248
7998 4161
1293 5800
4812 8773
1040 3654
1690 3769
3666 8158
213 4251
348 157
3204 4961
695 61
5708 827
9156 7707
1772 5618
4592 1130
670 1430
9488 1492
9932 5646
5807 20
8003 7415
8620 1919
2244 125
671 8545
6905 7447
4592 9962
6235 4412
3252 458
8301 1282
8990 9805
5437 4683
9816 6276
6383 5004
1581 2909
622 2513
9210 5965
279 5579
5381 3396
1260 4315
1503 3674
6799 3534
5179 7632
5588 7343
7280 3110
4320 7014
3809 78
7945 5698
7964 6930
8235 1006
542 6965
4719 7796
5385 5595
4132 4056
5218 6048
4534 9494
2167 8772
5455 5727
9720 7292
966 2907
8270 1681
9272 263
4625 2916
8350 5106
3687 1271
5021 8279
2256 8889
4294 5864
8549 7923
8310 8518
5657 1730
2910 2126
3531 2047
4592 8451
4999 4592
9297 841
6947 3890
2346 8317
4488 8217
9652 6823
4772 1818
8421 765
5532 5540
5224 5001
2174 4420
5971 7436
3625 2802
6686 582
7190 3918
3221 589
8070 4023
2346 5820
2459 9302
6476 4821
6273 9668
8482 4440
6626 4033
705 4779
7702 267
461 9758
5404 352
5338 530
6859 1664
2519 977
9032 4636
2567 5688
7893 5320
7236 7830
9943 920
361 5945
3169 5016
120 6514
5759 4558
5958 1951
7808 2362
4985 4592
5751 1872
3794 5764
8707 3470
5819 85
4804 7276
4739 2986
5007 3083
1974 969
5823 4945
9417 2072
4813 8829
4225 577
5003 3530
4823 9815
8431 1991
5444 4502
6135 9840
5509 2971
5950 5579
6718 6545
5025 605
4996 4574
7027 3815
4497 9060
7781 386
8562 274
9772 1963
6933 4314
9353 7177
443 8215
8953 6079
1149 8465
4881 3081
5208 2364
5765 4352
3009 6567
802 8473
845 7546
6922 5390
9541 1544
5321 226
9065 1428
5679 7877
3370 5914
384 9479
3301 1828
5469 9602
5843 5930
6700 9173
4367 5415
2050 1906
4933 568
673 8234
8829 7139
5946 4672
6633 7847
7754 1347
6684 8943
9340 5043
9583 8001
4604 9409
2394 9993
9008 1453
361 6912
7540 6120
3805 2164
8333 6880
6133 8651
7976 4960
5312 67
1580 6332
9688 6462
1346 9530
2677 8889
5134 8878
2205 1865
8821 2608
6537 3099
3914 372
3532 749
9625 8385
8738 2866
1989 5411
4115 7704
697 3267
1220 4584
1118 524
8052 6476
547 4114
116 7206
259 3121
7340 6166
1867 2872
5849 9495
3055 970
1429 8108
9467 3193
890 9376
5006 3835
3693 5199
1589 5801
5533 6342
1859 9246
7122 9959
6249 3916
293 644
6823 8931
2711 1588
1770 5847
5293 2109
9705 7364
4237 4663
9135 3112
2002 6281
2152 6282
2813 5453
5667 1685
7656 5179
4719 7929
5934 8886
773 5010
3508 8444
7380 7214
9239 2918
3563 2179
3708 596
7273 7363
4473 1846
577 6238
2452 7465
5896 9890
2206 4057
5926 8786
3615 456
2861 9322
5719 8049
4569 6927
17 7280
4592 8909
3276 5389
8720 6326
8376 1748
2454 9162
7849 9876
7682 6297
7761 2795
9665 6666
8511 2955
9938 356
8156 7210
847 6451
1808 9660
2104 4076
9681 4433
4692 8634
7759 8088
3624 7960
1333 4976
9257 1608
3659 2015
7206 8973
5651 4592
8790 2352
5612 6157
2394 5393
445 2575
4896 7060
8613 2604
6135 7443
7594 1703
4001 8689
3609 5846
2072 285
2239 1992
9563 3373
2368 8668
8770 2104
4431 8713
5122 118
2563 1613
9806 8811
2438 2216
390 953
1072 7027
4330 9764
5506 9890
6465 5702
6918 5856
1998 4669
9047 8704
8462 5667
2283 1377
3416 5329
8876 9448
649 5413
2951 1752
5276 7842
357 5906
4489 6045
5708 5330
8336 8310
2472 7267
2496 155
9047 8518
5824 9180
3740 5081
2923 8291
8691 6288
4885 5579
6614 138
850 4145
6137 1048
7634 9819
2658 8334
5884 1488
5891 333
9287 8632
1265 4489
4432 9573
8775 5619
4906 8275
4776 6402
7906 2246
2593 343
482 4799
1506 4353
3041 3663
140 383
3589 1922
5289 497
2338 218
2919 5378
6972 766
2322 8688
3323 2418
2397 9101
1088 3500
438 6881
2253 2161
1789 8274
9991 1485
1949 5525
1408 3590
7292 7363
4479 5553
4216 7598
1976 9640
1312 8294
2250 2207
6592 7578
6623 2826
4546 6487
3156 3656
1004 2544
4242 7690
6428 6259
505 7166
6782 4742
6336 3282
4540 5312
8111 7201
206 6475
9736 1102
616 8924
5414 5959
8853 1885
7156 6749
4205 716
7230 2789
7871 6186
124 705
5725 3290
9226 1841
3939 1039
6522 7712
7337 5932
9309 2672
3272 5559
6436 6376
4869 8468
8881 213
6416 9405
1948 3107
7900 7154
9559 7702
632 6475
3148 9594
7824 6678
6373 1412
5202 6218
4773 9857
7987 6555
1866 74
9714 2263
4756 2825
8551 5614
2378 8198
4283 7329
3529 5844
3362 6009
6449 9236
2323 912
2151 2192
3487 8959
7100 569
5676 7099
5092 3578
4772 3442
1952 5998
1401 9820
8415 603
2532 3447
7376 8434
5299 4482
9544 4987
4782 9269
9536 6862
7248 5175
5933 480
2664 8411
558 921
7954 161
2207 6971
6751 520
6192 8378
8648 5723
4894 7261
5200 449
4592 1193
4989 3794
8617 2658
3963 6536
1576 3965
9501 1413
6016 9518
5613 5705
6276 294
2293 9337
4323 903
5306 4757
5223 172
1467 1888
9648 5479
6587 3692
9610 8887
2339 7694
5267 8616
863 7804
4615 1741
1263 5461
2523 2218
1174 2044
5126 4157
7982 416
326 8831
8944 1292
8557 4654
4999 3834
1042 8174
1425 2432
884 8690
6407 6237
7121 5503
1701 2275
6954 9868
2304 7964
3097 3939
3611 160
6426 4914
3770 755
7956 8336
3527 621
1003 5846
4029 6417
2956 8230
8319 500
9503 9918
1690 5824
759 1316
3041 1141
8195 7142
1695 9399
2598 8954
4647 9190
1766 9436
7359 5290
6189 4324
9154 1046
9342 3184
7957 322
6931 2689
3632 6039
234 8119
1835 1508
6305 3920
2578 9173
5574 9367
6699 9735
5117 2941
928 1515
8702 4557
4938 4002
6644 5399
2370 9770
9430 2019
9776 3789
6534 7507
1221 2621
6080 9100
538 7576
9771 4686
2366 3284
4942 9062
4753 8982
2615 8169
1979 3392
6590 1945
3249 7600
310 9334
5279 6356
4436 9045
7599 2803
6101 9444
6747 6731
4353 1412
8678 9397
7485 7020
8550 8205
5959 2869
2115 9965
2864 5108
6898 4401
9249 7606
9876 3480
6099 2381
5038 611
4232 7672
7613 9003
3187 7435
953 5810
1869 1513
7036 9486
2095 5242
441 8753
5760 1894
4592 6596
9362 3399
3840 3681
5833 4607
771 6720
5836 3190
9351 8642
4090 9586
2031 8431
7472 1107
1180 2700
1148 8272
7869 1386
3507 7060
7002 6820
9865 171
144 3251
7155 5662
6738 5965
5860 4655
7964 5991
3529 7492
8463 3274
2519 7752
3932 2565
2137 5602
3985 4677
3580 2142
4100 3967
7437 7742
8701 921
245 3265
4631 552
3993 122
4336 77
5824 8424
9288 3226
4944 9663
9394 5340
3246 3878
762 6179
7098 5808
3584 8685
6102 1966
9330 6435
8058 4376
8177 3991
4163 1591
9244 8231
4456 3938
2072 9251
3513 4967
4197 5775
4592 479
6727 958
8603 6607
4884 729
9486 5313
4885 2840
1676 4079
7838 3175
7220 1017
6585 4332
7100 3901
822 2572
829 4571
8064 7297
6829 8648
2476 7001
4540 2163
3512 8138
5646 7604
3779 3071
4371 6690
3316 7369
8503 4210
8431 5993
143 4072
1171 4917
8757 203
4643 1686
599 7164
2278 5251
503 3213
196 9025
2206 1652
2555 2765
7117 2284
7011 5949
4891 9274
3596 4652
6481 2817
4632 304
7741 8935
2535 1553
6762 4978
3237 6857
5224 5564
6307 1157
7809 2914
8118 6253
9952 6625
2853 1323
5698 9335
2812 5016
2064 458
4592 2536
2257 8658
9359 3508
7067 4136
7850 4853
4592 199
4253 3771
4677 5763
9498 1017
427 3876
696 2604
7761 9906
4071 291
1461 4327
927 8192
6918 8556
1651 4138
4711 508
8286 2728
2556 2524
1036 7274
1275 723
4205 4152
2845 4974
3382 4936
6645 9357
5989 2996
9747 204
2266 6663
1797 4618
9205 9346
6712 3572
5849 6761
8096 6202
2829 7988
2153 9042
8185 9419
7059 2678
6425 678
6273 9658
4976 7947
9376 3802
7957 9854
149 1288
8441 4998
2494 3170
941 2485
6922 605
964 3668
9711 1219
3234 3944
8414 4077
7310 1963
904 1658
4861 1110
4356 6575
1593 811
9369 3941
3167 7532
9804 5513
8861 7985
9435 6576
3449 4245
9177 1903
9732 554
1813 9642
5706 8901
4592 7871
2689 3910
1748 7368
3872 6609
8329 8344
2507 2630
4997 7818
2021 4812
4785 9232
8168 5692
4592 1343
1612 4459
592 1874
1813 9551
5650 3770
7870 7652
9698 1122
1017 625
5228 5730
9322 4062
6821 8145
6441 3102
2839 3409
7709 5856
1692 9140
6166 617
8519 3265
788 7458
5344 5837
8463 3902
4282 4754
6646 3977
323 6739
7986 5683
2828 5816
750 7704
4224 3030
1166 4850
4766 3018
7819 39
1491 5394
8364 4617
595 3504
7374 3424
5448 590
8662 3632
3043 4300
1278 3510
7048 3131
5177 6732
2652 6167
8224 1960
853 4463
1738 8410
9926 4963
6071 9056
9313 7823
5215 3793
7351 8565
1841 3670
9379 2634
2895 1736
3512 5113
7424 2554
5995 3049
5832 7647
47 2391
2076 8167
5388 9707
8984 3143
5527 5557
2767 1967
3245 6144
2681 6971
3675 9781
7606 1313
4592 1147
9016 1959
5801 8388
3799 4683
4149 3802
2018 9279
524 7487
6477 3556
1143 4950
4606 4712
357 202
9554 2938
3958 7613
1324 3042
6689 9994
3999 9920
8834 6572
6986 354
4592 2605
9019 6993
9574 7107
7401 435
7939 1760
9027 5707
9838 3489
6236 4592
8145 1790
480 9309
6833 5308
4894 8929
5578 848
4225 4592
7518 5708
8589 9793
5914 400
2542 4592
9041 7873
8263 9095
6208 1256
5650 5693
4572 4635
9014 6510
7926 4357
9914 1763
49 393
3509 2801
3853 7931
1596 3002
6653 5141
6981 6464
6082 6436
6417 5750
7678 6568
693 6452
705 9512
3427 9189
3606 5479
7184 3284
4092 4592
9929 8
6310 1809
9557 9204
8719 7655
5354 6788
9411 4559
2467 7515
4722 9967
3215 791
8312 4325
8004 5179
6198 4592
8433 7076
8927 6324
3350 4013
9131 1409
794 8336
265 5548
809 8264
4637 2291
8220 5608
4908 1624
3254 1399
7942 5098
1106 1787
7372 3017
2893 9971
9190 3893
8554 2131
8106 7043
4775 1508
418 8773
7936 9800
8987 8772
2367 8852
9628 6177
4120 5529
5808 4281
6125 3020
527 4592
588 625
2484 367
1346 9228
512 1590
9026 3206
4886 8430
4394 8579
1626 9415
9924 2442
6545 7382
3024 360
8951 9781
4985 6047
6085 9077
6023 1085
2798 8993
835 4535
9357 897
7103 6094
3535 6202
3388 6700
1034 6686
9669 5821
1072 5297
2608 1818
3841 7543
6290 5188
913 4068
7756 592
3613 4048
8939 3987
9705 5824
7771 368
2165 1428
7491 9571
7484 3985
3756 7228
2277 3892
4004 7973
9259 1061
6901 8947
4983 4194
6198 5549
9425 4339
7378 2349
5477 4439
752 1609
2926 8199
997 9189
9074 6736
1380 9878
355 1687
6788 3906
1148 2359
346 4732
656 8761
7451 6897
6959 6276
113 8619
9531 7460
5434 4592
9034 9358
4335 9289
3755 9792
1713 6025
6299 4075
4841 284
3213 8013
3376 1818
9635 897
3677 7268
4420 8579
1007 9997
8229 3189
2678 7461
7958 145
738 9305
6416 4502
1017 3828
5188 6066
386 2789
6452 7744
7065 1583
9292 3786
6407 4409
8985 543
6964 8432
7244 3387
5647 4592
6932 5698
3370 135
3821 386
3731 8117
9135 7099
6429 2480
6988 151
8360 2364
8408 2800
5491 904
1404 8345
7826 5005
1516 3536
9982 5356
7059 3652
318 6264
6169 5122
5417 2535
3083 1860
2650 5960
9388 356
558 2984
952 3298
3569 4958
8752 9327
8525 2268
609 6039
9112 4562
6611 9192
4808 7839
987 5480
4471 4328
4592 2920
4887 2879
493 7457
5871 6072
4091 9407
1439 1416
5717 8603
3149 1948
5967 5771
7102 4002
7997 4816
6043 2602
2706 7611
396 5008
1917 380
4660 6251
2007 9799
2734 919
4087 6970
4574 5415
447 5725
8150 2945
8653 3390
8997 9743
9544 6222
6742 2456
1073 5943
4570 4338
8120 3863
8216 6912
8317 2378
133 7683
2685 7939
1195 3671
8282 3195
1388 6021
280 7394
4131 2330
9011 1448
1058 3510
9798 3139
4521 7547
2107 5896
3406 2547
4641 6063
2565 3967
4237 6985
3270 8878
4646 9667
5045 8736
8884 7765
7112 4353
4592 3076
7740 1907
5736 2051
9298 8304
6359 2470
3479 8713
3662 5770
9723 3261
3664 2448
1485 8188
1508 8906
9678 1903
5986 5041
3652 2401
5650 6723
3770 5350
1308 362
2657 1042
161 6211
7199 1536
5624 6706
1810 7671
7441 1569
9208 5410
6884 9318
3578 2393
9903 7178
7274 9137
8403 5570
8096 4812
2116 1413
9456 8162
1975 8444
6998 1399
9740 3903
1578 8750
2131 1528
7580 723
1717 9510
2830 942
1558 1475
4779 8785
5852 7397
3438 7668
1996 6381
3659 2153
8319 1362
5848 7005
5419 7708
3955 9375
5154 4542
2206 5159
2052 7663
9603 8649
7642 4525
8491 6366
7666 9253
2308 8141
9199 9455
56 9527
8710 5310
730 6135
8338 508
8499 8834
9100 1690
4005 6773
1826 3789
7270 6598
5370 4088
5003 1675
1897 6824
8940 8460
9094 6865
2980 4168
3072 4498
1344 8534
9925 6909
5956 7936
3874 7933
7896 2159
6435 6835
991 9014
6452 1188
1526 8990
9447 302
9007 4207
232 5420
1467 9572
2868 6785
8026 5165
7819 6175
338 8244
1203 9102
1978 605
53 4534
8308 3780
7482 5728
7330 3968
679 8795
5280 625
213 3901
2056 1967
4445 531
7962 6626
8709 4809
6785 8799
6574 1718
6984 9326
2599 8660
4006 1068
4592 8064
1658 7325
6545 151
9766 1086
8249 2627
8363 9903
2699 5243
7400 2480
212 9158
2292 9321
1867 7542
4158 281
7925 3434
1239 2545
7424 2662
4947 9944
1847 1928
5029 9157
2635 239
9196 812
9297 5038
587 3383
2520 3991
9496 7982
4120 6341
6444 3336
4141 8578
2013 5887
5682 4441
2407 4544
2276 5143
6576 200
1042 4641
1834 5871
6458 1288
5305 8421
6721 3469
7194 4718
9344 7899
3220 3822
9558 962
4804 9607
8522 2037
4166 4525
7089 4752
264 475
8358 3723
5782 9116
3017 570
8817 1765
5585 2586
5370 4103
9975 2861
7340 369
7785 211
7968 2729
4480 8292
5665 4027
7161 4846
3101 3755
8502 2660
1465 3255
9993 3914
4069 5215
6510 7255
8267 1642
6405 3242
5480 3659
708 7100
204 9085
587 5230
14 6117
7863 1749
1371 395
3146 1177
5438 7709
1453 4946
1046 3700
5503 7940
7887 2494
4592 5731
5584 4205
2011 3227
9996 2171
9383 1985
7037 869
2797 3185
3757 8644
2406 5655
9363 1112
4592 9933
3930 3799
6708 3099
9332 450
3595 7502
3751 1135
458 4445
9214 1565
3452 7807
4002 3459
4644 1225
2561 1194
3817 4671
6985 4406
4684 2966
4265 3360
3826 6225
854 5047
5145 572
573 2721
8369 5047
832 106
8914 1713
3737 3420
6541 493
6452 6813
5695 3173
215 4281
5803 1216
6124 5642
4705 3514
1923 886
8314 906
5331 43
7323 8392
6191 1183
868 751
9842 3179
2954 2069
3440 1961
718 3937
2560 8462
2630 2924
3007 4453
3725 4343
2387 6402
9557 6375
7327 2818
585 3822
1342 1972
3850 7589
8422 5576
6494 8325
8675 58
205 8364
5546 8991
389 639
8419 2878
8665 7741
804 2967
7951 4657
1972 9621
6446 2206
8694 2620
6688 3758
1345 4342
5234 9031
7727 6349
7776 8794
5774 9847
6744 8876
7511 8680
5222 7923
8928 5782
3129 1327
471 9951
1339 1563
1385 1211
8493 7596
1426 5257
3713 3394
282 6314
714 6875
2817 2090
4592 1075
5435 7874
9540 3193
1430 4117
3468 3237
4196 6363
5786 4511
6103 7729
3659 2847
7913 8131
327 8844
8330 9391
7654 7116
5565 5036
9701 6493
6715 6810
1509 4800
4964 5581
4755 7862
3046 3963
5482 3565
3900 3842
1287 6922
5646 6031
6471 3525
2894 4253
1723 3305
8542 4677
1845 3587
73 5846
7093 8305
4448 4231
2705 3195
1106 5076
7690 1074
8623 303
5583 9564
4729 7951
5635 7611
3836 9063
1729 4040
1912 6104
7975 5845
3050 8967
2398 3032
9866 9486
4451 4478
8094 9768
7376 1098
227 2288
2915 9798
2131 2173
2609 7656
803 4459
1317 371
1818 6615
5700 3811
1732 3376
7211 3308
9123 6868
3369 9180
5003 3830
6398 4686
1581 5874
3269 6415
44 8141
731 43
6417 573
9677 2707
2549 5066
8499 1316
6194 1623
4662 4958
2810 6912
9212 1962
6659 5529
3817 1369
83 8616
6808 3714
2347 721
1587 1471
8967 1991
2815 1400
6525 1197
5788 6153
6641 8196
6658 6985
99 1602
1535 6892
1837 3668
141 2620
7025 9194
1196 8142
5646 2321
935 524
3645 5314
9132 2392
1195 6774
788 6590
1492 236
1602 2111
4542 7304
3471 4915
6414 421
7442 5444
8359 7028
1136 8056
1490 5524
315 8543
5973 6935
8786 7307
893 2671
6574 8013
8251 9486
6869 5329
4592 790
2667 8051
8090 1508
1785 9667
4490 1926
1090 3617
4276 811
4383 8379
6323 3673
7742 7665
5400 1148
8562 7881
9337 4616
6616 4031
4871 8225
2456 9629
4296 8124
762 9165
4282 4760
3912 6931
3581 4836
3332 3006
4086 8788
8310 5849
9424 6433
2601 4016
5334 9261
576 3999
6977 4263
4160 6589
5808 4856
5788 25
5907 8130
4583 8110
1584 8375
7126 1715
4200 525
3230 3586
8472 2187
8463 109
1905 9233
5206 1219
8601 4639
3142 4494
3591 1160
2772 7375
6803 1373
3481 9866
5879 8133
5832 7805
2114 5497
7623 1965
3157 1566
2623 3379
7243 6645
1481 2309
6573 7158
5797 4286
6431 3258
9790 8670
8797 6422
6556 7628
7011 4259
1379 2129
5088 6923
9292 3094
6640 7085
8301 2733
5062 7569
1616 2287
1571 9958
7567 9029
3127 9390
4040 4577
3231 8688
7736 5546
9265 2505
9719 728
2153 44
349 2757
3922 2067
9842 3474
9466 1002
3172 4098
3521 2003
2112 2934
1962 7238
632 7688
493 1143
9270 7888
9905 1524
1129 8321
4100 8615
1824 1011
4920 8080
4802 7022
2230 3482
885 8593
1495 4586
4103 244
1355 9009
4111 2147
644 5297
179 3435
262 5165
5102 7799
9605 1933
8937 1906
3659 6870
6539 512
6691 4158
7852 5579
7979 7894
3643 7931
8955 2125
9676 7767
5156 4592
7913 6664
7077 356
5260 3920
3296 5528
9738 2314
8806 6614
8820 2695
2211 7348
7512 5195
237 4592
833 3348
56 5111
2482 4587
1542 209
3314 7071
4552 2408
4245 9297
198 3287
2041 9514
7629 573
2546 5487
9020 9342
8027 1076
580 3622
6040 231
4056 9022
4148 8617
2091 5444
6364 3976
2738 4911
9029 4767
9051 3392
5047 2362
1656 5541
9826 484
5470 7212
2412 3807
8762 9514
9598 8027
7161 1268
383 9446
8115 1168
3518 5576
2811 7500
4461 8014
6925 2856
8447 9067
8062 7413
5446 5184
8025 6864
7514 487
9993 3696
4495 8733
7613 8444
9971 7087
2691 6890
310 2376
1938 5833
7008 2712
3985 4568
6632 9514
1222 2254
8467 4592
1019 4109
8634 7692
1467 7947
2430 8772
5034 6592
9988 4685
8691 4107
9457 8106
3397 8772
4121 3718
9899 8609
8082 9181
465 1811
6808 6801
7379 4823
862 8623
9836 6181
9869 4971
128 8214
8573 1922
9128 4449
7614 3470
5224 4728
5720 2439
4180 1605
5482 5190
8467 1799
7649 2068
1501 5634
6784 2552
1972 1301
1606 5418
8396 3199
7159 8334
7029 9628
2912 2737
1330 5353
3418 7001
4109 7737
3118 5386
6967 9955
1827 631
1144 3866
3175 266
5968 3304
1847 834
2803 2641
4233 4565
4824 4911
6927 182
396 115
4857 7976
3690 350
5987 4175
6321 9608
4592 5293
9365 5538
7326 5561
8636 659
8817 6221
1633 9552
362 3259
2478 5582
4656 9257
1983 3543
7262 7242
103 4513
7017 8595
4592 2145
7820 6001
6323 4599
3466 6530
4644 6934
6279 8770
1947 6008
9507 4642
2238 2240
8091 7217
6380 3520
5946 7187
7787 1502
2608 7470
5172 5929
3120 7371
4620 6776
7619 8945
2480 7228
4504 3095
4421 9043
4176 6973
411 2450
2592 3971
555 3464
6926 6314
8114 8366
9580 5283
6205 9381
9599 8602
7819 6643
643 8887
4167 9424
5730 1181
2814 8421
4254 1883
8241 5291
8243 6310
8222 3202
1933 6074
3899 4788
775 5833
5014 1602
4379 4642
8559 977
616 6706
3175 4041
9521 4888
5753 2544
2191 3781
9126 7709
6851 4841
29 1456
2235 3149
7974 5281
5572 4084
1971 3894
5132 1190
2719 6090
4592 2259
5297 8301
4030 2012
6624 3701
9179 9160
9942 2871
4298 4070
1594 2564
4490 5849
5434 4186
3110 7431
3175 726
8308 6525
8568 2767
5214 4119
7243 8444
9457 3035
1065 1469
7778 4165
2799 517
5330 3035
6666 7480
8463 9222
5212 9123
6668 5883
5882 3707
2559 10
1640 4060
7737 4482
398 308
8776 8537
3801 7356
939 4763
2605 5715
990 845
1613 3268
727 5595
6898 8491
1663 9475
9060 6534
6057 4757
9180 6701
7185 5386
9319 7656
1634 8321
1156 444
3749 9579
9755 148
2480 2375
9248 4127
8034 7353
3693 5259
7419 7049
5430 8459
3788 6339
2144 4297
739 4992
648 7005
4468 2656
2441 9402
1683 3806
186 8130
9144 2193
9912 2471
3902 6646
3914 5346
1718 6488
7046 6716
9809 8399
5710 8189
7361 5863
3985 1163
5889 8713
3674 7074
7329 5681
9262 3606
91 8284
29 4143
7989 2410
7938 5332
8492 2023
8968 6489
6028 1518
2624 3141
6692 7444
9500 4681
7757 7798
276 455
5733 8669
8817 2855
4395 8856
384 7639
3968 6738
9795 1172
4665 5162
975 2864
1303 1536
7281 8278
6109 98
7087 5730
2587 288
7395 533
4036 7554
1253 3668
927 5969
2984 2731
6268 9084
9894 4010
6954 7751
7068 7740
4420 8854
5841 537
2595 7132
192 2916
2775 9753
3210 9801
5051 9965
4856 1435
7065 4522
4009 3835
8619 507
2557 4330
4637 5020
732 2599
4666 7946
6047 3730
7261 8045
5851 793
3573 61
7669 4592
4937 6852
6620 9525
2640 2368
8586 1942
7119 4592
3455 1284
8398 7379
1084 512
3810 6555
6908 6517
1311 616
3489 3789
716 4254
6365 6387
2828 9030
7224 2274
9489 2602
9748 6648
91 5184
6041 3196
5432 954
9873 3095
4592 7295
6081 5157
5303 2537
7114 1267
7385 3701
8011 7303
124 4147
5093 6474
6345 1369
1841 9456
7656 6475
26 114
9861 3000
7496 5522
8441 5450
8258 9951
3669 7749
1828 6834
5484 4885
7876 1756
6309 2035
5915 414
9747 9896
6761 5809
5003 8846
1657 7365
176 2883
8039 1025
386 3549
6074 5681
225 1495
5149 4173
8655 9055
3376 4766
2600 1071
2020 9047
6401 7195
5572 472
8386 3937
316 4277
9235 3405
3055 2382
3933 168
9984 9187
4743 2200
1426 4592
4812 9651
2328 4098
7027 676
8894 2987
7441 8505
7163 2769
9223 808
2765 6263
9276 95
2837 5590
6152 4590
7863 9347
5685 3212
785 7301
1953 9944
3762 7150
1671 4105
8754 5301
9556 7489
6430 1903
344 8330
3305 7331
1099 6601
8978 6567
1032 5892
8566 8350
2271 1874
902 7812
5476 6961
9593 4020
3657 7417
2240 9702
4288 7783
8238 5569
2207 9568
7677 4215
170 3190
6180 7799
624 2825
7637 4675
6467 1483
8675 8160
5239 5159
171 3262
5713 9040
9817 1580
658 3756
732 5981
4919 9992
2428 5705
235 9082
6904 5737
2757 1221
2320 3611
6174 3312
6597 6565
4001 5833
417 936
5543 8315
652 7377
3224 213
3049 5527
8210 2964
2873 4950
2535 174
5492 6799
9110 344
2658 863
9064 9686
5564 9100
2590 425
8292 5772
4204 4235
9145 3802
7369 8035
8239 9846
6618 104
7303 5236
8893 3488
6036 8589
9209 3136
9006 9598
1301 6535
1531 4553
81 677
1609 4524
6512 2888
2177 8839
9626 1623
5349 9587
974 4173
4852 9398
2280 1798
3483 1723
6017 5749
3329 9963
6425 28
7944 22
8578 1697
5689 7229
7044 9063
2982 6153
1174 4904
4686 2062
2037 545
6017 4965
5257 4266
8124 5402
3956 1842
2516 4618
8640 8283
5131 1377
6068 2756
1339 7151
448 2865
2642 7493
7360 7617
1854 4986
6463 4446
906 4144
4236 4234
376 3336
4543 8169
8914 5429
7370 3824
7300 6619
8187 3304
5452 5542
1423 3746
1406 5421
4049 5100
5276 6520
6597 4843
3985 7284
1559 919
236 3234
3895 3879
8283 4936
5578 7483
4948 9332
9267 1215
5087 9569
9243 6122
7016 3140
1737 5238
6577 6774
5368 4357
7396 8745
564 9936
8960 2158
5567 4744
8677 6416
3128 1691
8278 4117
2255 5244
2333 8886
3213 7978
7901 3614
8620 3051
29 9163
7504 6879
2808 6836
4215 8655
8996 6706
8486 1734
1026 1383
6974 9238
8302 3966
5178 6359
796 2901
5302 4537
4483 9456
8368 6128
7496 628
5745 925
9787 894
4009 5030
1547 234
4214 5947
8139 5774
9405 9002
8520 3612
3780 6134
1281 5593
5198 167
2802 361
1139 1136
3310 393
895 7618
744 2137
7342 6102
9063 1972
3306 1817
1103 7443
212 4164
6848 7772
1964 2978
1106 1601
493 3278
3194 1356
6297 9533
7116 9727
2475 9006
6120 660
9828 8154
2401 7575
5711 4542
9988 5658
5408 7399
3209 6356
3619 8439
634 9821
7740 9637
3121 3147
9127 7527
5173 474
9628 6590
3790 9366
1952 3880
840 46
1687 3472
2150 1171
6995 4078
4121 5621
6951 856
1690 8444
3248 8392
474 5851
8080 3127
8961 1134
2573 5941
9837 5047
3554 1055
9516 3985
602 9997
8566 8900
1182 7577
8938 9864
1742 4481
8218 6984
358 5444
3153 3399
2284 4135
8039 3279
3509 6581
6584 6351
1748 5560
1907 3964
161 4847
4615 1199
5895 5473
7508 2737
4788 4205
8403 1037
8798 9083
9039 507
5292 2413
8486 2534
7637 5080
8313 1771
5417 2797
9111 7161
1542 3506
6348 5354
4748 9912
5951 4405
7151 6658
9014 4937
1170 2694
2226 5690
811 9649
8845 8503
7243 3438
6962 9856
5060 5008
8476 5858
7406 5957
3408 3161
4083 4169
2609 226
6791 9809
9316 5706
8765 8904
4300 342
1040 8088
5146 2824
6756 5604
3008 7081
6892 5591
3026 4595
3995 4065
4608 3077
2002 3967
5947 424
9348 1039
1696 3065
510 9121
5797 2681
6631 7262
8080 5495
5676 8696
8535 3775
9724 2969
9898 5716
4874 7364
7585 3737
8336 168
4592 675
5179 8108
7969 4793
1319 278
7559 5664
7158 2205
565 524
6906 7128
4664 1438
3780 9700
1021 9804
3919 8519
4727 222
9556 2851
8617 5076
6764 4858
2153 3883
7778 2554
7666 7021
2480 5462
84 9337
8079 633
5099 9637
6567 2242
249 2786
3744 4333
4860 7104
6596 40
1070 5479
2847 6053
918 98
4830 8932
6043 2193
4166 1770
1290 4553
822 5784
8666 1030
6148 3788
3402 4467
6598 9798
1260 4189
760 1160
6915 770
3610 3600
71 1243
8960 610
9297 5863
6820 7474
6024 2441
2509 2442
4592 689
3516 2459
9129 7224
2865 7144
1375 7331
4270 597
929 5691
8497 7773
2921 378
1795 2916
1204 412
3162 7364
3032 601
6060 2180
6718 8852
8852 1960
347 8417
4355 4533
7341 2918
8267 6105
3051 4140
1763 9650
6421 5314
700 5388
6469 6409
7390 1504
8063 32
4410 4784
7789 3176
4616 5422
9117 3479
171 5545
8859 8173
7028 2769
6854 1949
3499 8318
7223 47
7886 7239
1068 3866
641 5581
6508 3696
2677 1437
7786 2962
827 5189
1478 6206
1515 6337
4796 8614
5964 5823
1700 291
2501 560
8303 4345
7959 2566
4252 3930
3611 9894
8351 3064
7771 6144
889 5388
6268 2785
4919 8734
898 7152
6445 2833
8630 7580
4962 9656
7824 5416
8499 4583
1530 4046
3827 1895
6706 189
1365 7904
6379 4592
6795 1047
701 3329
2418 3651
9833 1889
9478 5601
1980 4814
3177 6115
8356 6658
9605 8227
1880 7502
7758 2419
5441 2352
8657 1297
7914 199
7417 4584
5743 4434
147 2504
2473 639
5984 8804
9885 263
2485 763
533 2185
5473 3904
7970 1421
1280 219
6716 412
2754 4568
5490 3238
7191 8907
5656 866
6022 9306
7208 9895
284 7745
5196 7723
684 2935
514 6749
4106 1247
2342 7263
7339 6157
5035 6757
8783 549
787 8095
5428 3764
3233 7151
6733 6512
8456 6925
789 6032
2322 4452
5566 7271
1205 8594
6331 9031
2362 7273
2089 6473
6789 2944
2802 573
4846 4537
3253 9976
1886 3517
8584 1101
8052 8104
6144 9728
4919 2384
4406 304
8747 9150
3655 1129
6318 580
9665 136
2954 9180
9204 1997
4062 1085
7501 4205
7346 3172
5396 2718
1023 2116
958 3854
3014 6309
7832 9743
7214 7076
3371 9862
1184 9140
5953 7462
998 1653
1559 4486
441 5342
7417 7766
5345 2842
254 1549
9975 9948
4694 4723
8337 3484
3774 9266
6203 8332
1032 4212
7799 2524
8256 7078
6650 7353
2275 2632
246 2495
6923 1783
750 8855
5652 7998
6701 8598
2484 4971
529 9981
7506 4903
4590 6595
5321 1086
2609 4459
4267 2918
2510 9018
8987 4069
5777 443
8502 5090
5661 7047
3388 5637
4373 5876
2002 4063
466 5693
7915 9811
4509 3213
905 8071
3716 4556
6542 9071
2376 5726
9401 6138
8746 4993
9486 6069
2859 5806
7627 4592
3565 1172
3749 3564
6743 7571
5114 5665
3122 2443
4127 2966
8383 9570
6902 7412
3659 1851
3720 9413
9638 7357
6281 2296
7680 5069
1693 4666
7393 7737
7468 8504
6219 5661
4187 707
4816 4980
5374 2153
2846 7154
6296 556
6831 4260
4542 4201
8116 5705
5693 4396
9665 2446
5111 9462
7345 3522
7651 145
4425 3333
216 1797
5562 524
9227 2266
4033 6758
1178 2252
3664 8165
4955 3394
8125 2693
1329 1370
2784 3038
647 1012
3053 4819
8888 1274
8141 8352
9755 9814
416 5038
7896 8435
9220 5534
1943 7398
4395 3748
165 5332
6781 5026
5513 6116
1119 8630
8958 8533
4038 4592
3809 9774
3297 3960
5506 9747
2533 1634
7100 6006
732 3349
3578 8393
5890 7226
8640 3722
6550 7793
386 4644
6346 1713
9092 1453
6496 3966
9689 4736
2505 1994
8479 4448
2130 2697
7983 4841
666 8319
1294 3849
1988 1970
1893 8982
9483 560
4002 136
7418 8574
344 3093
5185 4376
704 1300
1658 4489
7545 3343
4592 111
5514 7477
5551 579
8492 8395
9933 3232
4168 8652
2740 2911
4519 5181
5891 5162
4905 7368
5920 7261
3027 5175
1736 8210
3875 1509
2199 4760
3046 7894
4920 7898
2948 4810
3769 3120
1390 5854
7244 3380
8789 1401
325 7730
2316 8207
7967 2839
6317 7007
8494 5128
2054 4980
9986 2850
1471 6545
8437 9255
109 9382
4391 4966
3046 2652
4891 3188
8268 6502
1312 4592
5353 5082
2298 9784
6148 9576
1223 3689
353 8897
9981 2892
4760 5996
8031 4292
5124 731
8068 6391
8206 3309
6614 3862
6320 1495
6855 3817
4346 134
1866 9556
5209 3318
3994 814
3727 2623
1687 8096
1211 3412
8847 6926
8408 8310
7505 3617
9581 9193
4920 1934
4988 1940
9921 8401
3771 4866
4501 5797
9855 3869
8728 4725
3035 5869
8103 5646
248 6782
2832 1777
8319 5946
1192 8415
3689 3555
6499 1892
8186 6709
2660 9950
8408 9301
4967 6823
5027 5641
4592 3260
8620 1586
7872 4978
7120 581
1176 2974
1011 6971
5763 8159
799 8049
3091 6542
3023 3043
4592 5500
2479 8295
524 5469
4357 4629
3288 2579
8722 2010
3355 2141
1930 9404
9812 5274
4973 4200
1909 8082
6544 6465
3548 377
4344 8793
2072 8767
3970 102
4921 2470
3405 1198
6038 3080
9320 360
4582 5054
6809 7039
6322 309
4125 3153
8464 6698
3987 5755
1192 7633
1072 6077
7922 8882
8123 9978
9926 7880
9505 4592
6492 540
2043 7320
511 8627
9555 7675
4184 7957
6968 248
7165 7816
7006 1709
5522 7621
4369 4132
6456 4313
5274 9480
180 7320
7845 1781
145 3515
251 4783
2990 5878
2307 7250
3822 4133
7820 9891
7126 9166
55 9913
8021 7611
8504 3247
9877 4892
8556 4126
6930 5138
1633 6056
3706 2965
6649 7021
7407 2358
5622 970
4774 3397
5383 5330
2576 6890
6403 7686
9662 6256
1929 9746
222 7822
7812 1735
7436 3890
89 3776
7026 4733
2221 3115
3642 6947
9470 4345
7757 7005
5554 6367
8504 3373
9965 4293
929 5599
8887 3685
715 7293
859 7101
5842 6084
2490 368
1107 7052
8006 9641
7265 7766
9382 1324
4334 835
2726 9314
8001 4956
6011 1828
7835 4428
1474 4592
2332 6314
6647 7463
1183 2153
4264 4464
3745 8882
9250 3228
8843 4138
6803 1667
4516 2225
4308 6768
4151 4174
3472 5536
4010 7525
519 4138
1697 2289
8794 525
9413 2399
942 6899
7324 7277
1651 3114
8463 5844
1110 4097
7705 3193
6057 9958
7286 6715
9827 7383
846 9459
647 5776
3620 4188
9623 1727
4894 6759
7455 1565
8646 1757
9953 8881
9118 1283
3010 458
5295 2614
8782 2017
9373 3283
1155 9971
1836 4839
3847 4122
129 423
3561 2732
1998 3068
8485 705
7314 4592
7454 8016
7429 3682
8910 4078
2460 183
9731 6622
9051 173
473 5657
4583 7428
2716 2854
817 1553
4163 5886
7671 4192
7771 6974
5747 7332
6126 677
2725 9777
538 3989
2999 9653
6946 6726
3420 5883
1754 1960
5015 579
5583 6214
1704 6383
6334 6161
1567 9812
711 240
1878 7256
9884 5253
3831 2414
7890 2234
612 414
1578 13
5412 7953
9738 5417
351 7160
60 571
6223 2553
69 2437
9175 7784
7904 6145
9115 7100
6096 9822
8748 3884
391 6346
8995 6931
8088 561
4838 1206
7348 938
4618 7170
2446 7246
5003 8518
7482 5081
6827 6013
5303 8731
6601 2128
4714 9406
5337 1754
6755 8987
8102 8812
2333 3478
308 5152
6056 2779
3679 9318
1887 4084
4229 7558
8850 5192
7183 3082
1679 5831
4407 1548
3811 8153
7592 8062
7598 705
3921 3164
7935 7222
7197 5346
8423 1247
3823 7034
9769 5388
2297 4777
5992 3229
7556 9545
1218 1018
8020 6317
6112 1852
2988 3153
4363 8617
194 2341
2659 5658
6361 4016
9185 6205
4739 2423
5985 7273
8097 6375
8280 6940
837 8670
7392 5962
8336 8444
5981 163
8445 4592
5838 2936
1027 5594
4894 2801
8525 4822
6876 341
6244 8684
4591 6486
3600 8157
1123 3623
9249 3363
4450 5554
9361 802
9966 5175
3798 7283
1547 3372
6239 9743
9713 3831
8949 5581
6195 8747
5940 9568
8864 7228
7992 835
2012 6034
7653 5587
6426 1319
3263 5818
8491 2842
2291 9818
8344 6036
8067 9836
9343 7565
7141 3041
1291 4542
3605 1831
5271 411
8489 4592
837 3552
8609 6918
9603 4689
9959 694
9057 3658
9301 1901
1080 9894
504 6993
7361 1868
9012 9628
5181 4796
9183 7480
4871 566
9484 6500
9639 2105
8274 4258
6737 8110
6170 3895
3228 3156
1558 3380
209 8419
1235 8941
825 2779
4438 3896
2127 7598
2626 6928
5842 2352
2410 1438
4296 4505
7564 6956
9236 7598
3769 6544
8369 9915
290 9436
4114 8137
8520 1046
3581 2214
4613 4592
3700 2508
5609 8361
9470 3370
5327 6005
5100 1282
5290 7707
6665 1341
3547 816
718 2947
5388 733
5833 4130
7581 7271
626 450
7460 9297
9170 4826
7657 8672
3277 3769
1697 7057
7761 7173
1385 796
6466 8544
1212 1548
8323 5425
6 4050
2139 1434
5485 888
3056 6897
8596 9797
9866 528
3247 5893
1636 2546
8458 5682
2464 6010
6068 9854
1038 8008
9197 6673
8163 1606
2647 4406
2613 5629
1123 2524
5280 8866
7753 967
429 4236
1323 2116
1507 3454
4548 5858
8109 7775
9091 5901
6128 3410
5441 4256
7759 6247
7357 7200
8358 9423
7238 2313
2681 7253
3142 8211
3577 2348
9382 8987
7693 5406
7077 6
9745 6729
7654 850
9925 3180
8883 136
3971 8882
1391 1845
8659 1495
2517 3693
7088 7691
243 4509
8071 6551
550 3312
8518 6017
5110 7487
623 7801
3666 5706
3761 8169
3699 1631
3038 6796
4052 6516
2373 1748
4918 8155
6258 8994
6223 4788
6354 6879
1142 4164
515 9639
6849 4114
4677 5990
3250 5176
2026 6469
7749 9198
8869 911
8744 3311
516 437
3856 8996
9337 2770
5871 6861
3459 7535
8588 7607
766 470
4540 3616
5875 4042
9631 7531
1360 9992
7108 1597
2214 6388
6390 9717
7691 7616
9288 6040
8611 5999
2597 5830
1866 9860
319 7199
4545 4806
5598 4043
9514 7907
8218 7811
1812 1300
599 2938
7462 8556
778 5859
119 3216
6833 1820
3963 6697
2426 4592
8044 6474
7289 6891
6942 8560
9991 3994
4941 8499
2868 3790
3479 736
1229 1732
1054 6603
5725 2492
7034 1753
1915 9561
2480 1314
2607 9580
1875 5245
3688 3111
3542 2772
1965 1251
7597 3241
7994 8842
7688 5464
9690 9517
5089 8125
7744 5824
9066 5160
8839 4172
3950 6835
6006 8936
1144 5022
6404 986
4538 673
2044 965
5073 9869
8369 6042
4627 5522
1509 9805
324 799
1612 4833
6863 5342
9690 7024
5059 85
2032 3064
1590 147
6104 67
6783 2480
1221 4703
6093 5002
9964 6216
6806 1597
2125 8567
1849 1237
7746 4346
6908 4571
3095 3884
1817 186
3979 6551
1564 437
7770 4233
449 6783
2340 414
7350 7153
9078 7116
2461 2620
7473 138
1743 8060
7602 9322
9708 243
4600 1168
4592 1462
1411 4707
4445 4309
9193 5018
8565 5590
1433 5856
2379 4859
4756 8805
9403 3777
8189 5141
6451 730
9945 1302
4598 5366
3942 2756
2609 3916
483 5754
4155 8274
2573 6071
2151 9832
929 8018
8051 1875
1359 1013
3193 5135
218 2783
8336 3108
687 676
3044 9199
3132 985
3966 4139
1057 2645
7534 9761
4592 5517
9389 228
7926 1666
933 9759
7367 6517
5530 1560
5527 5906
1849 471
9580 578
1366 8360
7781 6262
1053 4743
5435 9482
4619 6079
3957 972
9195 8257
3748 3985
3388 5927
724 2388
3458 7174
781 3773
8223 6077
2351 3793
1114 8033
9972 9976
830 9550
3265 7924
6659 2736
8174 4277
6443 5424
9796 1847
3015 6725
6707 7153
7744 786
2231 9264
8460 584
3962 2106
1400 7719
4275 5395
787 5837
2582 717
8460 2000
2187 2096
7283 9016
2488 2186
8781 7541
3262 2219
4733 2754
2954 2648
5739 2844
4797 7426
5916 7926
1120 6279
81 2867
3604 8182
2049 9695
889 6301
1857 7100
6709 967
6392 9449
9527 3730
5394 352
7623 3843
9542 7218
7335 4668
9495 5322
2917 2966
2270 2857
8880 310
1138 5831
6575 4507
3090 1406
1439 7301
3403 4332
5209 3687
5085 3738
2741 4927
2637 1770
8576 7366
8053 2540
5674 1570
688 3029
8367 4716
9260 9509
1425 4096
4341 8351
9533 5752
7100 8624
40 825
9020 883
4293 1141
8335 7496
7113 8599
3856 9430
5776 8425
4777 4172
1770 1177
9808 2153
5846 4000
5452 1279
3802 5130
433 3982
4490 7061
4011 5107
5294 9313
7250 7827
9907 8841
4254 4506
5071 2954
157 4649
9051 7192
2162 6978
994 195
8206 4358
1530 1359
9439 9077
9726 6104
7199 6507
2554 6475
3256 8924
8385 3133
9089 4656
9010 8281
2402 9248
8369 541
8181 6562
6679 2529
1511 7494
5680 4033
3946 5050
4972 1232
5209 9131
8153 2758
3378 1349
1783 5077
1969 4704
3141 1889
4924 4248
9543 9609
8564 1118
127 4674
3818 7550
7901 3048
9541 2839
3538 237
4891 7340
9629 5795
7857 50
1105 4093
3380 2925
6331 5855
1175 7462
4077 2780
9668 5221
3887 2328
4321 5981
2009 250
7245 2622
1378 7477
2037 2489
7138 9020
8676 6670
3132 9500
3416 6566
6609 227
9290 1324
374 4592
2922 8975
8356 1570
1656 3703
7639 2013
9691 9235
4592 4352
3229 2480
5555 3481
6821 4688
5924 784
810 480
4386 4574
2773 8185
2636 2684
931 9464
2992 5423
9836 4399
6609 3400
652 6718
8422 4970
480 6458
9520 4331
9894 1847
2794 7257
357 5586
8643 7908
7100 2532
5798 7100
1210 8900
378 1
760 7496
8271 8904
4894 4441
3341 131
3285 8923
1707 6013
334 5946
512 3536
9827 3186
6188 6058
7027 2919
3651 8054
893 3421
9306 2147
3709 4592
1755 4592
9174 3648
8435 8871
8475 8126
902 8310
4489 7999
259 3285
5432 5899
7961 1806
7102 4134
1844 9203
8926 3763
619 6599
1026 9795
9958 6142
1993 1244
3385 2541
7422 2697
192 3952
2631 3237
6202 7040
5748 420
2933 4656
6169 397
3897 7659
9791 8488
6440 7857
6875 5885
7027 4572
3544 3575
3982 7555
5565 3804
9622 6684
8146 8123
5877 8468
7445 7241
9530 4592
8100 1826
3263 578
9169 3380
7645 2060
291 5303
3846 6502
1711 6669
8466 299
6165 4058
2588 4928
3986 4691
7948 6761
8371 5361
1634 2692
8494 604
2527 621
7019 4341
1164 1905
5303 2642
2930 1971
2727 9695
191 2839
6734 3205
9826 5130
8288 6439
7249 6957
2757 2550
3780 5420
2100 1886
8883 6734
7309 673
3238 7123
8931 1456
2162 6425
3997 9236
5482 5759
8203 9782
6705 2396
6811 4516
7855 347
4420 7973
8320 4194
9480 5092
3941 395
9895 4348
1808 5544
8545 4045
8309 8588
8618 6821
8726 4446
7694 1338
6355 3780
5213 9810
3503 9271
4888 6939
5722 5233
6311 626
1669 4682
7000 2755
3501 9081
917 6396
9021 4442
6108 2699
2942 8622
6820 6480
819 6054
4441 2502
6577 1482
9345 7792
1158 2519
9923 3554
8348 4592
5551 5282
7674 4846
1326 422
6186 9673
9751 3502
2073 7742
3358 1911
5924 9542
5727 8117
3395 681
8 6185
3465 1744
6844 7239
4618 2606
6922 4403
2604 81
8535 4366
9964 6879
8414 1376
9523 9010
3099 6057
924 8308
3899 2994
1169 7791
5794 5937
996 1629
5979 8491
5396 7710
5048 3629
3790 2583
4218 8639
1066 9079
9998 8695
3591 7984
8065 7466
1236 7857
2159 889
4787 2874
5468 6458
5760 3769
7911 6711
675 4706
1796 2946
7612 3369
908 1950
394 4372
4860 7932
5107 5211
9779 5742
8792 9542
131 459
3285 4014
1033 5026
8007 6438
4645 6472
8506 748
4577 5984
8947 2082
1115 1498
4156 4823
6255 984
2786 2343
5923 875
7857 7063
2985 2374
613 8819
5647 9053
5894 5776
6898 3962
2807 1864
5962 8443
2844 844
2969 9297
9674 6113
5724 1746
7891 6511
9684 8088
1362 4529
189 7502
4648 598
1568 850
5011 4752
8104 2929
1580 3751
8411 5861
8507 1986
192 9187
4920 9626
8635 6621
8693 9567
6221 5427
3761 5831
7807 2608
1723 7695
2849 6731
1081 6551
6444 301
6026 6934
5783 7549
6241 8692
3331 4618
1635 4375
5746 3876
90 6624
1488 6354
7601 9211
2820 6828
529 7496
242 4180
3122 303
3456 7649
2993 3893
4464 904
4199 1032
1369 5247
8048 9260
3571 2068
1125 7388
204 674
4764 236
5567 7931
6786 9479
153 3606
5845 332
4378 1874
3665 8226
6608 1321
8139 6850
3553 4883
2858 2817
1545 8875
2982 8918
3750 5496
7096 5789
3321 9968
3662 6564
4485 1339
2323 6608
94 7311
744 589
7623 1071
7313 8624
2484 3006
7225 5359
4870 1806
8702 4902
1236 9867
8888 5582
7787 7072
5524 9800
3137 3775
4018 9356
1119 5734
8993 7598
3363 3354
5118 7831
7317 5609
2286 842
528 6699
9886 7084
5290 7819
920 7635
6160 6117
3760 6761
87 9805
8962 1141
1848 9125
6017 5511
5735 1472
3182 7796
6985 2488
8919 1945
3498 7811
2326 3467
1578 471
3243 6944
2444 7155
4907 9477
69 3948
9130 7605
8055 5846
9764 698
1659 1274
8548 2698
2555 7118
8558 6346
4768 275
4592 6854
9265 9589
6535 5348
7256 4401
9296 4592
3367 2958
4193 6702
4772 9450
3643 1825
8072 3209
3638 2614
6773 9703
3801 4919
1520 4156
3578 4082
4430 1308
539 7534
1023 8429
649 5198
6510 8051
5128 156
8203 1553
5497 3721
8343 4592
9337 4131
1257 6319
2435 416
5091 7735
8738 3392
603 8870
9913 4634
8233 5861
3553 9202
4299 7928
3729 4741
8136 5214
6242 2806
953 5122
3411 1563
641 4766
1828 7645
3345 9814
5622 6686
9319 2960
461 6810
3616 9836
2034 3752
4504 4404
5967 8772
7084 166
1052 6150
6371 38
6705 9270
9625 9394
6435 8404
9981 16
3015 5116
8974 9214
2530 9973
5421 5879
7890 9386
8325 4295
2531 8759
7261 8575
7955 9856
6470 7815
3766 2972
6816 5239
6326 9796
4592 4115
657 1386
1372 1987
6019 6098
5564 4751
2225 5024
9552 463
2405 8645
415 8954
2325 6822
6181 682
5238 229
1720 8640
9427 8909
6553 3445
4269 6136
2554 4510
867 3555
5792 4282
7261 5424
7920 8298
9805 419
6144 9128
8646 8192
3339 8393
726 2864
5982 3193
8450 880
535 9424
7787 6088
4782 8702
8531 6805
7717 2582
7953 1562
9036 999
2072 2793
563 4455
1374 8397
5195 6790
9892 5558
1795 1545
1407 2693
9660 9386
727 929
7550 1915
7138 1786
3485 1299
9447 3286
6032 9625
9314 7201
2200 3627
6873 164
9097 6952
5763 713
5848 8885
97 5312
2293 4555
2232 6864
8471 6607
1971 2360
182 6456
3547 9419
5849 3850
9017 209
5922 2345
6471 8700
1998 4213
3227 5070
9145 1324
2479 1896
6484 9671
2356 9168
8259 3831
4497 710
3908 1813
4150 65
2251 2493
2802 7771
1145 4931
4592 876
1043 1673
4029 190
9947 769
3528 4915
3627 4010
3052 5409
6386 7923
7742 261
2959 1670
5296 26
9382 7962
8987 4592
4913 2622
4432 3127
3317 4166
2857 9138
7293 4494
2703 6365
8321 7574
5944 6269
4658 800
5907 9762
8288 6784
8435 9159
2393 6550
1848 7748
8627 3103
841 2961
3599 8311
230 9368
9235 1287
3731 3639
2839 1015
9541 8310
2564 4687
2514 8065
2302 8982
9492 2233
7039 3449
5362 6630
6188 8283
663 766
3982 9848
7255 8565
4520 6373
5325 9975
7284 6627
774 3098
1239 4853
6089 9034
3086 6050
67 8018
1323 2577
2709 2805
5094 8588
7767 6992
4280 3167
3665 2802
5502 4047
481 5059
7303 8166
8128 1621
1104 2872
1876 4556
4490 1739
1769 7759
5160 1014
2355 6738
9524 6428
9195 3195
8809 6312
5180 4247
4860 1658
8609 4787
7131 6014
8595 4850
3687 7100
2393 6268
8426 4592
5566 865
6776 2987
401 9644
9478 330
758 3277
1311 8481
4592 6960
5092 3843
7878 923
7196 6413
3524 7621
7692 2081
4015 9383
7127 3897
1872 296
2535 3606
1316 339
971 2954
7944 2679
6083 1267
3120 4962
9737 1028
7562 2467
3661 6097
5332 6908
2334 4537
3451 259
4279 129
3297 3030
3064 3953
9522 9799
3213 5332
843 6014
584 6185
3831 8200
9901 9971
8092 977
3968 3579
9504 2601
5973 9037
7545 5956
7669 59
2304 382
1497 6255
4457 6163
3742 2078
4245 6493
9871 6054
357 5817
3226 9619
1815 7376
4677 4782
5787 3205
2966 4990
548 9044
5628 6342
4226 5201
7637 1857
5937 6922
7328 5918
7569 9101
5668 933
4589 741
4733 7022
858 418
3676 5295
9633 3443
6701 818
7947 6644
5529 6231
4419 161
5217 430
91 4549
1077 5503
6545 9606
6373 1690
5847 3844
4850 2420
2207 2248
2612 9347
6535 9244
524 5122
8226 2603
1678 9471
5872 1382
5769 8425
1751 4653
9805 6905
3044 8983
6245 4317
4370 1832
8058 6957
8132 339
9112 4534
4596 3833
1141 3419
8261 3802
496 9927
1961 4782
7095 8749
6336 1116
175 2839
4805 8482
4302 1440
7692 7386
7897 9531
756 1598
972 3016
5404 7148
3541 6701
8744 3658
4244 9068
4984 4366
9926 4025
2522 398
1870 1719
3829 5050
8147 5103
9696 2929
8387 9021
526 3177
9449 5585
3192 6811
3067 3291
8791 1314
4656 5161
5204 7732
858 8515
6067 3667
1336 6739
9935 278
6416 956
606 2100
6710 6746
4475 1605
2833 2334
3554 4537
6609 5045
5278 7911
4592 7278
3483 1881
2689 31
4133 9109
5144 5519
4673 2646
626 3125
1221 7414
2597 5220
9517 9688
616 6033
2561 9740
849 7240
2407 4152
4566 5290
7672 3949
5957 5250
3933 857
9937 1629
3035 4895
4524 98
3990 5856
3290 3380
9215 3969
8442 9462
9434 6648
468 6280
4162 6766
8005 8572
3904 2312
2144 3338
7023 9632
8042 1731
3655 3803
1998 7902
8482 7553
3939 1990
3812 7570
9540 2573
25 9706
4592 8706
8766 5508
4621 8195
8253 2298
2044 8777
5032 3613
6075 9153
3038 6638
21 5872
9439 235
643 499
1684 8315
9035 8584
125 5481
2281 268
4498 6380
2889 4814
5415 12
9760 5580
7477 416
5432 9021
3923 4151
1474 2029
2225 6163
8001 9575
7918 7513
8144 9275
6438 3872
1903 615
4592 5969
8022 5376
1944 736
738 8263
5065 7550
9225 7425
3769 4019
7665 6234
3703 5369
5966 7467
6985 7561
9373 7044
8080 261
7464 1139
2747 1083
8896 6475
9625 52
5979 8117
689 2034
7937 853
4474 8287
3540 3768
3904 358
6246 1342
8439 5075
6682 6927
8109 3047
5453 7524
7228 799
2001 6428
9252 3517
6024 6819
1315 2687
9049 5174
7273 8444
7180 8965
7199 9499
6328 7254
360 7797
2598 4618
8794 8840
1829 9219
2918 7308
6019 861
9474 5057
3035 5906
8548 7736
6987 4835
4222 4066
8329 7783
102 9384
1080 642
3864 5665
6381 9408
4427 3966
5186 1722
1917 3382
8499 456
8078 1370
1999 2396
3234 3640
8193 2324
3769 5483
5802 1936
1144 2713
1384 4314
3999 5946
3889 6974
3056 2525
8821 4028
6351 3780
4529 4838
5949 2329
3605 9135
6778 3754
4936 4487
6107 8202
8110 171
9306 7092
9860 4306
6829 8721
9800 3434
9412 4604
469 6244
3035 2276
5339 7513
9059 8013
8155 4735
816 649
4858 9357
1102 7949
9051 1697
8013 2694
7913 9541
3160 7833
8724 8933
1976 1915
3370 1141
8837 4400
1502 416
8981 9234
5263 1271
2737 6360
9278 4827
5395 5843
4918 5924
7661 3880
2981 1646
337 9103
5498 5937
9367 5389
4671 4695
349 4596
4592 1632
1377 1341
3933 920
1962 6316
4838 8555
835 5460
2549 8971
4983 2444
4732 2114
774 5328
3902 4705
9323 2669
245 6540
2211 253
8836 8760
2766 7626
9191 7266
2802 6589
115 9888
8713 4757
2055 9439
9480 9870
9891 1200
6945 596
9482 7517
8751 8460
9121 3445
5828 7812
3006 6896
5914 7860
7583 7507
44 430
3181 8563
7243 6704
3965 8186
8925 3234
7230 824
1863 5953
1296 8695
5841 4900
3398 5264
9507 6775
8402 8127
92 9126
6659 2868
3089 7403
3675 9945
8639 383
8591 8382
5502 4955
3697 6846
4298 7519
6947 1611
5759 6368
8902 777
5190 2022
8640 6013
357 7439
6180 6215
9899 2103
9970 8421
4300 2147
6937 2916
6873 5784
9813 6929
1769 2761
1856 9070
1046 2750
3653 9903
2775 8039
1878 4340
3771 288
8853 112
998 6395
1539 7913
9900 1857
4300 2030
155 9716
3315 2176
3783 9755
685 7856
8184 4681
7404 4789
3140 8326
4437 2534
2668 3233
2480 6652
311 1
6918 7502
6755 208
141 2206
6209 4331
2746 7917
4925 3953
6924 5757
1892 2346
2097 7249
3402 4860
3912 1655
5083 4592
1617 7258
2178 9694
1573 524
4231 3488
4815 7646
6782 6007
8315 6691
3648 7542
8661 5440
3713 7590
1286 4283
101 2167
3668 3939
3778 5123
9739 6624
6562 2215
8836 2235
3846 4949
5516 2397
8069 3500
2420 503
3078 8429
968 8234
957 4081
2335 7913
835 3195
5000 7820
6718 218
5853 4095
1898 809
2803 420
2166 5846
9747 724
6675 9267
7579 639
1891 8578
9977 7256
5167 5616
6848 2542
6132 8533
2513 1455
5765 9216
6286 7057
7257 4811
8450 284
2059 3018
7759 6490
8787 4329
6739 2157
3330 3717
8785 6472
4609 638
5016 6559
4592 2274
7788 7719
3242 6541
5854 4262
2809 8658
2913 3174
8806 8135
7997 531
8364 9105
20 9395
8088 7551
5410 5849
7742 6556
9704 6078
7172 3502
3435 4788
4466 6355
8091 7530
3302 6341
9754 5550
4438 171
6728 1930
7543 8727
4359 5177
7906 8737
6519 5072
8818 3303
7119 3335
8784 4689
4090 835
387 9974
1178 147
1097 1680
9015 3013
5313 6483
9548 2440
5349 3915
3901 595
9987 2955
6858 8493
2108 572
3668 8088
9570 6529
9 4592
4787 3418
4141 105
2204 4592
7725 895
1471 6397
4935 9094
7886 9670
6084 7624
2938 892
1106 7715
7625 2545
3718 8017
4331 6557
4815 873
9953 6358
7771 3092
6838 4694
9190 4545
9883 3739
5157 900
7396 4877
1058 6987
1131 3826
3158 9100
9124 6872
203 2831
4060 1023
969 6729
4537 8829
9805 8127
6353 6817
4550 8617
9922 2132
6359 8761
2823 3672
4322 3393
8009 1461
236 904
4397 906
6300 2809
6963 5966
364 6224
1509 214
204 4810
92 8401
2501 2543
6796 1141
2501 7344
3429 5914
9005 3875
8362 5540
3509 3846
9014 3498
839 5931
6835 6118
4592 2408
7696 170
9874 6078
6507 9032
5246 4076
9364 5415
348 9685
6937 9098
4592 2831
6878 2211
2854 8089
3120 3497
9931 9290
4781 7759
3124 3477
4195 1861
5166 4498
8491 2394
7035 9979
9007 6110
6076 8383
5716 7858
6833 5158
8521 2828
1207 326
9722 925
5646 252
7056 6919
71 5517
6998 183
442 4831
9310 838
5685 1298
879 5625
1208 9236
70 6337
9644 9539
1724 790
8951 532
9679 5437
2350 9514
2664 4931
9788 9770
4949 901
4611 4677
221 4378
906 4726
686 4191
2900 5856
6397 2037
420 8705
2587 3020
5231 7385
9440 9125
4083 7299
7323 9756
5353 9789
3613 949
4326 141
9814 3877
6669 1565
8217 9054
8711 3480
2518 7735
1508 2201
5675 7638
7727 5031
5887 5155
3444 3153
6866 4507
8420 6590
2561 5270
8800 8346
1227 4337
8938 5230
2159 6759
3935 6067
9328 6613
757 837
2650 7022
7211 8343
2259 4945
5459 1663
6907 5698
7290 5026
5411 8014
8265 3056
6366 8444
6560 5867
8121 1858
8509 9182
1243 350
264 3386
2897 1116
7501 9545
4406 5299
3576 1448
83 4592
8310 1713
9559 8022
7854 9072
6872 8323
4044 3951
5047 8440
274 8641
9897 2774
1031 4327
5139 7091
3695 2550
779 6438
3281 5218
8506 104
7973 1954
3591 5868
6032 1935
8310 5366
760 3606
4313 2742
4002 1687
2018 9195
430 3704
1879 6389
5327 726
1959 3872
8814 8786
1189 1967
6104 9851
5011 4052
9027 9546
7511 7446
66 9041
6874 1807
228 6619
6206 948
8867 359
8821 4122
9380 668
9666 3365
4552 15
4461 9834
3337 1583
9293 5995
956 4727
480 5439
4428 7090
1744 7445
8390 1688
8325 5085
5420 5291
4232 2626
8887 7075
4564 428
7811 6762
7380 9940
4749 6011
3385 6055
1108 4707
9881 7030
2249 3525
2420 284
4561 4673
9830 4976
9294 599
3583 6922
5456 5759
8670 3750
7360 5636
7020 4235
8145 1386
7976 9443
9353 4511
1565 8001
6593 6276
6959 3926
9066 3796
2885 6642
864 1502
9989 4463
1255 7071
4450 9345
2817 8283
3558 4514
5229 2325
1040 1154
4592 3838
1811 2130
8546 2479
7126 6890
8160 904
6225 6555
3943 883
1672 5832
7255 5008
1124 6975
5571 4602
1242 943
8468 1998
5144 4656
6886 8531
5078 6849
7829 6507
5024 6550
7401 3737
6611 4854
2390 9673
4632 8252
3173 9242
6346 2905
2017 8936
5520 3611
9468 7736
3338 1095
9079 4288
145 4772
6535 2506
9995 4730
3215 9406
1421 6768
6684 5183
137 5297
1051 7680
5003 8865
1370 1631
4818 4998
4872 5003
4897 6949
8438 3006
2801 5656
1582 9248
9567 7953
8651 1167
4849 4875
2336 3743
4856 5466
6874 5666
4576 2786
1706 8160
4239 9475
3195 9671
8240 8540
7909 5494
3413 2464
1686 4971
16 2194
9076 21
4868 16
9982 4047
6330 414
5974 8199
2563 5115
9397 8057
1082 9248
9902 2
7827 220
6902 3862
253 8810
6966 8498
4537 9863
4688 8999
3168 3276
9425 1799
4120 1246
456 6950
7795 3130
8886 8491
8297 533
6459 4592
9021 7159
6417 7013
6240 3407
3771 2130
306 4592
6133 8178
6579 2716
2658 163
9400 3587
4469 607
1059 4254
5925 1792
1070 7168
8449 7236
5007 4890
9262 6807
189 9203
1847 2306
437 771
4592 3393
8721 9377
2446 5068
8556 6510
9796 260
2725 7637
8727 258
456 6690
1838 9235
8059 7685
4464 776
8959 5604
4583 537
3564 9223
7344 5127
1335 4345
4423 5990
6624 6419
6706 746
7422 4863
2465 5655
7833 9994
4592 3217
7384 9031
5383 7027
2841 1627
9267 6507
3995 8197
2638 1983
8209 1049
519 5866
5270 7500
446 161
549 9009
8693 8980
8349 3214
8208 6627
2907 3448
7836 3762
4592 127
2315 6567
5493 846
4993 5665
5451 7406
4869 8911
405 5447
5830 5426
6308 5242
3275 7522
6208 5563
5210 2148
1301 2512
4592 7008
9261 1014
4592 4875
4284 6400
4717 2222
1981 2802
8479 9859
528 6651
5178 9591
5909 920
3193 7486
7617 8048
7337 1345
100 7894
4316 3361
7516 6025
2632 8044
5344 4208
5785 8852
7252 2181
3342 514
34 7484
7800 6997
4113 8874
3692 3698
9346 9450
168 9177
3988 7011
6880 1464
2649 2115
422 2504
284 33
4592 2465
7401 6333
4473 1307
5338 4873
8767 595
8282 3100
4111 4594
7517 7062
9534 3708
5290 6146
9186 9501
9753 8032
4623 2438
877 4201
5856 4710
5798 1487
9480 6652
6696 5932
3881 9710
9240 1350
8806 9481
8936 4853
1599 7457
1466 4391
3348 3491
8456 5735
3982 2207
7966 3076
652 2594
2207 77
3895 1494
1762 9740
10 476
3901 7650
2848 4062
1023 906
6729 4567
8146 8720
2325 516
7988 7899
6611 7000
477 7430
672 5038
2778 6427
6717 7475
1986 1607
2134 6236
5836 2924
77 7077
9680 5834
647 2132
636 2699
8879 7720
9549 9234
9401 6759
2085 6499
283 5386
123 3079
1613 9895
3364 1298
3521 7802
2282 2538
1698 2746
326 1192
604 7404
4241 5101
4545 8942
3747 3998
7529 7430
9418 7233
2639 8652
848 6243
3767 5696
6551 7159
8409 8155
4554 1549
1112 6254
7637 1078
5756 8495
4592 2963
76 7831
3813 6969
8183 2027
3656 9699
2590 3849
4128 5584
6195 979
3458 5965
9712 6623
4720 6310
3570 7471
9697 1911
6882 9103
4590 3136
6376 3370
49 4274
4592 7463
4074 4819
3991 3425
3915 2702
8794 5518
6671 2545
6009 914
3467 1451
2135 1275
7177 9232
5113 1861
3723 4882
960 4093
9219 2528
1507 1793
8772 9480
4182 7256
1575 5966
3097 8370
1239 7539
6447 2449
9368 3766
3898 322
1265 4508
1596 1056
2432 7190
4452 8023
6008 6518
7370 9048
244 6674
6833 9709
7354 4752
8086 5018
1072 6964
6265 8578
222 5729
3593 3879
2976 8358
8914 305
8617 7533
8285 6838
169 3817
8994 1328
6730 8312
2416 2353
332 4592
3371 9904
1645 3244
8414 2617
8203 1079
5317 7010
3592 3748
8084 2138
4980 5983
8053 9354
7235 4134
7706 5117
213 7136
1089 8293
3629 1422
4402 6825
1537 101
4232 5914
4592 5652
846 8050
4030 2744
2762 8313
6740 9604
4606 2563
4542 2509
1367 2668
7082 6911
7186 2336
6780 7563
5658 9741
7261 5532
4066 4592
734 3620
17 4613
9779 4534
4702 6402
3603 7333
2658 136
5477 3316
1233 9514
7153 1403
3824 5301
1674 2618
5717 4592
6929 8946
9358 9722
3613 8324
5905 5760
7726 1713
1412 5966
5553 2153
8534 6922
8077 6006
5653 6027
8624 5822
2471 6878
7721 7936
5487 7421
3815 7003
9406 2828
6951 2326
5482 7768
7160 4172
2766 3263
1952 2841
9285 5235
4832 6053
7870 4761
2701 7261
9466 3892
6410 9210
3759 3311
806 4612
3742 6147
8781 192
1620 5118
7359 8080
7509 5301
3813 4524
2325 1702
8757 6486
5360 1101
9906 939
111 690
1439 4012
6010 9691
8462 3093
4335 4592
5830 2260
2969 4444
3724 6384
4038 2734
1832 9086
519 587
9993 1533
4157 136
657 735
1630 9477
3584 7904
2878 5948
5915 9438
1862 6255
6254 7011
2759 4619
1317 6136
2760 8692
3634 9561
3220 830
7371 8341
1903 8858
9672 1687
4596 6150
4287 8480
5330 7212
2037 7814
4953 1672
8644 5737
4421 195
438 2349
8563 9098
3367 5106
177 7976
9486 5353
41 9515
9181 7903
9654 7925
2886 5187
4170 3181
8143 7705
456 7254
1671 2409
1574 6945
6353 9477
259 6209
1742 6801
5859 402
4592 3180
639 8099
1095 5523
4127 6103
1727 4837
4939 193
9008 1107
4402 1102
3754 8600
2585 399
7434 8066
4253 821
5741 287
4995 5336
2882 6090
8713 9628
7080 2197
5544 4592
6826 630
6507 591
5850 6603
6835 1463
6452 2118
6491 1358
9477 9418
3515 6567
8963 4652
5471 4
4239 2251
1160 1840
4061 1980
715 5333
9553 8632
1646 3485
7513 238
1444 4941
9829 816
9461 7435
5013 2337
7826 6970
2998 4401
4291 7141
3790 1586
2823 3691
4680 4618
3289 7135
4337 3960
7842 2025
6014 2962
1351 6761
6223 5963
6211 3814
6269 5455
2909 2272
7631 1470
1075 5123
2175 2786
2185 5942
7138 9338
6311 3000
8072 2849
3784 7206
9421 4592
4384 9357
941 2110
1589 2832
3902 5067
23 917
42 7264
8987 9997
5406 815
5515 8886
9073 715
9341 6801
1512 5467
8273 8874
120 6170
3057 6238
1517 7486
5982 3733
1804 5424
5572 5044
1905 7191
707 7146
5983 7530
6505 5525
6942 3314
2928 2529
5284 1607
1414 4842
8528 623
3352 2155
6993 5215
3064 5023
8326 6127
2498 899
3043 3258
45 7166
752 2663
8378 3360
6986 7705
4850 7708
4592 8683
7802 9942
8879 1217
3901 5349
1259 3597
8474 4740
3801 7751
7494 8040
6853 5295
9558 3870
4496 5184
5856 6034
2568 2612
8500 5560
9641 4640
2705 7153
8761 1729
9487 3435
3059 6625
5048 9088
30 2670
7763 7244
6782 8664
9449 68
6551 9424
4995 9385
6891 932
3743 2450
5043 3681
6745 9562
8878 9093
6845 7417
8476 7115
4159 572
3236 6628
7147 6678
5019 5201
8782 9584
4954 7726
1005 4450
3974 6326
1833 2598
3729 2571
915 3533
4980 4540
3581 3295
2430 4912
4059 2601
8386 5882
2816 1416
5848 9023
3595 5978
2530 2451
3817 6676
3434 9951
3850 4414
6612 6139
5147 9519
7181 5782
4364 3296
6378 1890
7529 3355
7728 6444
4958 7899
1328 2229
6675 8823
546 8237
1998 4504
2089 4592
8657 4592
8586 7762
2117 8880
2907 3982
8395 6893
5062 3204
4156 1061
5418 8197
5576 5912
207 5956
3013 7103
6555 8260
1437 7453
6253 8527
4285 5561
7661 1805
9360 7802
1802 9671
8041 5149
7536 8903
4153 7843
9798 1955
4338 9625
712 8687
3624 425
460 9981
2754 5641
9094 442
3741 8200
6826 498
8550 8968
6555 7740
1984 4329
7877 4865
5715 8365
5988 8714
161 7032
7420 1350
7591 5709
4615 4851
9765 8001
4123 9501
2968 8115
2603 5042
4592 4073
7198 4367
4887 4735
5538 9235
848 5596
7436 8490
9475 4317
6207 7739
7723 6830
9568 3545
6272 8250
7325 8607
154 9454
740 4349
5014 2070
89 4721
1778 961
258 6287
8109 5952
7016 9560
2061 2522
344 9632
6283 746
6878 5330
3221 3644
2758 9518
3166 503
7256 8718
6158 1204
3567 9882
2858 4514
1657 250
1270 2701
1614 4176
3931 2232
8466 2284
5787 6930
213 7066
224 8405
5409 8650
400 563
2253 9625
2250 1758
9704 8605
9193 7548
4507 722
3324 8229
6888 9238
9321 9100
7324 606
5334 3319
8546 7121
3043 9843
2416 204
7815 4205
997 4206
5654 807
5317 478
8196 385
3430 8825
5154 4975
6666 442
8837 501
6037 3037
1262 5144
4124 2233
9297 5243
3203 9756
9398 5300
947 2350
236 8462
9873 8168
338 2666
1538 5487
4873 3631
7358 3074
1748 1690
2737 7831
1738 4592
4389 2985
6526 2549
9908 1821
6857 7107
6168 185
4543 988
2212 7662
8281 2805
7834 7636
2006 6317
3590 8741
7835 8451
1320 6172
1932 4592
7896 5833
3921 9428
8243 9267
9752 8947
2318 8276
4521 8958
6046 9149
9916 2918
5921 8929
7386 3566
8956 6428
573 2396
8568 7718
3775 3954
2763 6374
2709 5935
5679 6691
4797 4251
6421 3422
4692 9802
9974 2890
792 3962
4816 3601
3022 8592
8323 2002
7765 1232
5311 9996
3507 1322
4592 2884
4177 2515
765 5240
4343 1471
1788 1043
4929 8450
9664 4222
9 7943
7580 6011
8073 143
1133 6685
3255 9175
828 9387
2458 9139
4891 2704
5754 7510
4658 5107
1637 8838
128 4415
1567 8497
1226 8035
6543 6385
4560 6699
887 805
9688 1261
2675 1178
3086 9437
8269 8335
4702 295
2836 8578
5613 6420
2673 3872
3417 4839
3257 450
6693 1253
1734 2752
9150 8471
5935 2348
6288 8740
4937 8771
3034 3960
8945 7564
8632 9617
3384 4540
7755 9629
9032 5241
9932 749
5405 617
4511 9990
557 9189
7284 2058
9450 7307
8041 9280
9212 3924
1492 4654
7796 594
1065 488
4592 7142
7966 9081
525 2611
9252 2426
9612 6270
4356 7837
5365 7497
8440 1234
6205 9180
3739 5849
8701 3464
1995 1722
5040 1994
5618 2480
1962 1470
6332 3801
6269 3088
8597 5803
8688 4183
6879 7002
6910 4876
2099 5817
3636 6021
1774 856
8247 1511
4347 7183
8732 2528
9211 5869
5336 3436
3460 8530
3480 6985
5095 2322
7298 8921
1287 1864
6898 3646
5548 7374
5052 958
9396 1805
5617 2023
7107 2079
5204 3785
8289 8190
9562 8176
7047 8388
4070 8658
6785 3058
8065 3770
6544 6275
4808 1595
3448 8873
9805 7349
725 7707
4952 3456
7087 3227
6283 2939
3186 6303
7617 9439
9225 3145
6531 8431
5173 4526
1552 3096
4567 782
1918 1356
2603 5530
9657 6683
4054 4076
5862 6061
886 2406
8271 3041
8567 1715
268 5149
365 3060
7771 4129
8306 4128
2560 2436
9112 5364
9784 3842
3232 5151
3045 450
6454 3156
6844 9627
7646 8605
4592 9022
7752 9730
1039 4944
1329 7673
407 2737
6311 7910
3981 8114
9148 5219
7699 860
8910 4592
8595 181
9841 4828
3495 7015
9724 7993
530 9383
5352 9791
3295 6230
680 5934
8031 835
6015 261
126 3471
1989 520
8421 1565
5085 1325
732 1459
801 9725
3708 1095
9470 8075
2067 5418
3340 2102
7248 9429
2697 1974
9380 2830
6755 7374
3075 3945
4077 3771
3531 3711
6836 7401
3490 5693
5083 9403
2258 7313
4719 5618
573 5808
6386 2144
3732 3685
7438 407
9643 7371
5105 4781
9902 946
4121 1763
2877 674
8135 6814
210 969
4919 3177
7799 5277
1780 8806
1430 1858
9228 7316
3694 24
553 3731
2899 4879
6906 9866
4860 3207
9993 3753
3838 1037
298 1915
284 4172
1924 1102
6382 8482
2392 3780
9453 3257
3975 7647
6759 5442
9957 561
2608 3787
4021 8561
4748 2899
4227 7050
345 4097
3962 2585
6578 7203
7581 3357
3534 5077
8062 4127
5227 3604
2324 451
3095 6562
6159 3941
3168 224
6745 2491
4383 9805
2661 8328
6801 6675
4976 8677
8608 8786
5613 7565
7611 7782
7867 7826
2433 6590
167 6227
3183 4727
2190 6280
2844 3041
8653 8283
5258 978
5180 2704
8588 8076
1584 1977
1956 709
9698 2155
5170 4585
938 7315
60 2113
662 463
5 3450
7216 5642
6510 9463
5065 1179
4002 4424
166 8633
7302 2922
3842 3687
1764 109
8427 8878
761 6626
4411 6178
3117 2098
269 9597
4592 861
6931 197
6771 7829
8294 1087
5510 2485
9969 1354
9029 2962
9968 4103
1352 2963
2524 9184
9589 8633
3361 6938
334 2771
6701 4381
4395 9508
3066 4322
9889 5589
9687 9901
562 3242
8274 902
4840 6473
1210 5512
3329 4472
9235 6020
4420 1370
603 3201
7383 3587
702 2151
7294 2501
6959 8169
9807 5981
4592 7596
5089 6511
8219 1648
6806 5639
121 4698
4284 4033
5665 958
9676 6790
4583 9740
7821 1471
8282 5893
7797 8164
2862 3771
1913 2763
7067 385
6941 6033
8816 671
3282 8606
2627 7227
1934 2377
4417 1354
4095 6905
2320 6634
7255 1405
6106 3481
503 204
3739 9315
3626 8407
8345 2213
9413 2369
6196 8529
4977 8812
385 7849
2234 5588
5326 5518
5837 7243
6842 7359
4053 328
1320 1418
5046 4504
1708 6530
188 9073
7274 9194
6574 6002
5847 5415
2153 835
692 410
2195 5665
4547 6012
6468 4572
2752 3671
8703 1995
3337 9505
2597 9490
1493 8550
7803 2777
2774 8171
2411 6947
8262 9903
1222 1141
7570 6798
192 2337
1776 9684
3894 4677
1740 9200
1923 4250
4592 8033
6299 3964
50 133
6014 1457
994 772
3031 2838
9268 4952
81 6008
8474 4727
9604 5398
8780 863
413 7450
3898 9618
7236 6212
5407 2073
1170 7138
5673 1697
1988 5375
3101 1847
2353 7697
2286 3040
4469 431
5763 1064
3434 7093
8677 1240
2356 6817
8245 2731
3197 5175
8114 6626
1041 4844
6070 3562
3702 8107
8807 4543
6713 2012
578 4770
8176 2224
2717 121
2990 9910
8794 4302
9750 4719
3554 586
4450 4904
4962 2045
1106 4491
8038 8871
1193 2636
6376 4393
529 9295
3693 7209
8667 2299
1529 85
8670 8047
117 2404
2320 300
8935 8640
3829 431
4757 5813
4369 6352
9553 6797
8571 882
2072 275
9485 3708
1523 1957
1293 4270
7109 9840
8915 7930
9599 254
3872 3687
555 1621
1535 8410
7239 6317
8563 1604
3717 7693
2420 3
6477 7423
4540 5094
3471 4036
4519 1554
6199 5236
7265 2574
2098 7091
987 1540
454 716
4164 2440
3163 4859
1239 8400
4583 9537
2792 5720
6598 7693
6675 5287
9559 5365
120 2985
3240 7336
1899 93
1462 5191
705 8160
7740 1822
1962 2916
5030 1460
8470 58
8669 6393
5560 5238
443 8921
1460 6994
9099 5768
3243 6729
1712 2510
8832 3225
3549 3391
685 1379
7658 4867
7925 1309
3599 8817
3794 3351
791 1717
453 7405
180 6252
2294 9231
334 1782
59 710
124 2379
8135 9646
7123 3335
7210 9200
7582 6831
8518 7262
5821 1235
5703 403
5570 4765
4380 2532
7319 5710
4988 9277
2004 974
7181 6159
3861 1196
9287 2102
8973 6209
5205 8391
6922 5467
7700 8351
5972 7038
4738 9941
2159 4590
6560 4741
2425 8042
5109 8015
9744 1793
7598 4992
6547 1617
2378 3195
5344 2903
3434 6533
1322 1500
8087 5854
7110 9735
603 2279
4033 4517
6887 976
2223 446
8931 9879
2038 8766
5337 5481
3694 8365
7913 4230
3134 9845
9506 4677
2660 5351
1811 8742
2180 8965
8523 7932
3501 9492
1797 4214
6504 2966
1050 9069
4592 8717
1590 6243
4518 5773
4833 6889
6353 6331
8813 3425
5988 4757
2956 850
8319 7069
592 270
7762 2656
6424 9155
9606 6478
3352 5460
6452 9578
7171 1632
1500 8647
6343 7361
7682 7590
3634 2363
2682 1461
9240 7750
7058 6189
1379 6922
8038 9221
8880 4618
9174 4626
5812 2031
7440 7062
9671 6735
7272 7616
980 8096
3891 3993
5119 6218
5121 1850
1798 7048
3245 7620
364 3785
1145 6257
1595 4105
10 4909
8764 4592
8975 8920
3132 518
6185 7502
6122 5607
1668 4841
3308 4961
813 8622
80 7495
954 5391
5017 3949
7902 6513
8600 4913
2720 1356
2708 982
8380 2042
2457 1021
2316 3244
1907 2076
6574 1853
5676 3860
6565 3888
7977 4575
1387 524
182 7266
4437 4275
3299 1782
2600 9515
1176 3109
9284 6256
2737 1716
4266 6650
9785 5223
4476 8719
4412 2419
4592 2686
4154 9536
9427 2229
8408 9878
6077 7952
7512 3037
3659 6804
7389 8330
1436 7314
862 7215
4567 665
1466 4592
3250 90
4240 6315
1054 7288
5837 9503
4223 4738
7965 7721
5003 9218
2652 9630
5805 1847
9194 7228
1904 3567
9412 1706
7213 4777
1360 5961
8671 7738
3035 6209
4568 5415
4027 6044
2182 9270
1394 6786
5046 7408
9104 1967
2378 2431
6229 8934
8579 8930
3510 4277
8207 1910
3911 7768
6065 4013
787 4791
1170 5928
4193 9742
4382 6277
4522 6076
81 6406
2995 7616
9304 2270
8354 6712
9525 6637
6847 2609
5867 6523
5527 4219
7550 8712
2144 9194
699 6194
1272 7881
6345 9046
7411 5498
3355 7482
1677 8930
2788 36
1950 8553
1201 957
3661 4146
9184 7387
5687 2277
9164 3508
4655 1542
5136 1667
9692 5344
341 3662
7125 5975
8427 2334
4616 9331
3645 7660
1733 2029
8498 9677
6357 5125
4141 7608
4834 6894
7225 2749
6746 4589
5672 4307
8062 6304
1733 9071
7750 3143
7421 8624
3182 7600
2065 4574
4637 668
4301 4345
2412 3660
318 9374
2804 2153
2544 4083
6401 936
8364 5704
1141 1652
368 2222
5646 4823
4018 7551
7617 9194
2791 7927
9801 5987
5042 550
4769 9350
9625 1508
4592 6050
3868 6710
55 6167
6626 8058
2050 4108
3886 9000
3376 5642
2467 3975
6551 9458
1449 2347
6220 8538
1423 9382
9038 7303
5370 9644
223 4304
7529 575
1306 1386
1635 3130
8155 8149
6943 655
7956 286
138 3815
3633 5043
2888 3577
3004 508
2358 6760
8011 1415
8127 4480
5507 5583
4319 9281
8996 5701
2275 5097
3928 3486
1047 1927
7251 742
6885 4227
8140 5003
1069 7656
2571 2417
8950 3469
5262 5709
7111 2083
7241 9074
9029 4588
609 1693
6140 8408
4164 2870
989 8120
8115 2790
3120 8526
7502 525
3585 5292
8528 7878
1681 6207
5303 6519
8849 2645
6636 7285
6918 664
3540 3962
7681 676
7433 2495
8926 5796
659 9503
8436 2616
1150 5456
2670 8977
4648 5509
8319 7878
6014 8461
7335 5188
9994 2645
4040 4664
1419 5281
321 9507
1648 317
7722 2053
4518 4572
6410 9634
3384 9601
3398 5150
5299 3792
7759 4398
9402 7146
5207 4611
3431 9669
6532 142
4649 6918
9432 6449
392 3960
8516 3603
1318 8915
4531 8322
3712 7471
6974 2922
9410 3338
875 9872
4470 4661
895 3264
1521 5028
331 1581
8003 1580
5016 2210
9873 2743
6791 3983
8039 5367
5313 3685
3734 5759
2023 8499
4592 7699
356 1257
9853 2634
8725 2459
7355 9983
8089 3955
4048 7766
4919 8808
6734 4500
7306 3036
1034 5620
4592 6657
3665 5572
3046 432
9258 3025
706 6609
9869 5663
8869 5182
2806 4117
4538 7299
58 1775
7495 5417
8842 2942
5974 7810
9091 2399
9024 217
2841 614
1192 574
4729 3550
9539 5614
8582 4731
6549 2211
8068 7285
30 4413
2575 4900
1102 8578
9290 6768
1899 2539
4112 3447
1318 4646
3412 3273
9400 6580
204 7654
7531 943
8110 5603
906 5732
6070 3831
5402 4592
723 6918
1230 2536
5354 2057
243 6217
5936 7896
6009 8098
2567 1091
383 2167
5077 1431
1546 9276
2392 9115
1434 7295
4661 5304
3969 1062
5622 6289
4725 837
2125 1843
5478 8169
3091 7476
5335 1842
5556 576
1047 7134
4592 6698
7594 798
8510 2581
5282 3087
2616 7257
7573 6289
6201 7602
2316 1148
690 7420
2901 3408
9108 3358
2633 5957
1601 7201
1952 9734
9411 4368
1230 7946
4508 5265
5112 2132
8772 6985
3491 5431
4607 8037
4889 5679
4290 7786
7182 2391
6287 5977
1566 6559
2538 8668
1117 4860
754 4081
159 7010
3790 4119
3991 6182
9748 2686
9229 3941
5068 3927
819 1316
2384 6113
5294 4592
4820 2875
1432 778
6027 9180
6479 7424
9355 4362
54 2136
4562 5815
9455 2507
2858 1417
5461 7836
3035 1900
8287 2618
7012 2558
3040 1084
3437 8235
635 4781
5012 4127
2169 6189
1323 3430
7124 7665
7094 5445
533 2463
3526 9519
7862 8012
6918 459
2102 3177
6910 3680
5703 345
1998 1687
3505 8296
6509 2964
9510 1420
8204 1470
4592 5827
915 5967
4747 4321
8469 8127
772 1641
2151 5767
2427 1957
4150 8020
6836 2151
7915 9999
3374 8229
3819 6318
9537 5423
1673 2109
8842 3627
3064 5054
7735 902
7397 913
6975 4368
393 5546
6111 1461
6668 1519
4523 9866
4068 7180
5454 1999
4592 5930
5384 8691
9442 7709
6561 9255
4959 5587
816 6617
9452 9989
1794 8050
9531 6603
5421 9690
8898 2284
9329 4338
2048 1309
2623 4267
5316 9651
7166 7457
1498 21
5011 5611
8941 9841
4659 9161
9078 8868
3949 88
9067 4439
6946 2222
1816 1760
6271 7108
8930 8822
1173 1724
5553 4305
4562 482
3459 4713
8112 2031
7514 5862
7885 9889
9233 7365
3863 9935
264 7648
7203 1796
7830 464
5895 7764
