9090 9089 1061538097292801879 4136 2
4859 403
3482 4592
8738 7369
4786 7192
7376 5116
8365 562
7586 525
5247 7790
4114 3441
6324 5105
3069 1729
4523 8090
5133 3167
7295 7108
5027 4226
803 8769
637 3791
2152 8323
2246 2663
4502 5056
6107 6545
2006 6228
2605 7322
653 3452
4658 2416
8782 2782
5097 1560
426 5765
1684 603
2609 7132
6267 1561
746 2510
8960 6425
8315 8025
3493 6772
281 5019
1824 5840
2065 1693
1398 6855
5096 888
2651 9001
3875 2964
8705 6139
5523 6098
3292 7616
8302 4266
8239 3522
4369 4888
2117 123
6485 1732
2916 6923
256 1990
6580 5635
4608 2528
3297 4844
1393 5230
5845 547
313 1917
7546 1829
2930 5438
6031 8281
8254 5633
6759 5687
5209 2115
7432 4145
2163 5427
8082 541
3934 4580
6427 5214
8260 2316
1821 2195
2322 2576
2161 4730
8675 4245
3722 6911
2734 1466
1064 1155
336 4584
6020 5432
4307 3954
5785 5889
2371 3544
6366 2697
8454 9082
4110 3483
325 5394
5026 8635
5018 1967
6457 7334
3578 3354
7320 7104
2610 8571
5418 7452
3944 6848
1309 5288
2092 7408
3801 4245
6961 3066
3723 8689
1939 473
4641 8051
8107 158
7010 5760
3986 1482
1408 731
3837 7800
8374 2114
5471 3211
540 519
6580 4426
595 2608
943 1718
1997 6159
7331 8907
2903 712
4498 361
5250 1790
5370 2492
7574 8382
4885 4145
1659 2400
2125 8516
4061 1714
8377 6284
6154 7143
2455 3924
8807 8271
3689 340
8321 5408
2748 192
5076 337
7255 7696
4765 2071
1913 6450
2429 1399
2855 8664
2765 2882
5958 7516
4158 2035
3228 2585
8109 1317
1468 4097
3441 1235
6917 3823
8028 2197
6130 4612
145 4960
3120 514
4782 3643
1003 6236
6558 1651
3495 1701
3898 5891
4694 2582
7872 5421
7326 3744
5173 8257
5128 8661
2053 5233
8645 2896
628 4405
304 2895
2302 4449
7623 4048
5936 4071
2729 7857
2669 6780
1385 8201
3975 1860
2561 1831
3405 1044
6705 7907
6285 873
4535 5435
6311 5295
7999 7155
65 8071
8078 5470
8851 3225
3779 7030
5868 1199
6883 2952
6426 8545
3117 7876
7096 8496
8489 7866
3484 6121
5136 5245
117 37
1744 915
8177 6219
6861 7307
1390 6920
7164 4143
6089 820
7506 6992
6156 8856
7760 852
7467 3942
6710 1125
5551 2170
4846 6604
2039 3666
2556 1976
1764 1371
872 2278
7665 8337
6989 2428
5865 5700
4450 6366
1809 8158
8106 1774
1644 5964
665 6869
4181 8141
363 329
7452 833
774 6357
2779 6834
2395 313
8183 1486
3253 5518
7370 7526
8840 7934
560 8526
627 5995
4722 4918
6116 1936
7529 1413
9071 7840
3439 4538
6922 5710
3843 2335
5880 1834
9031 6770
2154 250
5154 1739
9055 8532
8012 897
2593 8683
9005 1245
9041 6495
3340 670
1846 5324
7976 8170
6362 2921
755 5611
2874 5861
5672 7604
6102 2549
1843 2462
2123 7838
3913 7643
6095 7208
7189 7412
6252 247
4674 6457
8877 2498
3005 2621
7417 8804
8280 1041
2252 786
5541 5593
3267 1717
5517 1325
3730 1318
8178 934
1795 3558
3057 2012
3638 6837
4941 3879
3261 4636
5421 1768
5619 6395
4833 3502
7998 840
4138 8412
1918 6593
6279 8048
8914 5274
2099 763
3912 7365
8912 8816
8618 306
886 6656
4314 9038
1008 5629
6607 6773
1369 521
1326 346
1939 3736
2188 4841
4789 4401
5585 3374
9085 9019
9076 3342
8259 8616
3714 8336
6048 1043
624 3187
377 3324
4768 2014
4948 594
2968 7975
11 4034
5615 7730
7734 8592
8638 6322
5162 6816
7788 2283
1038 5362
7822 8740
8987 3743
6904 6998
5681 7966
1357 1751
5262 853
1184 942
1073 6605
3845 6739
8994 5903
3438 3604
5676 7797
7792 8136
2118 8534
7259 1792
1726 3564
3537 8581
8833 5003
6429 5573
7540 2996
4195 1761
6720 4796
2528 2989
320 2638
2245 8145
8200 36
5042 488
8737 604
8915 7222
6630 750
3798 7173
8907 6225
4072 5357
5575 8467
5480 1828
7378 7238
2831 5052
2659 5068
3057 5666
5192 5227
40 5771
5190 7572
8631 6629
819 5377
4423 2394
4253 5018
505 7053
6309 1118
1614 9042
353 2864
7432 1188
5369 7043
6456 6250
3570 6064
7940 7515
8578 1898
2226 5607
102 7369
5527 4999
6947 3273
4931 2023
3572 1269
6313 4406
2654 3882
2573 4313
2330 2484
8240 649
8949 8727
3933 5296
7382 6890
7552 1649
4614 479
2408 8226
2844 1534
3152 8524
4250 2214
791 6204
5888 8433
8058 977
7357 5965
5626 3269
7527 6161
6822 8838
5711 5424
6399 6706
8894 6571
182 4361
7285 6709
2452 3531
1122 2640
8765 4935
894 4548
1739 1906
382 8920
1496 6877
5584 322
9041 603
7426 3305
6674 1001
4166 2568
3366 1032
2204 745
3902 4290
5636 2202
4904 6049
9077 2401
6096 6153
3955 411
4480 8667
1175 1138
6348 7762
7092 2785
6874 6625
621 8722
6572 7414
2826 6667
8189 5747
3542 5022
930 2369
8119 3303
5579 6104
4066 1685
1892 7777
7000 7230
4914 116
1224 262
4556 5876
367 8166
5365 3874
2178 6615
2115 5581
2917 3454
6034 6870
1592 3321
1764 6098
5136 6112
2776 2407
2489 1092
3765 1716
868 6945
8578 6127
4152 6829
3139 4733
4588 7156
4308 5925
7593 2716
5770 8673
1105 6003
4046 4813
7326 5713
7016 6682
2184 1946
6112 1228
6545 6058
3301 708
5999 2152
4242 2278
1138 1300
8676 8811
8862 5982
4476 370
8795 1764
6261 3824
2809 1152
6151 429
5610 1910
5552 8381
7744 3692
8519 7035
5535 3000
7893 6213
3573 7395
222 372
629 8641
2696 5811
8702 8315
1919 774
5190 568
1782 2684
3189 5390
1280 5454
8186 1096
7407 1212
2606 5847
8343 8268
5398 8871
70 6864
1162 4321
6643 2853
1432 8846
489 4823
4036 822
5310 5049
9048 6530
8896 1564
4323 4964
6562 1680
3941 2186
3489 202
3694 7349
1388 685
982 3702
5938 3363
1627 4910
2044 2728
5872 2397
3313 4168
2357 3363
6193 4082
7053 4635
1156 1885
6580 6935
7375 8151
6240 6029
1047 3530
5694 1076
2012 4676
3849 8983
6327 2971
5777 8460
2966 889
7024 8296
6607 8695
6765 7700
4386 61
3541 6261
4381 6306
7711 5223
4991 1590
7035 3899
6926 7820
6222 8037
5159 3931
6518 4819
1957 8771
5091 2572
5456 4769
8298 2698
4902 3134
6659 8600
3967 6426
1899 8026
412 4113
3988 527
5630 2515
4763 8815
4711 6129
3525 4014
4301 8543
8218 4947
3055 6708
6236 5244
2786 2915
3835 196
7655 3305
2131 2332
7447 8160
1595 7997
6756 8928
1433 6145
2337 8444
759 8277
6631 3194
4069 947
2969 4014
1403 6850
4099 1802
4759 4502
6601 3319
2983 3708
6969 6862
80 6079
6558 3716
1210 6313
4595 2661
5760 112
4434 1655
8027 2562
5606 41
773 6428
1015 6246
7841 1167
8359 5467
4437 2794
7913 6329
4309 1097
1635 8411
8083 2486
1451 5053
2743 5076
1272 5020
7925 922
1800 2195
4953 3402
4987 3103
112 4257
4076 5084
6484 1747
6854 7621
4635 342
4623 4838
8347 6022
1642 7655
9049 2129
1009 1765
3493 3849
3329 5271
1487 641
7232 2517
4553 2790
6404 892
2134 8865
8626 2444
4959 6520
448 6799
4861 8063
3903 3165
4684 2180
4433 6952
3939 2183
8841 3427
1272 1276
4024 6165
2675 3839
6787 7137
3051 7469
3318 6649
251 3810
495 2680
2093 34
8683 7163
8909 860
3729 6088
3958 6756
9052 6474
1708 5530
2923 5855
3505 3233
7487 6154
2879 5150
7245 7842
8661 6694
2597 8351
5311 918
6507 1911
3781 804
106 4223
22 282
6767 1499
4709 7925
3024 3802
7505 3319
1339 4489
1969 1157
8298 3707
7244 6456
6985 8169
963 3392
3932 1566
2986 1893
7325 5217
1672 8043
8017 6024
3106 8461
1002 906
3917 1660
5951 5367
5034 968
4123 7682
7798 2274
5528 6751
2744 7421
7837 3031
8175 1330
8794 3205
1021 1223
3056 4972
815 122
7280 6177
279 1610
4941 7714
6505 2777
1967 7765
5380 5331
8674 5923
7098 587
26 3614
207 2631
3839 8784
8074 4708
7349 2503
4835 5291
5003 9007
4273 2554
6692 4382
1190 4811
5488 4295
1718 6394
3360 5418
7438 1616
8320 464
5729 739
5085 2356
1724 4109
8986 6160
4041 5837
3203 3273
1073 2240
8632 4803
6175 1304
3928 2606
8408 3032
5742 5279
6688 7611
3889 5586
3179 5964
8542 4018
9079 5293
5457 3720
2326 3980
252 7840
6326 3092
2331 6126
7352 5940
4062 3949
34 5177
8967 7165
7837 817
5715 1017
6310 5297
6879 1487
1385 5781
270 5720
6820 2841
482 7092
8226 8
7226 3108
1995 680
5720 1714
4111 5719
2472 3466
6284 6685
3041 9071
6532 5653
4249 2148
892 8486
6628 2355
3562 995
5223 7705
2624 3165
1159 5800
1214 2491
5306 6114
1970 3870
1560 1450
6537 2912
6845 2699
7457 1856
8831 4283
5081 8865
7332 2734
6054 8720
108 2899
4489 8198
1372 7688
1712 2033
4282 301
7038 7397
3475 1444
5642 8526
4754 7652
3339 4550
7867 203
8028 2850
5111 5542
8906 7911
1193 357
2499 2968
869 8742
7543 6830
867 2216
8278 6939
131 6332
442 4291
5345 5916
6941 8922
7203 4797
7388 89
3713 7233
939 8529
7129 1329
5284 565
7665 4957
2419 3035
4967 9001
3681 4384
1574 1288
3953 1383
7933 6508
3633 5305
1991 4744
1828 8449
4298 4628
8476 5528
561 8388
4050 4422
2577 7912
2412 3850
7778 43
6468 7538
4069 5872
7793 649
6310 7575
7991 8133
893 7480
8805 756
3538 2042
8416 4364
4446 1189
7954 7894
4571 7015
6181 1575
3903 2293
7679 4825
8364 7716
2020 8294
5862 2364
5431 5450
3808 5792
25 2529
1723 264
4667 6694
6292 2076
7313 1792
4362 3487
5092 803
7296 3696
8508 5300
5936 6392
3450 6609
4608 2320
7442 7428
5526 7079
4118 3647
5678 5743
3817 6016
6536 1538
5058 681
5663 2856
7138 2774
5586 5513
1528 6229
1968 8973
6484 7202
1031 6074
4669 1227
6493 4536
5454 2836
5727 6074
1741 6588
5581 3425
4327 1661
7038 4169
141 8991
4008 8600
6623 3302
2582 4428
7037 2712
2451 1109
2345 1298
1625 2876
4147 6220
1759 6376
1483 1768
6662 8375
3887 514
3107 6087
2926 6300
6842 5538
6125 2834
3272 5440
7620 7857
4623 6290
6250 2522
2722 7720
1974 4476
7170 5069
8460 8483
563 336
6290 5981
8603 7759
5505 938
8601 1146
1419 2104
7430 4307
3315 8974
2535 1237
5604 3513
8691 569
11 8112
5948 6634
7215 8560
3862 3181
6655 4208
5787 7869
1475 3461
7290 3982
7498 1345
8576 7161
5952 6564
8944 7617
2133 4971
495 7312
1143 5876
5264 7881
5184 5933
1765 1594
2908 1411
6519 1696
119 750
7919 4119
6540 856
7567 8982
5321 5959
7248 2987
2704 8753
2398 3411
8457 6329
8249 6848
2902 5563
63 8099
4334 4055
7022 2940
3419 1896
2847 9053
981 2413
3168 6227
8903 8766
8133 3989
4663 8753
6476 6739
482 2636
4272 2523
4530 3929
6563 7291
742 1741
8568 8080
8114 352
5848 8738
1419 7419
3678 7436
7556 1422
2934 5913
8741 1516
8749 4425
205 1984
8359 2752
3676 955
7346 2490
6263 2147
2699 897
8733 8985
6452 6296
8169 2611
3375 3552
3280 2855
3041 7418
1784 892
4944 2292
2649 2239
2711 3745
3170 4962
196 3840
7281 8077
733 5348
1657 8634
2373 7191
3353 8924
3960 6532
553 562
1015 7979
4790 7135
2875 4296
6381 5840
8187 923
3286 2294
5254 4311
4289 1521
165 8119
6608 9086
1211 174
4504 8973
1611 4701
5581 5404
977 4635
7219 5618
1636 6597
3455 1171
6954 8791
7875 6297
2598 8258
3301 1865
4913 8040
539 2473
7748 103
2185 5544
3008 1235
7475 7617
1318 5314
2281 1720
3853 8001
3839 1019
7405 9061
5659 1797
5545 5363
7166 3050
6462 1925
7673 4503
1900 8399
638 7507
3207 6754
7213 730
8965 4315
4479 418
2327 4921
2336 4063
217 4107
3983 1609
5522 1713
3721 8183
2078 4683
8585 8886
2990 4782
5521 6586
2892 8624
6151 7103
5445 6158
6509 2363
310 4527
4309 5744
1780 8475
6844 2424
6892 6406
6223 3555
7158 7280
8926 2180
3028 2260
3684 456
6447 1889
8503 2529
8050 686
3183 3026
4163 8230
4735 6445
8755 1926
6677 5467
6283 5568
6275 3282
7317 1724
4074 2653
5877 7309
8358 3102
506 6688
5042 621
507 2431
6528 4616
4534 775
1793 8896
1728 7775
1810 6645
137 8902
4409 2062
3916 3769
1224 4951
6751 6711
2231 2779
2197 7274
4225 6087
2384 7643
9002 2725
1548 4306
7384 3739
5518 6590
8464 4183
8540 8600
1826 11
2284 7321
6049 6517
937 7160
7979 6416
9003 4840
281 5519
5910 1117
1884 8440
6910 2854
7529 7066
62 6114
5497 8857
5897 8816
5522 6059
1972 3375
5605 650
1334 5999
4013 5955
1184 6742
1702 7319
317 5035
1205 6809
8985 3849
7303 2278
8264 6713
7806 1513
6001 1245
8157 801
3608 2902
7402 6743
8586 6183
42 5638
233 1851
604 6123
8276 1306
1522 4122
4643 2441
6876 2824
3917 8045
8512 1065
3816 1724
7662 898
85 7252
5127 7581
1023 569
1578 7223
8548 3239
4680 315
462 4457
2301 1023
2941 4843
38 8219
6857 2947
4540 712
4353 8467
5001 1944
2017 7705
2352 5339
6815 5097
1276 69
3271 4335
7495 2848
1822 8385
481 7741
2748 1308
339 2218
3177 8686
5125 7590
2425 6675
4832 9044
7706 8941
7619 3452
8890 4033
5559 388
5812 8344
6103 1854
7757 7848
3630 9061
3298 5193
7089 8
1805 1768
6847 1090
4023 2062
8450 3218
4458 895
6567 5819
7481 6902
8124 6040
4090 2851
5362 4103
4536 5814
6017 3536
5735 8778
2872 7076
1440 9048
5827 5795
7164 8827
2866 8698
2277 5977
4777 90
8073 871
1951 8207
5386 4718
5541 7004
445 3508
1302 4129
8762 5689
3259 2268
964 4634
9036 7389
1580 1713
4106 3821
2753 1194
3308 1634
4963 8206
6728 2539
1032 7250
2646 8798
3825 1871
515 596
167 1542
2211 1665
4827 7659
8669 8456
4644 6698
2692 8330
1635 2200
1972 3547
4330 5516
2137 4847
7861 5056
4842 2890
2408 8945
1909 4554
3755 3142
523 8892
2087 5973
2312 8767
9062 3174
333 1959
4099 8062
1305 3780
4604 3252
7248 69
6021 7003
8838 2216
4176 3910
1029 2884
1136 2410
4365 1156
6974 6051
1727 8769
2387 6029
3769 1248
5608 2925
7335 6827
2548 6146
3615 5126
4699 3087
2071 5415
2881 7884
956 6918
8522 268
6251 6054
6092 9002
4728 4937
1990 5640
2421 2612
7037 5427
3349 5664
1460 6543
6507 1507
7103 9005
4948 4275
8824 975
4860 4717
7486 408
8758 5490
7598 8744
5972 1606
6190 8950
4245 2489
514 6061
734 358
1475 6095
3089 6898
7950 743
5568 3196
4393 8901
1415 8681
6981 7818
4129 2950
105 4019
8102 6701
6800 8993
7408 2059
4561 629
6851 3410
8071 6983
3164 3293
597 65
2160 5325
8070 182
2221 2048
1217 8028
5965 1418
4870 8400
8327 580
7670 2735
7196 1503
4552 3501
6559 1818
5221 4284
6496 3948
5447 6736
1400 5990
1196 8284
4893 7561
7385 3371
748 2545
7123 8489
7426 4494
6323 8638
4201 4609
1153 4772
6970 5471
1220 7305
7352 5184
4402 1860
4685 5714
1124 2275
1956 5286
756 940
8662 1762
2481 7183
2429 6529
4415 7589
1155 911
4570 8196
5816 2016
1115 2648
6488 5463
5482 4845
939 4158
3405 5412
5930 3665
8286 6115
3107 1255
6643 101
2710 5437
1524 3797
459 2491
2724 3490
924 7858
5165 985
3772 1747
7269 3093
7768 7923
7415 3245
6272 5185
1025 6210
1077 3859
5538 2305
3259 7604
2838 6741
8669 7346
521 7780
885 5239
7907 8412
5283 5527
5742 6616
4891 2258
3921 3671
1289 1800
1329 3836
1390 8364
59 5144
8275 8678
8086 3657
7764 699
8319 4355
3509 5340
2291 8742
5284 6861
4 7390
68 936
3617 4315
936 3010
5106 9046
4933 1745
7496 3163
2341 7472
454 672
5469 3656
6449 5712
696 726
8802 4324
2243 8159
7922 583
5698 5218
452 6655
8997 7176
186 2206
3980 7584
2260 3620
1185 7251
1767 490
2266 501
1816 1429
1967 8527
4381 8068
3155 7570
5248 8162
1950 7289
7200 1135
6052 5414
2060 7609
669 8302
8541 4475
5053 7736
2513 2889
2907 8816
2361 8409
2498 1656
8490 4509
4497 2805
5309 824
2321 7372
7856 6236
5142 5127
5978 3579
5005 3985
5557 6973
8885 3792
280 2555
273 4207
8729 5748
3356 2572
4185 6813
5053 208
6663 7794
8325 2970
2728 1772
5129 7550
5653 4668
3961 5447
1946 6138
6856 7378
5985 3226
1356 241
8978 4342
8730 765
203 190
5631 3735
3201 7291
6379 5998
5702 7560
2836 3542
4884 1361
3322 8212
6590 2788
7535 3006
1327 2472
960 1358
8931 6400
3621 6958
2564 3084
3077 1942
988 5443
6753 7771
5699 2338
3775 4393
5974 4444
3719 4744
3200 5035
5778 3563
6678 7464
7284 3012
5758 3473
4860 1154
8260 6266
1179 908
4576 4906
3772 2456
1897 951
588 1714
1899 3632
106 2735
3332 6805
338 5252
4186 4035
4493 8421
4927 1748
3609 6867
1182 7730
36 7949
1840 4348
1743 8543
6734 7635
3774 5931
2110 2792
8123 6781
1334 7525
1999 2008
6936 2584
6987 447
1476 8599
5684 341
3291 6827
1120 218
7537 7702
1493 5693
3778 6982
6682 4993
4905 3965
8061 6907
392 6907
5192 4463
7598 2583
8397 8481
2078 1537
3150 6708
418 7851
268 5612
3969 1343
1579 5357
5905 6119
4404 2359
2759 1827
1862 4892
1910 8558
4197 1481
2777 5766
8033 2125
433 5248
8251 3556
6613 8440
391 946
2972 1595
8923 1912
3521 6627
7187 1377
5820 7865
5238 6950
2008 3246
7009 8100
916 1628
661 2084
6602 8644
9022 6641
899 3838
6265 529
7027 2373
3512 4642
4707 8594
3298 4928
6660 1295
3963 6105
2543 8172
1647 3296
7273 6754
6479 5381
516 7141
3727 7782
2877 1943
5642 4443
8572 3092
5833 2665
4955 1823
5799 4521
7739 4487
3380 4775
4637 1376
4294 7201
1908 5031
8247 821
4095 5465
3444 6193
8342 1095
1877 4461
1353 1448
6676 4026
7177 2081
8578 8636
5165 6476
5564 2544
2332 5260
1078 7997
6743 271
6071 8420
4118 3737
1770 6237
2397 3926
1985 2543
205 4242
127 3076
6533 3739
1928 2534
1236 129
2243 143
4746 5461
2065 2801
1994 1430
47 4916
7644 5465
1746 4622
2378 8348
3838 584
8349 2209
7792 6697
2317 3793
1242 2627
2262 3460
652 4707
3956 2764
6343 3355
1591 6016
1018 263
7082 3557
2371 530
3086 493
8379 5234
3470 5198
3989 887
8908 5218
176 6534
122 2645
5089 8149
8557 7767
2717 3759
5459 5057
404 945
665 7638
4828 6280
3238 2077
4406 660
2035 5991
71 428
4247 4232
6878 249
362 5969
830 1499
4288 2037
4411 7706
8641 9010
4818 1623
2649 1785
5099 8437
3181 7175
942 7499
3798 5117
4588 3394
3926 6673
830 7463
8184 4636
5628 7584
948 7639
3964 743
1585 1677
8656 508
1753 3433
1777 8056
3795 8829
8018 6872
8282 2438
5420 933
3959 3500
9086 743
5397 461
556 8433
5481 300
2896 7260
5230 7068
2635 3517
6565 1394
6958 7074
132 492
8876 868
3819 1872
2496 6245
2605 1013
6184 8569
354 7030
4278 1690
4489 1944
1428 3440
739 5754
1218 6145
4198 4225
6273 8056
3432 1826
4758 2240
8488 5061
1396 4335
1154 8455
1495 8238
6089 5864
4072 3751
4032 2392
747 5654
3230 6639
4484 9057
1999 5945
2024 3932
4317 1582
145 3622
2994 1537
4971 8130
6784 5184
8929 943
862 8271
457 4503
8692 2170
5550 6836
2013 4782
1897 2144
4057 7157
1557 8565
8274 6322
4108 5603
5226 1169
246 6191
8349 5208
2767 4737
4874 6522
1075 8855
8916 8566
7696 6717
2315 5038
8370 2709
2140 604
4417 49
236 8834
7883 21
315 8229
7772 7819
2288 8145
314 2348
4749 7567
3395 7018
4996 6053
104 6770
8018 4165
7590 8250
5149 7027
6730 6408
2439 5455
1257 6598
508 807
2740 6510
6309 2756
466 7062
1889 8301
69 3471
7186 1164
7809 153
7132 429
2808 79
8447 2474
6950 64
7935 228
3145 8485
3220 8255
371 2208
846 2198
5472 3516
8003 7263
5494 4913
7002 2329
5914 8670
2557 1308
6727 5079
3267 8551
8870 8223
3186 8552
3390 7
888 2691
8426 3696
5289 6169
3641 2930
2090 6680
776 1217
5359 2701
5698 2427
8398 8394
2116 9030
887 5153
2683 4201
5520 540
6571 1578
1822 5004
5840 1602
3143 6487
5625 4266
3033 5036
2560 8696
6456 5470
1201 4311
8194 4549
4630 5522
2715 772
8233 2942
5984 1568
219 8047
8581 6221
4756 4196
7310 6421
5530 2747
4873 3740
6809 7443
3448 5017
6629 2073
2103 3693
4235 823
7374 4824
661 5722
1773 616
6899 357
8536 3229
8306 6701
6072 8061
7017 5904
3204 3795
6854 2246
3386 6687
1814 5448
4785 4269
8723 3665
6512 4435
147 3812
8430 73
2644 7332
2507 2154
278 3100
6547 185
5311 3262
815 2870
8713 4137
6581 6494
3900 6351
8063 2980
6442 4396
893 5300
6468 1769
1739 33
488 959
7683 4967
3300 7930
8105 8542
4792 3125
8180 5723
8112 7528
2544 2275
3362 2483
6103 8838
8975 2507
3156 2978
8774 6134
7601 3446
6744 4813
3293 119
3133 6635
3175 5582
6886 2306
1324 5348
3995 3014
4805 5254
2098 5679
8472 7757
362 4962
7892 8207
7491 7308
387 7374
6897 6417
1343 8873
7224 1550
4546 463
2043 1507
4258 2005
2673 5454
264 8076
88 8336
9066 5170
4746 6935
6391 6975
3880 8810
7447 611
875 2250
573 3313
7361 5226
8879 8832
3837 7908
8927 8037
2106 3162
8322 3212
7063 6407
4624 15
2430 307
3025 6634
7536 5705
8356 8811
5326 913
5914 8212
3101 4919
6438 8627
6564 710
8337 1587
6340 503
6905 8514
5627 4960
4380 3218
7329 6477
3160 5301
2796 8588
8525 3551
5892 3871
5668 5400
5034 1224
1527 4514
2988 6377
4319 6783
2291 5304
2296 5761
1511 8668
2593 2160
569 5397
1516 2906
7356 5953
6861 4541
7722 4049
5960 7804
2841 160
599 4437
5695 4763
244 621
4599 5874
4473 947
4805 7656
949 3194
283 6221
5151 5318
8731 3881
2045 6768
4803 4728
5596 4476
8736 540
7176 5101
6770 1671
2555 8626
2909 5365
2680 7300
8123 8261
5614 3618
8494 1728
1350 970
2541 2947
4181 2628
7917 800
7067 3806
7921 7442
1539 8044
3556 645
8906 5615
7769 1712
2764 3754
3515 6261
1835 2097
3141 3110
548 32
8550 940
2774 55
1935 5547
1779 5083
7045 2731
82 7939
1924 8469
5898 2550
5437 1394
8117 8075
1681 5800
8465 4101
5885 1717
3587 1981
3320 3188
5186 337
8116 4557
5266 2415
4995 8735
219 4314
3270 5048
6500 2033
4839 8675
7433 3039
7861 7989
822 5403
7042 934
3497 2357
7183 4689
3257 3656
2100 3190
1397 7403
5391 8035
5682 7400
4373 4595
1679 4294
2518 2739
5316 1598
1956 8772
5156 8239
300 8971
8622 5937
8465 3177
7077 2221
1862 8998
3285 78
4398 1568
1856 4523
3782 8233
3447 4692
7105 5518
4892 3828
1837 1916
5573 5255
6515 2296
4710 4285
1962 7301
3737 6099
5899 4363
466 435
2404 1209
2166 7497
7627 2639
2937 7039
2519 6752
5793 348
3045 375
2198 4592
3880 4229
5195 2848
3594 4972
3695 2
7194 2620
2258 3089
5237 1194
2555 380
3313 196
644 2363
3835 2393
7405 5078
1131 7247
5070 4461
2598 1667
5049 1715
4250 1832
1274 7935
8179 5795
5788 1626
124 3492
8459 7109
1259 4725
3548 5881
2302 3947
1584 8737
6388 5821
204 1080
3266 1759
8937 4970
5624 419
1646 9026
2217 624
701 4150
512 5771
3570 414
1038 7565
3351 2081
2110 8729
4619 3738
1283 6575
2607 504
3822 7636
5068 3083
1238 7833
425 6525
2718 3575
5141 7682
3531 4200
5327 4455
178 807
2599 3898
4419 2950
6623 7932
975 1372
7 1206
1600 7034
6796 8537
2213 440
3419 5388
7652 6886
8948 6700
5773 5379
4105 3627
971 3944
7279 5196
8614 1881
953 8564
1435 5344
984 6183
2713 3059
8603 4059
4385 4788
2091 7516
4382 8122
7433 3704
6065 4105
74 3615
4917 3723
7397 8417
2448 8972
2192 802
8466 7379
8701 7667
4670 6499
7188 5204
2150 3222
2119 1950
7648 4857
8521 8143
7186 7528
8368 5254
543 5040
1259 1356
284 5381
781 4905
787 5222
359 7381
5539 6173
6602 8086
7152 7318
4336 1991
5458 200
8680 6291
1546 8102
5609 8646
2522 6731
3222 1505
2415 7075
6163 2646
2745 4369
389 3132
2580 8300
6603 7870
6654 5401
6284 7807
8748 1786
163 8457
3213 26
9069 5145
2311 6312
8759 5442
109 5299
5317 6837
3591 3752
5224 6538
7104 2655
4717 3151
7309 9063
4094 8291
2983 6982
5957 3577
4873 52
4076 3387
6983 1267
8992 7642
3393 4675
2883 7394
3412 2731
224 5603
3353 4615
7607 8018
7978 409
1862 4200
5617 2965
3520 1685
7410 6591
776 3004
1293 7142
6541 2547
2509 7795
2028 421
2447 3645
5202 7501
4040 5578
8759 4438
5926 5479
6897 5259
48 8002
6470 5263
6710 6841
5359 7801
8731 528
242 5206
8474 4866
5501 2472
1531 7076
5839 1472
1057 1320
171 6511
5954 5708
904 1787
8891 6220
952 2414
4462 7710
7822 3969
266 8520
5145 828
8757 8866
2510 5069
4466 8870
3450 6848
3201 6042
1614 9034
8132 1557
5946 3209
7120 8934
8317 8665
7725 2978
615 7752
8147 6121
8555 3799
9055 3564
5161 8697
6296 5610
7517 3617
4349 5867
1674 3379
8168 5976
6968 2492
4716 1873
414 7698
5808 1909
5213 3283
1902 8658
6304 4785
7187 2463
5245 5503
4073 5895
1117 5856
4151 716
2642 3805
600 4328
7694 4569
4177 5605
607 7559
8517 2157
4864 7519
4607 8788
1880 3214
5098 8275
2962 1301
3906 5531
7945 1140
1771 2006
207 2281
7494 4439
8086 2394
8568 5533
4971 7662
4778 5281
5858 6955
2128 289
1149 2786
5509 5281
162 3740
5498 43
550 5139
2298 8059
7147 375
6177 1005
4470 1858
2420 8083
6133 7661
5182 3961
210 81
3597 7195
5588 172
1853 4600
450 6239
3490 179
2734 5318
1605 657
5863 7799
5025 5133
2375 1148
6131 2733
4913 4372
6628 1170
5238 2156
5644 616
5992 35
470 4572
3198 5130
441 728
7144 1710
6174 3120
8434 2759
6426 4674
3220 2169
5852 2906
7961 2574
2142 3883
4481 8751
6686 409
1218 8143
2196 8719
3375 6041
5720 2434
1384 5124
5037 3632
469 8448
4579 7980
5537 4992
5622 3640
4983 4624
1242 5537
3380 175
5088 5079
8861 2805
2356 4331
8857 8672
4550 7962
1271 5831
4144 6760
3214 3549
3687 7830
1956 4340
5864 5351
1681 8662
734 4051
300 7102
9066 1592
7505 2237
4836 5531
6926 3441
7143 1966
6761 5433
6107 2182
1640 8042
8483 3923
2282 1329
2975 7878
1849 4056
7374 4029
8882 4120
8977 5532
8418 7927
430 3384
7568 921
1554 4992
8706 2885
6734 5198
7966 1288
8407 5222
4142 7575
7987 133
8661 704
8335 8409
2167 7532
8684 1580
3715 1970
6891 7423
8413 899
6611 3928
3357 764
715 1907
3206 8884
7929 8367
5741 8466
8797 6992
2124 6448
3844 6331
1917 7868
2345 3066
6618 6572
8810 2524
1928 4887
3850 8300
1529 3117
927 2834
5920 309
5702 6042
6147 2726
7317 7261
8749 821
353 7485
8548 5902
2079 1396
3116 8383
9081 7194
6048 9067
144 2073
8747 3718
8577 3230
7642 2302
8725 7772
3161 4874
7738 4583
6049 7238
3988 6936
883 5897
6473 8081
6044 3488
3552 2781
2660 8384
1314 7729
781 7813
5030 7198
5821 3982
5318 5495
1503 2802
3726 6850
2765 5875
1521 608
5621 7149
6031 3562
7626 3582
3894 6505
5665 2960
3666 537
8547 6967
7217 5505
3191 4060
7262 1665
3617 5160
4824 979
8216 4362
31 771
1248 7247
7242 6394
2460 5416
7801 7980
3420 7522
4832 3236
4020 7163
6159 8198
4174 6776
6953 6915
2354 5941
4730 3115
4839 9013
8686 1309
1352 3443
1664 7416
7469 7704
8177 9007
6896 1465
2700 7219
6028 77
8496 7974
4909 3200
1572 67
7662 8370
3491 7994
7501 2610
6881 2347
8687 1553
7895 6259
7222 2107
8474 6860
5894 167
2171 4902
3514 4482
8665 7480
3918 2172
8709 692
3562 5845
6321 200
8560 1028
5935 3090
839 849
1588 997
2392 8036
1647 7701
1567 1022
8478 2101
7714 9033
6433 1461
6352 6019
5994 469
8362 8280
5095 5343
4006 5690
8314 5607
6258 7911
1706 5402
2826 3625
1511 513
3345 8204
6249 7943
1885 2995
336 3326
8591 2999
6035 6011
141 6196
1132 8742
2398 2599
6843 1849
4014 745
1419 7366
4012 7455
1968 1513
3681 5496
8941 7912
8015 7869
3637 2455
1678 6631
6090 5467
3351 8610
3487 4203
1492 2744
340 4297
3653 6125
7821 3195
345 699
6940 3559
1709 3881
4190 3701
2544 4796
4683 4410
1977 6346
605 7514
8591 6326
4174 3528
3097 3456
2773 3757
7362 5393
1991 5329
888 4899
1077 4832
4905 8490
8067 4933
3034 3886
6296 4784
1709 1032
977 6877
4385 286
5980 5115
8291 852
5966 5113
3528 1586
4439 3137
6203 870
2556 465
1618 4519
4321 2025
2438 6915
8801 2714
3091 1346
4963 5181
2425 5524
1669 9039
1227 5424
4480 5475
2570 5495
3948 458
7046 1454
6089 4469
5934 7650
5231 7569
6357 6349
4430 7589
3702 7809
24 8798
2427 736
7143 8481
4588 5880
3760 945
7279 411
8984 8585
6218 7004
7226 5291
7772 2654
6932 7547
2617 7770
9027 4259
4349 5367
6404 6131
6850 748
3038 2859
5837 8048
2024 4159
2430 7934
6233 3284
2905 6724
8976 3984
7545 8917
3402 7360
4124 2047
786 3001
5591 6954
6229 3367
4830 617
1907 8447
3975 4529
2343 6106
4240 7420
5221 2000
7549 35
4527 9058
6892 8607
512 4190
3533 5787
5326 4898
6420 3554
3781 8932
8366 4115
1100 1478
4253 8462
2394 3666
2388 3258
1883 4338
7511 7863
2543 3780
7233 7847
7489 2735
6936 7827
8166 7905
2086 4354
7470 9075
482 3121
8416 7935
29 2233
6769 6812
5250 5826
5747 348
1864 6550
6974 8493
3827 1907
1854 8746
4390 8499
5860 3000
2420 6569
1370 4300
6619 8372
4954 1826
2723 3340
5508 6790
7029 1663
1318 2805
1569 8073
111 456
7763 4147
5150 2623
5060 2193
5567 1403
1935 1988
5960 3979
3122 3556
7911 5442
7877 1417
2890 4235
8024 7694
53 6207
6369 5595
8500 9062
5667 2090
3528 390
7265 6537
6223 6756
6414 3066
168 8
6828 3956
2339 7023
5797 4248
4490 3009
6548 6032
3534 7019
7348 920
6328 6095
5972 1049
3518 2042
8200 4703
5108 4764
4871 4654
8363 8380
7543 4405
2067 8371
909 5710
5975 1640
5691 1430
4011 4646
3729 3663
8162 9076
8227 25
2993 8846
3593 7328
2974 413
3488 835
3452 4612
3080 1603
4922 3808
2382 2906
6249 5559
6006 156
7451 2689
1231 6222
1158 5596
4965 134
2985 5709
6005 7848
7444 5662
194 8248
3560 4325
6516 339
3324 104
1252 7877
6887 1839
5232 3081
6231 5805
6885 5364
192 5016
1733 6273
7736 8936
3248 3147
1473 7101
874 5790
538 5114
1762 2164
5469 8852
3932 2008
137 2337
4812 3668
1142 8410
4876 1759
5383 636
3106 8674
6081 3368
2022 6056
5862 1964
6497 1014
1692 4035
5536 7125
3924 7558
4113 8325
6551 8320
5850 7734
6103 5075
4465 3439
3884 6560
6150 5246
4914 9060
7384 2396
1042 7145
763 1498
7300 6397
4642 6455
6341 3386
8439 8045
6124 4949
7489 8257
5944 3649
2794 5878
2764 7542
2783 3127
3546 7688
282 7142
4385 2967
3881 863
3861 90
1365 1662
5342 3848
1473 8121
1316 5520
909 2514
3253 2807
6404 2127
3836 3297
6037 7055
4606 7118
6730 5831
4834 8911
71 8292
5225 6387
6859 1021
7245 5936
1018 2109
7919 7728
7875 498
8223 1338
6177 6753
5322 1341
5156 7363
5980 7097
783 4902
7316 5004
6660 1652
1810 891
3232 8685
6685 3639
1990 961
4997 3516
8673 8860
2374 996
3712 167
4121 7161
6366 1271
204 7970
8927 932
602 3128
7126 4054
4512 8884
8308 3724
6270 8517
5671 7790
5228 5755
4460 3538
1754 8523
7094 4125
2569 4424
8062 2931
7980 2416
4062 2425
4735 6260
1699 4327
4963 3159
8095 186
8986 5504
6437 8784
8494 2947
7122 5438
2863 6750
5940 3588
2759 5541
4869 4595
2215 1899
8251 7413
5724 1853
615 3644
5078 598
4879 98
3532 768
4600 8646
6009 8291
9008 8222
409 5158
6561 3594
2307 5899
1174 3448
6831 7532
3039 3623
2612 4303
7044 8445
2629 1261
5382 8478
5744 4261
4837 4027
1153 5863
1526 319
9047 614
5917 3523
6699 2713
2251 7531
6189 2808
4343 4551
7625 5148
3548 8706
8480 4518
3566 8607
4815 470
720 6458
7755 2684
2838 6632
2531 4170
3765 7378
2023 6627
4416 8141
2829 8494
6234 4772
4172 4018
8014 4480
8645 1187
1875 7003
5732 1871
7293 2819
5225 2207
4408 6190
700 7002
1805 7133
1142 5727
4740 3687
2170 6874
1771 3866
4338 4843
8422 4394
439 5264
7049 2526
1213 8161
444 3308
7291 503
3453 906
7273 4435
8266 5725
2463 5651
6055 4522
3137 6637
2770 5030
3468 7302
5104 6544
6918 4531
1576 2162
1417 3761
8589 7245
3166 4342
4651 457
9000 4659
1725 3784
2349 3273
7960 5434
7961 2147
1999 8777
8934 3510
8333 8423
4738 1832
5773 8225
8254 4786
6372 6548
3922 6077
2020 1922
8289 829
8328 6542
1519 1687
6607 8680
4050 7658
3346 206
3331 9007
7470 6097
2222 2682
8118 7078
1611 4370
8499 4889
4486 1498
2044 3499
3179 4944
5431 3283
8791 6102
2538 6890
5822 3455
6096 1255
9084 3146
658 4886
8340 786
8318 1129
4948 7190
6754 7606
7343 3787
3137 2095
2237 1607
8431 6167
2909 363
5276 7588
4516 8246
789 6787
1229 6260
3467 8579
1588 3024
3381 2828
2769 7493
7160 8754
7918 930
549 8187
7516 4251
7357 5447
1181 1057
1146 4644
2600 7547
5302 4699
5506 6195
5782 4124
3995 1108
437 9044
5592 8072
2831 8612
247 7071
7294 2288
2076 477
1146 542
2716 3877
424 7311
8435 2247
1016 7466
8934 4173
2523 6026
6713 4946
2846 5013
190 8148
4589 4202
4119 3225
29 4778
4396 1405
6503 3781
1775 4270
2379 8625
1807 8939
5261 1711
288 5081
1068 4544
129 610
3457 6808
1456 6311
6050 5710
3035 5485
4452 7100
360 4566
681 1104
2685 7615
1432 8668
1851 2969
8297 5350
8186 4374
285 8202
7123 2920
3980 8220
2437 8490
5062 4373
8613 1000
5560 2228
1386 2111
9065 1833
3065 3387
4571 7750
8576 4436
3822 5990
4673 2355
8436 4175
6771 1389
3820 8384
75 7691
1371 8610
2810 8594
4013 4632
6996 5142
4917 7268
8922 1129
5177 992
4567 1225
4288 209
1775 837
1562 2031
2165 4569
7382 2072
8710 2300
3304 8524
2317 6146
5665 4286
8167 7407
606 1090
7163 1648
60 6648
7400 2716
5722 3832
8016 3812
7317 8640
4638 2158
2750 1691
3856 6500
5501 8030
3302 1275
8536 6829
4306 521
2941 3030
5490 8360
7873 2815
4921 4382
925 6023
9037 3784
3063 2532
3061 616
3909 2091
6649 2931
5972 5146
6793 5391
2749 298
5054 993
812 2607
4576 7274
5478 5019
2954 512
4490 8762
231 6157
3090 5948
3192 3392
880 5011
6617 2439
478 7714
7364 8080
6577 4238
6430 5613
5481 7375
4275 4149
6378 6621
3184 4664
2537 5677
1703 8727
7724 6646
791 6613
4729 8156
8408 3295
5423 4608
3914 8623
3132 9056
5811 4795
3123 4275
3223 6088
1868 5325
1638 303
3655 7226
8057 4768
8207 981
498 1639
1915 7100
8675 4104
5424 5785
7350 6745
7726 139
7730 6631
3820 5248
8768 3434
3544 6604
2955 4259
4675 4874
8290 3676
5416 2942
4790 1070
4951 3703
6957 4198
635 1207
8887 8796
1587 7823
3937 6156
8615 7307
1141 2070
37 3051
859 2878
9072 5161
2817 1379
2811 6059
8700 441
4331 4128
6086 8201
8897 7323
1240 9054
5358 682
7732 5669
2914 5772
4380 9089
5865 8182
6301 5410
3768 3678
4513 533
6891 652
5598 4876
875 4293
2605 7433
7074 7302
2234 8287
1336 502
2128 7065
1699 9061
2809 6686
718 6574
8577 5024
8012 1540
6274 6224
2337 2480
5946 3956
7564 1757
2187 8226
7944 6504
839 8084
3858 4533
5270 4711
4977 2819
7565 5707
3651 3774
2388 7038
5935 1737
4840 5839
1281 4999
4446 2965
5067 3344
7793 677
4515 8926
2593 3855
492 4323
4976 5865
4685 1789
794 4600
4757 4058
366 1299
2949 5386
3168 7502
7459 3145
8091 8364
9076 2066
8160 6658
8037 6135
1037 1202
3716 7689
634 6566
5029 7397
2465 3088
6519 2652
277 4682
6358 919
2835 8455
4632 2643
416 39
8815 7040
319 8187
3660 3443
7354 838
5738 4367
1495 1828
7232 8048
8915 7258
2614 4583
4462 5700
2826 6785
6023 559
830 6324
8650 5763
5770 1195
6997 8850
106 2347
8173 1810
653 3078
358 403
3905 1467
2769 3388
1286 2962
7713 5565
2154 1205
3920 3789
7895 5475
6162 3060
2551 3079
5104 2949
2729 3071
2003 2540
6293 5817
5253 4372
3992 3130
4847 395
1104 4063
6448 7969
2280 5336
7982 1643
38 1865
114 2254
8638 7467
4057 7861
8323 6749
5102 4331
7296 5395
1801 5086
5400 3407
7320 8865
759 6016
7786 7852
2561 3909
4933 4274
4862 4289
3472 400
3940 4091
1258 2631
4964 2822
7928 1906
3716 6929
3204 8793
5411 1064
8525 1848
7467 3475
5753 7414
2563 79
7332 6101
7517 6633
7058 5760
7721 5801
7982 1245
816 4793
2259 5520
1624 3994
1589 6616
7053 1831
5603 4548
8292 2240
3316 1838
3397 5532
1351 824
2400 335
3384 6811
1497 309
7475 969
6679 8743
7931 1641
8618 7883
7923 6911
2802 8604
5012 2581
1758 6562
3330 8379
2368 8347
6918 7492
8474 6293
6292 4563
3834 1208
240 6250
6227 6576
2338 2948
346 7975
2556 6775
5663 3814
3740 7696
1854 7036
4714 8540
3106 903
7528 4587
1834 2682
5579 7892
6019 2295
72 4986
3846 4743
1593 5561
4250 406
3685 8363
6829 5820
7078 1518
2868 5790
8643 1423
2373 921
2863 2310
6333 2443
8844 2226
699 51
1941 2770
3317 1558
6591 8332
8773 1178
3757 760
3736 220
4593 1664
1270 2444
6993 4540
6548 144
7375 4798
508 808
3399 7179
6356 1850
6525 910
8874 7795
6804 7898
576 8099
177 3877
785 1738
7539 3749
7957 5680
8832 2664
7880 3604
4098 7089
3553 3600
2364 8243
3456 2103
1791 2227
2788 4968
4732 8809
1676 6267
1059 7849
9001 4531
5049 3708
8495 7419
2890 2274
7907 1809
101 2604
4078 411
8165 4931
3686 4370
57 8010
7025 2411
5078 2996
4220 8030
3776 1525
1019 7263
246 4877
2542 6434
1207 5226
1360 363
6570 158
4727 5292
4838 7482
6251 7731
46 7074
5322 5077
4439 1736
1327 7091
1735 3143
9034 2479
31 4550
2603 1863
1620 1795
7314 2066
1760 7185
3015 4375
5465 2484
6351 1181
2804 3078
1037 6726
5600 6432
7247 962
4680 2437
5709 6048
6976 8299
734 2256
7975 2918
3624 5238
3124 6161
7924 7085
4713 8608
1024 2846
7633 44
5669 5369
6514 725
2195 4125
1367 6438
5148 1636
4719 427
5274 8129
777 3386
5009 2730
5855 361
6208 8206
4276 1342
5057 7486
7383 4685
3888 6510
4163 6312
5086 1292
8975 7894
5285 8131
2173 3962
4618 4993
3100 8321
8617 8093
727 6775
8442 4309
5579 1074
1789 2692
713 3355
5194 6887
5412 3416
4505 286
2150 7220
7341 6086
3891 1514
7813 1522
4946 8332
2298 5269
6662 5069
7073 6547
6271 2727
1333 644
160 1734
1705 4697
7485 1829
4686 1703
2585 5047
7000 5939
7958 2935
6991 7611
3868 846
8743 6003
41 8270
183 2484
4545 212
5219 7513
4755 957
5996 4320
5745 5194
9027 3123
2403 2450
9062 8378
7634 2356
5341 4810
1543 3596
1242 7318
9017 7242
8633 963
4019 114
3683 492
7837 2025
4864 1670
6007 2018
1410 8231
7849 1476
4823 312
6682 2789
6784 6632
4399 8905
8115 8718
1861 4585
6934 5264
7054 6904
7792 200
8039 3130
1011 2085
818 4052
4639 6107
2051 1123
3429 6385
5285 6911
5912 3156
5788 8524
8213 5216
6920 2501
2040 7387
7676 4155
603 1171
802 148
544 4989
1954 5512
7708 6495
6168 8040
7424 4523
5557 4652
6942 840
1864 3275
6717 714
5587 8151
8231 79
3110 4766
8772 6789
6337 1250
2182 2842
7246 5072
3908 9048
3183 8938
3319 2749
8089 5498
810 570
663 8728
5804 1922
6043 5841
8652 210
6691 1246
131 7180
8353 3309
329 5668
157 6621
5645 4937
7253 7782
3254 4033
3906 4109
1916 5565
2335 9080
739 4279
1659 6723
5188 1174
5926 6099
4293 6546
149 5250
1046 3478
3166 4775
2350 967
1310 5679
89 2601
6453 7283
7325 338
8097 3464
5686 3427
2990 7456
2310 7715
8029 2639
3910 2935
1033 5204
5870 1957
3327 6612
2877 1582
4215 3391
1712 1237
4414 8658
6315 5201
5784 3651
4215 3321
3340 4340
5629 5451
1181 4224
1627 1893
333 6083
769 7957
758 8004
5577 31
8125 4003
7529 1197
5892 1993
8504 4400
8586 8160
272 2979
140 1637
7472 1890
2748 6606
2640 5488
8782 811
8289 312
324 6115
2478 1546
3472 4437
3045 6704
5565 5235
2720 5469
3875 4327
8468 5291
1618 7331
4625 8451
4160 3254
5131 7297
5652 375
266 2264
4225 3734
8197 6142
291 271
6888 4946
293 612
6308 8663
2321 404
8679 3835
3399 7839
7234 7855
5140 755
8771 3911
6369 1726
2847 7429
8360 4990
6394 5413
9026 7268
3877 7020
6455 9014
7822 3078
2203 7352
1782 8310
3680 1923
7151 7001
5584 2719
6121 8641
7476 7859
861 3155
8022 3266
697 4456
7828 1240
3538 780
7981 3537
7616 3913
62 6148
5648 7709
2931 788
6764 857
5444 4426
3664 3994
4458 3320
3297 4325
403 7123
923 1488
8734 900
5950 1421
6310 2180
2902 8295
1730 1144
407 5922
2164 5261
3820 2761
586 7597
5407 6203
2819 526
4570 3055
3822 2251
5027 5215
6483 1104
405 5247
7256 1250
2569 6463
16 796
2126 2854
4959 3125
7964 814
2737 6278
5001 19
1650 1431
2821 4891
4367 7795
5627 4062
4700 6105
1312 6977
8389 5359
1998 2514
2897 367
7917 2404
5569 5916
545 7522
8544 5133
7746 5031
3234 4025
5828 6859
5285 8140
4510 8756
6946 1232
2783 5722
5961 2721
917 426
1527 5953
2688 5645
4508 1276
824 6201
3282 6405
7656 4268
5034 7995
3848 8031
3435 1604
4189 4574
4804 5887
4590 1570
14 8614
6286 1042
4084 7870
7613 7290
487 4991
5648 9075
3446 8780
3950 49
8050 5517
80 1327
4878 3888
7422 941
3884 6859
7455 5844
4969 474
5120 1560
2121 3870
7860 7004
8091 8350
2666 5282
2056 1301
5674 2768
464 1729
7813 4771
2690 7292
5575 5094
7743 6194
6604 1695
1121 1411
7602 3314
2693 1177
7515 8245
8417 7018
3241 2293
2534 6361
6833 3473
3136 3819
5756 6064
7533 5779
4154 5113
5794 6542
7656 8968
7836 4621
7504 365
185 2255
8972 3349
4796 2317
2253 468
4973 5915
4053 7306
455 4085
2817 2834
4532 2914
8399 6846
2889 7381
1755 2191
3550 6881
7755 8395
5200 99
7103 8345
372 8667
2661 8335
5065 5443
7937 3674
4072 1145
7863 7740
7657 1399
164 6360
5726 5273
5934 3929
2924 4592
5206 8866
3522 8543
698 8981
7205 1337
785 3449
1766 2617
1908 6091
7779 8540
371 4597
55 6962
4196 2181
8428 8326
1063 3312
8651 670
4491 7747
8862 3919
7010 4965
3587 793
5256 8332
2275 2722
691 3412
4688 3024
1199 2518
434 7812
3116 3032
8861 3208
7398 1422
5923 5739
6424 7506
8665 1091
922 1460
7296 3530
828 3766
6929 7997
5815 8759
5790 3914
5409 7369
8466 7563
8059 7411
526 5943
3968 3320
2256 8354
2235 1061
1332 6974
1672 2377
6584 1865
7612 1725
7610 7602
2864 6603
4756 7394
4880 3993
8512 2310
6359 8702
7856 1556
5504 8917
2447 6320
8555 5120
3012 1916
5375 7455
5124 3854
8850 7934
8903 4342
2273 3146
6272 2910
7210 5320
5366 3268
2363 607
1323 1439
5306 855
2388 562
5428 2714
5860 626
3487 2758
3742 5083
5911 983
8495 6214
6390 1167
4560 3496
667 3200
3027 8225
50 5051
5631 2828
8761 3390
753 5278
4956 8852
7887 5525
7558 943
978 2736
7653 8468
3712 1585
2757 661
1416 3337
4441 8036
4717 4260
2589 7604
4096 8034
6269 4582
5186 801
2148 8666
7348 7713
3282 8400
3155 8951
6155 8046
2522 3195
3037 8717
2738 3810
579 8504
5795 1833
5416 3960
2706 5180
468 1779
3210 3148
3976 5744
1831 3002
2252 195
5980 7982
809 1299
6239 5803
3828 8942
5724 1524
2707 7010
4221 8453
2334 3646
7960 4039
4083 3014
5634 427
5030 4925
1092 3901
5892 4823
5010 1215
6380 7665
393 9068
3670 456
3724 3887
4781 1769
7506 6277
4791 2661
1393 3396
7134 5199
6488 2315
6895 751
5960 4767
5335 223
5552 398
5537 2833
6759 7755
2219 2006
8422 4664
75 5778
1256 6971
544 7679
2385 8644
7916 6381
1172 450
1665 6774
8054 711
4719 6302
7084 1213
277 5658
1324 3011
5432 367
5730 646
3113 6794
8855 1094
6056 8312
509 7610
2113 1749
4274 6780
1103 8151
331 3031
7511 1489
268 3919
1265 8303
4447 6654
3205 3733
1700 8695
7877 4569
1 7633
3925 9050
6328 5392
1814 1610
4555 9036
5331 4499
2443 3308
5127 7965
3107 4184
8106 5400
3216 2860
5023 5543
7097 6695
2284 1927
6198 7275
7495 484
656 2520
5458 4271
2691 6778
4353 7406
2184 3226
6038 1138
1040 1569
213 637
8465 5143
2733 8237
1052 4534
6187 8582
104 7115
3387 1033
169 2315
5521 4030
1273 5727
7804 3638
5417 3854
9033 7687
77 4891
5989 8414
8986 6492
2350 6132
990 5586
4313 245
5783 51
8008 430
6667 7235
8379 554
8142 7435
1271 1480
2250 1037
7458 3434
6052 6930
3952 3446
6582 6596
1283 4729
5796 7856
6678 6182
6405 7428
3549 6502
179 2319
1653 7810
1721 3910
1315 6942
1783 883
7237 4388
750 1499
2494 8830
3259 1445
873 5321
4164 270
432 8567
2417 8804
1469 3063
6147 2615
3191 436
2183 561
6776 4752
1737 4655
7033 5608
2497 865
5521 3075
5267 2185
8837 5792
6937 5608
251 2372
3286 1194
3032 3158
5046 6358
8604 5553
2668 8679
3592 7273
1143 125
4643 3640
7855 5372
2324 6008
5673 6059
7752 302
799 455
8925 3869
5823 6152
8331 6853
3029 3252
4329 3685
4507 1563
2752 4736
1663 8174
2589 3111
6717 6965
6114 4031
1544 5294
3936 7348
2048 8438
360 4589
2579 804
1780 397
8764 6654
4542 1501
6616 3239
201 1049
3608 643
7838 1216
8824 5074
2263 3531
4757 4124
1745 4903
1457 6721
2276 5041
4448 4240
8601 654
2921 1482
5859 6852
2013 9016
4300 394
2583 4884
5405 4242
5602 8209
7883 3075
3368 7333
4693 2354
5819 1174
3595 4430
8506 152
57 3303
4928 5087
1007 3339
8835 6525
2784 9020
1094 7763
127 421
1610 7497
8191 2341
3392 8899
2382 3990
5753 3803
9008 1354
4871 80
1326 593
3241 3299
3806 3918
1691 6299
7445 6521
7172 7448
7587 3919
2422 6723
4065 4912
653 2814
1161 4107
1758 76
4753 4993
5401 8843
4645 3911
2103 5039
4512 6269
8824 7698
4677 6352
3761 2446
1635 6730
6815 290
886 1879
7582 4585
7858 6874
4652 5121
7908 5073
1908 3764
6401 8916
8025 8320
1980 1793
4982 4967
4192 7459
2015 6429
2631 7399
3465 8674
5747 5696
8664 4474
1402 2658
1602 1534
7017 7212
4068 6884
4543 8288
7484 8722
3130 4886
6928 2681
8185 3754
5723 4544
630 4487
6645 2353
7474 6209
1010 3727
4622 2528
8561 6505
729 2157
1004 8318
369 5016
8443 5788
1111 8750
1781 1206
4074 4276
5208 8736
8458 152
7377 2141
2427 3631
7246 7878
8210 793
4432 8526
3587 1887
7639 3782
6470 2465
3255 3394
3819 8256
6967 7787
2648 5068
8505 6226
1389 8352
1656 8032
4773 8631
685 4984
6523 4549
2144 1672
6226 2017
7826 2160
8305 5118
3861 6179
6805 7927
8535 5920
3699 5939
8329 2060
5315 454
3830 587
7703 8596
1873 1262
1858 383
9006 8265
706 541
7985 3660
7744 5178
8549 8149
6432 2305
2483 3100
6142 6367
2224 6253
3311 874
454 5010
6229 4594
1757 4787
3848 173
2161 1130
581 7007
3027 5346
8400 8706
3582 6308
5627 1929
8313 6678
8522 4886
7029 2054
5964 7759
3606 1172
9052 6025
1867 1343
3072 6183
5715 8046
189 3264
1240 7078
3451 967
2223 1968
6681 6632
6475 7130
4085 7488
1843 158
4822 1315
7112 591
5393 4407
651 8908
6248 7415
3987 3628
1703 2322
78 7917
7306 2858
3489 4238
1557 822
4875 7190
4998 8440
4706 2820
4672 4927
5667 1141
3551 3222
516 4132
4444 6592
5913 4347
8645 7501
4681 3411
8479 2034
8765 7682
2115 3842
4797 4585
8660 7454
4283 2370
902 8252
5414 2754
939 7121
7990 2259
7174 6984
6937 1221
4168 6096
3031 1236
9 7918
4924 716
7644 5777
6782 4211
6712 2186
6991 8820
5352 1970
5394 1279
825 693
8445 5372
3364 8467
2242 6480
5327 5204
2026 6698
2148 2200
694 7703
8376 5984
8504 3784
8300 6920
7203 1331
6975 3447
6940 4573
4774 9071
3274 2150
7239 3923
3486 6957
5345 9057
4151 3181
6319 2507
749 8687
3315 520
7624 7855
809 275
6237 4802
4142 2775
9078 3616
5729 7236
2336 1288
2637 1297
9026 4581
6197 4231
4090 724
7124 2924
2196 1202
475 2199
7419 4210
6143 7005
3903 4377
7498 1232
1133 6430
4263 716
8821 7873
6242 3729
1213 3203
2454 3406
273 8272
3287 7794
2540 1441
5540 862
4614 7918
8825 8377
2156 3047
7457 2060
8904 3737
3379 4110
9018 237
4525 3016
7229 1120
6752 2943
8853 1716
8253 8512
207 5731
56 7316
7376 4
3983 3907
2085 1696
4407 5055
2591 3020
8001 2515
6719 4162
4896 8104
7347 3551
6433 3847
8855 9083
4079 8241
3725 738
1944 7853
1453 8697
7102 1628
7563 5298
1425 5616
4646 493
4453 8570
2251 5729
3082 8004
3756 717
7243 1849
2350 8592
7503 1819
2068 6968
3371 3083
8590 2581
3688 7676
7088 6196
6593 7435
6192 2007
2904 4017
2843 2085
3128 206
588 1588
5290 6782
7845 8538
4203 6293
2384 2238
3512 6718
4557 8703
8283 6739
8806 2143
7141 5866
3265 5695
6149 3797
1904 7801
1427 2910
705 3767
4538 615
6612 3248
7367 1551
7518 8721
8968 6264
7603 6970
2594 5940
8482 7032
6501 10
3642 3095
20 2698
7758 6309
4752 2939
1962 416
2313 7776
4617 8135
3971 2446
1902 476
4641 1816
3084 6702
710 557
7422 7209
3899 2608
6421 7254
3210 764
5347 4846
1096 4697
4460 8154
6417 1452
6339 1733
1264 5598
8461 4388
6439 7906
1833 6013
3534 7148
8957 6245
8215 1629
3233 3230
3248 8019
5444 2936
3000 3883
3043 1323
497 3981
7479 6360
8163 4248
7630 6003
4395 5775
8631 296
3448 6081
4991 7479
5839 4297
5222 5326
8910 557
8871 1753
8424 1408
6870 3508
1207 6877
3095 978
170 1051
397 5849
853 6528
121 3836
5528 644
3380 1932
6638 1618
5860 2640
1284 6890
1859 3748
3874 1881
8292 4547
1683 2554
7916 618
7101 4641
1126 6588
6738 7333
6508 8625
6958 1348
5273 7486
1812 3810
2756 176
5128 6192
3021 2688
5655 6560
798 3570
4431 8948
2857 1324
4545 232
4481 5845
620 3764
7530 6498
7092 6128
9039 7748
2575 2613
3198 4515
4399 4355
8760 6915
554 5580
5757 7182
8424 5211
5215 4433
3747 3398
7548 7180
583 8211
3996 465
1397 5116
8027 4204
115 2211
1045 4976
245 5505
4496 8587
2374 5507
8736 8477
6383 5798
145 7767
4375 4067
7573 3579
4196 272
5740 5734
687 8429
5035 3572
1683 4360
3099 6397
3034 5830
2996 327
3647 4742
2622 3113
8546 5838
1328 4334
2976 3873
2909 7272
8056 2770
1637 6201
6651 4112
124 5375
5660 4925
6403 3417
2518 5629
5883 44
5894 3442
1693 123
1771 1892
6552 5158
4446 6108
6265 309
8787 1647
1847 266
1543 1578
5298 5647
7840 1111
1420 8321
1330 2967
6683 1801
4978 3635
5906 4598
3580 8576
2869 1836
2489 1176
10 7438
3501 321
4178 6635
7274 2088
2910 5300
1874 8006
2719 1697
5939 3579
6074 813
3125 8875
5558 5769
7480 6423
4098 4699
2370 4524
3221 5360
2562 5837
3337 5274
2313 254
3422 1785
6389 6969
3670 6055
7169 7464
1321 7243
2194 2644
5702 698
6913 3891
7292 834
1322 6797
6702 3534
7521 7152
159 4340
6462 7295
2052 8461
7806 2658
3267 9018
7325 8699
6173 3821
1838 1535
7133 2863
6520 1935
7759 2279
3369 2193
5346 4772
4070 4003
7916 5364
7864 8618
1479 6415
560 1571
6686 6995
8343 1179
2969 1266
6503 7735
210 4533
8236 4458
3594 8519
6899 974
8168 5920
7585 5131
8617 261
705 2815
2795 5377
7451 2382
5977 1570
5909 3700
4819 4738
8301 3390
8359 7834
6322 1844
4000 5698
557 1198
3749 9006
7189 2865
846 8734
4896 8881
6176 4707
3807 1363
5417 6008
9033 3456
2656 372
8120 6037
3460 3711
5275 5783
3974 215
4622 6591
6771 2992
8004 2757
99 2458
2611 6740
458 6338
8394 5765
8657 8105
5904 443
5798 4899
5916 8607
8351 3673
6278 7841
6139 3821
7995 1186
1522 6753
1648 4150
4243 3415
2958 5236
8432 8599
1773 5453
1599 5616
5762 353
3728 2765
7370 7256
3418 8903
8367 2229
2091 4741
6815 384
4354 2100
5758 4951
3185 2710
6871 142
5139 174
7684 6412
4979 206
8817 423
4206 6894
3252 4002
3545 7430
5137 5792
682 1874
7752 6802
3365 2679
5601 3077
5386 5526
756 3847
1793 6801
8968 7986
5838 7623
5584 8917
1698 8288
3109 3861
5530 7290
6747 7383
3220 361
6712 303
1975 1484
4209 980
3616 6460
2423 1504
5740 3050
5176 4627
4879 8570
6094 7220
1852 4454
3278 7218
227 463
2680 6644
931 8188
2445 5119
2338 2963
1921 6381
2352 2585
4783 6164
3434 341
3563 1312
6578 8139
3439 4086
2637 1137
7318 7052
1634 1166
1429 5529
4013 4734
2839 2428
6929 7541
3582 6528
8196 1953
6201 58
1335 4354
5515 3621
5834 5266
7140 2142
814 4215
6238 7441
2688 1819
3673 4865
4135 601
6873 5453
2261 4979
2942 3348
170 5662
2010 7743
5344 2695
1239 2432
1309 8473
7953 8943
8448 5493
6317 8073
5597 3403
8133 5031
597 7723
3610 8992
6903 3827
4860 94
5558 8149
1344 935
6471 3845
445 3114
4714 6276
7434 2262
4032 135
1946 8424
2266 5742
7483 2432
4795 5514
2153 6776
7753 1819
3479 1940
3214 4032
8876 4809
9009 5217
3747 7628
7015 8946
6517 8530
4308 436
6647 1239
6066 7401
4517 5298
3883 5956
4621 5100
390 4807
2976 806
7396 4633
193 1636
4042 2271
7481 3553
137 5648
6430 2368
8786 3633
7250 1344
4615 7508
5821 7633
6343 7270
6139 4388
759 1814
6024 2502
3365 2816
5700 6513
8773 2089
3655 6716
6871 4752
8980 6862
5457 8808
4750 1475
3270 7001
6124 8267
9022 8296
6924 2449
6839 5671
8310 7193
7987 3640
2038 8202
8926 8023
6940 2031
8421 672
1200 1358
4112 5373
7174 4940
3233 3888
2572 5663
4613 777
2657 4977
3095 3526
6612 4137
5282 3372
2053 4290
8233 571
7995 6137
8053 5446
5620 631
4945 2636
7417 5900
4298 5316
4871 5613
2865 8548
2247 5761
4726 7470
8585 4909
1733 6120
3059 465
5119 3128
2552 3989
429 3773
1784 1776
3862 4683
1658 1233
8382 5111
5012 3520
1898 3426
624 6492
4344 2775
5244 4259
7182 3
5212 7848
1460 5607
3654 808
1069 8974
4355 4384
2846 3685
6414 4482
1088 8111
3794 8053
5481 671
7669 813
5590 5301
3830 1756
293 8026
8560 3833
5643 609
7379 2029
7015 161
8094 7217
5516 4716
2216 1945
4427 5770
2698 2874
8270 4141
7275 9051
8365 5401
8068 4483
7394 5570
2777 5632
6814 2878
5258 3453
950 6878
7319 5590
5983 7135
5242 1354
4501 1417
5575 5562
1734 7326
8341 7638
4690 591
7693 2473
2562 6216
5917 149
4554 7168
3705 4597
4299 1959
7659 8421
8118 7959
8119 9032
1803 2100
3153 3811
1876 5771
1957 474
6582 6207
4367 2710
5430 3179
3846 4096
170 815
2212 3363
4456 6400
7986 5832
5419 7283
3463 1080
597 8964
4896 5632
8013 5802
2435 4056
5444 7857
1718 107
3189 5876
2374 3766
14 4312
4429 881
5483 3006
2586 7061
4983 3823
4168 6345
5287 4755
897 7276
650 2129
6799 3419
8731 7046
6443 75
1792 7287
346 5683
8561 2553
8676 7758
7107 2440
5054 6759
4710 66
4053 6755
177 8334
8947 7572
2327 3796
2116 7251
5785 7000
1563 2856
9057 8414
6402 1914
6585 6793
3561 1690
1700 6672
1065 1864
8529 8392
6151 500
3721 2763
6212 3727
7107 8911
5571 4110
6453 4193
4461 6955
5449 179
866 7647
1437 3924
4729 7171
1144 8655
8739 4577
1762 4397
1016 4123
281 1304
9030 2384
481 8680
5080 7356
1987 1689
3960 3260
1932 2997
2521 6278
4300 5877
6489 2803
8093 8427
7267 2542
2550 1306
8898 280
7420 1027
5685 8034
7522 1612
6557 6988
3104 4719
1346 4004
5044 6036
7142 1486
4429 7461
4357 1888
5794 735
6781 6136
7474 324
5911 7960
1344 5090
8836 3690
4999 3759
7784 6347
4542 4735
3389 6835
3119 6938
3790 1131
6637 6916
5225 5764
637 609
6062 3862
3268 1216
4056 5322
8776 4728
2959 6696
6624 2702
47 6670
8849 3081
1487 6521
8915 5926
5618 6618
1048 5937
6755 8800
1362 2151
753 7029
5545 1173
2458 2574
432 2494
2218 7014
8054 6482
3826 2397
3382 8806
951 2075
944 4858
7578 7370
126 4243
2048 2629
22 3350
6225 3269
5673 7889
7270 1382
5435 8401
1866 6438
5166 633
7703 1043
3830 5601
1447 6613
9043 4953
1752 383
2400 2019
3506 2525
8065 3715
6634 5328
7553 4048
851 7396
2907 3934
3875 688
636 7316
2771 1839
7011 8003
7957 7628
7322 2442
6134 8193
4038 2303
3880 8164
2017 5548
8947 857
7676 7722
1198 4093
1300 2594
2608 2106
8145 3651
6382 5411
503 5993
6895 6875
5309 5566
3172 86
8781 4028
5475 8316
8072 3464
494 5372
451 1337
7993 4982
4981 6831
5327 1164
5309 6334
7228 1050
410 7649
7114 1188
2598 738
2926 2090
3702 1195
3015 7119
8519 3279
3995 2642
5490 3315
3616 1425
3049 4620
1798 1073
3371 4861
7651 7427
1583 4693
4656 821
1567 234
7888 8365
7262 1095
8325 6851
1871 8192
8200 6638
6212 2179
8854 8899
5977 1299
2746 2097
2587 8542
7383 2957
8802 6709
2454 1058
8252 8773
3618 2706
6220 834
3194 2419
5582 7275
5484 5434
2591 8520
3578 8847
7902 2728
5999 8285
8940 4901
2378 1188
4321 4940
1666 1624
6008 4625
1218 3865
5551 6494
7833 5114
3573 6745
3124 8533
583 6941
5880 308
2039 8441
4280 6932
7288 1776
3713 675
1538 2569
3223 7482
7398 2750
1358 8960
8433 8635
6783 6628
3388 3263
3244 7464
7017 7524
95 3001
5273 7144
1442 1388
1399 1780
4117 8577
6636 3593
1272 3649
1858 4583
7182 4536
5716 3228
2744 2665
1806 6479
5844 6645
5692 5473
307 9009
725 6015
1980 5705
6917 1799
7572 3878
6231 6019
8889 2750
47 2004
8293 2349
1195 8531
666 2950
2227 2523
3947 7543
6907 4901
6703 4672
4387 4173
1937 5064
4995 2768
2549 4578
8369 8442
2118 4811
8215 1940
5877 3054
1933 3268
3768 7442
1011 4975
6123 4631
3890 895
5661 5555
7799 4808
6943 849
2949 7808
8746 7393
7049 3846
4959 4485
3577 2551
4357 590
4957 8593
4078 3131
5906 631
1441 8280
3963 4829
172 7228
441 3752
7648 4806
2813 706
5786 1094
6751 4105
4589 3227
7804 28
8033 8011
394 4926
3554 4634
7080 5675
2678 3615
5878 7896
5632 7899
5100 841
7819 5572
2798 1287
4668 5168
6422 4640
413 2677
1093 498
6179 1601
6914 2664
5480 2630
5137 4839
8049 590
8592 4863
1794 507
8784 5009
5025 7948
2493 7190
1531 2541
9059 8323
7429 4927
9059 5961
1445 2024
5570 6
3607 272
4115 6360
3797 7600
8608 3813
2642 6248
4368 6603
6102 2780
3974 8382
3310 8964
7349 6905
1473 6713
1811 245
2751 8190
6314 792
1039 3554
7391 4428
8168 3312
8957 2297
351 2352
5970 1253
4281 2662
5649 7966
605 8349
6842 54
4399 2884
3746 1274
6367 449
2343 6556
7404 1198
8836 3085
6118 2038
2447 6701
2475 2055
134 6906
632 1160
7090 1696
5163 2220
6037 7420
8143 1394
6173 2767
6595 177
6876 3344
7422 2790
4636 4111
7358 4287
5333 5177
6474 1322
2466 3223
5524 5646
6363 2554
1928 6348
2534 157
6346 4793
2186 2020
627 5377
4126 8250
3372 5438
3216 4343
1722 8893
2149 3799
287 3449
1464 2549
2895 5631
4881 7691
1924 5402
1403 2733
123 3183
7659 3207
7790 6858
8832 9074
7145 5842
215 7947
1463 7414
174 2391
4465 2812
2559 6387
8525 440
6674 5
4650 6262
4855 1602
6535 3023
2042 4938
3765 8812
1939 6562
373 1008
6035 3578
5613 7825
8553 8791
223 1136
63 5366
7358 8159
5348 1301
5370 1847
3023 1258
9024 2836
7721 5408
2773 4467
4295 7547
5089 5545
5693 2234
6104 2276
7055 1981
214 3025
8984 2871
1379 7788
6063 4749
705 6781
3437 2188
3467 4363
7760 8994
5143 6988
8529 6067
1388 5945
305 8244
6460 1364
5021 1751
4052 2232
4888 2977
4653 3089
1787 3168
3235 4229
2525 5862
2800 6799
879 4386
6818 3372
7601 5907
585 7279
7895 4033
629 4273
3838 5699
8786 7719
1147 4965
4164 7927
2433 1111
697 8813
2746 7371
3873 2210
340 5789
6412 6677
3614 7216
5974 7210
2809 1332
1244 6295
8204 2788
787 8752
6990 7681
827 7639
187 4151
7126 4199
2689 5883
6669 4632
4305 5417
5456 7625
2449 1177
3636 5843
5704 8956
1337 4819
7118 5162
6145 70
1219 3011
2197 1101
1701 5144
4019 8146
6474 6927
7667 3142
8606 2715
755 6615
485 1269
793 6760
8088 8768
3287 8796
4747 6878
1613 5855
8605 2820
1456 1100
5158 8568
1980 5425
5231 5385
5735 1222
5797 4721
1903 4158
1580 2912
1615 8242
9066 7307
8460 2285
7113 5178
4695 225
5023 3138
6944 3779
7282 4405
868 6883
3634 447
1778 3085
3997 8652
3631 7388
7118 7817
4175 7180
5511 4006
2930 4465
4543 2313
7485 5947
8596 6403
8688 44
7810 2924
7321 417
1563 277
1936 952
2284 8985
4356 3874
1782 7955
4093 6526
1534 5324
963 2725
7654 8282
4776 1291
744 8443
7381 754
774 6403
7025 8748
101 1406
6080 5945
347 8567
531 8423
8804 3850
5878 5341
4652 2364
5527 1700
8630 5504
4952 1950
8040 1076
5823 4544
543 4675
1866 3584
4468 3188
4830 6530
2785 3044
877 8877
7342 5890
8557 7462
2198 3341
1308 6190
1876 5701
3930 722
4657 3382
2795 5556
5157 7929
3146 6836
771 8303
6320 4136
7479 3135
5361 5355
8539 2463
1639 6670
5199 1365
8344 7209
1934 3969
3352 4921
45 669
6257 987
709 4469
3336 7009
8552 1470
8363 6308
6040 7748
3428 227
3447 2193
6709 543
7691 7269
2982 5697
7380 3768
5946 6150
3738 2199
7680 5615
688 5112
5302 4185
5111 751
4803 8723
3698 1531
4640 7940
2468 6496
7106 1335
3872 3191
8408 397
3172 3153
8117 8360
2260 5665
3957 337
8748 8499
8601 5473
6331 5335
8809 376
3033 1408
1506 1373
889 5409
6184 7770
6060 1103
8900 6082
5296 29
4811 6906
842 1085
8958 2217
6303 6167
3305 1742
1340 4400
6281 4436
7225 6038
8339 5246
1326 246
703 3077
7310 4687
7008 360
1914 8950
4253 6763
3720 8935
8043 3301
5044 199
8880 5487
1112 1227
37 1955
1431 1623
2061 5638
2071 446
6979 5699
2984 6670
1516 2106
8043 5277
7315 8166
2635 4858
3971 3621
7220 5570
4304 3406
6230 7013
987 5693
3118 2678
5199 4326
8224 3126
5733 2336
8746 1986
692 2333
6211 7424
236 4035
4173 3750
3565 5524
6586 4879
2453 2119
4395 3950
1458 8220
5412 7666
8131 3402
1656 445
3817 6742
4244 8928
7377 233
5260 3171
6004 7494
2389 7705
8126 8256
2152 386
296 4854
7027 234
7754 8907
6934 5657
4418 6343
2510 953
7150 5944
1691 2779
4934 4512
2566 8605
1220 8763
3285 8815
6044 7205
499 7520
7012 9041
4721 3335
7367 3806
6868 3827
2132 8206
2839 2938
532 2699
4349 4320
1835 8883
160 8895
8110 3316
2457 4747
8367 7328
7008 1039
4593 7251
840 5027
1278 2073
2742 5706
4257 6934
3017 2132
3007 5217
5263 3713
6290 6931
329 5464
1948 8981
6725 1476
4318 1900
6283 4868
7685 2763
7607 6788
7155 8105
7617 8480
4500 3539
1016 495
4424 371
8139 2690
1905 4198
8875 7850
7161 1801
5692 7345
4711 5986
7108 1882
3064 6099
6646 5145
4852 8818
8013 1689
7794 7846
8259 7063
2041 1611
8640 4559
5975 6522
2905 6514
2520 8973
1845 8163
7173 1135
6880 8302
6538 7234
2586 2644
1604 2272
2678 4928
5210 6868
6660 5495
3360 7884
8822 2409
1390 6206
7977 2368
4088 2116
8726 2721
1648 5919
6689 4696
4853 3227
8370 4975
6568 5028
2900 3167
1020 2259
4113 6210
438 7238
619 2689
3005 4864
4564 8754
5721 7710
1740 713
3507 7632
7393 3931
6461 6992
6104 8502
4322 312
7566 3761
1441 510
2097 3430
1145 1533
4304 6481
3122 1296
306 4487
6599 3785
2270 2900
8457 3006
2480 4733
5594 7229
1378 8750
5233 2282
3991 2077
6904 4131
8737 548
7870 4714
3769 3962
3527 1234
35 4601
7647 4150
5109 524
5337 2925
6171 2820
3073 3306
8724 7209
8337 1682
1294 1009
3758 723
8007 4522
8215 294
9058 1510
6785 795
1456 5152
2668 8690
4265 4131
8922 8346
2934 4070
14 6124
546 1038
3634 9031
5240 7784
6401 6803
1994 2649
5310 2202
6883 517
8976 570
1745 980
3149 6082
6082 6071
4451 6129
5236 6646
290 6559
4277 8493
6831 6134
396 5387
8193 17
8819 6031
4133 1115
684 5363
4394 3614
1018 1535
6162 5887
5896 6013
2817 6671
998 3226
8885 3493
5097 6863
6053 8809
3962 2617
5585 1725
6624 4052
1559 4618
7087 8034
365 319
5780 5016
7597 6175
7953 8059
925 8870
3660 2341
724 6356
2726 1623
2935 3228
6395 792
7384 4304
1117 3717
4761 3981
2168 7767
7914 3425
1747 4191
1361 5477
4464 6800
4816 6522
1697 1446
4022 4267
1535 7465
3841 3397
6307 3432
2158 1115
947 7231
1677 2135
8137 7903
7523 3117
957 1150
1342 7919
8492 3464
4053 8955
4511 2928
3804 7879
260 2144
3739 6495
3618 7942
4567 1763
1755 1317
6804 4634
6244 2725
8431 3490
214 7952
942 3677
3815 6693
7971 1451
422 5894
6648 6210
1789 2225
4011 1507
772 1722
7981 2367
4633 857
3112 8951
3048 9070
401 2998
2603 8871
5875 154
4562 2438
7135 6143
2101 4194
8770 2369
6193 7387
4430 4148
575 2014
8217 2250
6441 2851
5498 5240
3015 4846
8485 8918
9056 6909
1825 4653
1154 4478
349 293
4392 6221
2155 7065
2249 5549
5709 3935
7876 8021
421 7125
4660 1513
6991 5589
1876 284
2806 8301
5905 3656
3172 4542
6288 2983
6392 6078
1150 8864
7699 4733
3070 8949
5154 7128
882 5578
5605 6213
2532 6093
5292 7761
1451 5294
8694 6497
3437 1319
6809 3673
9004 3912
5083 5654
6817 1361
5308 6336
1840 7195
6144 7803
4326 7599
292 712
1690 24
570 2581
1026 8596
3798 808
1434 2539
8141 4387
3442 7983
1110 1571
669 4815
5055 5799
1048 7973
233 1808
57 7454
5174 2357
4442 4531
2298 7827
7270 5692
6789 4992
4345 3982
1572 8495
239 8256
5476 7635
3804 3516
480 5044
7393 0
3728 5510
8583 324
1537 1142
5046 7630
1952 3025
6034 5871
185 5180
68 2704
3140 3203
65 2120
641 8979
4924 4080
3420 8794
7401 9004
4161 3463
5028 7721
6557 5129
1464 1852
6956 303
5650 5247
4964 4555
1060 4986
7495 552
1923 8762
4002 6798
4181 3671
1192 5306
4373 6329
612 659
4866 858
1179 7632
4139 771
1676 6287
8221 2072
5104 2896
6480 8463
8402 8673
1387 523
3510 8435
1177 5599
2158 6721
2859 1625
726 5773
2380 8211
6758 6175
4096 6925
4473 7873
1517 6802
7155 172
2457 6068
2235 8814
4190 2847
8580 7449
3286 5735
3124 5361
7401 504
2922 2331
2082 8017
4267 8497
5179 2877
8036 5676
6912 5782
1820 8993
2304 6255
1948 2537
3825 5064
5848 4307
981 1362
6996 6882
8906 3667
1482 6233
3040 7694
3358 7450
8711 4704
7777 5065
7831 8570
2871 4661
4982 2276
2138 1503
7064 3974
5378 4808
685 3300
8091 7145
1123 8847
3469 1787
8231 6449
8501 1421
7200 2670
8446 234
1989 7089
4800 1954
3620 5997
6583 3719
5486 8305
591 7667
8852 4802
6595 6268
2559 1556
1751 5882
7806 1971
1280 4691
334 3237
4953 6493
5715 9029
7131 6429
4155 4678
205 1963
315 5281
1895 1425
4943 7777
2145 6217
6302 3217
2683 7697
119 2898
6233 7824
3400 3486
6224 6558
2951 4998
9005 4720
2719 6027
7745 5721
725 6418
4232 4567
4460 4326
2856 6589
7126 6339
5676 3845
7891 2799
4560 2129
8914 169
7517 590
9059 1349
6722 2953
8556 6246
2481 3105
3583 5756
2869 2005
3991 1082
6943 9064
2559 5303
4131 3851
3544 664
3724 7588
6280 5206
6225 3603
2320 8953
6140 7885
2838 6348
4884 6506
3207 6069
4539 5055
3193 1812
8434 7785
1355 1028
864 7066
1006 5658
2369 4125
3039 2988
1087 1193
6397 3195
5138 7398
6192 9060
292 4895
3817 238
5231 6023
4301 8128
2409 3885
2320 789
1458 2671
578 2247
7678 8757
5914 379
4606 7510
6018 6339
8598 4764
2124 3383
4746 6260
766 4806
2677 8138
2167 4618
4336 415
8772 4994
1658 4494
7618 3802
1304 9087
8305 333
1396 5357
3382 3414
1234 8802
4744 7051
3384 1232
6336 2039
3180 7751
3449 6427
4315 4560
3423 7362
2246 4584
5534 7331
3416 9015
5566 4366
5899 2828
5007 5618
6623 4115
4775 6865
1920 8582
3837 7125
6600 8586
8196 7240
8943 2365
551 4644
5353 9050
7600 338
4435 7944
9051 8030
2784 4795
7942 3461
3403 7387
4262 7819
3188 7286
532 4545
6602 8234
3484 1767
689 2498
592 3979
8783 7355
7086 4945
147 4255
5611 6708
7554 8126
393 8453
909 8826
2496 8872
4666 2321
156 765
5187 2231
134 4021
681 1652
4762 2547
5895 8447
3736 5176
1866 383
398 276
8269 1084
8682 6676
2641 7300
7424 1220
3046 7535
1812 3421
8693 5374
2542 6765
1614 4074
8144 4333
2391 7507
7632 1212
4537 8192
7605 1254
6621 2202
6777 7148
3458 5370
1057 2183
5384 7295
34 3227
1113 332
5011 631
8288 921
8419 1091
3922 1873
6232 6110
4459 5089
3683 836
5420 679
3530 735
4246 3929
5848 4171
3234 5435
2776 5988
5028 5119
4624 5650
455 2045
7165 194
5241 8076
4281 8808
502 5888
8103 8914
235 4713
545 3361
3851 8677
5591 6997
6461 2721
3553 607
7392 913
4213 4234
2916 7031
2831 3397
6897 127
4806 6962
7652 8786
6237 4008
5332 3733
3164 5746
198 732
357 6076
5971 828
8399 427
2625 7684
431 8102
1368 588
2676 4295
1049 6688
8808 4310
222 1722
7102 7277
1637 6999
6271 1800
8205 5684
6808 1103
728 5965
965 2391
3760 639
213 2314
3780 7803
8888 3335
4154 6472
5669 1468
7894 4428
1422 2401
7635 8717
5959 3535
913 8132
4165 2076
4339 284
8670 778
2582 2156
1279 6593
5988 6802
7557 8085
2333 5637
8885 2218
4747 7154
6775 6487
4249 954
7095 1790
678 2521
1822 8498
6241 852
6950 3760
1347 4255
8644 1091
3993 2428
7565 6184
6431 1178
5018 4264
6115 8769
3 3003
27 8951
5929 4646
6313 3323
1679 2894
4286 5167
8412 3316
4554 5753
74 7460
1707 1511
5531 2348
2771 5582
7023 8024
1784 253
7234 2766
5869 8355
6853 2768
4947 3733
1414 2832
9021 7644
8107 5280
3141 4350
6870 5122
1949 7110
7368 4261
183 6285
7164 6272
8954 4036
3943 8402
3681 7344
1235 7675
1641 8957
7472 2878
8422 2030
914 3133
5172 6161
3110 4214
4269 5313
8127 587
8963 7026
4716 6075
8501 5129
5128 5371
6395 4534
7353 7475
362 5993
2002 9004
4528 541
4503 2566
791 3080
8402 5100
4098 6344
5616 3754
3254 3132
1886 5797
1075 7512
2272 2175
1816 3895
2272 6790
1424 5831
4291 7213
2852 2446
4591 3906
5791 8405
2348 3987
1041 4302
5758 5818
5794 483
1541 8848
1435 447
3563 1675
8635 1688
6519 4930
1719 2033
3572 6384
3324 7030
7415 6785
4236 4975
3186 5183
5414 5525
5890 2629
5590 2001
4955 3959
4189 7863
1067 8290
5470 6743
8202 4944
4389 2757
8270 6433
2335 394
6693 2623
6479 7645
1366 4525
5270 709
3889 4291
9032 6806
6461 230
4702 2583
3385 3947
3678 8092
7425 4731
7579 5180
4724 8315
761 6935
6497 311
4207 5134
2323 7246
8710 634
7149 8913
4805 2703
7254 6364
3889 1477
8251 1804
3326 1608
3870 2359
3455 8190
6825 3304
2867 5198
652 5460
3709 194
3051 7695
8567 6325
8021 3442
2235 8269
6619 9082
7770 6614
3300 406
5661 7581
5841 883
9086 1438
4909 7874
7841 3247
6503 7338
3176 4930
7625 1230
1855 994
8254 7891
2769 3416
3590 3937
6050 4952
7734 732
1075 636
1072 4701
5174 1090
8161 2530
1222 7491
1960 2025
4551 6034
5923 1192
1330 7994
961 2226
2643 2567
7833 232
5302 6553
5061 2575
7185 8212
8347 8445
5583 5975
7327 434
2827 8112
4494 8060
8118 2971
5961 1062
5937 5511
5751 6131
4425 4043
6521 7034
3438 5426
6779 7250
8779 144
2355 8536
6582 633
922 2590
7286 9080
5480 5293
2219 4383
3914 8745
6807 5116
2293 6900
7449 5446
6215 1373
4763 5406
188 5992
1645 4142
5060 6070
1125 8113
1859 663
5979 6352
2459 1832
3573 1357
9040 6622
6235 2859
6400 8013
4089 6507
4958 8822
189 632
4710 8623
7842 6545
3473 6024
4313 2188
1628 463
419 2968
1056 751
1060 4974
967 7717
3559 8952
8683 2504
2914 5228
140 8392
2925 189
8757 4677
3163 6571
4727 486
3510 6289
8097 4400
871 5968
8450 105
3337 765
7926 5967
8414 6715
4237 7643
8943 3376
1845 1423
4920 191
4826 5236
6450 890
5765 7946
2174 5563
292 5316
1965 5243
2592 8636
7640 8989
3548 1385
468 6073
2269 1439
1885 6401
7500 1932
5908 3004
4189 1143
976 91
5361 4293
5649 229
1975 5324
3508 6640
358 8232
8281 378
5441 55
2911 2773
7093 7611
5888 1992
5649 3035
5703 7981
2019 6838
6053 1641
4779 7173
2044 8587
8455 1028
276 5452
8611 7905
5154 2296
4023 4872
7663 6906
3762 4279
5825 1083
3677 176
899 8045
5134 7773
3059 8990
1555 4920
2342 450
8610 5429
1009 950
1452 625
7616 5487
5437 6819
1693 623
2483 8135
5218 3249
7299 4765
1322 5922
1263 4514
2917 1753
5678 4107
4626 8522
6227 7189
7584 3189
3804 4018
8450 7592
7473 1605
1274 1744
9082 6876
1285 4831
226 827
6047 5591
8949 3338
3626 2387
1900 1178
2266 2244
6557 7047
7580 4829
307 6166
7963 5153
9075 6045
2612 6217
7717 2436
2866 1757
1937 7589
2437 5164
5559 7638
6312 3142
2034 2496
3033 5478
7793 4249
5471 4079
7116 7845
6294 426
6953 4156
5061 6763
1144 2958
5774 3823
789 3682
136 6893
1406 7081
3964 944
7968 8833
8796 1863
4127 2046
2687 9011
7426 3058
6416 3165
2329 3757
7 5014
718 8161
4915 5599
7254 4532
8107 227
2614 8137
4457 7229
7327 2976
2147 4620
1259 4955
4584 4471
523 6385
8599 6232
3635 4366
4346 4780
8655 6504
6488 1615
872 5205
2940 8434
7844 5366
933 1168
5750 3177
6817 4134
2171 2362
7876 3771
323 4090
2845 752
8271 6765
4643 2845
3339 2664
8646 6752
4217 7372
1015 4009
8539 1054
4311 6253
4143 6804
330 2000
6629 622
917 1843
2541 5399
1088 753
8197 3412
1486 467
8963 4502
1039 907
5882 2481
8798 7439
9074 2395
5921 6405
6167 848
1290 5696
5512 614
6333 3328
4120 1315
6855 7669
5911 3234
1830 7221
1467 3394
351 5576
1922 6871
2619 4174
831 5039
2167 6002
1942 8093
2998 4093
6564 2538
1838 3770
7690 697
3325 1052
3399 7515
6923 3485
8406 1000
8197 4005
8464 6181
3186 8114
2823 370
6172 4063
457 2359
4757 8398
3068 5511
4102 7524
8311 3291
5836 8850
2405 724
5562 8854
1086 7961
23 2196
8718 4919
6428 5113
5568 3824
3343 2164
4837 1120
3890 5827
3488 3852
3586 3406
1622 6164
5153 9046
1113 18
3536 2560
572 7523
2685 3807
2132 4599
8621 8518
1694 4812
7622 5827
8101 5148
7562 3368
7059 4274
5549 8682
6087 6413
2066 425
7573 7139
5897 8484
7240 6490
1981 8988
7900 4279
4199 1085
2997 9019
8847 2009
4077 1805
5538 1191
1061 2122
5015 5012
2420 4731
4369 5662
6287 1947
6217 4117
8192 3112
5294 1196
5139 5005
8371 3812
5368 3909
7712 5512
7311 4973
7791 1699
4582 2267
5354 2265
1064 8969
7185 6351
2948 4575
6410 2372
785 8027
5175 5882
8358 7573
1744 7473
2221 2685
1440 3013
399 865
6065 2683
8050 38
3218 7453
8972 2982
5560 680
3966 7735
7264 2714
6532 12
4722 5192
6246 935
5171 8312
5789 8386
8290 807
8767 219
2257 8547
4425 5187
3164 2414
802 1498
2566 876
4885 1571
999 6586
2136 4940
6305 1911
2371 6955
2128 2449
1625 3559
1265 3347
984 3655
440 6113
2252 2322
5724 2063
4378 112
6446 8335
6792 625
157 3215
2796 8693
3431 2861
3019 4040
1728 3930
726 3745
8442 738
4420 4070
2961 2010
5725 1413
2038 1772
7165 2639
7904 4363
8612 5549
7449 8669
7609 1545
596 6769
4048 3752
4453 872
3042 7311
8052 5910
4907 4094
8628 917
7268 1459
596 1021
4625 4429
4952 7854
4320 5387
6649 2327
4577 5705
3669 6374
770 7664
5948 5257
2532 7865
1763 4980
2426 6556
6030 6728
8046 356
5798 3993
8996 8417
8310 339
1681 2686
7744 3912
7432 1106
25 3005
5984 7610
609 7172
7045 166
5704 2055
4182 4467
4116 5446
8848 5385
5409 642
263 4784
1134 3712
2783 6696
256 3409
3276 199
2848 41
6039 7558
856 8135
2722 6537
4867 2013
6808 5989
2919 3890
248 341
6981 7200
2072 7803
2832 8074
356 4929
3671 73
7207 1581
7552 7248
6129 4450
7923 7882
2816 8099
6195 3450
3967 8453
410 3779
4140 3083
3048 5311
8789 4165
3296 6721
5436 7205
3565 577
4649 1428
313 4412
8203 8901
1328 2376
4602 6581
6222 5925
2005 2087
6722 5992
4516 8002
4108 3237
4563 6624
4001 1797
6763 1034
3359 2414
7353 100
8458 2074
2927 4813
7920 7890
6657 7075
8878 2574
8900 8559
4422 1613
4649 2913
8562 3595
1311 1017
6298 4784
3886 6573
6635 6199
803 933
7920 6458
1206 1807
255 8753
5942 4532
6962 7162
698 1035
2346 2684
2015 4447
3593 4078
3679 8605
6475 1896
1509 5540
1204 8162
6837 6498
1350 8391
8077 4128
5147 3287
1014 1455
6967 7976
4243 5163
4535 4526
4352 5621
4004 3999
7441 26
7718 1311
7829 5290
8213 6164
1686 7943
5419 7001
2219 3119
5680 1264
4734 5875
7113 1547
1041 5917
4185 7852
6355 5680
1809 2375
2837 3275
5103 5473
1303 4838
5525 2455
8041 5025
3631 4227
8707 6108
2329 1552
1036 4937
5026 5763
4146 1341
991 6742
2797 7297
7002 5194
4987 6908
4045 63
5010 8137
7701 7437
1679 4696
7104 1521
7924 7066
3782 7737
3365 8608
7814 1164
6953 4912
4830 7367
8613 7901
8900 7152
1149 7344
6642 4899
2217 1481
6556 4938
4371 5543
6373 8866
2309 5488
184 1670
2794 221
7366 1169
7087 2118
2892 4137
8062 5000
2232 7211
6886 8343
9040 1314
2726 7359
4950 5466
4117 4712
1590 655
1891 8248
6747 82
9072 3251
8204 2692
6547 2767
3378 7660
5221 7430
8148 5924
8884 5341
2674 7753
8547 1291
1973 2571
8009 813
4394 2618
1443 169
8702 3335
1543 4972
6793 3147
4723 2771
1917 4235
3278 3953
8351 2937
3041 5864
4401 1855
3864 7431
2473 6283
10 4003
4520 5472
8435 7637
8096 4011
3981 4491
5178 2094
7240 3648
4338 2637
6133 6106
2681 5266
1257 2796
9073 7845
757 4535
1300 8671
6620 7567
5439 6794
1280 3084
4376 3151
73 6665
7878 5402
4648 446
6242 3952
6842 987
49 3217
2037 7386
2092 4770
5349 4623
286 8989
6126 8828
612 5039
391 1940
2069 5046
7320 5093
6416 6188
4696 792
1347 7337
4017 5095
6712 8038
7153 728
6303 6786
2729 2715
3242 7842
3647 3212
6239 3349
1878 5791
7192 3608
6939 7233
8823 2816
8626 7069
1234 5223
7116 674
3 3298
1962 6844
1169 8869
8169 6370
4665 8803
4976 3561
4824 3879
6917 5163
2123 7174
2926 7537
2376 8260
4233 2596
4282 548
1017 3199
1372 1673
2227 5456
2854 8480
688 2982
8005 5949
8344 6232
2171 3789
776 8108
940 6213
3636 7882
6267 6560
4109 6200
479 6013
893 8647
3178 879
2561 2981
3938 3321
2650 6137
7533 1844
7984 6608
4882 5345
6021 777
2429 6500
6158 996
5350 6215
5319 4889
8081 861
387 7297
5271 327
376 3731
8749 4180
6055 2672
8637 3887
5557 1310
118 4407
5396 3408
1943 6303
6722 4091
1595 2185
348 2616
6836 1785
8670 6937
6796 2529
7436 50
499 7183
5708 2416
6012 2398
7167 8100
4238 8989
6465 6590
84 8620
8403 7070
2409 8299
9000 8629
1775 7518
8483 9025
7310 501
5482 5958
3948 3601
6205 7403
8835 6126
838 1257
1263 2511
1171 8214
7454 3509
4506 6652
8963 4298
5292 6499
2015 1894
1840 6692
1617 7492
2626 5143
3360 582
6098 6694
6782 2940
5336 6913
7366 6353
8704 4248
8617 663
6862 4167
1376 8652
423 3558
5815 1095
6554 4010
561 3431
5835 5667
6690 5287
3581 9022
4957 3475
3833 3800
3898 3302
1376 469
797 6737
8997 7056
3377 3940
5314 8859
6342 24
4597 5363
2062 2895
4755 6555
2691 3546
8111 7675
845 2476
1701 6496
6439 8901
2927 114
1861 1668
1256 1582
6959 6910
6978 1464
8539 8897
7527 1640
1423 7736
2746 2840
2500 6242
8299 3718
3326 4549
6977 6318
2177 3598
5684 1449
4661 6441
7340 1312
8055 7900
4239 6638
7832 2325
5585 6511
6651 7346
2476 7937
7146 4319
7551 5497
632 3048
2927 269
2344 3261
4722 1203
6498 393
901 4861
2423 4206
2512 6913
381 3642
7601 7722
4004 2774
5070 5532
7336 1328
305 5201
3504 3075
3659 8148
8100 8527
1061 1431
5246 3636
7686 5335
3777 5270
3552 7507
7269 7224
7206 1279
108 8994
7421 558
8554 1676
4064 1435
5367 2937
1053 6073
3700 8594
4669 2634
3876 4308
3432 4525
2114 633
4594 8012
8595 8448
7945 6982
1150 8937
1350 4695
3250 1332
2603 2467
2893 1948
8116 826
8648 6187
4555 8653
4219 5003
7045 4500
8079 387
3205 1931
4738 3897
4281 4229
4379 1937
6980 6849
4983 7631
3212 6893
6729 1153
1151 5244
2485 7645
8282 4500
8163 1241
5123 8071
4892 6180
8269 5144
7461 6664
2124 8409
7403 3061
8896 931
4669 1317
2392 3182
1222 4015
351 6271
5736 2967
8557 8458
7227 5072
3961 4704
7280 5756
6615 8687
1260 1834
504 5776
3241 7607
2851 1119
5009 4240
5768 1527
2845 1291
3221 8076
1655 8765
1528 6330
7440 8159
3611 4060
1389 2943
6926 1576
4734 7339
5165 4889
5981 767
9040 7034
2372 5354
1713 1380
2049 4778
2647 88
5433 1979
601 4599
7534 5064
7041 7669
2102 6727
879 4912
6392 3834
5935 3589
236 6895
5752 7527
723 5243
7446 1452
5365 8842
4178 7117
4477 4272
7262 3970
2146 6064
3687 2349
1590 90
7784 2381
6527 2447
3652 5989
887 4900
3595 305
5654 5239
3565 5638
4764 5054
6620 2236
634 273
8961 7328
5190 4282
2952 838
672 6668
1807 4129
4289 4930
8873 3753
2917 6449
1749 4888
5272 1043
7780 6748
247 3959
295 5137
4516 8429
3120 4433
1530 7596
2138 2383
6122 7634
7287 5260
6697 6698
6492 9088
2469 310
1570 3926
5314 2495
7557 960
518 2959
7187 6157
5287 8209
385 1135
4873 8930
2031 2751
1717 1776
3049 4391
5856 2632
5571 1857
327 574
5988 3129
2508 5233
4040 8881
3240 3338
8205 4085
5642 4283
6181 6943
413 2
4375 3937
630 534
2495 7951
7532 4256
7941 1961
3691 3677
8941 668
1359 7990
2256 4785
7313 4337
8181 1202
4081 1856
1413 832
5396 4232
6412 2299
865 3581
8845 4551
6245 966
111 6196
1428 745
8925 649
614 4444
7763 4359
5611 2477
1405 4358
6504 3951
3232 7243
3103 85
4270 3462
5561 8587
2130 3649
2952 3706
1842 6191
2243 3154
4557 8806
749 7780
320 8482
3638 5824
199 4392
243 1046
7555 190
5610 3370
3944 5131
2547 7513
436 8087
7141 3646
3474 6892
5963 6421
4323 2083
6985 1277
8518 1973
1040 1729
6693 3891
1092 6137
2790 2928
950 9045
8082 859
984 93
7664 3536
8452 580
7859 1860
3571 710
6997 3945
1546 6277
8992 2367
7473 2825
912 1709
3774 8116
5990 839
8833 8801
4463 5728
5659 2491
4092 3964
373 978
7595 5993
567 2258
7523 843
5135 7061
3674 6581
7628 6531
5717 5958
8854 4850
889 6737
1861 4154
1083 7049
9032 4949
91 4357
5489 8131
7590 1448
5905 3994
7108 4522
8106 5998
365 3659
2540 4919
2470 834
432 6365
5873 7436
5118 5191
5589 5336
6088 3503
2591 3513
4961 2415
1558 5516
7811 6470
6178 4797
1909 5787
7836 7204
1597 825
3231 7469
8069 779
3388 5694
257 8498
3067 2985
3913 1030
8861 5353
5408 4923
8792 7263
3567 7940
4222 8723
1285 1910
2753 5944
22 4401
9052 4977
7760 6375
6919 2123
2916 4924
2482 6702
1467 5344
1203 7537
7835 7563
2403 8405
2432 6057
5243 5284
3741 5872
8712 1985
4852 513
1788 3285
3139 6766
3818 321
321 5904
7222 7809
2516 3145
3502 9081
4047 5419
4848 6653
6852 7588
4372 2354
7846 8123
8127 1199
884 5263
3323 1448
8487 282
5468 895
2865 6371
481 5799
9035 4812
3987 4612
6511 5293
2505 4607
670 4596
931 6896
8582 5296
4840 7717
1815 8021
8627 7994
4179 2912
5207 6226
1371 2289
3831 4680
2789 1632
7764 8471
7489 138
6372 2019
6100 5353
85 8595
8564 274
3829 7357
4234 4713
6932 5671
1401 6956
8799 8520
2161 1694
3193 2527
8031 9008
3082 6491
8425 8612
5059 7101
2114 8266
3304 5201
1803 3288
8591 6457
3828 2874
8489 7242
5342 8732
3648 4615
8279 4447
5650 2058
3119 4695
5949 3358
8966 373
1568 3338
2366 6617
4403 3683
1136 1356
2749 1405
6333 1237
491 2078
8602 4559
6998 4973
935 4440
3700 4361
1541 850
873 7996
2531 3379
1107 4200
1287 6676
4620 7692
3420 3062
7726 3738
1362 6467
5558 8423
203 6169
8505 7353
5782 7013
1893 2565
7116 8690
5562 13
8298 524
5563 6627
5428 640
5261 6265
2945 2514
9012 1912
2785 4950
7459 7441
3481 8627
4606 52
9054 1572
7518 5811
6650 3414
1216 5854
6762 1203
6761 1767
8993 1239
243 2213
717 7905
2905 3312
3303 8338
2841 42
1773 2057
1520 1569
3988 7042
8794 8584
7824 8211
7127 1076
3642 3575
7377 1012
7097 3306
7100 6760
5230 3403
8428 3467
3745 84
7435 2839
274 4042
3629 5694
709 3788
6714 7851
6949 6530
5474 4642
7987 2789
4663 3605
9054 8228
6262 2988
1845 5492
1874 7210
6253 109
6971 2237
4413 532
232 1247
7477 2421
8523 1354
3546 4037
9072 9018
3270 1677
7900 606
814 430
6735 311
5042 2932
8751 5918
8177 3216
2855 1346
6266 1014
1556 2464
2142 6691
3126 6723
7859 6685
1769 5156
2531 1244
4762 496
4932 996
861 3074
2081 1889
5008 7008
6029 3696
5215 7774
7509 479
6755 7112
6651 7915
5573 1263
7132 5146
4195 1581
4301 2119
3776 4914
4851 8497
2565 5853
2945 1790
524 580
1901 5725
6851 3004
6905 6855
5913 6460
6970 1765
7388 5554
3646 8255
87 183
1409 108
7749 2231
2849 5675
71 3443
8581 8361
3080 2832
7313 4901
8404 6747
7184 8505
2677 3923
2137 8959
147 6440
6923 870
757 6336
2943 7886
43 8523
6986 957
4297 3529
1445 1098
6287 8054
5499 5566
6971 707
5578 3604
4145 265
1851 6451
8962 6252
1080 702
4482 124
9080 2418
6520 8649
7076 4768
2319 6014
3122 5331
6415 7498
1089 1694
8072 6125
6692 8098
5497 6212
4395 6462
8398 3290
6827 50
7181 3112
5189 4147
7471 7080
7491 7221
6559 3050
4167 2818
4783 3269
7645 5196
5176 6007
1958 944
801 5967
6884 2234
5418 7278
6197 6480
192 2536
7109 2687
8846 82
2339 6202
1779 1313
5761 7668
8708 3963
5981 6800
8509 6302
2375 6769
8899 5927
5282 9056
5598 2588
3436 452
5307 2636
4100 4091
4858 7351
4974 7972
5310 7789
6280 2494
825 3081
4346 6458
7812 8493
1532 8201
7006 3323
4228 1692
7832 2331
2092 186
62 5673
4601 7221
8729 1708
3480 2430
1109 5001
5759 7133
1085 6896
3425 2055
7413 8044
3156 2667
8835 1485
8213 8081
3557 8927
5621 779
683 89
3557 7080
1430 7681
4492 6248
2050 8841
6154 2795
7655 2525
6411 1508
8353 6207
1264 1114
7782 2401
8309 2012
3219 2871
6143 2444
8180 2755
6147 7219
566 835
448 695
5023 692
2443 1577
2616 3173
8715 4527
3474 2901
6653 5295
4883 7023
8333 2021
8235 6081
4568 4453
1387 8920
6626 4118
754 3857
8693 3501
4393 3851
2471 3469
5925 7060
1161 7021
3334 6783
3163 5396
3090 5749
5364 2948
1914 4513
8938 1576
6396 3461
146 3522
3098 5780
5290 4406
1139 1852
1226 4885
4153 2503
6964 5070
2138 9034
3307 8068
8429 4166
3038 6866
5169 875
8152 2945
3899 1536
2319 3253
6187 4998
3515 3333
7192 3786
5482 7513
513 4332
2934 2241
1847 1491
5679 5967
3113 545
2756 3096
8500 7992
8974 4817
3201 4445
8682 6549
2403 1161
3262 6399
7109 6165
2 4436
1839 4821
3564 6435
2151 350
7232 3619
2786 83
2108 7846
3027 8563
3011 6523
4985 5668
2053 926
8598 5661
8002 7929
2207 7400
6542 1898
2004 1335
7362 7306
8304 464
7302 8437
7028 5863
6583 6071
4454 3597
6111 1772
7511 2318
5500 4010
3537 5338
7675 7967
3159 8517
980 3134
2533 7824
3928 7481
8782 4659
6617 6262
1795 1386
3972 126
7257 2517
1943 181
4386 8717
2762 5212
5045 6687
4960 3783
7942 8307
741 4593
953 511
1817 8848
3542 5623
5815 2488
3918 7851
3053 4276
8597 251
3197 243
4230 2200
7172 4336
6141 4203
6579 2184
3672 7799
8252 1741
2431 6356
320 3151
7319 6662
8250 906
8248 2941
8262 8378
1609 2889
7988 6957
2027 2213
5987 3136
6677 2602
7641 7405
6386 7865
7159 5161
1066 3577
5763 3437
3632 4290
5234 5487
1969 3795
83 8836
3453 1042
2887 2753
191 2929
4563 5132
5572 6667
8139 4346
8528 975
2708 6073
5721 8803
3747 5434
1001 516
9074 6921
5846 6021
8111 1099
9060 4897
4112 5959
105 8919
8473 280
811 5704
4016 9081
1878 6117
6652 5362
161 2035
8039 4127
6150 7815
2176 7642
5391 215
6197 7203
4205 7327
6595 1411
6255 3917
6000 8198
6983 1439
1395 1892
4538 4241
1652 4558
7343 6794
274 8510
8766 97
3520 6994
8574 1184
6086 4979
254 3193
3166 3599
1342 6587
4676 4911
1955 5440
4130 4087
7990 3922
8771 5107
1096 6948
6169 554
8964 601
5385 2946
3167 662
6618 4745
23 8428
8655 92
2616 5816
5816 6893
2318 6256
1001 2760
1253 6358
2480 7111
1471 3581
905 1844
5268 5234
8083 5841
149 7050
2465 7664
8756 4731
6368 7282
211 859
347 1023
8156 8575
7343 1365
197 7892
1549 7630
2137 711
343 1897
2933 1236
8396 3470
2708 4421
3018 1539
7938 3668
2908 5431
2565 8468
9044 8911
5208 4605
3034 7920
7757 3049
1923 3153
2921 4028
1069 6324
2406 161
66 5829
6854 8289
9016 8619
7107 3669
3470 1052
929 6998
581 3378
8981 2578
8371 6015
1409 2793
2110 8658
9000 2784
3489 3513
42 6478
2439 2611
4604 4966
3063 6367
3123 5356
6427 1415
6369 6052
3720 7309
3210 3353
8738 5082
6035 4576
7986 2681
1256 1079
5342 1474
4272 2913
6975 16
5013 6399
1646 7197
344 3262
6434 150
3494 4046
7836 2101
8026 2139
5708 1495
7396 4540
7956 6372
4756 453
1541 2708
5060 4701
2419 805
8727 3809
7157 1523
8867 439
6179 8664
2303 5354
5500 3294
5466 2303
2232 1961
8734 6140
5574 5820
1404 7704
7594 5844
589 7428
6243 4783
1285 7329
9016 8496
3540 666
5780 8718
3927 4387
2550 9019
8598 7629
2601 3378
8667 2880
8482 2345
7581 3445
8389 5670
3973 1963
7178 1212
4214 6486
96 3721
2997 8716
6112 7461
182 3979
606 555
113 1613
8763 6791
7421 7013
4314 600
4490 2840
7429 2694
8868 6106
8561 8318
1604 499
3225 7474
6734 7083
3991 70
5962 4721
7452 122
9073 5072
3561 8839
5723 3543
2503 8357
8613 6867
4076 853
535 7451
3854 6254
8564 5639
5985 4036
5791 2506
5376 78
507 4325
263 1436
7483 7805
6849 5325
8275 3633
4676 6648
414 4157
191 5071
3807 970
4843 130
4875 544
7882 4007
8000 2431
310 7605
4610 9073
6737 6415
1658 1624
3833 7427
7564 9028
8997 5934
326 6441
3202 8473
3477 4649
4176 8659
4995 2370
5428 4042
3144 6761
723 8061
259 5196
7035 4075
928 7283
7490 2751
5333 2705
1655 4178
8987 8223
1366 8117
3934 3094
5066 8127
6453 9046
5659 5265
8970 1585
8394 2112
3502 6796
306 854
1639 5050
1796 270
1855 8908
5432 1109
1969 1083
4495 4802
5114 5740
402 5321
3915 5186
1500 4370
4647 4246
7382 3998
3612 5777
7042 2390
7413 4894
472 945
7199 1726
8863 6954
7169 7046
6450 1373
8595 2011
8511 4008
6218 1704
3879 3892
6853 4214
860 4893
1978 5346
4403 7672
4543 4739
1936 4987
5472 2199
3568 8313
3116 2884
5369 7647
6387 3763
7070 7065
1605 1155
258 5393
8405 2340
1683 1581
8063 2971
5706 8634
5879 5883
986 5623
3133 732
8025 2886
8750 5162
5807 3950
1565 4257
3884 8324
6795 3484
4938 267
223 30
4255 4212
2386 8220
2791 1297
5232 648
5928 5004
7195 1869
6328 1156
7596 5443
2207 7571
4890 572
1141 8095
7096 1982
5953 1412
8695 5718
3744 328
6123 2713
3266 1125
630 466
213 3141
4334 6455
423 5949
7322 4604
7344 7677
3873 1697
6707 3670
3576 1524
6354 5478
3549 1902
7681 3237
7701 6038
6301 8355
6485 6867
6476 782
2892 1911
647 2690
6301 2387
4384 4820
717 7764
4856 3217
6459 4949
7753 7333
8357 1621
8822 3038
8801 6466
5800 3613
5653 3661
4920 1959
3967 1596
869 374
7605 6745
5056 6746
256 6140
8573 8947
493 4580
3463 3665
2476 5333
7358 5838
420 111
5380 4671
5737 6425
2133 8481
8690 896
4450 6454
3512 1519
1253 7976
5546 1217
7478 5457
8257 4079
1853 2991
3351 3524
961 2064
1297 424
8180 2242
5120 2633
1803 6637
8353 5209
8470 2004
8437 3931
6583 8390
204 3261
5212 5267
3620 1334
1251 952
4517 4936
5267 8195
1366 3498
3169 399
4218 4917
1429 1988
4910 7707
740 6790
6493 5688
2087 1409
2037 4335
5857 4786
8132 6464
3082 4166
7578 418
8756 6977
109 8336
2978 7009
2658 3834
7057 222
356 6605
3136 4517
2263 847
7147 8928
5783 779
3085 8697
4950 3675
6432 2665
6538 8296
5002 6044
9002 7925
2347 6084
8775 3055
7756 5013
9058 9006
1716 3469
458 6157
74 8053
6195 8604
646 7852
419 4704
6696 5491
6594 3824
5232 2763
3486 6224
6981 4672
404 5851
3697 8082
8803 5458
5381 7072
4454 297
6425 5560
8095 3413
2586 6821
1627 5809
2458 8153
5906 1341
6697 6419
7948 6385
1129 2778
2776 3515
4866 5526
1734 1512
1100 1250
1268 143
7690 6852
5032 3296
7282 7379
8654 1011
7324 5912
8767 8389
3014 1283
7213 3278
4403 5380
4119 613
8636 3092
6015 180
4163 2291
4837 8497
3532 835
8171 6269
1244 4693
1458 8976
960 2558
4814 8975
1896 5229
8373 4570
3159 5641
5033 4481
2706 5810
1116 5551
2907 3585
6485 7096
3143 7160
2274 8156
1421 8743
2454 497
3511 9084
8515 1432
7679 3431
2421 4267
1930 1863
3277 8239
8790 52
3405 5271
3355 1374
7329 439
666 1538
2505 5767
7727 1060
4087 6508
3772 2517
6105 1963
7816 1192
66 7110
5091 682
6494 8150
8923 368
1519 8333
6891 4513
7087 7048
1609 7862
2596 1440
6311 5932
3886 7037
6972 9030
4614 2360
1269 2157
8679 1282
3668 7591
6489 5239
4491 934
4319 1954
1323 9084
4396 5350
3718 8003
6010 3719
2589 8500
4176 4475
2182 7743
7938 2595
8732 2741
3157 7937
3971 3519
7373 484
8313 8443
3940 8498
5228 311
5124 5706
5065 5462
2177 5150
4799 7688
4216 2840
3860 7693
5675 1924
4286 4246
7735 8862
1392 3147
1426 6414
1539 7596
5118 8754
4050 141
2010 2998
2944 1310
1592 2732
7577 862
1494 8303
7614 5466
1357 2290
7936 5985
7758 4715
4463 2423
4266 6434
9009 7544
3444 131
4207 4603
7217 3306
1631 849
2687 7943
6186 68
110 5589
5789 4740
4514 4586
1102 7710
7355 7492
2378 4847
2731 1249
299 2623
1692 8732
7298 1379
6599 1926
16 2014
8639 1149
6033 8258
2869 5823
3871 2928
1829 4006
4381 3472
2395 355
8937 8987
757 6684
8155 1955
6789 8785
3952 5656
3509 8625
4515 3896
7149 6599
4017 706
7713 1515
5209 6610
5884 2802
7497 6346
7575 2286
3728 1196
2332 2866
8199 3936
2520 8114
5658 5599
7003 6133
5778 1243
600 3414
3023 5623
7286 7802
5011 1406
8392 1983
1500 6826
5301 7321
8273 1879
4469 2159
8247 809
1167 3283
749 4801
3659 2096
4829 484
5071 8209
8874 2036
7843 4343
6733 7055
8024 4794
3134 6436
8552 3460
7600 690
6357 156
7706 6468
8452 2461
3256 4706
7674 5146
214 6165
526 1193
3057 6956
2263 6158
2594 7897
2211 6489
8678 6350
970 3289
4668 7912
5110 4199
5174 4341
1159 4254
6968 264
88 120
6881 6996
6255 641
5081 6653
8225 2402
151 7186
3825 6889
1172 4726
1597 4565
2305 5813
2133 7871
3476 8555
4986 2077
8464 8877
8933 1915
886 2808
8416 4362
5901 2614
8258 5079
2772 8039
781 4748
7693 1347
4288 6655
2282 5323
1841 6523
5043 7505
1659 3243
6719 8876
2034 1859
6007 2596
5596 6054
8126 5245
6469 1397
4 1131
4188 7482
4705 1629
2864 8858
155 193
972 140
7938 3635
1797 6771
3744 2646
6065 1573
7241 772
8144 8768
5433 6484
844 2704
1630 763
3139 1587
8377 625
2318 8811
2376 4044
8999 8623
435 536
3863 4426
148 3474
4596 6666
5394 6728
2404 391
6849 856
5540 5411
6985 3358
1567 7597
8810 3953
4467 1985
6840 8527
860 4765
7849 4793
1265 4002
8431 4939
7304 148
3975 680
5197 6487
7698 6933
7075 8916
8393 6965
6960 5974
7948 8507
6588 787
8193 7110
6050 762
4462 316
3946 23
3344 1763
4945 3977
5397 2643
8066 2538
7249 1019
4069 676
4361 1750
7944 1407
5375 4698
3708 7468
1088 128
1878 2521
6282 254
6780 1066
4849 3558
2487 3847
7598 1755
7733 4941
6910 5543
522 4601
3221 6159
7287 3602
869 4099
4128 7781
5938 3281
4596 8710
1813 6249
4751 480
3871 3459
1685 2505
3930 2288
2023 6661
3126 8751
4201 1670
7147 6170
6817 3204
3776 3715
2888 6942
951 2125
77 8001
1558 8312
2862 1988
2537 5134
1307 7086
8378 3438
6727 502
1128 8266
6700 5249
1500 7924
4353 1961
650 7910
5453 4060
8134 1942
8614 2230
871 6218
6316 7578
4607 5057
1926 2151
7945 923
560 2358
1708 7796
7438 3607
1737 3911
7623 5422
5086 6231
6620 2457
5136 2080
4252 5601
470 5890
605 581
2141 2973
7810 1646
6285 673
7891 7144
3676 2099
3669 4962
1945 1000
7557 2065
8897 5571
2177 4010
6320 4790
4273 1183
1071 3293
891 5220
5334 4815
6292 3373
332 2308
3936 1048
1145 6252
6185 2242
2343 8176
6409 2815
2900 4028
6665 1915
6510 8873
4594 6524
754 3799
2599 4679
1597 3575
7586 4697
4611 6665
8358 7869
3022 7838
4488 6326
5005 4175
7194 474
425 2190
129 8144
3427 8281
7627 7783
1040 318
1077 5938
3180 9039
2635 4111
3864 3001
7271 3061
3648 3867
5910 2654
8634 6787
8948 7483
6215 2546
4424 5155
7266 5019
2958 7409
126 6710
2381 2339
9051 7583
7979 8387
740 1731
5856 7355
5420 1386
7228 6700
4876 8064
3759 2647
7953 3978
4351 1069
1994 5806
2575 6969
1393 4640
1055 7827
2891 711
3607 1081
4663 3180
6439 7176
271 936
2606 6146
2408 2551
4559 646
8603 6899
4187 6887
8678 2752
6247 6572
3404 7112
8513 1881
1654 4875
1508 435
713 8875
5142 989
471 6417
4988 398
8247 737
890 8920
5500 7061
364 9031
4234 4195
3983 7018
1835 4925
2607 7408
4852 4296
2495 480
6988 1633
6687 827
8640 1490
8452 7684
5330 4473
7812 4908
7417 1306
6674 1975
8183 7608
376 6203
1619 9027
7372 399
5187 6901
7704 8357
6939 8923
460 5026
2201 5295
1689 4974
2399 7376
4472 5240
1870 6277
6757 4726
296 7788
1159 9036
4942 3674
6085 2601
434 6109
4893 8478
424 3658
6643 9055
3424 6941
8925 5387
8960 7766
6605 6539
2328 4633
1163 4674
8857 4947
4808 1972
3045 4127
7858 4730
6805 6156
3444 4662
748 6428
7494 390
410 4749
5922 4270
925 8995
4760 83
216 2647
2515 6619
501 7671
6966 5645
764 4582
4621 5886
5572 973
51 1938
7356 4094
4087 4533
1996 5501
3376 4629
4577 6448
3808 8722
6266 7909
1481 5427
8208 8950
870 6046
4380 1528
6142 3650
7224 7564
7576 1945
8491 4659
2873 8044
5887 1314
4306 5095
3275 2962
3893 2367
91 6056
2775 6965
2141 5819
6475 6251
4366 2205
4143 5312
1248 790
1912 1113
452 1629
36 4664
6884 99
7427 4261
4571 5421
2787 8668
1065 8714
4292 2381
488 4206
3224 811
564 7690
572 627
719 735
8355 7908
990 6823
3723 2333
8205 8020
6499 3749
8384 4727
1468 7086
3764 4457
3662 7179
6040 143
1664 6868
8017 7726
3036 8190
4740 2105
1180 2913
8766 1311
1415 6108
2830 8686
1749 4296
1066 2956
3291 2262
6223 5912
8881 5006
4422 1165
2985 4931
4456 3569
1255 6732
1033 5251
5063 8255
2965 1879
152 3802
7447 7602
4269 804
3239 1462
6191 7832
459 1973
2990 7533
3789 276
7157 5998
8033 665
6951 5442
7609 8186
2032 3597
8518 5895
347 1381
1391 7457
2287 7169
4023 9050
8662 6444
5203 8501
7627 8874
7292 6393
7113 2045
1508 6331
7256 2248
3012 3864
6514 784
3052 890
2959 448
6691 1634
6835 8259
7552 3198
6784 7136
4164 3574
8415 1387
4316 497
8676 8642
6335 8938
3710 8984
4548 5517
4762 2682
3401 5071
7648 1123
5678 7070
1287 740
5696 8074
3232 2539
7535 4046
6824 2492
7524 2281
6810 459
1127 2648
6273 2189
5695 6162
6608 5440
5561 4910
332 4155
4475 1663
7148 8080
5091 958
406 7646
8263 3634
3732 4392
874 8485
3904 3103
2908 5893
8609 2099
193 891
1258 2351
446 7875
6042 1502
1906 4653
2000 7025
7330 930
4580 9023
8077 7884
5552 990
1758 6652
4108 721
3376 7586
6719 5076
3532 4120
8921 1205
7214 1008
7179 8841
6963 4057
3411 2610
7063 1615
6844 6517
416 1046
8097 6832
4661 7099
7634 4167
3766 5389
2560 4294
6398 4123
6835 8763
7742 290
5502 4677
718 370
878 8031
2668 1375
7407 4706
