9999 9998 167637310181000083 3096 2
8455 4536
4683 1498
1730 6888
5571 6806
870 7071
2524 2168
9509 6441
2362 2959
3354 4300
2128 9952
6974 2281
9499 3699
4697 485
4568 2984
995 6675
7656 6314
7023 5464
7766 3348
1304 9049
644 4411
6978 1919
9545 4839
371 6197
8356 3200
8452 6989
7021 7374
1529 1761
9421 4682
5313 8889
9617 3783
70 4587
9020 4629
1490 6398
9597 514
4721 3637
4420 6468
9066 6840
5991 9924
938 2974
876 9390
888 2488
6132 7569
8556 1426
1050 4860
131 1342
3927 2864
6468 9305
410 9570
7122 3960
7826 2007
8148 9354
6469 8627
8521 2141
7219 377
3421 4287
6753 3057
9520 802
3040 5908
7508 1715
6581 2967
2628 3232
5871 1349
6522 8377
6657 4415
8603 9154
5893 4264
6737 5119
6957 956
6049 4647
3661 2794
7332 7181
6522 7481
5812 5957
3330 2603
935 1769
9685 6698
3128 8176
3900 1283
4541 5080
1167 5628
1605 6761
3865 1130
2088 6911
9724 1689
3623 1644
6359 5688
4327 5017
8994 365
6670 8492
2604 8439
3835 1781
4277 3271
188 4154
2736 2872
732 5805
1142 5931
5652 7266
9068 5241
6928 9295
6585 8908
1551 3087
2423 1262
259 389
4095 8147
4902 8471
9025 8343
3781 398
3785 935
9765 9284
8055 8678
1270 2863
6061 1374
5652 3052
7923 2657
1992 8083
9868 9591
6083 7700
5693 7963
8656 3757
8649 7636
8527 7871
3987 388
130 2092
2372 4392
7347 608
1688 3429
5542 1008
2419 7378
8265 4956
8748 7805
3236 1200
2741 6668
3406 5332
8161 7973
6965 6568
2911 1391
8419 4732
2905 678
4625 5713
3078 9782
5999 7908
7524 2678
3946 9655
4274 9288
9399 7549
113 9916
9161 1303
9001 8104
1972 9376
7116 5492
4358 5593
8747 9311
9778 1033
4152 5062
2483 7937
5781 488
1372 4
5987 4402
5461 6776
4858 3948
5586 2242
9514 6711
6866 6344
9910 8307
8056 4687
6759 323
6276 2622
6560 2960
1368 2084
8297 9319
8916 9683
3571 874
7168 9515
9789 1280
3374 5084
9819 8148
41 2410
9961 7865
1297 7976
9781 9697
2701 5387
4453 25
6648 735
2471 4293
9539 9219
746 6498
5057 9883
9831 1486
931 784
1077 7223
4542 3536
2014 3833
2879 336
4331 897
8135 3949
6384 2030
3265 8445
6880 3075
6471 3598
717 357
3667 8321
9681 6492
3686 4409
6001 156
2381 8773
2622 1211
8781 9233
1260 8518
8909 8946
3547 1045
4494 6680
2717 5445
2599 4836
7716 2239
3163 2510
2143 3054
2768 2584
5959 8900
4517 6509
2489 4674
5507 6295
7347 2568
3583 1943
1651 4588
5816 1652
9588 4571
6724 5632
5323 3853
2727 8979
3652 4400
5707 3863
7047 9085
4112 6571
6893 4504
8661 9510
2544 2986
9641 6598
546 3854
5742 6940
3000 7464
5108 5084
3020 6913
4283 2340
2796 2392
5629 2480
1823 9875
8550 6374
2576 4259
4225 2242
8889 3058
966 9786
2247 9527
7374 947
9129 7158
8136 2746
659 8376
8478 8071
7476 3209
178 8419
1443 7258
8318 6368
1509 6313
8482 3371
1064 4475
8684 5408
3280 5133
6266 6112
9406 2056
646 9757
6656 7537
3783 5016
4073 2463
200 1875
5226 3031
887 8727
2307 6909
232 4883
6809 9107
7674 6756
5685 1831
3080 7854
4223 4460
1564 2036
1222 8651
9023 1562
9488 2865
8112 4860
8600 2503
8558 4056
2592 5617
7757 1174
2107 7610
2854 5420
7906 2574
2203 7956
5939 4235
1185 3614
1902 2425
226 5360
9750 4113
1668 9683
4118 1333
1671 1198
603 1415
2088 2615
8385 2576
9477 3961
7777 6465
6040 8930
3300 7582
3152 9852
5050 2306
1468 364
3759 6921
3559 7536
4715 1152
282 7935
1824 3739
6274 3275
387 7327
9079 332
8040 6821
609 8509
7975 8292
3418 6825
9432 8534
7637 5151
4611 969
5980 7821
1336 9738
6360 2070
3690 9280
2819 7439
728 8388
639 7146
5471 1225
7235 1400
3458 1823
3614 1466
987 7951
4831 701
7747 8281
2696 2249
9238 9402
2711 2849
558 1161
2776 1541
9452 3856
4059 5559
1766 2519
534 9813
6176 9515
860 1980
1543 3728
4128 668
6446 932
733 2440
576 6926
2612 5790
291 903
6838 7423
502 1054
5948 951
9879 5646
1330 2295
5060 7241
7779 7830
5647 6313
4874 9407
7612 9279
128 4753
2116 2799
4124 6631
6925 3753
2886 8150
2293 6364
3898 6174
1603 4368
3548 8265
1325 3383
1351 6645
5895 3192
1269 813
9146 3434
3117 3908
6106 2816
200 6026
2684 6373
4336 625
5911 6338
6706 1661
1792 8648
7917 3749
7517 5427
9923 9160
3905 3818
5442 6978
2560 8202
5101 1168
4648 9788
9494 4011
7148 6412
2223 2156
5177 4991
3530 3501
1366 8794
403 9717
3309 5072
3922 807
565 6018
5851 1945
9185 4161
3726 1987
8939 1930
5553 3942
5378 9108
6843 6355
1793 5768
1841 5776
4064 6498
6875 7845
5579 1472
8354 1815
6738 8657
6361 6282
7845 1819
6194 2906
9804 7115
7791 4196
5719 1607
4948 5173
760 2810
308 1116
5787 8816
7319 9413
1403 2659
6893 735
8855 2469
4702 7027
1499 2280
5409 8150
7623 1144
9880 5990
4779 9855
6261 8422
6788 1706
9755 1459
5991 8407
6191 2867
6598 8100
7157 1514
7697 3550
4711 3717
808 8504
9571 473
4620 4051
4575 235
3619 912
9265 8367
8438 5705
7049 8455
6711 4222
2082 4747
1323 2398
7112 3374
7403 7228
8754 8980
1319 4513
6112 2494
3663 7812
4661 9686
1076 8851
7886 5640
1430 123
2082 8066
8890 2691
9971 794
53 6231
7794 5635
1067 2394
8727 9914
3007 3173
8477 2590
3158 8409
2415 5025
2004 776
4292 1203
6434 6525
4777 3478
6505 3718
5427 1859
2296 7147
1368 815
5902 5637
6371 7625
4225 757
7670 1182
7998 7926
3511 8544
1192 8194
8802 8722
460 7400
446 8384
1027 1707
2714 2436
6410 3836
2314 6851
9460 5314
4212 5764
5491 7683
9122 3422
8270 6341
9381 1590
2982 5151
9717 4676
9528 8656
8610 4568
928 3278
7040 5386
9459 7120
4963 334
5908 3180
7742 7551
1998 9628
9723 7061
8438 5248
4855 5783
3979 709
5933 1504
4460 5595
6915 5864
4675 4908
1386 7725
8382 7287
667 9441
6089 4782
5959 8487
7499 1674
5399 4142
1483 6810
4244 8792
4805 8191
3185 390
3978 8650
2301 1655
8743 7731
2197 27
8004 5651
8883 9212
3066 2972
4761 4778
4149 3727
6750 1538
7345 2815
8511 5624
7098 9844
6115 2202
203 7461
6660 8404
5042 2550
6595 9805
9563 6432
8064 3146
8075 9904
6616 7504
5901 8015
9629 7421
7778 3482
3267 8375
7170 9074
7154 1079
7579 5605
3381 2458
7944 2546
1219 2459
4044 3019
9214 6025
9210 1277
1947 6023
9491 7477
8449 5110
6384 3812
8838 9813
3273 883
472 313
1902 9110
6000 1866
3232 6145
2309 6236
8168 9007
3854 4403
7428 5193
4318 2613
9169 836
21 5996
383 5473
5762 6152
1188 8799
3970 8666
6400 5949
1111 7468
5291 2728
7195 6826
5727 4263
2203 6917
5354 8985
3627 1883
1772 7855
9234 3214
892 3146
7178 3751
8069 5772
7755 5071
84 860
7266 8798
4000 1737
1789 4419
4333 9116
9024 2706
5203 7836
1409 4263
1344 822
6290 3418
2116 3346
9236 5747
6343 6573
8617 8619
3602 497
1939 3604
4530 1389
4085 7635
1825 480
8328 1985
9238 4084
8436 3244
1414 8952
7977 941
6748 7322
4287 5962
734 6453
7696 974
6250 5762
7564 6418
9695 7765
5994 950
3077 7744
8231 1709
9229 9081
584 1846
144 2792
572 8984
3351 3699
8147 4301
4696 877
2779 3382
1608 4297
4357 3533
1938 8806
9717 3240
9520 6993
7329 9210
1930 9370
4576 2857
329 8675
8087 5809
4992 9113
8539 9874
2265 4541
4798 6901
5889 5943
6059 8201
776 4350
1428 708
4896 3387
4230 3083
2680 7952
9216 7750
907 5854
5899 1261
2161 2610
6403 6497
9732 6427
2869 9279
7439 4554
502 2419
3912 8092
957 4885
6971 5130
7945 2994
5351 8726
870 2072
7893 6781
7818 9883
8324 4203
697 4914
4737 3793
5757 2752
353 2980
3253 1962
3833 7787
329 378
1267 5525
1710 7152
5287 20
8359 7142
2129 9151
771 2610
5370 1240
2787 4397
1830 6140
6801 3072
3404 2241
4713 9302
1012 6979
882 80
143 9853
9443 2372
9715 4567
8885 5418
6077 9450
729 9844
8944 6593
9136 6476
4846 9979
4834 2129
3518 3767
8949 7159
9121 4439
988 5704
9478 8329
8914 7323
9550 843
5595 3890
9178 2758
2742 6916
489 3142
6680 897
8051 9154
9596 8804
9037 9780
8948 3807
5072 5307
3650 8092
9570 7953
8663 5321
1291 3777
4728 9179
7542 7704
3410 552
3711 1605
7486 5896
5247 2987
4537 7016
940 8119
3135 4671
322 6645
9278 5186
8217 9323
2904 4926
988 3508
120 5865
3186 2294
8131 2035
6051 4938
6805 1218
690 6859
6413 4307
7992 7107
7997 3688
5903 2231
6313 8495
2033 3191
3425 5766
6381 6130
8973 7638
6065 6023
3183 5174
7671 3388
1392 963
8481 8255
2278 5951
8544 787
3901 7191
7257 4733
5217 1787
4698 5594
2349 9385
6479 5289
3189 5920
8959 1290
5062 62
5658 905
5341 309
7951 4818
1637 6754
531 5203
6943 765
3862 1676
7225 1188
786 3994
3100 7271
4083 5978
5084 2217
2746 4018
3326 8365
8236 2204
3713 338
7041 3882
3545 4459
2305 3105
9932 113
6908 5368
7327 7364
6221 5042
369 7267
7354 4593
9287 6418
6688 2928
8795 1246
7895 9137
2316 1700
6867 5755
1840 9203
4728 539
4750 2204
6021 2530
6237 5702
9006 1518
8288 3592
2992 2321
9301 1879
901 4997
8503 5866
7214 2667
8340 9240
6100 1220
5090 3102
5384 8866
4114 5343
6585 6416
2889 3769
9603 8385
4294 1668
3576 3704
9767 6397
8003 2807
4031 2954
7179 8878
4742 1532
6166 9868
4245 5687
664 4081
9302 2735
7739 4329
4406 3795
2557 6448
7574 3015
7697 5946
3032 1065
4991 5043
6388 9778
4203 6463
4028 5871
2442 9962
3564 5287
1235 8421
1456 7399
2212 6665
7544 8065
2583 8446
4627 7755
1262 2227
7392 1264
3485 1627
1888 1041
7190 2031
5528 8639
6498 5408
167 6455
4849 9671
2984 7572
9124 3154
6443 9653
984 3919
1862 2829
6987 3122
1066 6272
1397 517
4910 2981
8588 506
9864 1950
8718 3320
5263 7569
2418 6174
527 7883
4933 4379
26 1748
8304 520
1367 9095
1517 1678
7554 7052
3747 6732
1839 113
232 7295
1996 8585
2544 6275
8762 2720
1174 3018
1361 8134
850 908
9424 9649
3313 4771
9976 561
6159 1698
1975 5432
6793 900
4434 8259
4549 8559
8104 8635
8364 9665
3729 1102
8311 4661
7633 5036
5664 3899
4784 6511
2030 9935
2413 9183
704 3133
6904 9233
1934 291
8868 5434
6815 9378
5616 8147
9079 1225
4270 3730
8000 2261
3005 79
7606 2125
8741 5758
8234 5001
1476 5845
4796 8952
7573 8259
5177 7055
9332 4164
2349 9498
3500 661
792 6173
6193 4186
2992 1146
1946 700
9805 9475
3813 3771
8383 6599
7319 1807
9597 6200
4232 9390
1792 3930
4995 5022
1354 9098
3483 3234
1265 8470
3394 5160
4814 3606
5456 3329
7129 1375
9727 548
9935 1600
6639 3979
230 2815
553 5445
3556 7852
4183 4821
3329 6027
9076 8586
9747 4474
3009 2888
4797 6643
1353 8839
9629 9017
5013 2790
6861 7195
7067 3095
534 5264
5507 6191
3428 376
9666 1640
409 1897
3262 4663
9711 862
36 3568
9002 4533
3229 723
2841 8195
3425 1193
6996 6719
353 6767
5830 1857
4720 6578
3980 6933
6305 6293
8141 5113
2753 2336
6660 7016
8110 807
8200 9750
6327 6255
3940 82
4122 4885
2477 5631
2130 2221
4380 5675
2568 7726
3955 5417
6096 2582
2575 5488
8116 9757
6150 9114
8892 1423
8077 2450
1923 6839
8959 3666
6193 7096
9172 4534
3797 4846
3643 543
5290 9549
1746 3401
3295 419
7281 4327
2225 3847
2817 2252
2053 5225
969 9402
7715 7559
42 6758
8893 4550
3672 8051
4145 3463
7526 7294
1577 7403
749 1038
2344 331
3733 4123
8228 6208
1498 3122
8678 6033
7476 2891
3348 313
812 9759
3027 6623
4463 1047
2950 6541
1659 1304
1412 9586
2806 5062
5663 8074
2342 586
9321 2767
3172 6430
5667 4793
931 537
3636 3866
9514 2364
252 8751
1618 8521
9889 4923
629 6304
8121 1601
9358 995
6404 1426
6667 9379
5612 6128
2762 2471
9569 8609
4503 9226
3677 3898
9347 4822
7488 338
7266 3914
7044 6495
1632 9267
3016 9804
660 1595
3948 5947
5766 5993
183 6469
4095 8855
376 7325
9447 6558
8699 2153
2518 1594
2553 8014
8980 4935
3027 6727
5095 839
535 4717
1626 6082
6113 3163
1876 5067
2479 4639
6143 6369
2531 6784
2573 2510
1395 5935
4501 8524
8683 5195
3633 8863
1186 6331
4271 8480
8316 6856
7007 7151
4919 286
2254 2611
3719 6840
6442 7638
4049 4298
8494 8257
6087 4623
6949 9172
2433 6459
6358 5673
4928 2625
796 5983
1992 270
8522 581
3407 8034
9792 8324
4898 2622
7277 3431
9361 4866
6292 857
9010 3746
9538 5324
9650 2884
9144 950
57 7875
5684 8501
6090 8598
2056 4952
267 4963
6269 4417
428 1727
2073 7985
7582 9062
5481 3411
5863 5953
6555 5784
6476 7617
8603 5500
3036 3902
3869 4516
4281 1713
3485 5966
4527 9341
2184 2211
193 3130
6334 3300
5556 438
1376 5867
4843 1885
6286 3045
1020 3983
9088 4799
8832 8282
7841 6435
1393 3958
1267 605
6563 7454
9682 4507
619 9567
905 8236
9953 6212
2346 7921
9445 2746
480 9636
4567 3058
3713 852
3198 5307
2708 8022
812 4631
2507 5247
9274 8209
1309 3077
8675 5246
7191 4602
5637 7780
8228 8450
9228 8466
6193 6424
883 8667
137 5195
4728 420
3817 2209
4972 3395
4607 7829
2800 8358
1350 3538
1646 1373
2032 2339
1717 6679
6251 5601
287 1868
411 9358
475 3397
4412 9615
1456 2434
4318 6874
4860 3738
6934 1904
9865 2796
1749 9364
8353 8187
5038 2464
8035 8509
1764 5893
2442 6180
9731 3171
9686 4617
3040 3642
9614 3827
7695 5700
3788 2708
5960 257
3538 7420
5071 4013
8677 8741
3149 5785
6110 3605
7037 4196
4363 2776
8841 201
331 715
7145 4422
1529 3622
3239 1407
5232 7641
6204 8963
3138 1875
6555 5442
5344 1239
8426 155
7672 4032
4253 5454
3740 6864
6690 5928
5011 9318
6910 2564
1534 2302
7647 7937
1739 9851
6541 7163
3105 8423
2039 8480
3008 5694
5214 1749
2254 2097
5048 5948
9480 886
9758 5064
1277 6179
1362 7482
801 4915
2118 8792
9295 6494
7661 3414
8373 9606
9638 8830
5987 5582
8313 5763
1307 2568
4703 7973
3791 1530
22 7220
2213 7590
7627 1178
5867 448
1429 9530
2885 2089
6095 1854
98 4208
189 7803
117 5229
1819 4303
6133 3735
571 1363
5630 3756
8680 8910
7216 5936
5004 7937
3538 7494
1485 2394
1312 8524
2097 2009
7789 3581
216 730
7286 1318
9694 8854
3744 2687
1485 2869
9044 4958
4919 9070
1664 6864
4373 79
453 4876
2715 8944
5257 7734
5441 461
5926 970
7346 5686
8715 4213
2977 1672
1450 5398
7106 694
4095 6878
1767 8676
3491 8001
5945 1693
7172 6446
568 919
5362 1048
6770 8418
6730 5400
974 1288
5789 2151
7948 3359
7059 5694
9272 3828
5595 1826
3547 9537
8857 8451
4166 9192
6946 8220
5689 9835
7683 4652
8061 6008
476 5458
2704 2858
3553 7646
2820 1927
2108 8624
69 2573
4739 352
7230 3291
9968 1402
8169 3408
8497 7931
9295 1506
7440 4305
257 4890
3094 6347
3775 3952
1739 275
5470 9844
2236 5502
656 8234
640 9699
3418 15
1974 1117
6118 7771
1952 2286
7575 4288
7034 2315
2056 4212
7397 2476
2913 6351
1736 576
5481 6135
4864 3206
6912 5280
7536 2804
9047 5419
2983 8281
6693 2742
4610 8333
1283 8865
2556 8621
2942 5011
5490 8327
666 5384
7317 2633
5251 2870
1876 6572
7269 319
2713 7273
6839 558
3484 957
124 4321
4213 9359
7678 6139
9722 9809
2910 7819
9155 9909
6892 9174
3470 2694
2160 4407
3296 8333
3062 2354
2963 4532
9393 5148
6168 6016
7077 1404
1492 19
8807 6870
5880 8852
3579 9581
5472 8633
9444 8078
3650 5167
3686 8347
4179 6841
2180 8221
9937 6071
8406 1612
1221 9906
7449 9792
3038 2208
8098 9652
349 3047
4562 2267
7290 3276
4504 4282
6347 9376
1971 8877
7810 3213
2318 2229
8528 321
290 736
8306 2045
9703 3692
3794 2108
5357 5074
8859 7223
5440 3410
673 9211
4000 7775
6756 4894
3435 7236
3342 3119
6547 1748
8756 1783
8197 430
2670 5640
2767 2881
7447 7867
8841 8402
2389 3080
1493 2552
636 9937
7216 7601
1811 3339
4717 7972
6702 6246
2005 1057
6227 7219
6310 8784
6234 7242
78 9564
386 3102
6322 4001
1129 4414
3419 923
6583 1263
370 9364
9699 6702
6932 4782
7024 6419
9227 8620
5320 8363
2363 7965
8638 1000
4441 5847
2480 7292
8646 711
8831 7469
2808 3204
872 9427
1300 2948
7416 8063
2251 8687
8785 7390
1637 2698
2711 7846
8672 3768
5563 3150
8923 1815
3108 326
2200 2708
561 9858
4332 4301
4092 8540
7273 869
3996 3862
9396 5009
7827 6932
3100 3930
5886 7172
1860 6961
1053 9351
9065 3675
9608 8456
3957 2601
6416 4522
5577 9762
6346 7202
5439 1176
7625 2331
9933 6861
1923 8207
8626 1165
2403 3570
927 78
7839 3636
7177 3750
5293 4618
6614 2719
4316 7270
1302 5200
718 5454
4968 4211
8837 8686
7871 7791
3742 1853
5825 3694
2294 7332
1654 4549
8043 9670
4915 6698
515 5829
6740 4107
5524 7756
1633 4005
7939 5368
1870 3683
3765 9797
4362 2931
6777 6917
815 6664
4125 8856
4734 8263
5793 4232
2368 873
9718 3154
3514 3017
9260 1179
1648 6804
1094 8842
490 7351
8475 5641
2520 7896
4632 2112
3699 8993
8312 2522
8433 6520
7687 6909
1851 7700
1455 5955
187 3718
8045 9532
4597 8238
7106 362
5907 7139
3235 9
1001 4828
4911 3950
5422 7349
7495 74
7011 8124
5046 9662
7487 1138
3984 6570
2369 9540
1721 2915
4013 9546
9298 3763
5000 4669
1650 9498
5895 3485
6975 1203
9119 179
5340 7840
3053 2508
6560 5529
636 5808
5839 2947
271 5690
2766 501
3317 5750
9005 6858
8737 4778
2955 1070
6641 8738
5872 2800
4314 1383
4810 5272
1335 5436
2359 2902
2607 2817
4097 5881
9743 5673
7190 7054
7913 9073
1316 3145
9349 5387
9664 1159
8348 4716
8355 9680
7835 9205
3006 7202
4777 3552
5621 3312
1092 4084
1475 3575
8067 4895
3737 1950
8290 4170
958 1482
5579 5328
2146 5033
4569 4716
2878 7387
1893 2902
3901 6726
5473 8631
3645 7370
0 2779
2345 294
4065 7006
1402 4398
559 2247
5927 9379
5814 676
7207 5468
3030 5911
7228 5251
1190 3670
2744 5627
7201 9451
7074 6537
4158 5439
9004 3502
7921 5992
9906 6418
6650 3531
2612 9979
2121 2976
7770 5584
5697 7152
1251 1203
8698 4162
4118 18
9816 7098
6698 6486
237 6025
3879 2811
209 4852
704 5372
5241 499
9720 2324
8665 6332
1027 7470
4994 9433
1398 2316
7446 1703
5568 6706
6906 6757
5921 4491
1817 255
3063 7530
7676 458
9856 526
9966 7724
7136 1873
3373 8802
8606 4159
9189 7657
1494 6617
5274 4704
5146 2385
8216 161
6942 8180
8276 8451
1663 4747
1838 522
600 695
2443 6699
4375 3153
382 3967
3816 7539
2065 1096
6258 4088
5371 232
2522 498
858 3087
7274 7275
6233 9233
7276 7
3034 6669
3676 4550
4415 748
3446 3246
9944 1163
5591 5662
688 1448
7179 4491
7512 8401
595 9728
1067 9131
3965 1044
5465 737
4526 8733
8114 5645
7964 678
8120 777
2306 8232
5363 9812
4260 8918
2091 6029
1202 8363
8645 1282
8018 2853
3137 6972
2262 5611
7441 4185
1848 8742
4692 9133
5126 8321
2524 5566
4709 650
6131 1445
5238 3709
8557 1236
5018 9960
1808 6884
2226 4072
7792 9463
3318 5150
342 7860
5558 8036
6916 8828
8673 4724
5735 7091
7092 1898
1915 9478
5058 522
3700 9834
2410 5635
1767 2906
8279 8465
3588 8203
5764 9689
5100 2541
347 834
7109 4451
5076 4316
8383 5744
8560 3852
5373 1799
744 8407
3726 9296
1855 6640
9057 5369
6731 2571
4726 8712
4246 5056
2864 1503
2847 618
5606 8768
8105 6042
9378 182
3684 2341
9922 3258
6718 6796
8092 9592
5705 7650
5209 2225
6885 5562
2669 3144
4781 779
8070 7310
1051 1195
8925 3570
7617 4900
220 7096
2883 503
6484 5968
7405 4553
8617 9044
5397 1933
9887 3119
4599 9359
5546 372
1296 9531
2983 5699
4119 7471
431 1702
6160 6685
758 6865
7328 212
3181 9751
365 8957
1619 1350
8345 2434
6029 4725
8196 8118
1073 8865
5514 7304
4240 8351
3252 7097
9724 2322
1594 8600
1822 2747
7366 7975
4959 7084
3544 6791
8467 245
8725 3070
9066 8222
8040 2328
5336 3451
7808 9331
1198 2225
3235 861
4512 2079
3685 3822
9544 7247
6872 5565
3457 9780
2241 9188
4474 3277
5823 9987
9240 9014
8298 8492
5253 1110
4072 9181
6744 1495
2844 7696
2379 682
3725 8782
6559 7036
1742 6067
4457 6390
7920 4383
2619 6798
6245 1015
5288 283
3230 4269
7274 454
1490 7824
1874 799
8775 3319
9917 6496
2500 3128
7010 2314
8982 9056
5911 6576
4949 8961
214 7815
7991 5673
8587 5792
2532 5549
3617 3117
277 2691
7674 8213
4189 8939
6278 4764
9581 8196
1622 3849
3108 4395
7141 6847
1362 879
5647 3
5157 5708
6658 8595
7417 3374
8676 5975
2953 107
9518 684
178 6145
6480 4016
1706 5404
8225 9007
6620 1922
3979 2983
4287 7804
7849 7108
9631 4182
9532 374
9138 8614
9325 6834
7249 1164
5342 1980
3793 5558
7876 4396
649 9743
7877 4807
3191 466
7657 7738
5213 8824
7383 7085
5792 6361
9186 5645
8768 9862
976 7130
3187 6803
4526 7289
8616 8910
7649 3621
4684 1408
1705 3899
2330 8521
3956 9630
3332 9001
934 5825
3791 7929
5493 9747
6497 7894
7468 9839
6606 5519
1661 1834
3263 5639
6492 366
9574 2717
3337 8338
3508 79
9700 1449
6554 7604
5088 7570
6747 719
7523 7681
9891 7756
2957 1846
6031 1261
7930 2529
1148 4367
1696 8140
2523 7310
3680 4452
4387 7268
6613 5547
8252 5797
9160 9867
1116 9197
2879 9766
1495 4056
6002 4695
547 6701
6140 3336
6810 7649
277 229
7131 5787
5734 8280
2059 1024
2949 7717
6807 7747
8360 6799
2187 6512
8103 5996
3741 2828
3396 4404
8510 6460
6289 922
9605 5917
2048 727
2600 6304
1693 2004
4485 4598
2652 6885
3832 4111
3101 4770
7145 5115
2241 2027
7629 9441
2402 8231
2029 4502
4540 1317
4377 1932
5739 1828
1785 5287
2839 3053
2491 2836
2262 8905
4638 6318
4899 8730
585 5328
43 7083
3670 6291
5067 6763
4351 8937
8441 9323
9420 1641
6136 1616
9869 3983
9048 6339
7274 3906
2201 1593
3296 4888
5282 694
3534 7229
3092 7783
9601 5029
8850 4127
3120 6756
6104 4399
6749 8480
8721 2953
709 8210
213 1873
6173 3594
3858 4532
2669 8601
4402 7945
3762 823
3199 6739
4258 3851
5095 5796
4889 8730
4423 5219
4357 2988
7779 7253
30 4470
6602 6960
1444 7260
5769 5732
8227 2628
7775 4109
1815 6062
5723 7698
8897 7514
5390 2728
7363 4888
6705 5288
4406 33
5780 995
9560 5962
2414 4938
1598 4794
2866 6102
3845 9148
7356 1377
5226 7987
9327 6686
1317 8691
788 917
8942 7244
2960 1970
9483 3729
5294 5115
544 3307
5057 7915
6346 6584
8129 3972
2050 9470
3263 8662
7476 17
6977 2439
7591 4493
3574 2494
9428 6853
8540 6206
1000 244
5691 1545
7097 9690
992 7518
1198 4670
707 2033
1133 930
1227 3056
6478 5903
1861 622
6086 8078
9798 908
8753 2162
6852 2176
331 4253
5460 830
5361 5745
5322 3445
1755 5721
2379 8779
3752 4704
9049 4316
1730 9325
684 6958
8056 3659
7143 2426
5931 698
6024 2658
4306 4243
9022 402
6156 2387
3737 9465
4595 6991
3916 369
6980 7762
2692 1769
9156 5554
3645 3513
2828 346
3423 863
1751 2528
6682 3506
5706 7226
1716 1326
819 9569
1550 9956
943 7206
3244 702
2565 353
8605 7227
8800 44
8165 1151
6288 6375
6973 6440
4626 760
423 4766
389 1542
6510 7479
3739 1558
93 7496
783 8069
3596 3200
2740 9435
8898 7150
7133 8664
6412 8673
3326 6914
5640 693
8356 1298
2187 8895
9389 1910
292 5188
4506 4004
7785 6284
1066 1559
6969 7536
3022 9413
8408 2178
2594 2935
3697 4887
4321 8194
1994 4868
157 9274
9758 3546
7087 8867
7728 6137
1230 3876
8331 761
7434 9361
1553 9165
2735 5002
8740 5876
8027 6207
8724 4379
8050 5495
7759 6040
5807 8701
8161 2802
2580 8615
4962 8699
5489 2766
4159 9593
4415 1267
782 3197
3463 5123
9874 3199
9046 5018
6 4339
5553 6146
4050 6245
2197 2489
4821 7183
5471 5929
1811 4376
1323 9995
885 6867
104 6151
6433 7953
3622 9309
8964 6667
1653 3987
9787 7295
4597 381
8182 2785
5467 5305
7305 2862
7962 8492
6207 1135
2435 3887
2754 3722
4394 8276
5958 6102
8614 9087
5727 3954
5411 5395
5444 3417
2329 1138
3307 795
8611 2849
7692 615
7559 431
2671 5945
1031 4962
7375 5092
3434 870
3870 4884
8087 365
8517 1463
186 8202
5566 9020
2336 9448
7484 4195
9058 6778
9431 5621
4972 2412
4782 5319
6715 1536
7528 167
6050 96
937 511
5612 6262
3438 9550
4471 9070
762 8381
4303 4072
1788 9413
9362 990
5707 6300
66 1864
2985 3272
8767 3961
7168 3113
6177 2683
8783 8812
5279 9622
5394 3316
8956 7947
2854 4180
4230 6911
5380 6906
1483 667
4320 4219
2052 2600
9704 2140
4687 6696
7995 7424
1442 9758
7229 8408
6308 3939
7063 1683
4262 4745
4697 4992
5273 8981
9846 3461
1436 1379
3178 6163
3079 5856
3563 4745
2987 7246
9585 5115
3228 6169
7640 1587
3444 240
548 2927
1011 4362
8822 6467
4979 7452
9338 8938
9490 9073
3798 7277
3738 9427
6271 567
8476 5562
2575 7671
2798 6673
9224 5027
6061 4851
6982 2606
7250 504
4119 3838
3245 8162
8418 9033
8720 2419
4955 1159
7845 1968
6362 9918
8835 7158
5337 9412
1071 9730
3365 5747
1441 4421
8821 2479
20 38
1690 1418
7231 492
3984 2977
6607 6922
489 9367
7090 28
5210 8893
5222 2132
1715 6073
343 4673
8248 4716
2243 9228
2747 7173
5120 471
4167 4981
3564 4275
6303 3168
7248 9357
8270 9064
2682 3522
3664 9823
9594 1794
1309 8149
7635 4164
5441 510
351 7314
1996 2039
3445 7282
2941 9658
2877 3214
2455 6825
2499 4271
4103 4411
1025 6684
4296 3222
5487 1654
3813 4600
6907 2472
1759 1963
3009 6467
2130 3325
1810 7183
6578 7984
752 2464
5386 517
1411 3043
320 6750
7105 2540
816 8428
9071 1821
48 1665
6963 4356
1458 2726
4866 5041
9513 2982
795 2287
3150 9885
3115 6295
3745 8123
3141 8995
3888 4403
3529 1445
4205 2289
3247 2921
8268 6511
143 4197
9583 4106
7909 7186
9248 3937
3522 3778
3936 8351
8093 1374
9786 7187
954 9145
2466 7352
7122 3582
9080 3001
7186 1905
1916 2205
9974 7864
1863 420
9807 9820
1660 3854
7751 3750
7772 1686
6356 165
3551 9560
6679 9179
168 1626
3982 9743
6765 7316
6445 9287
9244 5367
4507 1911
7031 2677
5338 5872
6364 6520
1660 3355
5852 6219
8860 1483
9798 1983
4307 6144
8423 6297
8255 6676
8976 6778
3753 9216
4820 4879
5274 8674
4549 4827
9656 9290
7741 8260
8539 7350
1128 9866
1915 3251
6566 1149
8007 4381
8862 8979
8707 8126
6093 2393
7401 6922
6710 1890
3911 6599
7148 6293
5626 2253
2769 5164
5778 5418
9561 6435
282 7743
2219 709
9155 5705
9485 4859
1328 6435
7814 8170
268 9620
7041 8469
548 1439
8822 1356
8371 1031
5469 1358
8461 3674
4567 8904
5739 8791
5044 682
134 4249
573 1193
2144 6321
9881 775
2500 4404
5252 1008
4482 5021
8898 7510
8155 8447
4101 67
514 1775
3935 8122
6214 8067
5695 3415
8538 8218
6786 9544
4150 688
6948 9926
1960 7692
588 298
8888 5161
6969 4633
2903 3884
4552 2320
9969 4025
359 8327
7968 4008
9282 480
6855 327
5185 2587
3550 3938
9171 4703
1651 8517
641 5623
3998 8533
2871 5225
4163 4405
3889 2999
6142 340
7909 3082
4231 2987
3682 3444
5329 7301
2130 4941
102 9249
1707 355
2840 9005
2871 1684
5866 2726
5910 786
6210 663
1355 2147
5140 7606
9296 239
4295 3338
8125 5570
1115 3423
2067 2585
81 868
7812 5522
9715 6409
5306 3295
3105 8653
6348 4416
9294 4051
5979 4740
7122 7330
5872 4725
6250 6552
8335 8363
8490 1168
488 3100
1122 6272
9186 6721
9960 4144
7419 477
6083 397
6124 7999
9302 6253
7017 9283
7964 2428
6500 4400
2572 8447
7599 8554
6001 3613
4075 2671
6646 9435
4920 4241
560 3015
8155 6431
6183 9540
7495 1249
7195 5953
6441 7892
4811 3457
289 9732
3761 4755
9455 7496
4203 2073
8514 4152
7630 5868
7298 8917
6885 991
3147 3772
361 7257
4058 4258
1908 4812
4816 7307
196 7043
9360 7769
1167 9863
2123 5752
7367 7152
6548 1892
9129 1088
9204 5644
653 7391
3221 8388
9875 8569
1490 2177
4207 2741
8308 3578
7517 1118
945 7632
2561 7317
2628 8044
1886 8204
7626 2095
7138 6601
2499 4590
2085 8552
1985 4635
4604 7814
6857 1336
9555 1264
7197 5419
1468 4201
9431 680
3700 1757
7131 3618
5259 23
4308 7620
104 614
4135 6447
65 4317
7018 849
270 2495
9672 4315
1255 2313
406 6339
6496 8346
6508 3926
2072 5258
3261 9734
228 6972
5024 2102
7485 9971
4207 5620
157 267
5988 9425
8529 2589
4452 775
741 5251
7107 9839
151 45
4865 6853
8767 4272
7155 8671
8283 1805
6311 3064
7901 482
7426 6505
1156 9134
1100 5274
3235 8306
7837 6777
4375 3924
5421 8433
8758 6306
9659 8307
6030 7198
9066 4290
5380 8608
5914 8481
1158 1284
3064 5364
4731 3794
7949 58
9187 8454
4390 2978
4267 2643
4516 4319
61 7792
6080 3173
7923 3060
4833 2476
1712 9150
7702 2351
5743 432
6108 4665
5083 1443
8761 7163
8398 9293
3781 1773
9922 1271
7679 1206
4587 654
9257 9707
3010 7175
6294 7129
1521 5530
1514 7035
2917 7806
2050 9930
7453 5660
6818 4398
2212 5074
9441 7491
9349 3335
5638 5074
7752 4285
1238 6618
7215 5967
451 4323
5348 982
3316 2126
2142 1767
9851 198
3988 2043
5696 6070
1585 5476
205 6043
3819 6641
9911 1947
4798 9164
6203 2371
35 3925
8163 4589
7881 9580
6443 7816
9832 2707
4003 3266
8967 5045
3679 2763
8177 6173
7938 6228
140 98
6528 5407
9543 4583
6881 2679
4065 5746
8464 9230
7882 5201
4183 7196
6060 4978
5961 9409
9108 409
9665 7117
7669 4221
3111 9009
744 1724
3180 1508
8823 4271
7439 4357
312 1839
4479 271
1160 5754
989 9521
3046 1971
1310 8046
7459 1552
4613 5227
532 660
9772 4245
8507 8100
8436 4815
9778 3343
7190 6671
7300 8691
7565 8803
4393 7431
4973 3635
562 7868
8362 7062
5804 9583
9242 734
1651 547
2135 5294
8639 2567
1599 8500
4465 829
4485 2196
5445 3060
9130 4753
3524 7346
517 6503
6947 8018
8924 6360
9784 8559
9101 2422
7045 9110
2641 8676
2604 7133
4251 2189
5788 200
9556 6454
1231 8208
4654 7717
9197 3339
3872 8048
9111 7076
1636 7213
3287 2650
3791 9621
657 3207
3385 7397
8461 9244
1998 9051
241 9614
7339 4021
2494 5258
4867 2133
7084 2267
6771 8178
5812 5592
1384 2753
2801 692
2669 8844
6169 6374
7681 2963
4764 4598
813 5693
5814 5472
375 796
6782 6389
2407 5021
8958 5833
6393 8614
6981 777
7714 2028
3861 4853
1865 639
3614 3768
1682 9885
7156 45
5520 8352
3283 8658
5597 2174
7265 4179
3787 8918
9219 760
9335 5014
8342 9531
6170 5964
9041 787
9638 7428
4311 5700
5608 9010
7133 3381
6457 5052
7879 2562
4002 6341
9696 4790
9338 3568
7171 5234
8321 4826
6103 4058
5484 7066
7002 1602
791 9284
2623 4773
6056 5483
7874 5142
53 9756
9890 6568
9754 7320
3711 7760
3449 8979
7885 8132
7165 1801
5626 462
2076 7778
4576 3165
2175 538
5862 3607
830 4125
1266 3673
7205 6903
4709 5
2505 2792
8499 2535
6041 7333
1019 3296
3638 9201
6025 6635
6820 26
4927 6315
4941 7800
8337 9671
9993 6656
5890 8243
7850 4970
7065 3826
5077 6830
3935 3969
2189 6058
1542 8534
5344 9360
3459 71
5407 1703
2744 5057
5440 5490
7330 1641
7821 4698
1784 7524
3136 9978
5398 1988
3086 2327
317 8235
9363 6438
6429 3524
298 7920
5969 4759
2422 1366
402 1805
393 5860
873 7749
1461 982
6786 8814
6865 1407
8842 7813
4224 3839
7597 416
5475 3060
7699 8688
5714 8126
2164 8313
4079 1549
93 6844
166 6218
3766 305
2990 2788
2404 1588
6422 7571
2864 3122
4685 1668
3433 9280
211 71
9270 2825
7649 7538
1878 2035
6358 2366
2085 8280
347 1056
9590 6251
3517 6641
3277 4687
8947 9482
4966 4239
1216 4800
1662 1233
4840 9135
1126 5293
4139 8008
6104 725
3848 6241
7015 2937
4152 7599
716 3968
7976 1466
5896 4499
9993 3512
2504 7348
1396 4134
6882 1806
8762 2209
1774 8675
2672 1166
361 8302
2813 7091
7299 6539
7227 3776
3491 5102
9961 3195
1505 3964
7203 5534
2031 2424
4134 3012
1885 7959
643 77
8422 4579
4977 9842
8336 640
7696 2540
8448 8597
5111 8631
8449 3635
9161 4913
4664 6994
9871 2032
7174 5482
2979 9443
1273 7823
1554 8896
9087 992
6873 1832
5623 6588
5484 2083
1119 6486
8559 2775
891 1102
1894 1113
3046 306
5773 3665
689 5437
9994 6191
7371 7811
348 4087
9226 4971
9763 3248
5932 9030
8421 2728
6962 6966
376 5343
4938 8977
3310 3048
5306 7075
1086 4487
7045 4443
1026 271
8636 8812
6177 6606
6227 3755
2685 5843
3030 3267
4824 6584
7593 898
596 1231
6238 9377
1022 3097
4858 756
1401 797
9223 2102
8313 7962
912 7391
8317 3988
6010 1125
7290 9170
3546 3946
9310 1513
7290 6093
9464 7092
7032 2029
9036 8362
8462 921
6374 3118
373 9838
4785 7721
9988 7648
7302 2632
7754 4964
8907 2541
5465 6989
1170 2467
5374 1610
17 8588
9386 8718
3150 9102
6995 4442
3326 2521
9324 4028
63 3277
3975 9347
4535 500
2743 2988
5485 7774
8859 3242
3376 7445
1281 7854
7029 9801
9942 9297
1039 9600
6775 4561
1766 7158
6678 7944
6579 8946
507 3399
9076 5754
5149 2095
895 6637
9736 1846
8368 3585
6806 1964
7180 4098
236 5836
2875 8927
8907 292
1836 7125
2986 8010
4756 3315
6694 8016
5739 8372
2355 2206
5995 5470
8810 8905
6762 9275
4886 2760
7900 3666
9830 2435
1173 9034
3886 8743
4040 1016
6708 4760
3698 5811
450 8121
5972 4133
9270 5091
4527 655
8268 7729
828 4255
9134 4218
6475 839
1598 5944
1378 4381
7313 7515
9630 3612
7850 5537
4867 2564
2335 1423
7098 126
5507 5717
9674 2565
1545 405
290 5545
7263 7856
7183 1789
4856 8976
9547 578
7060 1337
4657 5546
3900 1083
1848 5397
9596 7214
5459 8874
8359 4130
9827 6752
2236 859
505 8906
3789 8219
9092 2313
809 5331
8953 6673
5081 8325
6804 9925
5589 3692
6993 8949
1990 6035
5122 4368
38 5192
1383 9093
4606 9488
5973 6024
9926 8825
865 5223
6223 1570
1625 874
3901 1410
8099 9319
2485 543
5068 4645
2308 3917
9535 2725
8338 9942
7334 698
784 1763
3175 3972
3728 6232
4945 9194
8038 4869
8192 5470
9532 6846
4506 1639
3884 6846
3890 9008
8726 1250
498 1210
7292 9153
3042 6216
9900 6253
9082 526
9781 4014
6396 238
1772 4989
3983 1742
56 1438
7518 1123
1513 5903
2108 5675
603 7890
3860 1390
2470 7656
7349 502
8727 3430
2658 7058
5278 1516
6852 4916
2404 8263
6727 1443
5600 4813
6939 2745
1800 4649
1937 9499
804 1616
4303 6984
7720 7601
9381 7076
3073 7238
1641 2026
3416 8923
1175 2802
8586 3587
544 1414
923 5691
9644 4727
4019 751
3931 1272
5976 50
7380 8771
9829 6136
1681 9035
1305 2840
6342 2258
1601 1308
2866 3450
6472 1775
5250 6540
6137 642
792 3063
310 7587
9726 2685
342 6740
1260 1081
7126 9210
6171 3689
7936 8701
859 993
7366 1882
2377 3361
9781 6559
5082 6942
158 8918
5097 1875
5113 2599
1670 2797
9701 9517
545 1238
8937 6918
7160 7896
3358 967
8670 2023
8834 5752
4254 3089
9627 1114
6082 9679
9782 3590
8931 9278
4193 8974
9843 4854
965 5799
4708 4148
2738 3571
9803 6769
6482 4884
1421 4982
3754 4190
2592 2895
7933 3133
4309 9669
8574 5124
5428 4265
5638 1009
4769 4660
2399 9032
6578 8461
5685 7501
6253 5659
6305 2856
1134 1626
5669 1870
2698 8338
3643 5842
8444 2513
5154 7136
2906 5144
6805 1182
2652 8199
4703 9042
1337 8155
122 2534
4847 5497
4841 6
343 2787
8209 4991
2787 6676
6101 5521
398 6351
1889 1491
9983 6881
8362 8631
7994 8950
5230 974
3090 8577
7675 409
9078 9139
3770 3714
7368 3381
1643 6644
2210 3386
8369 1619
2333 7689
9362 413
8883 6402
9625 379
7241 8396
7347 74
2839 2012
8542 2645
7125 8094
8036 8367
7015 5349
5498 9418
4354 3050
5455 1715
4182 9366
2268 509
6784 1950
7832 9319
3777 5397
3789 2412
9838 8056
8180 1756
2488 1392
7519 5928
3002 8251
2522 9858
4579 926
4539 863
1765 7979
7870 3641
8278 523
3144 4105
4920 2770
4758 3090
1568 8508
6066 150
4921 8346
6218 4841
6688 4645
6529 5122
1836 5347
6306 2199
5909 386
3550 794
5722 4175
8268 5534
2582 2866
2938 9311
1873 5234
3575 4361
8387 8963
9099 6003
1589 9740
7719 1828
7538 7339
1592 9539
2958 8386
8594 7311
8387 4369
245 1066
8219 9512
8141 2576
6926 2402
2024 6117
7324 5386
4302 2215
9077 83
9267 4
8459 4880
3275 9473
8317 4889
3377 1801
4869 6801
3397 595
1105 6439
1153 6379
5525 170
1041 9545
6840 9694
7311 5852
150 8441
5864 350
898 3962
2166 2322
7509 2641
86 1455
1125 824
8671 7610
8427 6564
9770 3537
579 180
7160 5322
9640 4090
5736 8563
7129 4266
3132 1752
6750 4968
2755 2988
1250 2035
9734 4079
5371 4570
4172 1743
7580 8821
2689 8060
4719 3280
4677 3256
9776 2254
2710 3130
8454 8473
2076 5430
6250 1941
9161 77
249 2638
4534 285
3662 1448
3789 9313
9612 4954
4467 3199
5775 4665
9572 3038
6856 1293
1537 4925
6280 437
8254 4159
4543 4390
9069 2191
5718 9399
9837 2408
5906 1955
5979 4607
3821 6960
731 1487
1154 4797
5964 301
2105 2676
7885 5411
4548 2755
3187 6577
8775 9623
8354 2629
1605 153
7675 1953
6082 9739
5539 3755
5223 7969
4162 1367
1887 6681
4504 7716
8119 727
9446 4752
4510 9404
5471 787
1786 9222
623 5439
7607 9946
1780 6483
5121 9848
8063 5639
9902 7222
5355 1973
6013 2253
2414 928
2505 423
3262 6855
4163 4877
8444 428
8138 5389
2689 8332
1803 8170
9511 9135
6720 7513
4773 833
7950 449
7838 5994
8757 7930
876 3776
3695 3682
3103 269
7684 857
8331 429
7759 4044
7667 789
2810 2805
9253 3712
4917 665
1275 7145
4981 1814
2117 6767
7756 8551
4153 3130
8915 9940
5518 3324
8870 6424
7586 2299
562 1069
6363 9637
7782 6695
1252 4976
7082 2047
1791 7110
3883 2619
9746 2796
1232 8941
646 5450
2406 2842
2547 7222
4334 7396
7345 1741
4550 4744
2327 2066
4227 8470
9851 6955
5175 5361
7354 7279
7243 5066
7831 298
2832 355
2998 4311
5073 5464
3487 3193
4916 5335
9196 5295
6368 6217
3598 9288
9979 4238
1074 5649
9450 9586
9579 8744
3038 8921
3368 883
9640 8421
118 6719
5799 6741
8185 712
1557 5989
1952 318
2810 7172
1614 9225
4444 2706
7565 1579
1599 5569
2663 6767
4484 3424
1545 2070
4779 8127
4143 2425
7735 5415
9574 1804
3646 678
9853 6059
3032 7187
6398 5499
6174 929
2086 9385
9424 5779
2969 9398
4115 7821
1524 4783
2000 2243
2949 8579
3159 1855
5172 8
4172 6439
6597 3984
3748 7510
5049 6073
2752 5589
3519 8047
3062 197
7869 6188
705 4451
4490 1309
9326 1802
6167 6328
4935 8760
8848 1623
5608 854
1665 6492
4582 3513
8578 9971
4825 993
7123 6944
3362 319
6998 4360
8174 1554
3058 4650
9402 7448
8043 9150
3204 8009
5952 7263
4017 3648
2618 7157
1489 8928
9524 5934
8616 4519
8728 1895
2229 9708
4688 6576
9945 1660
4512 7404
4205 5837
6981 9737
6139 2096
4642 2989
1645 5758
4646 6125
523 7341
6162 1991
564 706
4257 8145
64 1121
1186 9686
1101 6500
8741 1944
7484 9308
5190 7562
9082 1796
1334 1868
416 4643
5327 1484
401 3193
3507 6442
8053 8229
6661 3911
7824 81
7576 7728
6015 4733
3873 8349
9583 3036
726 1745
8255 8393
3018 7354
4928 6006
3878 5682
7336 8330
2825 6755
294 9690
6091 6806
4292 2690
4246 6560
5170 9841
2453 597
5047 9360
2818 7803
6735 2171
7451 8736
5812 8758
6327 4451
1597 7415
5436 9673
4736 5440
7207 8626
6460 8562
2351 1533
6672 1858
3555 1706
1894 2215
4093 8178
9067 7452
9515 8909
3250 3077
5064 1155
1144 8446
9858 4497
1582 2740
9810 8797
1239 4976
7205 3266
9425 4184
1601 8910
9533 7355
7454 7275
3607 3398
8600 5164
6479 6842
7011 7677
557 3536
5036 4585
3164 3972
6821 5189
5573 4661
9729 7775
9488 5327
1909 5737
8083 685
9028 2295
7624 8498
3433 741
5898 2407
4684 8079
5134 6880
9490 3744
6352 1646
272 3927
2800 2045
4040 2841
2882 9541
3685 1720
390 9726
7541 9567
932 9343
1827 7777
6281 4561
6789 1746
1986 8355
5352 2814
4525 6520
997 8876
4306 3106
735 7434
3630 5691
6482 3496
7865 9218
50 8646
9490 6225
9614 9169
2580 3028
994 6423
6882 2515
8229 6056
5418 6607
613 4524
8590 5065
5560 1093
3208 2479
4631 8571
9031 9936
8179 2999
2096 1481
7314 1197
5830 1596
9862 9872
525 9645
4060 4201
952 9712
2742 8529
3814 9722
675 2603
4206 5340
6771 9938
5256 2577
2219 3611
4427 4871
386 5820
2019 7164
4401 4360
6108 8473
2420 9382
254 3209
8319 3566
119 3948
2167 2665
7561 967
8894 2794
393 4863
6413 9948
6470 2766
9723 9941
3816 5922
3573 5385
9597 3826
6101 3406
5598 7843
1638 4453
7541 3874
8668 5098
2447 6360
7788 6664
6896 2128
1101 2786
2074 5858
6111 9434
1502 1481
358 7810
5642 98
2356 7721
3801 1994
4559 5509
3652 5366
1465 1616
4680 5296
4868 5137
3899 924
1416 7220
7595 3878
8792 6713
5025 1262
4709 679
861 9316
6506 2206
2016 1120
336 2271
3283 1006
8862 1725
5622 5674
2781 5566
637 6457
7207 6957
4764 3138
6236 5885
7085 3505
7004 3790
7802 2611
6141 5625
1642 1705
2841 5523
2155 2937
1701 8661
6920 9397
121 5406
4800 6565
5543 8763
4689 8420
1729 8964
5600 9407
5933 785
6228 3003
6525 7896
701 5450
2160 1719
5506 224
7652 7104
9075 8057
8796 8924
414 1319
521 1299
7026 1470
4198 6295
5813 1533
2529 418
4000 8606
7738 7256
5655 1112
9388 7295
6745 6420
45 6049
1447 9918
4410 6086
415 8052
3237 9243
9227 2123
7209 4007
6943 2823
6420 2543
4727 286
6364 9755
1750 8158
9228 3335
5557 2749
2517 1884
2408 8968
6145 8549
5170 6301
4381 6994
8401 8869
6487 725
7400 4459
5760 5792
7255 7226
9162 7016
2474 5170
1337 4743
4041 5276
9868 348
2956 979
2719 7725
5524 6372
4552 736
7318 6537
1935 7804
2189 7095
1868 7922
9847 3250
54 8369
9866 3720
5365 4104
1842 7516
7308 7391
9806 4819
8953 7590
5456 3580
6143 4537
716 1732
9106 6534
3164 7642
4460 2378
1585 9668
1821 3140
6417 697
2828 4207
6762 6114
6237 5751
2897 7953
5969 9620
7555 6719
8198 9904
2297 2754
4746 4669
1383 7736
6350 2248
5512 9119
7135 7822
2135 2201
3689 6379
91 8350
2563 3743
6290 5086
299 6232
5657 4909
1239 288
1352 3268
6179 7986
3327 3554
2260 4558
5922 7705
603 4234
1457 9896
7034 5140
8605 5315
994 9978
2168 2772
2525 7101
5413 1552
4610 3323
6054 4735
9898 6138
9253 884
4628 1493
372 1084
5109 3923
6290 3758
9564 7735
9498 8811
2127 2109
6862 8174
5853 3441
665 796
1574 8111
7807 2012
6069 3089
910 4885
3761 7356
6415 7870
8457 4032
3903 7038
3127 5041
9182 9184
2702 4698
3559 6428
7893 1623
187 6580
7341 7342
8943 9495
6544 8652
1708 193
26 5160
3443 2731
4877 9947
6810 6596
3970 2531
154 2068
4962 9870
7678 4934
7090 8546
6604 442
4557 4749
1860 1104
3775 151
9318 901
2899 3070
8832 4742
8287 3221
612 8990
6549 8137
1187 3827
9705 1542
7350 1858
4134 7507
4888 3688
5669 243
3751 6958
4230 5949
6632 3449
5407 9215
9775 6068
9753 7263
6007 9845
7854 8491
6658 6308
9495 1477
3698 2719
1791 2105
7962 3254
5106 1696
9824 3014
4200 3417
5308 5252
9521 6982
7176 5191
3628 8464
1481 7596
4571 1923
8982 4459
6558 154
1779 2384
8077 3808
1971 3454
5887 9266
3997 1302
52 3270
1007 5503
8663 2006
7268 4984
5190 3724
9983 2695
5541 3310
6432 8939
1899 4591
9246 7968
5476 6123
6532 4057
9130 3031
1128 9158
7003 1436
9341 1479
496 8332
552 3624
6833 4209
9887 4988
7920 2675
4681 6401
9618 1525
7073 5178
6165 5597
9888 2702
2836 504
5668 9496
589 2157
8777 7365
9876 7625
955 3197
6269 6743
4078 6910
1145 2233
3293 919
9474 9533
1030 9818
3248 3523
5176 7241
7761 7289
7296 7209
4404 7408
6375 9069
3011 1010
817 5838
4080 5401
5578 9167
3711 9146
297 7117
1270 6271
8050 2957
3472 5832
6574 7223
260 351
3141 720
5342 7343
6684 8564
6867 7392
9315 3400
3910 5142
9871 5364
9067 7786
704 1292
1793 8987
972 51
6607 3543
2615 391
3920 4051
1052 9355
5369 6708
4134 4299
825 5990
2340 3856
7187 7359
3000 4352
8887 5235
3210 9859
3066 9308
2386 317
4301 8428
7082 5675
3693 803
1202 6751
7443 6501
2616 6353
5740 2837
5456 7880
8253 3086
1183 9548
8394 7463
8936 4343
2453 7443
8375 3945
162 440
2194 5797
7447 2693
8143 459
9684 2138
2420 9415
1447 6462
9711 5922
9109 3874
5106 7741
5196 5472
2591 4720
4712 3225
9145 3673
7171 7842
8715 89
2135 4768
7466 7543
7602 9799
8868 630
2517 448
5515 6130
3977 2571
5328 1996
6491 8366
2620 9946
9194 2558
7652 5749
1098 5589
4231 3523
5883 1080
6967 3788
2910 4541
3355 8554
233 9150
9049 8891
7299 2127
8736 8469
5157 7788
2091 5648
5128 4063
5426 6562
8311 1850
5745 2553
3663 6748
5633 7555
731 5381
163 7177
4438 9744
2317 3208
2687 7706
4341 908
9033 4510
2513 7576
1918 8887
290 1977
9837 2812
8035 3498
2968 6744
1230 3486
5551 2487
1094 9496
2143 1937
541 5140
9139 8849
3270 315
9733 5788
861 7779
6156 2343
6723 3799
8782 9453
5299 8192
6714 1606
3937 9454
3107 4367
1230 4386
5272 352
7173 3401
8410 6167
8052 8437
2934 9448
3002 7118
6322 9045
2090 7265
2444 8440
6209 1259
9151 3462
5619 6873
8959 4136
9545 3565
1354 6907
551 7529
5941 776
2707 3525
8830 7740
7424 5341
1148 7048
1802 7924
5890 9015
4834 8117
8072 487
3892 5848
1782 8817
1338 9285
4441 4065
3592 9646
8702 7836
9084 2992
1548 5818
6060 7613
109 3921
3471 2990
1276 9349
8830 1798
2757 4569
6228 1664
8884 1459
9535 6371
1286 3217
5645 7377
9422 3591
2880 9506
601 3209
6402 2181
834 5526
5601 8822
6933 3451
3754 6706
8403 3726
9339 682
8838 6199
9126 3144
9956 8262
3203 677
9694 5217
249 3535
438 1643
3769 6850
3644 4624
2089 6647
3607 1447
272 3042
7317 28
8660 1215
4416 6329
3383 1134
1944 8233
9257 7796
3511 8655
7154 2636
9149 2205
1206 7310
5245 6326
696 3733
6902 2981
8368 9237
9255 7277
5402 1133
8059 3820
2897 1738
4533 256
6326 1757
4378 7783
3439 5390
3913 7
1473 1763
9163 4556
8434 2729
9955 1386
4285 1598
1351 6194
3810 7697
2617 2321
3670 6808
5169 5809
1486 2608
8573 7884
9878 1422
9476 256
5810 4256
2516 5134
4594 4078
2692 1474
375 9344
7043 3620
6033 3129
806 4787
5393 2233
2067 8555
8464 2369
444 6747
2512 1167
287 5190
9544 115
7422 9987
9560 2982
7844 4328
7594 6273
7784 7028
6181 2885
4146 2558
2180 8280
8800 5747
7352 9417
9863 1453
2618 4538
3648 3742
370 5201
4084 4447
5874 6585
5420 1233
2997 1178
9816 703
9737 2247
9762 2342
1692 6466
9174 4998
7492 5174
119 2749
7635 529
1756 2936
3530 8790
2267 2282
5086 6694
2842 844
3189 1062
5283 7783
9774 5605
4620 6945
8007 5527
7494 7118
142 5009
6622 1435
3622 1274
3585 9604
8567 2775
7871 247
4041 5755
9573 6111
3936 5345
3002 9450
8704 3195
5011 5850
4773 1126
9387 7479
1789 9096
4867 6904
1711 7647
3792 57
238 5909
9550 2356
4979 4058
2343 94
6329 6182
6044 6797
1644 9704
3853 8259
7115 9009
9747 6151
4806 3824
3021 466
3191 4023
3106 2996
5858 2896
2845 2991
1574 4427
6415 8167
3488 4809
6208 6380
8705 2561
8535 514
150 4755
2464 6740
491 4612
9876 6768
4957 7541
1 1478
488 7001
2152 3494
9217 3270
5882 4846
3755 471
6927 8390
4610 6809
7389 7130
4423 9951
4956 4940
4400 3223
370 983
8281 6518
8356 9138
911 3313
3124 4209
1445 2253
8025 9286
3404 3256
1403 7866
455 4891
1881 3214
4043 4776
2833 8558
6315 442
6242 7474
8109 4495
186 710
5271 978
1215 5982
3189 7449
1001 3588
5692 9763
5297 4961
4157 2869
7988 5101
46 299
1183 3604
5501 2400
8966 9301
7776 9234
6778 4464
5348 3185
9492 7197
4420 9114
2540 2884
5760 62
3162 3770
1418 1941
6363 9057
2211 4426
60 5709
2467 4461
1654 1955
7887 6383
8972 4262
3516 966
1296 2064
5563 5306
5570 2007
8717 5833
9714 3478
1608 1910
6 7575
5380 5203
2081 3311
3840 8401
2625 1675
3155 7390
9675 1765
50 4637
9996 6377
3587 5703
6222 5634
5587 6317
661 7138
5292 4722
8180 9241
3312 8188
6666 7103
9677 5544
8515 8145
8123 9323
2650 5350
9129 5999
4672 8629
9391 6699
6315 8708
6224 1286
1911 5799
7079 4213
8479 3373
9830 3126
2110 6033
2011 8069
5467 7023
3036 599
268 2854
165 2678
7993 2521
2229 4366
5054 810
540 0
2212 4581
6319 6489
6307 7745
6817 343
4742 3498
9815 6335
9390 8247
4902 8557
8090 4858
4795 5442
1547 7198
3941 2480
6536 2249
4112 6101
4438 1401
736 7903
9804 4806
9214 7014
7733 510
8847 4130
2405 1121
4390 9958
8845 6081
1694 9033
8634 5422
681 4603
2174 4450
5245 9070
1932 3354
5304 734
456 8389
6821 2616
1406 6477
6231 7297
6534 1916
6401 3457
3704 5038
2398 2920
1581 7
7026 7577
2198 9994
9967 2374
9628 4225
6280 1620
2579 951
6302 948
4986 1805
9347 6736
2193 7151
7614 5999
4209 7339
3518 7993
3523 221
7467 3927
1580 3267
632 3804
3405 4783
1680 1045
8462 2218
4110 1995
7230 5159
2290 8191
4608 7148
9106 9040
4464 8641
1487 6856
7004 6959
7651 7964
699 7676
7595 6913
6787 9052
6372 8309
4050 4042
8285 8571
3363 8961
9155 3279
6059 9220
6414 9252
1205 2680
9115 9721
9263 9871
9493 7730
2529 5476
5173 6731
9060 2571
7553 7014
8225 4281
2478 658
577 8754
7840 4069
1523 3373
4426 3108
7220 9489
1691 160
8229 215
5915 1764
8211 1632
4995 5722
7603 6458
7143 2406
8606 9525
8169 5710
5913 5499
815 9258
6370 9040
3409 7691
5086 7051
432 4960
5376 3176
5051 4891
8671 4815
3831 3284
8000 9460
7413 3194
4951 5292
9399 4395
6331 6231
5245 7166
4277 8405
8428 3730
6544 8898
4444 8166
5940 6303
1154 5068
7598 9651
3088 3795
1839 8934
5657 6631
7444 4018
408 164
4006 7412
105 8906
8922 6713
9157 7217
9903 8566
3516 3567
7902 5874
809 5426
7494 6521
3603 8646
5608 3642
1620 1632
5452 433
5402 55
1174 2614
7503 3402
1211 6551
7089 2764
165 8978
1838 6104
613 9296
2149 2950
307 3811
5639 207
1162 1621
2230 3341
6924 2001
2710 5694
7668 4861
4789 6220
1959 8274
1437 1871
9103 8616
6953 4443
1061 6047
944 4108
4905 7372
8946 7662
7288 588
2129 985
5391 4466
4730 6464
6515 2790
3403 487
850 5543
3156 7909
8706 925
1403 2305
148 6993
3474 6917
2602 5610
8565 5250
465 8462
3646 8128
5917 2350
5851 3967
577 6357
2815 875
5942 8593
9836 9434
2099 575
7916 7109
8463 6738
4453 3644
7665 3056
6595 2081
8855 1943
4326 7758
6419 1841
1803 6147
8150 4853
9486 9829
1260 2967
5810 30
1914 6248
3996 6421
9972 2375
211 5399
2773 6825
5853 371
7826 8987
9417 7356
4217 9522
4324 6549
3564 2187
1843 6092
145 8081
4884 250
5950 7180
7972 8589
834 5948
4043 2128
8658 9898
5462 2740
1008 511
176 6383
5545 9471
805 5726
6536 6869
3692 2044
9596 6816
2286 4034
7905 3696
9801 7855
4421 6882
7568 7157
5574 8740
2304 2859
3660 9944
1169 1540
1967 6365
2895 9290
8749 8724
7660 9818
4586 7344
909 4518
403 1469
1 6180
9536 8954
3798 6116
6122 1941
2111 4389
2863 789
5026 4037
9186 4425
7820 6426
7068 3186
5153 307
2245 6491
8173 7229
4106 9442
3991 3870
1026 2924
1240 2185
5580 5954
8912 7916
3367 8971
7324 8245
2763 3379
9909 3731
6164 1305
6725 8655
9353 5105
7255 5131
9528 3161
6661 2953
583 8712
341 4204
5950 6713
7509 4385
7475 1541
1512 780
4210 2173
225 7555
6345 6196
6473 1061
4480 4809
8621 6190
5195 2702
7427 8607
275 9821
1775 508
1756 1319
1157 9843
2343 349
6704 7671
1843 8139
8519 3916
1437 9140
530 4607
2048 7233
3739 323
4257 5783
1499 6950
6495 2929
6156 173
6079 8615
5879 5538
5580 7319
2517 6205
3675 253
4868 3117
5158 8169
3378 6941
5887 7028
6700 9043
8700 7640
6443 2249
3340 9126
4897 5738
1883 6242
2306 6244
9877 8112
8082 1666
5134 4039
3288 1535
5978 592
7740 2174
4928 1452
2414 4693
3493 8275
8851 7215
5435 1584
7109 1679
3245 9738
3155 3998
5636 3257
1561 2397
9307 4377
7504 4110
5108 7989
1880 4411
1063 4889
9270 2882
7214 4202
6157 5064
7102 6441
2183 450
6136 5449
5849 7530
2042 9564
5690 11
6188 9721
7238 740
73 3997
3464 4598
6727 8592
5147 1744
8192 564
7714 522
5585 9160
586 3558
4551 9618
7410 3785
4249 447
4073 2062
5870 3941
5165 9087
2688 1470
7028 2467
586 9016
9366 968
7516 6406
7118 8618
7634 4019
9480 5166
189 9281
3787 7436
1619 9328
369 9159
5220 222
2538 5559
4433 5746
4312 4289
172 2094
3970 8003
5939 9082
8089 4491
366 8673
7922 2822
7259 6511
5225 6458
185 6430
9695 9933
5412 4359
7869 6185
2400 279
532 6924
568 7430
8568 14
137 5327
1623 7617
9357 6642
9807 7866
4089 2653
5400 4955
465 8368
5839 6995
9224 8373
3037 4250
9044 7830
1720 4346
3529 208
2808 2234
2647 1477
9135 1385
7839 5531
7627 4903
4039 9710
7580 1177
9841 7863
795 3084
2545 1964
7412 2582
5127 9624
9388 7012
3096 7507
4307 1576
582 3239
602 519
8214 4349
4599 6375
1887 1101
7912 4241
2526 599
9148 9835
9595 9207
2897 2642
5420 5857
800 9052
9880 3064
6175 6690
9459 2931
6027 8468
4244 3151
6012 1881
7582 131
5182 4964
4028 3177
2277 3552
3472 3562
4774 2263
5077 7213
4895 5207
6921 2260
8802 5901
1566 6190
3285 6681
5015 6615
8352 3553
2860 6779
9257 5630
4824 1808
7348 3449
9737 5007
7377 2631
2350 4457
3391 3657
9344 9535
6559 5346
7878 71
3049 5524
4385 3735
103 1091
3856 1898
2402 1294
5149 8826
481 6556
5537 5423
2626 4431
5602 9202
6831 3919
9561 396
320 925
1721 1488
3798 7944
7049 5644
683 5765
6157 7690
3307 1004
3830 5610
747 3305
4210 6020
4830 6139
4127 3080
3616 3808
6848 2182
3534 6485
6318 2341
4614 2643
2955 5932
4577 6351
5145 4228
1611 8085
9898 8432
6383 6117
197 851
3082 467
8800 7659
1515 435
5597 3936
5917 1264
7661 3531
9931 4198
3164 5459
3989 8137
7711 5630
121 7331
1528 7819
4700 2277
8735 3024
4710 7049
266 5051
1969 5512
201 1818
6143 3222
7580 7758
4016 4128
2318 3405
7106 2421
7489 2853
3883 1812
5958 1954
9581 9852
2642 216
2678 7088
1608 5984
1193 5497
9750 2171
9688 2536
508 830
9865 6046
6556 3577
5450 6890
3928 6791
5960 3057
8296 4351
2474 5259
3823 276
4414 4518
6900 8267
1536 5260
8735 9740
8731 3416
9543 2533
2498 877
438 8903
6930 9379
5124 7603
7076 2236
6863 9682
6628 1814
5292 5108
171 5927
9825 2825
83 8809
5051 8232
8580 7408
7906 4770
6233 8509
7177 5135
708 4783
7860 4242
6732 3787
6670 275
6493 1344
4749 3455
1572 4542
2965 3631
4061 5724
1214 9995
4226 3216
3070 5469
3697 6618
3769 2584
3933 3617
4232 7215
1955 931
9793 1720
1380 5769
5894 562
6844 174
9645 16
9156 7514
4194 7093
7522 3885
954 4269
5151 6270
2596 8197
2040 6670
3220 9004
7462 2751
1164 2434
5782 8935
5023 5974
9146 4621
4913 9808
1769 5841
2843 5835
2965 5261
5458 310
3884 5403
1621 4985
2180 1849
7139 4140
4031 8112
4100 6183
1467 5300
6208 5252
2697 403
7677 1110
8291 878
2958 3541
1573 9780
6968 1439
745 3819
8502 8863
4563 6298
9558 303
5283 6450
2736 4834
1967 6447
4047 3259
5485 3532
3371 8853
1389 1782
7672 5451
1987 8095
2645 5714
9516 5805
4044 6673
7261 1751
8695 9344
8685 9214
675 2080
1988 2497
6287 2258
8309 4371
558 828
770 8044
9340 7205
2744 2204
1816 5801
4017 7558
7588 1311
2693 8334
8622 8569
9761 1838
8209 2
893 5743
6960 6809
1093 7170
1287 5135
7234 3773
1387 8376
6372 427
3609 7501
6399 4007
1426 972
8911 6110
8481 5723
3190 5106
8669 6182
8882 526
3941 6328
2269 1495
4758 2908
4566 5801
4905 6717
2078 2710
8018 8076
6413 6148
2608 1143
2959 3601
6430 1773
2709 590
4955 9709
6052 4628
1096 5138
9489 3467
7090 3777
2092 6203
4435 342
4034 5175
826 6473
9684 325
3308 3837
9368 6628
1452 519
6865 2902
1191 252
9303 5088
9177 4752
9654 6356
3829 7001
4041 8206
3681 8765
4322 897
6666 4228
7844 468
7540 6192
2575 5742
3041 5404
7301 2670
936 5601
5618 3232
6327 1622
2884 3827
1475 5201
3329 9892
6414 563
9533 4436
5881 5339
1885 2162
5587 464
670 7061
96 7914
4368 4483
5030 5605
5457 9275
4009 5028
8938 367
7946 7383
767 3594
9122 2370
2926 6728
7757 811
8826 4509
1151 6465
9426 4146
5678 5332
158 2098
2667 3143
8033 8869
7061 1847
3966 9621
2498 6488
6955 1692
4313 3218
8086 8131
9830 8806
2033 7113
3558 159
7938 5628
6043 190
3224 906
8081 7212
5803 3749
9928 2092
4351 8308
8575 2523
713 8494
1037 4786
112 5415
1980 2034
5665 7255
9064 7262
8807 5230
5283 7191
3527 3535
725 8782
6663 5159
7516 5938
6064 9551
3142 4774
6931 6872
3735 1071
8654 6853
7260 828
3871 4178
2308 3804
9993 2817
3552 4640
8441 2549
8085 5968
9930 294
1986 9785
3532 6976
3305 7929
3813 1722
9125 3390
413 1872
3753 4880
2967 6736
8947 201
4333 3732
6944 156
5727 2723
7983 1658
8767 9494
1597 891
4882 5131
8626 9918
3569 665
8443 4446
3954 2847
3336 9823
3459 3004
4035 8429
8787 1394
1237 9521
3389 5763
3524 5835
4343 3559
4614 2673
17 914
1391 3646
1454 7576
2354 1500
697 1603
9874 8411
8004 3756
4904 7897
8137 4780
7104 1207
8174 7003
9923 2061
1877 4004
2737 2132
3356 3967
6586 7918
8236 227
7961 9419
4954 1840
1685 724
90 4228
7840 4076
2332 5501
4365 4770
7072 6272
84 7254
7877 1979
3560 5224
7428 8154
5008 8575
6356 2731
3139 9661
3416 8163
6714 907
470 225
5398 3732
2632 1314
6276 4354
9865 4079
6009 8516
6896 5724
5231 1724
1959 783
5463 1509
2759 3857
1020 3250
2941 8612
3647 9216
7685 9391
3531 2489
5672 5996
8193 388
3140 2971
2051 2693
880 4979
8129 5555
1732 8736
4843 7379
3142 2266
7449 169
2604 7992
7335 2927
6814 6801
528 4226
6755 3542
3034 4587
6068 5429
3761 8525
947 9093
5266 7358
5653 4277
3429 7142
9083 2632
8160 3369
3556 1993
9081 5994
5204 8232
5469 7483
6391 1438
5801 6257
302 5936
855 7227
9985 4436
7793 3613
2158 3819
6575 4082
8955 6729
4412 5548
2087 3864
2223 1733
5028 7333
2733 2242
6002 9777
357 1833
2208 6252
5350 5268
3166 7849
6859 3422
2255 4976
7010 8716
8364 4261
7825 5921
2195 4612
1331 9119
9710 4236
9599 5343
5312 3470
3061 6293
4268 6083
6731 8107
4863 7104
699 6161
2848 1471
9052 5088
6260 2514
5672 1571
2577 8709
2611 9528
3497 4208
8186 741
4088 1001
1014 7316
446 8096
6010 9225
235 9595
5760 4096
410 4131
7688 6968
3362 1171
2820 1121
2386 3241
9552 6691
7023 7373
6496 7517
661 5890
8005 7830
312 580
2835 2468
5789 2976
4826 3553
3598 284
5171 4425
9953 9133
8047 1513
8899 876
2639 2899
845 5593
8497 739
3266 604
6846 764
8200 4651
4533 7856
4523 5772
333 3513
2797 5833
6860 3837
1833 6683
2681 1139
8523 8416
9764 8921
6187 7978
9177 3353
295 3697
7605 286
9860 3372
8201 97
9177 559
8014 7264
2227 9433
7189 8838
2005 5871
8063 4241
1862 1457
5782 4655
68 8842
8670 6610
9978 6920
6291 3076
6788 261
6664 4342
3255 8957
1876 3963
5537 6543
4119 122
7895 1103
6289 1806
4364 3380
5211 3081
8950 8044
5496 9644
4154 9838
6437 1701
3976 5104
8454 8474
3403 8740
9385 4049
7228 363
7655 8784
523 4680
2969 5670
3937 1502
7856 2454
8593 3327
5505 5022
8811 9459
7163 1196
6948 5003
3528 9473
9181 9400
7389 6084
9351 6395
7353 4949
7364 8086
1965 935
40 9342
5490 1420
4745 3871
4200 9167
549 2813
8135 1597
4196 599
6874 9828
1147 7684
9299 5087
9163 5132
2140 2357
6166 569
7232 2689
9202 3955
3367 3915
3494 782
5096 6871
4980 9180
8435 5005
8164 1049
5730 7462
2141 7134
6700 5184
6282 6358
2577 6332
9796 3448
5835 5000
273 7947
8667 3566
1284 356
2554 4003
3074 7737
5340 3468
1569 3368
3562 3572
9042 6525
7891 23
9658 5588
3961 9773
8050 9163
3788 1870
7026 3654
6091 6355
8065 1907
5010 7853
394 4073
9893 1020
5517 7438
6408 8833
99 104
1757 8294
5059 8184
7936 5638
1087 3044
5127 6088
3112 3718
1218 501
5745 10
6968 6677
2875 917
5482 117
9026 7929
5744 6845
4187 7855
4814 3586
878 2808
8408 8499
6001 1099
3134 1863
3834 6184
1752 7722
4659 5887
3456 615
3633 8788
2901 9244
3648 6654
4996 724
5741 9224
3707 6451
3471 1112
3202 9112
6549 7526
3779 5253
4711 6550
5514 4
2629 6662
3306 5341
5599 2197
9657 4293
7525 5950
3593 6244
4150 2139
7284 7456
9350 2455
8984 5367
3186 7469
6306 1886
1696 4917
2748 5339
5829 5045
5674 6956
6909 9495
895 76
8620 8175
8940 6326
1017 7281
7435 3067
8617 2658
2898 9312
3698 1506
2887 837
3357 7469
8195 1906
891 3420
1052 1979
1780 5197
8989 4204
7894 6239
5149 8049
4123 7833
7302 9133
8197 5889
4004 6777
1548 6054
2350 766
5464 8353
8924 1363
5981 8980
5388 3179
95 3253
1520 2848
4978 3809
7898 8060
3912 6659
5660 9935
1803 9897
4212 1256
3613 1233
3729 2143
1197 6745
7593 896
6997 1358
1014 7967
5634 9923
6936 7495
8920 7893
38 309
8208 7128
8473 5504
3344 3736
6359 3341
6397 4424
32 9301
6988 2063
9011 7225
9090 748
5474 4880
3072 1093
371 5920
1217 1898
3786 3343
4267 7749
901 772
5528 2119
949 6106
3544 8572
4130 8398
5844 2322
3876 8750
4466 5117
3934 323
865 5869
7143 6074
3649 8405
819 2803
5028 1562
9324 1272
1011 3298
9445 1322
2904 8116
9987 5508
4751 7787
2320 3051
2732 2100
7501 6427
8605 2581
6868 2581
3240 1596
9497 7189
3180 3676
4178 7647
2950 388
7933 76
3744 3227
5178 6265
4250 7626
4574 5556
8322 9569
5935 8478
5435 575
6490 2827
5136 5141
961 4462
258 7712
61 6159
9434 6519
2380 3765
8037 1551
3459 1011
9665 8827
3341 6284
6617 3903
6742 4085
6772 5656
7809 90
8465 1699
230 4247
7193 8484
5404 3657
9505 551
621 4983
6121 5822
8990 6688
8826 2018
9586 6922
1026 6261
368 141
7560 3505
7240 8372
6704 5249
3800 4997
510 2300
307 6855
9104 1924
1771 2903
5925 2533
2684 6341
9189 6211
5721 5022
4841 9702
394 9009
410 6426
6886 7826
5072 4013
1747 5592
6684 8243
6210 1213
8484 3964
1657 3224
3664 9496
924 6543
5300 9183
7478 8187
9246 5546
3437 7281
3492 2373
5772 6137
4003 1630
2764 9948
442 3448
7955 4424
6587 2521
1740 5249
6267 9779
4799 160
6451 5696
879 4583
5878 8397
4737 5970
4171 1068
3848 8701
1232 3689
623 9557
2182 1717
4467 5762
5646 8810
4064 1681
681 4174
2729 6087
4078 235
5392 325
9984 4279
7664 2752
9879 4844
8045 5228
2944 9303
3243 1978
9594 7586
2303 6724
5888 2666
2157 3102
6849 9845
7618 9204
8558 5766
8920 7099
3944 5924
5613 1052
6458 3384
813 2126
7432 1373
1855 943
4763 2510
4064 2131
3433 9990
2289 7551
4508 4735
8348 6899
5962 6354
9607 3458
6093 3358
3673 6724
1417 5777
4464 6629
7865 6666
154 1742
8883 9607
2586 2356
490 6124
2820 7609
9693 5227
6283 9570
9811 5335
7161 2070
4993 23
3667 8724
2457 4556
5877 2218
2216 3140
269 8385
6347 2615
4845 2205
5059 1908
3051 5798
141 9519
497 9331
8775 7916
5850 622
5412 494
577 6634
2780 890
1824 5006
4329 9001
6215 5987
7832 7723
5901 2686
7125 7236
9266 9810
1037 8647
3606 7490
7397 3237
2734 62
5513 1301
8644 9867
598 5463
6699 2721
8158 5200
8970 4815
2459 7405
8463 1199
8869 5964
107 5477
7716 2093
1134 7600
4485 591
1448 1976
5604 2354
7627 4258
3208 4892
3637 2785
296 8818
8138 9815
7917 9900
9980 8570
9587 1393
3939 6812
702 8391
8679 3703
7919 6945
4233 6235
9916 2912
8801 8444
2603 1104
9125 1808
455 9176
4953 7305
3580 5060
149 731
6110 2457
4918 5635
8325 4484
1456 4438
1777 5939
3805 3098
2273 2811
37 6205
1864 6488
2579 4219
2157 952
8733 4465
5218 4797
7480 5024
4819 8807
9788 3895
5297 1338
6738 2855
9579 8637
6755 9392
9125 5295
9991 4103
3005 7499
3466 7147
5516 335
9599 2438
5421 3338
4821 7970
1731 4174
2481 6959
7047 6357
5528 4182
6580 9362
7539 2964
3526 157
4424 6396
7764 432
7457 4798
3632 2922
8028 7910
3838 4001
756 781
9481 8224
319 2141
2098 7119
8882 516
9642 9414
4915 6483
3727 6883
4406 6201
902 4416
1273 2868
5809 4343
5510 9611
134 4019
5712 5319
7249 2156
5669 9980
5959 7441
7387 4262
8185 8499
2168 7407
4330 3010
8853 9504
9707 4168
5184 3176
7606 7194
9042 3282
4040 7050
9309 722
5249 2111
1661 7366
8134 5176
9807 195
2181 6568
4505 6760
9196 2811
4723 8982
808 953
7526 5684
12 8240
8237 4481
3705 6873
6317 2200
928 3181
3691 1786
9826 1271
6659 780
5548 3460
6691 6795
8584 5489
7039 6129
1976 7306
9091 8812
3965 5851
5882 5603
6194 611
1521 8688
9904 1783
5826 4904
4697 3861
6542 4521
6094 8179
5730 3029
5823 7689
564 3295
794 2417
4461 7341
7731 8142
2857 587
7468 925
9018 5550
8987 7941
3556 1469
1510 6196
39 6085
3942 6336
8101 9835
8364 4250
1570 4712
9193 5990
7276 9907
570 6588
5697 181
9523 8275
1048 7683
9725 5625
8077 4244
2962 422
7002 4545
123 3754
3422 1425
7849 4446
561 5711
1843 4340
5330 2283
6111 9314
1570 4577
9138 2041
9508 9512
4001 3600
1329 5364
1333 5726
5544 412
6167 8893
1817 9885
4199 3667
5902 4146
3300 7581
4983 7141
1521 7674
7798 1302
7853 2028
6349 1488
749 2428
1520 6979
3588 5719
1881 9531
5066 9199
1421 3765
1927 3469
5934 8350
7665 3540
5956 6532
5198 8034
8440 6189
7030 5176
8081 1415
8420 6494
7680 5613
1583 7702
3205 2052
1341 9608
3688 3317
575 6565
2831 3138
7107 4052
2840 8430
8576 2963
1139 7198
9666 9262
2653 8221
6268 1129
9974 2210
8483 8779
2207 7749
4039 2228
9636 9336
6907 1338
7304 4164
1206 122
3686 8508
6127 1246
8096 8293
3869 296
5731 95
487 9710
8995 3520
3372 8538
5628 3803
6119 3008
5311 2927
5323 2914
622 3135
3364 9914
3355 9814
6188 6022
3766 5205
1108 2325
8771 9788
6321 3665
4685 3473
4572 8079
6217 4544
5489 291
1986 349
6031 1184
9017 4592
3453 5737
1624 2146
7931 101
966 3625
6210 5363
6419 4099
186 8370
5430 8843
3440 2563
9189 2699
443 5707
6653 3548
687 2403
1028 3852
7874 9272
9908 9697
8116 4214
2904 4309
3939 7598
6248 446
6473 8057
9110 3802
88 9886
773 9689
1594 5825
4413 6735
273 452
5786 4537
5859 5641
812 7414
478 7434
8752 3213
7369 8087
8971 1683
7355 6405
360 7200
6395 9768
2147 683
6388 8144
1366 1106
6451 8012
5582 8512
6729 4252
1123 194
7549 7790
3407 9168
1922 6474
1748 4448
6242 9722
7686 86
3259 5721
7788 691
7314 2037
7185 454
4492 6226
7250 81
8630 7048
2539 2819
3562 4920
7338 8668
7419 2667
33 8596
2298 3522
5235 4054
2325 2106
7987 87
9575 1323
3595 7353
7832 3532
7188 7403
9012 5965
413 3693
9626 6904
5920 1617
7665 9539
3187 8743
1023 6540
6860 9514
716 9824
8309 7046
3853 5094
8379 4325
1220 7859
6448 8598
344 7182
3030 6557
3605 5406
9501 951
5016 7668
6461 5226
7643 5660
8372 7910
7348 2731
9454 8876
2722 3316
7338 7070
509 547
8365 6302
222 944
3211 1476
4950 7769
450 9080
9431 1053
2692 6125
5757 7513
2359 3290
3354 5032
5535 246
5268 9320
8548 3717
9457 9069
7841 8171
7378 6296
7173 3109
565 8726
1501 1164
8650 6209
8221 5309
6205 8656
5239 1806
5385 4431
1758 6983
3023 4526
1243 214
9608 4208
8458 9206
2791 3760
1915 2634
6339 4876
8325 3092
252 4215
7607 27
6140 2547
4031 138
579 4557
7039 1862
9391 4887
5818 693
357 7114
2298 7419
3610 2747
2089 1516
4585 5846
774 7217
7459 3288
5178 8230
5538 9812
7804 683
9523 9824
1112 8845
3826 6615
2993 8953
5218 2195
4985 9221
7025 8604
5909 3701
96 2836
1634 9123
8914 7513
2049 2342
103 3825
9611 7052
2775 8703
1347 1053
3804 7732
9959 394
5641 1287
4467 7360
9019 3258
3534 673
7475 8849
273 1014
118 4720
3035 4328
8732 5607
9396 3465
1310 651
3174 7980
9799 8134
4699 9369
5045 6934
9429 9928
2396 1962
7382 4125
4943 7735
2792 9912
8723 8799
4454 8609
5817 9902
4417 1141
5227 8990
5632 4174
5580 7077
5461 6613
8759 5348
8496 9245
583 9639
3247 2608
6072 1067
1130 5532
2060 7233
9810 2570
35 2584
7200 3615
3089 959
7095 1106
7572 1436
13 8730
793 8974
7112 1139
7345 3065
219 5902
109 762
4166 3492
8014 5876
1992 2114
714 8142
7622 6817
3318 9752
1871 21
6092 5116
9627 6555
8700 4532
7885 2201
5254 9523
3377 6043
1777 6906
8839 6730
7387 6027
9663 2682
6081 8123
7585 6414
7544 6611
5355 6088
7493 454
9920 6036
1223 6475
7954 9061
3515 2907
640 4968
3005 5774
1317 8651
4786 9411
753 8977
6319 161
5864 4591
1795 3253
9460 6985
9254 272
7530 4172
1811 9836
9627 7352
6947 6247
7288 3893
6931 100
6742 6039
9449 7938
7548 2524
6716 7572
3830 1612
8337 6791
4618 1724
5567 5714
4029 2935
2760 6556
1035 3724
1307 4489
1393 9142
635 4625
1997 1321
6640 5590
6765 2630
1788 3831
8436 8547
4743 7086
5352 8275
6444 7280
176 9509
8742 8831
6613 9553
3502 5241
1229 5982
3869 7472
3776 2834
8373 3920
8693 7032
8520 3874
1565 6584
929 8598
8568 913
3345 7599
7146 5916
5579 8355
9809 362
9815 230
8913 1195
967 3068
5514 5443
7421 8575
5883 7940
7302 4706
3203 1726
8846 6602
3643 1533
530 5733
4916 5020
3678 2348
1469 5729
768 4490
6995 1764
345 833
2570 1181
5332 4035
3503 1921
483 3233
7615 7621
5432 8387
7901 6732
2865 7701
8958 7707
3338 9529
5895 9443
2563 1936
49 4033
8075 4691
3951 3222
5432 7738
8969 7299
9134 1116
8633 6314
8482 2275
4516 8864
1879 6172
5935 1326
3930 1097
6970 7307
518 4385
1186 6545
9587 2165
9327 3215
2428 8902
8996 3498
8772 4719
6388 6593
9922 4644
4417 5623
8839 2989
1816 6927
2439 5040
8272 1197
9920 905
5298 5937
8952 4062
2656 7160
633 1154
6500 1431
4893 8661
5188 4842
7858 3940
5001 4901
4963 5637
1534 857
153 8159
72 3074
7186 7704
6571 1913
5221 7803
3379 8011
6524 2655
7890 9180
4649 1909
218 4622
6859 1943
6382 3835
2088 3584
3012 433
3645 4972
5885 3770
2163 1588
717 9292
9666 9261
5054 6281
6044 225
809 4328
3431 293
5732 9667
12 9121
5378 4658
9152 4263
0 8699
1628 2601
1848 8625
1704 1078
6718 4391
3669 9786
8875 6692
4682 1793
2409 7745
12 3812
652 6534
3529 6912
7236 6522
468 5756
8349 3272
7718 4055
296 8620
4741 9383
6723 4359
8110 6312
6348 8663
1144 8694
5411 6478
1275 4601
3839 4514
5883 72
2471 3409
3170 4953
3203 29
2496 1346
242 9660
8926 8803
5026 7488
1287 9534
3661 3597
5642 3868
497 4752
6427 7907
4669 849
7954 2907
110 3900
7242 6438
6823 2200
6436 6163
5256 6092
7866 2391
5244 8504
5273 9286
375 1324
7251 1283
2718 7814
5652 1710
3617 980
3472 4457
2003 6597
8122 4978
2182 4150
4939 300
3097 2397
3577 9915
414 2113
9984 6748
6060 6913
8623 2295
9953 6927
5375 4407
8133 3511
7275 9982
4599 9905
3066 2755
56 7445
5199 9273
9472 3605
6271 2601
135 3363
831 3508
1364 9540
7054 2093
8542 9000
3875 118
5847 9348
9927 5179
1717 9609
4695 5874
9693 7503
7948 5389
3053 7675
1156 780
9691 3905
3044 1555
2347 2528
9053 301
7770 1730
5166 1140
5836 3171
7325 8212
8804 3383
7923 3783
5818 3715
1630 4662
4010 1439
5250 4312
4171 3565
6491 907
6058 9433
552 6850
632 3547
6357 5698
8283 9963
2312 782
3570 5208
1449 344
3407 6656
6722 4194
3675 4462
3847 6567
3000 8448
9092 1432
1776 181
9966 2880
9619 7717
1428 2158
5702 7930
7545 3603
8691 7052
4122 7876
4249 5680
7033 1407
6460 3379
6468 1169
2484 1352
8101 6526
4473 5991
6939 8805
7968 9752
7180 1166
863 9833
3258 8882
1791 9493
2054 5551
6990 2726
7237 7185
6871 7062
6323 3580
1723 2397
8808 4864
1504 1243
4793 9512
8477 9467
8257 8388
6574 638
6838 9148
2684 1634
7847 2857
5794 7247
6348 2716
7243 6594
8365 973
1630 5171
2251 7897
8519 9854
1413 4866
2317 59
5961 2581
1823 8153
7819 439
3291 9671
4057 7192
1476 3833
6681 3238
6540 5661
6901 4103
3663 3366
960 5961
4649 7405
4444 7873
8369 110
9489 6105
3453 5382
3452 1911
9827 5481
178 8901
2430 8219
8205 9697
9067 3488
3867 2863
8573 595
8015 6833
6774 6844
6281 125
312 6702
5052 8921
8460 9582
1277 9578
1967 9966
5687 2124
4030 6743
6905 8205
1766 8928
9882 2310
6017 2803
7759 5453
193 9291
9753 9271
7547 6282
7388 4358
3434 5480
5379 1693
4741 8719
5918 8161
263 5378
1703 7371
2555 1333
7844 395
7313 890
9116 7020
7337 1268
3541 8572
5103 5025
2379 1247
4315 2132
6619 647
5206 8246
7231 4179
6598 333
4993 9207
4946 263
8485 268
6029 8042
7213 4535
7770 6330
6836 3521
7066 6376
4899 3795
5513 8944
9247 3629
5325 8933
7561 2077
6488 136
8135 3043
5724 2922
820 1231
2965 6330
3265 5222
7961 6381
2097 1647
1979 8215
774 7577
449 8992
6169 9141
9732 2546
2076 5163
8383 8289
7396 7092
6838 9142
8519 4791
7658 3067
8520 6898
6115 44
4824 5897
5441 2140
147 2215
1246 9165
6565 5771
9038 3964
9876 7015
6162 1802
4018 1529
2012 9770
7846 5316
7326 2900
2935 5888
4949 2022
8851 3604
9291 4027
114 6796
5376 7904
4953 5932
344 2400
3479 3405
2219 8409
8992 7636
5896 9866
4993 7069
4314 8181
5536 4951
7252 6330
1686 903
8455 628
3247 1656
2683 1336
6533 7816
9526 5741
9493 530
5840 719
8668 8064
138 5284
7457 4048
9039 8825
4359 3055
8742 8840
2795 8714
9511 3883
5107 5002
9954 8138
2651 715
7301 471
5602 5492
1683 7531
5984 1609
808 2938
1158 8344
4315 5237
6747 141
6758 8323
5240 9451
4349 4707
2730 909
2325 3876
5941 3668
4655 686
848 3162
9713 6106
1588 4198
3537 9748
2565 3340
4487 610
7279 3123
3010 5612
827 2493
8641 2714
8544 9375
1887 3557
4954 6624
7175 6014
5153 4117
6836 2956
2733 8770
6981 6230
7115 5511
7249 1228
2948 7860
211 6827
7746 1250
6832 8768
9031 1551
5496 7315
827 5700
6561 447
6571 360
4407 8118
9729 3057
8264 532
3664 3706
8690 1414
9707 2789
9574 8191
810 1295
6686 5261
9240 7573
3895 9622
7689 7591
1081 5194
9772 4338
457 3808
3303 7973
5619 6198
5085 6593
8438 5466
9321 2452
3990 1678
3321 7142
8804 2939
3601 8113
7226 2759
6532 2010
1351 5478
8082 5053
9497 5746
8374 4033
2237 3953
6155 4161
8498 5551
1891 8332
6493 8172
3382 1437
9711 2416
3892 1892
5321 1752
5644 7584
3506 6457
3891 4794
1092 4609
5893 222
264 6233
1428 4024
6743 2842
9007 6160
1423 8803
1927 3794
7734 5319
3131 6229
634 9403
6028 2774
6897 7722
2642 3981
2945 2822
2925 6784
4583 1966
4924 2243
5455 172
3169 9726
2847 1069
2569 2929
948 2909
9507 9646
2527 3073
3486 6162
7477 6068
5998 2051
7496 5128
1704 8900
5624 6535
8269 8988
282 4091
5185 8925
628 5821
424 9097
4147 7637
6108 9456
2115 6109
9909 8928
8708 8115
2146 4170
5273 4346
6350 3836
3822 7511
8711 6875
9197 1405
7463 6523
1024 3198
9887 5422
3110 5748
7518 4345
2246 5030
3820 2238
8954 6209
5393 1576
3315 9662
3541 1462
8931 5972
9837 3892
6625 2830
4591 4043
3437 5246
4672 1586
9549 4348
911 262
6091 9741
5323 8467
4581 246
8771 1646
1648 7797
3997 6983
8164 3712
6113 4512
8560 7188
2110 7362
6325 9675
5234 7708
7010 6900
2016 3213
9884 5294
4005 2275
620 6541
2753 8420
9497 9072
1762 4787
5506 9283
606 8594
9562 7607
1921 95
2102 4099
7858 1754
4248 1801
4097 2353
7492 7590
9145 9405
5272 3446
9309 8376
7981 9227
6217 181
3174 3099
5095 6869
7045 4578
6517 4581
8435 9656
238 8395
543 162
425 3717
3182 3155
468 9974
4314 7041
5428 521
2098 8234
2797 9175
8568 7823
7876 7561
800 4545
6038 6102
7534 8443
5055 8405
8824 7298
6467 1357
8950 4139
3367 8204
1332 7626
1531 8035
1951 1983
2071 643
9398 6049
3898 7977
9457 1211
7636 906
2395 5321
7424 5894
7433 9649
742 74
8745 4461
1162 5065
2451 5980
3324 7390
5101 4502
9185 6499
429 9231
5079 6180
123 9335
7291 3544
3780 1621
8526 27
1150 3092
7043 4472
5787 2240
6057 6474
9356 5575
833 6495
1957 5381
3389 8628
7767 2558
7346 6366
6424 4106
1779 2179
7630 7324
280 2940
5256 2337
6733 8297
578 8738
4472 8315
1039 5412
4717 2990
4110 8019
2235 4375
8824 4295
6438 8230
6079 1124
969 7921
6638 6412
5690 139
2712 5393
1421 7672
8560 4445
2260 6715
4160 7658
4492 1195
4603 5789
8047 509
3078 3682
35 329
5384 9004
4217 789
7371 911
9769 1664
7111 8907
1417 8511
1498 3269
2106 7450
9554 6789
2285 1739
9365 5713
7731 8392
4486 4895
5040 1942
7620 2855
3315 3153
1376 9913
5966 8975
8751 5080
2401 1038
6324 8230
9065 65
4046 5290
5302 1707
2919 7270
1400 4738
7753 7728
2538 1369
9437 9050
447 4017
7286 5466
8892 2676
317 5865
7327 3681
6660 7927
1620 8017
4137 5350
2763 1828
4911 3660
528 6974
4747 6786
7305 6866
1225 4181
1331 3923
1148 9616
6692 435
9615 5390
1946 4960
5205 2456
9414 730
4600 8295
9410 3628
2406 6923
4111 2478
7631 6536
6125 4148
3935 5533
1552 6575
1550 1352
596 5356
2221 2838
7768 9910
9669 2382
5159 9469
9293 593
5065 3573
960 5414
2785 3033
6355 3975
9939 8482
6256 3639
8432 8623
6126 5850
8432 9503
5494 1976
638 4155
2245 2169
2270 2346
3324 7466
3178 3929
2498 7137
8244 1106
5559 443
4455 5696
949 2276
4496 9692
8043 6115
4937 6577
9801 8032
3703 4733
3989 2148
6876 4518
7097 919
2399 4805
8995 4837
7763 4569
8170 6792
6864 8531
5938 7889
4418 2369
8349 4317
4151 7216
7337 4685
3193 8374
7734 9846
8206 1367
5454 4840
111 4426
5157 6690
9466 412
8059 4652
7393 6263
994 3090
8341 2487
448 554
7847 2588
8305 3495
777 8143
3360 6709
4366 3440
8346 823
4122 3897
1043 6741
6000 6934
3700 1929
428 6497
7721 5732
1510 9268
5984 6999
762 8343
127 1716
6579 1292
4443 9914
3863 2741
3702 3206
6350 6942
7512 9114
1947 9403
7687 3846
560 3073
1676 4852
8029 9933
7393 923
1669 5467
4015 8353
52 2058
8323 713
4069 6032
9180 5021
8105 1389
6935 2105
1171 521
3985 2931
4304 6676
9704 6894
176 3784
8252 6190
5289 4355
639 3206
9037 5923
7447 3120
841 1480
7823 9200
5217 3348
7458 3403
8074 6542
5014 3713
5001 60
9696 1038
2661 8001
544 7056
9948 7078
4922 4221
8896 7592
4050 877
1100 5958
3687 5661
1883 8593
8075 7231
5289 7787
2827 3318
6124 8305
4257 2850
3657 4806
920 5261
2704 2313
8734 8931
6926 5770
4835 7669
4037 2662
2851 7308
5430 5129
7510 662
9647 6332
2501 2670
8100 3219
7976 5373
1130 4793
8078 8670
7943 7257
8283 8106
158 8710
184 5604
4057 6493
3477 9832
9687 1157
3409 6002
3685 5236
645 2396
6829 5888
6544 9371
1422 6179
7193 4714
2190 145
7812 5873
5387 7376
9559 5632
2663 2104
976 5829
5317 4306
1029 5071
5286 751
47 7577
1397 1090
5607 6631
9094 7569
2192 8053
7692 2361
699 5138
4614 3149
1894 7260
9745 3760
8557 3399
6004 551
947 265
2016 7579
53 596
3844 4965
7488 6824
5039 6595
9284 2774
8239 2694
3334 8810
3736 8958
2536 3535
1272 8130
1952 414
424 3835
5687 8025
2709 7504
3905 4223
6189 2288
1835 320
2736 6112
6000 7681
9122 1880
9882 9403
4248 9934
1082 9969
3616 5679
4929 7464
8478 1055
3696 7597
1722 1005
5672 1946
4502 7022
4727 4942
3707 8266
9487 791
1840 483
505 8506
9886 9412
2949 4600
2564 6734
536 7368
9080 4654
7485 7654
8340 6050
3322 4557
4852 1569
3454 5388
3825 3956
2460 8243
333 4668
1204 7791
2784 8849
5534 1446
7974 9813
6531 6010
5976 8523
881 5735
6510 7653
3733 9088
4992 3806
7639 721
6005 7057
315 4767
8511 7005
2802 1392
4067 2000
7725 7958
8582 4136
7374 257
4878 3312
2227 7381
8472 9093
6910 4121
7822 7147
2359 451
5152 6444
8985 3926
9753 9556
8857 7822
7066 7027
5262 1886
7064 420
5388 4974
2648 6915
7872 1788
7200 8856
3393 3660
7320 6762
4711 5188
6081 3392
7154 3491
9994 8885
4252 3760
6836 2813
445 3198
7398 8015
6118 9763
5596 5715
4977 2528
2415 7616
3904 5642
9388 3369
8700 3782
6954 4338
5228 1348
5844 882
1649 4818
8844 4930
3327 5600
4918 2233
8541 7660
1196 8347
6238 5931
6795 9567
6401 4393
6958 975
9264 9371
1215 5253
694 7858
4296 8770
9713 9195
1959 6789
3486 4838
1615 8141
4036 3862
237 8739
3196 8469
5182 2793
2749 8737
6249 8888
1196 5383
3184 8615
2381 1981
6276 5069
701 6852
5040 6056
5324 8449
2970 7194
9738 2427
2372 4503
1003 9890
867 3137
3328 5525
5296 4864
1745 8351
9318 6952
4318 5270
9662 7507
2724 5263
3877 6269
6213 5298
669 563
1832 4495
4778 8350
3406 9500
9551 2341
970 8040
4166 3351
8976 2100
32 2917
1041 7777
9789 5427
2273 6444
6394 9629
9453 8798
9729 971
2264 2039
3737 6717
2896 1920
4819 3982
3708 7131
9259 6579
9451 8440
8254 3436
7292 5769
7512 7710
660 2161
6507 4085
9139 2625
4436 5355
8550 1634
4556 2502
8795 7628
732 7032
6630 6911
2223 8426
9818 4690
1792 5556
7036 6342
3536 3243
6019 9684
3382 5353
8665 9406
627 4802
7385 4652
92 1902
3530 5152
513 44
4857 5013
1194 6649
325 9331
2912 2279
108 4178
4441 7132
5215 3810
8451 5448
5882 9733
364 8719
8179 9571
4487 7408
9149 1525
1374 7978
6580 1958
2900 2573
4829 7621
9193 6259
5578 9396
8713 6232
9928 9520
7910 3026
3271 7539
998 6085
1568 1244
2318 2150
5550 7810
1770 934
7857 397
6772 4794
9854 2259
5342 3751
4233 1
1249 5161
1094 9632
4749 5587
254 4239
6947 9038
7883 4292
1258 903
1880 7861
7094 4145
7978 4319
5614 559
7481 4193
3947 6361
5310 105
4919 9735
8604 2449
918 5466
7124 4951
1180 8868
2057 2711
5179 5191
5290 5715
3976 408
1158 3056
1045 8638
9250 5742
380 5455
959 3299
8778 5945
9598 5179
3015 5726
840 3257
7202 6244
2446 9374
7485 218
8542 9587
3610 1604
4102 7407
439 4177
9706 2978
8305 9124
1166 8409
2314 7655
3520 6709
2514 3283
1526 3176
5666 6759
362 177
3904 6229
2203 246
192 5702
8041 6147
1753 7029
9246 7406
5997 22
9882 7565
6099 4506
9338 6636
1993 7081
7678 3768
8460 3202
6945 9967
2317 9996
2311 1745
7722 7763
4777 4192
8682 3638
6109 3919
1036 9699
5304 2311
934 29
5900 2700
7529 202
3317 5868
9530 2323
7278 8682
4171 226
1726 628
8497 3297
9995 299
4403 7773
8543 3358
1649 5715
814 1506
803 4092
3026 1956
2272 4690
2595 5757
9790 8623
1424 6147
5431 4818
2005 723
8531 2455
3634 4910
1666 7795
7610 9981
4387 2860
7666 5704
6449 1685
4026 707
5759 7248
9172 7057
2394 5433
1482 6983
3837 3629
1624 817
3716 5561
8562 9929
8205 3369
4956 7877
3319 1809
1951 6236
2717 8880
7927 2075
6237 9862
8067 8379
256 6572
60 4221
4975 3271
1874 4138
8813 839
4546 14
610 8442
2355 9640
389 2899
9143 4224
1327 7615
7975 4032
1409 6016
2984 7293
5885 8692
4173 7643
1624 3599
251 4296
5004 5233
1074 7209
6076 9207
7242 7286
5858 424
8343 2959
9124 5643
8486 5406
8737 2609
6566 2671
2754 5146
2896 6305
2282 2365
9104 7817
4163 1910
9251 6955
4825 5840
7505 1550
5819 2735
5409 4123
5063 6160
2627 3516
3741 5553
1081 8491
8636 3197
7875 672
6034 2618
9353 5325
1213 9412
2275 9998
4141 6528
4586 6564
103 7117
8157 4474
8755 8527
4944 3995
5881 6627
431 7247
9287 7588
9299 8556
7597 7013
3568 6978
9428 7552
4034 8146
4515 9003
8997 5099
9324 1460
6322 8858
1208 8703
8400 4425
5130 7776
9840 4412
2830 2211
5281 9890
6543 8951
7816 4349
949 9843
7270 1282
9988 2179
4421 7668
7932 2181
3211 4128
7578 9621
8152 3471
3502 4126
4278 7102
7162 1832
5686 6908
3011 8853
1096 7328
807 4969
2257 2849
8003 6628
1243 2824
2685 5852
9089 3336
6599 5912
6569 5755
7452 9373
1492 890
5171 4729
2188 9976
664 5822
8520 8989
5139 4995
1254 6261
1363 5927
8083 3510
8126 306
7888 9644
7484 2718
4158 3243
9479 1590
4645 8073
6736 5930
632 4012
1016 9235
3467 2020
9817 6845
3966 3301
7620 2425
662 7457
6387 2930
9458 2791
8632 390
7660 5704
3489 7952
5562 2050
8166 1562
102 636
2698 1359
1213 3432
429 6142
6277 1433
7700 2194
8265 7550
1723 5486
3202 8920
2000 3506
2316 5758
7727 9339
2453 4465
8583 8754
9359 4020
4245 9719
7718 9298
2499 9734
7733 8963
8030 6289
5405 7392
9250 3231
9358 1238
6031 898
2722 7394
8500 6279
9173 4267
8425 779
4253 469
2044 9794
4656 3633
7288 8858
1013 6717
6957 5723
1844 3816
3349 922
6680 702
7546 954
7585 2845
9690 1382
1007 4737
3836 7353
1398 4383
6163 8311
6737 5263
6003 5160
7338 6382
846 4918
1554 4788
835 1732
9003 9262
2523 9800
4701 237
4348 5674
3916 6078
8394 8020
3741 9965
1612 1780
7521 7699
3368 8681
2019 280
2943 4070
206 8494
9407 5907
6566 5613
4667 7740
2930 5972
9154 9502
8375 3389
117 3446
3785 7201
3314 7492
5077 5124
9739 6622
3539 1936
9335 8871
9636 9713
7175 9805
8085 4463
5303 7579
9779 9083
1391 4977
6055 1548
4062 4286
6941 8806
3487 8360
9746 1320
5943 4120
3912 1285
6726 556
3427 4319
7875 3087
99 3453
4862 2938
4848 2412
6645 8360
6651 4056
5662 4269
695 1629
4310 9149
2081 6307
8453 8665
7641 6477
5031 4331
944 9676
943 7063
1819 281
9921 2605
5953 5127
3635 7048
2677 5365
3437 4440
105 33
9334 1487
3262 5543
1257 5889
4273 4395
915 7054
4423 4466
1982 3046
4654 9850
2879 6931
3012 3971
309 986
3484 832
5861 3398
5271 2882
4266 9037
3082 423
3286 8554
3297 3380
8324 1631
7595 5265
4679 2839
508 2490
3103 2624
4388 9398
4127 4802
2287 3834
9986 5311
2821 7112
7009 851
2666 6333
1998 7004
2985 6726
1496 3861
5446 7376
8937 3431
6815 8380
8237 5592
5647 5934
748 7948
9304 4853
7284 1669
5187 7081
2026 5576
938 7704
2045 399
8474 5143
719 6783
7771 2525
7906 7586
1422 4219
4823 1741
3194 5800
6154 4414
1330 9462
2407 9005
894 7259
4863 8013
8357 245
2955 4964
7276 7987
9900 1248
3549 2028
8046 9166
5009 4025
2593 4826
4730 3922
2363 4632
6155 4344
1340 2505
9298 1922
5034 8252
7465 3566
1820 1932
1059 5558
6932 519
7077 5936
8769 5719
6714 6363
402 1305
8399 993
8382 865
2783 2553
2297 1556
9692 1042
7461 9598
5459 2860
9088 2890
1896 8118
6381 2220
2610 9184
4358 8065
5285 3649
750 3546
6915 9921
9964 708
3463 7407
5093 6453
2274 784
9958 2660
717 4787
4458 4168
4665 6692
2709 2803
7429 1983
4402 6425
1092 7141
7208 5737
9620 1399
2062 1928
2637 6132
5369 3039
9988 2530
4990 9076
6284 738
8621 7527
698 4843
5458 3955
1321 4561
2962 9682
5365 6539
3982 4564
3864 2468
3903 2251
800 2506
882 4629
5211 684
5216 1628
1516 3008
7138 2550
4496 9957
8932 6999
3212 5083
83 8101
9142 9861
7336 7389
3636 9183
7144 4507
5307 8513
2926 3239
3666 7641
6908 1034
1346 9012
9883 671
2848 1152
4775 3825
1847 6845
3466 4872
1464 3514
6328 821
7126 3135
8493 8249
2578 3328
8861 2383
5943 2912
6860 3918
6512 6819
1930 5067
2162 6815
5156 3810
287 8284
7462 7918
8688 6407
3676 7153
7741 6610
7285 8425
2612 7272
5728 4099
9803 5182
707 2767
6633 2010
4484 5368
624 5435
4805 4449
869 6723
1253 187
6483 2548
1172 8242
3185 6367
674 8892
6479 3703
2289 4619
6107 3618
6677 1457
8246 3415
7897 6764
5092 6359
9875 434
2355 7127
1191 3026
5191 8242
3651 5063
8359 7000
6346 4931
3478 2420
3888 2375
3855 774
2007 3481
3400 361
6273 7961
5839 5625
2380 4704
1970 6004
8079 7179
2650 352
3831 195
4877 8832
4462 9118
1603 8031
8437 9100
1697 2855
3710 4309
451 5735
121 7466
2761 5421
1037 5288
2827 9131
315 199
2429 1671
1104 2946
4932 1777
1782 2999
5281 8545
7349 4573
2957 6929
3098 9272
4068 9116
5297 7460
5581 183
28 7589
3244 5683
4029 9568
1058 9351
6588 7184
7062 2640
6053 1335
4615 3488
3989 823
8498 723
68 4201
7559 9789
1178 7847
7203 7514
175 1242
887 2699
2029 7557
7755 8178
5438 1871
5933 4802
2010 7358
6974 4906
267 4094
2408 5042
2729 8504
7684 2887
1182 9976
1931 2156
3834 6486
7551 4859
4707 5359
1763 5415
7477 5853
4531 9381
8257 1427
11 4139
6794 1509
1607 4939
1465 2155
70 2206
3864 7386
2546 1137
1074 3074
7661 6132
6576 4077
1746 3412
7454 5131
1240 1974
4295 8088
3034 6417
7771 9484
7455 359
7947 8799
3642 1856
7073 2067
5925 8553
2782 359
964 6213
5583 5686
8873 4767
8861 1652
8538 4595
6058 4686
904 6317
8637 6951
6785 6069
1354 4985
1970 5479
9930 9384
7522 3275
1350 616
778 6610
8131 311
9660 2145
5868 6887
5722 2929
254 648
8489 2500
9827 5235
3451 5634
1895 6080
336 7438
8224 3581
8780 2351
7581 8886
3288 873
9057 4045
7358 8991
5060 5824
3649 4281
9480 3773
8060 5492
1459 2386
917 3998
6850 8006
7535 5304
7583 988
1289 6661
3592 9182
4156 4353
4910 3095
5780 9327
3009 6040
7306 1060
6707 3565
9676 6109
3361 3603
3377 1591
2396 1310
1961 7908
2845 7563
1212 2779
8300 8528
1127 5744
7002 1692
5129 5496
8914 7046
304 1110
1667 9376
755 3248
5202 9308
8246 8551
7244 3514
2590 631
2676 4382
4925 5275
3652 1180
6554 5685
3628 3444
1401 8571
8456 6135
2158 7619
5061 2255
754 6833
9944 7413
8467 5891
283 1046
4149 9269
9736 6316
9056 900
3025 58
9638 9783
8347 2486
2475 9739
7980 1064
9975 5400
337 5604
8938 9834
292 8097
7189 9992
2597 899
1685 9193
4527 2930
6795 3999
109 7400
4383 2224
2718 3125
1376 3468
1151 1362
5177 5146
6213 2958
4394 384
4656 4675
2691 9260
9859 3505
4016 5919
3681 7287
8051 3207
895 4338
9792 9276
8226 8913
2971 4635
5147 1307
6505 4936
4605 7519
400 6618
9364 234
7957 2970
2597 6944
6386 3904
2334 151
6624 436
7629 3110
7951 2079
2635 8064
5815 5788
8988 7336
197 6048
9779 1824
9091 4062
9267 3561
4707 2694
4509 6240
3924 6600
3264 8821
4374 9855
853 9108
4486 2809
9366 2415
625 576
6142 9648
9103 3147
624 324
2015 8422
4340 3260
6061 2592
1043 2468
2193 8629
2771 6970
456 4035
7799 2292
7224 4266
8326 9598
6113 8039
2461 4366
8913 8187
3095 1492
4148 1749
3484 673
6718 8540
1537 533
9839 6075
6877 693
1569 4430
7194 7533
4825 1790
3490 8333
3852 314
8607 1296
8739 1368
7188 2852
4682 3870
9188 6553
7376 433
2044 8949
4370 5764
3380 6440
6117 5147
1504 7245
1637 4029
8185 7901
4840 8068
860 2291
7556 9060
7396 3890
5978 643
6896 7520
2846 600
2446 9278
6683 3823
1415 5716
6933 2301
4730 4394
5325 5830
5763 6337
1089 119
3153 6828
1797 8857
7657 5181
9980 7089
3843 160
5570 8957
8988 9386
7425 7233
9126 3909
4801 681
3106 7308
412 3656
7656 5199
8984 7687
9689 8394
1628 6166
9757 2703
3370 5564
7778 6256
2281 7053
5609 685
9771 6019
2977 7438
9802 5844
2971 4875
4974 7313
7834 3163
4191 8354
2542 285
379 5941
9222 8477
9956 5426
9266 9059
574 7203
9553 2482
7306 6694
4284 3268
7309 9759
2278 1438
7824 6264
579 2907
3171 2525
939 5270
5153 2721
7718 5030
3988 8200
6788 8527
1988 4879
5876 3157
8885 6481
4817 1126
7057 647
6050 6340
3079 4712
8084 9615
1814 9613
90 1039
416 5607
749 6652
7747 2760
8551 6254
2240 6759
9920 226
8762 3959
5482 9466
5318 2641
6817 6742
6663 3167
6329 1677
3445 348
8201 9017
1100 6546
7284 6573
5142 2616
2422 972
7960 1172
8320 3240
2488 1025
4362 9346
6395 570
7908 9174
1951 3993
9406 9330
9337 7014
3050 6426
9104 9392
6469 9580
1765 1064
2822 3581
5823 5183
9063 8059
3178 8505
3650 8331
99 152
8419 7279
1639 7566
7465 1989
1964 4372
6663 563
6554 5624
9725 1699
8378 4200
9194 7219
6832 9299
6709 1138
7084 6658
5158 5884
4420 9013
7712 4492
9117 3721
8915 8787
7841 4486
2782 6275
5461 1316
3863 3671
1488 4226
5501 1813
501 4912
7230 5396
2348 9855
9676 4468
7524 8163
7139 6617
3268 6939
1837 7459
889 6302
7461 1667
9137 9034
6804 4576
7693 8242
2887 2778
8159 8697
6773 7108
2122 2960
4769 909
270 3969
5224 613
5035 1547
5834 5293
7745 2036
6020 8426
9678 9430
6477 8964
3841 496
7337 9695
22 5172
8204 8301
7601 7924
2561 5224
5465 9226
4193 5112
2110 5211
2193 5333
5054 977
7268 6866
8534 2384
769 306
6959 4965
6331 9086
7304 426
7567 4552
7418 2192
6307 2923
2873 9159
1557 6251
3207 8130
8335 2509
4092 8102
7378 5499
7259 8352
1156 1912
5000 9857
6591 9131
25 1760
533 2338
3121 4899
1667 7925
6446 2705
1080 2262
8374 3116
3774 9202
9906 2687
1874 2435
5175 8591
5713 8000
8286 4252
1534 456
8164 1284
483 1686
5593 2257
1523 2880
3363 3313
3257 6772
1681 1242
9437 8524
3027 9422
2196 3149
6183 8985
3724 8458
2327 3492
2305 9128
4184 5437
4086 4077
1673 5578
9969 4367
810 4156
7669 3558
1990 5548
8718 2147
1263 8604
4960 5242
134 5162
7949 2172
4347 9196
7544 7532
8256 7020
4428 5014
9977 9361
5259 9973
1858 3173
2448 7629
9895 2384
8844 8609
5741 2530
9517 4360
1567 5928
5255 3990
3842 2531
2240 5155
9981 6624
3304 4223
1643 102
2073 7273
3850 6314
6608 3969
5166 9594
2952 3101
7303 1710
4463 7571
578 397
7126 8983
4538 7357
7983 3594
2358 7714
5281 6069
9091 4074
7042 216
2978 466
9392 4947
9300 3440
9752 3292
869 9317
5677 9770
3438 7211
7091 2244
1270 6612
2038 3620
4684 7096
8277 6539
1520 5118
8041 1313
4911 3942
2096 132
3709 9691
5148 1168
9353 4356
1339 398
3339 8190
922 263
3976 8714
2390 6007
7034 3872
3661 3103
9461 7272
8654 4129
3350 5474
3093 1293
3466 368
1075 4348
9430 6950
610 685
3966 3147
7082 4183
6988 3438
6224 1061
277 2192
3911 3932
5753 3251
449 9848
9648 6063
4500 6275
7238 710
6938 2782
9561 5381
2134 5266
2627 6023
2627 8532
7801 8130
1451 1326
191 5068
4488 8992
1937 7312
439 9951
3712 1845
6452 8682
1773 2465
4168 6880
7643 7702
5037 9286
5013 3847
8418 6416
9849 4112
7676 6432
6157 7027
4859 1316
8819 1409
3218 8158
9179 5012
3408 3137
9595 626
9926 8303
1779 9698
3807 67
1984 924
7100 156
8529 217
8458 1172
4246 7918
8962 7931
8998 8636
8143 1125
9725 3653
4033 1433
8712 3399
2677 6537
2487 7905
6304 4983
1751 9494
3310 2532
4335 9775
5473 9260
9950 9137
9282 2304
7899 4917
7001 4913
2159 137
8758 8414
5152 7409
1429 9675
4293 7593
948 6871
8528 5754
7170 1670
7655 3992
5370 2664
7598 779
3269 3256
6382 2432
7615 5810
3201 6480
9395 8317
8865 980
9740 2541
2349 798
9903 1016
355 8300
1926 5295
2619 7503
4774 425
5532 2019
5497 9658
3340 1546
8270 8488
4597 2209
8001 6924
8703 2774
528 1900
817 4672
1666 393
5878 6196
2062 6611
9178 8254
7553 5041
5436 4628
7743 7411
3872 3218
3859 9656
8104 58
1171 248
9791 6478
9912 5075
5408 9692
61 8223
3812 421
9382 512
8837 1275
2013 887
4568 2031
4305 5661
9077 8024
8463 6711
347 2900
533 7529
2256 65
6679 8986
9577 8909
2017 5522
2654 8667
2106 9983
8961 204
8151 7553
9280 5752
9924 6513
1278 8594
147 5806
2704 1759
7217 2085
3738 2137
2330 5847
1055 2116
5193 2175
9509 838
5385 3274
5135 2002
3820 9910
3749 1701
2145 1610
3072 441
2298 7911
790 1080
8786 6151
555 1387
2865 3237
4511 2126
3372 4869
2547 3499
5977 7917
3174 5401
1699 7169
6248 5949
9889 5865
366 9213
1985 6695
8977 7757
819 34
3589 6257
9549 8919
7085 2462
1055 6309
5980 1263
5243 504
765 417
984 5866
8599 8300
8493 3154
8446 2818
6453 6474
2876 7677
9081 1194
443 8815
1388 1555
1007 9261
6476 9342
6744 2917
6590 4499
8748 6622
5161 2559
3302 1025
3086 8887
490 2175
7894 6321
2416 7817
1890 7102
3272 7851
2706 8004
5317 5158
8530 4620
6854 1995
3104 2330
5026 3734
3040 6582
6447 666
5971 4893
9293 6155
1292 7645
9997 9543
1511 7426
32 2154
3573 6811
8195 6875
5701 7421
9333 153
2874 9691
6004 6964
8431 4725
1665 1027
3251 1482
4804 5296
570 9989
6098 4755
5671 9238
4878 1002
6574 6120
189 3721
6937 7073
1687 406
5205 172
9652 4210
3063 2025
3429 2570
5767 7146
8989 8999
8202 9759
2532 9181
7311 3943
3442 6398
5725 6990
364 2319
3365 6837
6397 7025
8194 4741
1836 2348
4769 9288
4248 6577
5016 4429
7870 1648
938 9799
2596 2668
4905 8307
851 9775
337 6889
5508 5552
1223 1735
6686 8241
9283 5836
1670 9576
3494 5352
7972 4944
7983 1455
8876 7197
7637 5419
2599 4472
1485 3796
1778 8550
2361 1464
6948 9321
5246 4498
7712 7799
3146 9924
8361 9573
7272 1190
3520 6689
8091 2079
751 5582
8777 8224
4331 1841
1419 8962
2707 6962
4743 3944
1218 4476
7008 9961
133 2600
3537 7460
7502 7980
77 8929
5681 3922
9901 5129
2680 1716
6765 3577
1575 7890
7386 2446
8879 3888
8435 8650
7758 9291
6994 3285
6691 6916
871 1691
7500 360
6442 4542
8954 8500
1183 9530
9275 316
3736 6990
8581 72
7425 6128
9378 6368
6800 382
9634 8506
710 7644
9092 5099
9669 6575
4635 75
4508 550
2167 6943
1842 3480
3224 1817
4803 4501
5880 4904
6378 929
2894 5391
3965 6389
5363 278
992 6919
7713 1576
2973 7475
3728 9445
3616 147
7750 2933
803 2326
1864 3032
8299 2985
2922 3448
3637 7441
2287 4754
8250 6869
2590 9517
7743 8517
9951 404
3658 8738
7998 8662
8027 4037
8561 4455
285 9040
2457 8310
4786 581
4356 9340
2981 3079
6202 837
68 4967
1990 9185
4217 8470
9188 8460
138 2943
4005 5399
1921 1375
4629 4705
6456 6227
984 1201
6480 3361
9511 2069
2966 1018
2440 7540
6528 3848
5156 9633
7025 962
2308 5622
2170 162
6615 7029
9427 3343
2403 8569
9079 7818
9848 2237
4372 2103
9422 3913
9165 8096
8516 440
4276 6455
4156 1449
534 5782
3400 3305
4038 2799
7945 8228
8041 2776
8889 5509
1519 8053
9438 3454
6802 4680
3880 3050
1452 4565
7039 146
5730 4329
1999 6177
5657 503
455 2167
7210 1466
4719 8790
7839 3042
623 3946
7325 9879
9423 5814
6371 4280
6178 7330
7426 8974
4748 9423
8026 2380
7445 8145
8643 8045
9262 6626
6448 4876
9652 9921
9342 8678
3228 3011
2004 484
110 8793
1867 732
5963 6440
7473 5080
7289 7522
7977 6999
3830 5416
1816 2975
6592 5907
9795 4603
7527 9439
5545 9423
9184 2008
2585 874
6494 5410
5141 9618
8183 9222
5684 5598
692 9428
3920 2411
9234 328
5538 1194
1018 1123
8367 1514
9967 5736
1691 6972
7699 2332
1610 5485
1622 6159
5113 4653
9077 8237
4401 5099
2714 1854
9084 6874
5761 6683
24 4446
9106 1095
9289 666
1043 2360
9457 759
2091 9649
4939 84
3114 1993
9261 330
4965 1652
6303 1000
9113 8735
6558 4138
3764 1762
4317 6527
6320 3062
2255 8516
5447 3838
1852 7095
1547 3730
5791 2607
2721 339
8382 8659
592 6564
1903 560
3120 3375
2898 7248
4327 5564
607 2145
7499 7762
4346 9190
9371 4305
721 8825
8739 4580
5130 1925
4456 2910
6389 9846
8960 6465
3417 2036
8231 4941
8655 849
7083 1568
7762 970
6881 5172
9672 3347
2405 743
1723 5506
6207 4538
1994 6379
9556 9942
900 52
4300 9306
7201 9191
6396 392
6741 4478
6572 3091
1475 6134
8689 205
4088 8863
9902 581
3907 9628
1465 2186
9430 1585
2943 9960
9182 7218
7136 4239
588 4220
2956 8443
9178 8888
1397 3423
3974 6861
5330 3172
5266 5018
9055 8751
4896 5223
6986 8398
7817 9970
2649 1265
3168 463
2437 7425
7954 3878
957 4188
6985 5969
3160 3078
5066 9886
7790 407
2666 9661
1278 3990
2376 976
7393 9558
6780 2030
692 9311
9749 440
5805 9205
7498 8556
7895 8784
8273 3487
7193 7850
2921 7402
1136 7386
7750 6455
8447 5631
8415 4184
1417 3181
2214 2895
1863 1223
8119 498
8306 9380
4448 2589
195 847
2340 3716
3200 5822
7181 6512
2048 542
3954 9029
4891 3059
9721 7168
1375 4165
998 8861
8862 2433
6420 565
2304 3194
2127 600
8789 1726
4205 6975
7682 4799
7709 1582
6813 1537
9130 1434
1128 8348
8062 2683
129 11
859 1245
3401 8314
406 6319
5550 7083
145 9073
9916 1522
7663 3468
8719 7848
4354 5985
989 9899
6941 6024
9499 7694
8057 5463
8837 9068
2431 2093
4753 520
2258 14
6722 8379
5974 107
9435 4311
8633 8836
6044 615
5509 3944
1908 1321
8496 5516
7540 1486
3031 2232
3458 1131
8327 8774
8080 4138
7479 6979
695 2281
4636 5767
1762 9724
8708 9060
8484 5334
3168 3860
4333 2826
1895 4224
3860 7081
5867 8189
3291 6502
8539 2621
3071 1069
5925 724
6149 7460
7686 932
6771 2597
9352 5840
5184 3333
4832 6839
9854 3587
9436 744
9156 5063
6737 4814
6417 4337
7019 8531
4772 2123
3362 3331
5271 301
8642 173
8052 4944
6962 786
7538 999
3608 9290
249 6008
7785 912
6602 5401
5979 9551
2194 1714
7638 3365
1741 5963
5563 1544
525 2352
9209 9880
4563 1418
6504 7874
8261 8831
1107 5621
3871 4216
2791 3415
9256 6135
841 9382
2111 78
5092 9414
6758 9863
7497 4161
2513 6697
3923 1510
4545 6186
486 4577
9841 1024
6975 474
6452 5767
56 9610
5910 1169
8896 9723
6158 9065
9239 5693
4987 3585
998 4666
9121 4285
3475 2514
1293 9580
5797 7934
2009 8506
5268 878
3204 3775
9167 1306
8121 3509
2818 1869
5650 6080
8537 7181
5 5736
5697 2951
173 4490
9833 1386
2759 8208
4699 4879
6542 4509
4902 3610
3716 959
9401 2320
1162 2250
6471 5512
5795 7332
7350 7167
3101 6280
9755 493
2433 9579
6509 1678
4077 7108
1607 9322
2301 6760
7581 6318
9643 3895
7828 7992
6016 1159
6408 8603
5185 6970
8729 9170
4800 7412
9584 2273
1304 9845
4907 6722
9859 9611
2286 6746
950 8105
3281 2533
5540 6118
713 524
7199 2195
2511 2733
3048 8777
7384 2257
3707 2208
2476 5513
1343 850
5036 4118
3219 1527
7355 2346
6074 6971
8297 8222
8465 568
9760 8715
7623 2101
7611 2579
2544 1578
8962 5508
4427 3518
8258 7124
6482 9205
7140 1079
5339 8129
8074 791
7571 9279
3696 5277
5326 2311
5361 981
9558 5004
4675 7124
4007 2100
8182 3973
2853 8142
3097 8220
7395 7776
9949 5200
1265 7328
2297 5128
2277 6774
5938 2652
7383 3759
3975 7080
3929 8867
1241 5322
316 3397
1518 6286
6715 1635
8271 1190
4432 3732
280 5743
4431 183
4231 6411
1718 6054
9127 6224
6218 1721
646 1234
6256 9829
2562 7575
4469 6659
1398 7204
1271 8493
3483 2538
3807 2921
4520 5052
1669 6011
6074 8829
6687 8122
3504 7413
4632 1518
7481 8764
1889 1242
5301 7905
1499 7853
5740 6019
6891 9113
7869 2655
1370 8858
2055 7924
4974 1829
2750 3269
5335 9852
7998 9250
1949 2336
1981 4455
2989 5516
9354 5905
3723 6704
8573 960
5831 6384
4398 9425
5269 7573
4612 8859
6605 8856
4154 310
1180 2916
2375 2439
5631 6203
381 7506
6708 2700
3582 1613
9437 9325
351 9031
3793 8872
7121 2404
1371 1429
5720 1649
8867 2221
3987 2046
2948 5662
3195 3067
3620 7074
4997 7632
2196 6655
2332 6045
4508 9208
1995 647
4340 6700
8638 1360
6402 4999
5180 4618
6912 372
7982 2072
3606 4136
6229 7151
9958 5880
2653 9571
730 4630
2284 6471
6988 9648
6100 4204
1315 5532
5474 8748
4419 1133
6003 3162
6415 57
5654 9798
3823 479
5089 1772
5522 1282
9416 3408
1157 1048
8714 7464
3926 8496
7949 2507
6257 4162
6392 9466
3352 7235
4555 1464
4477 7818
5859 7883
2986 8046
5892 6796
5966 5921
9232 1331
9356 1373
1783 6872
4616 2009
4765 8491
6097 7935
6735 3629
4595 2903
5622 5425
1358 9984
3371 9440
4312 9762
4981 2324
7089 385
4393 9602
4596 4025
4372 3665
2790 7652
3644 9012
5908 2492
6299 338
5125 906
9889 7769
4503 8156
9064 2607
9604 7971
368 6790
6245 952
67 1402
4158 6516
7463 382
6285 2991
4510 214
21 2861
933 9038
9084 6243
9386 4408
5373 5156
9356 5298
4758 3467
2962 3839
5218 1734
8108 9809
8651 7171
9873 9812
2136 9981
9170 2410
4401 4757
1032 3929
662 2893
4547 5894
2941 624
3110 7235
1330 8007
2799 6640
8746 7733
856 4887
837 7527
1085 146
1018 4935
6342 6674
8225 2537
5564 650
2551 5138
8413 1541
617 8166
3236 9646
9573 114
6730 3249
4145 6969
5324 9303
2550 5986
5300 1722
9635 1596
8733 3069
4066 879
9772 6589
9417 5078
3475 6007
8423 5740
2210 6606
8407 8424
4893 2830
9151 3940
6603 8971
9225 2970
5228 6085
6609 7431
3148 6611
864 3335
8881 2720
8798 4873
7942 233
8220 2051
1555 2026
8607 6220
1833 5676
5247 9468
9760 6597
2459 25
9589 6892
5122 233
7298 5376
5371 5330
1981 8058
7221 5038
1695 667
231 8196
916 9833
5963 8602
4655 1860
9208 1477
2381 2398
5780 4634
5370 8159
783 4291
7836 2722
9553 8947
3044 2536
3043 4925
1365 9963
6766 6745
5802 9083
505 6992
5193 7966
5029 7225
8340 1507
9277 76
9357 2663
3259 489
3289 5646
8586 1132
93 6712
1889 520
7431 5428
4499 2218
6238 1759
2995 7072
2222 9607
9696 30
1191 2756
9996 2405
85 7785
1502 9372
8795 1879
2918 3410
1286 2032
7340 70
4419 2021
1345 8658
7621 5544
167 5164
7748 6832
5827 2155
2991 1071
4437 5859
1226 6901
6385 4656
1279 7063
6128 3640
5173 5059
116 5
9661 2819
9542 8905
4585 9645
9822 2161
8841 7640
8323 6621
8820 3297
688 8002
425 7442
1249 1209
9478 8182
8474 6286
7927 2442
3211 7781
9020 5070
9660 5141
3924 7632
5230 9345
9853 6514
1639 3750
2645 996
6879 1188
1892 381
1468 1021
114 1901
4695 4053
313 4452
9219 6530
6989 9683
8308 9832
2585 5615
2082 5498
1974 1944
715 2682
5114 1917
8034 218
7046 4694
6130 6073
7922 4132
106 9477
6774 1768
3571 9963
7963 5484
1890 3822
9454 594
3815 465
1040 2507
1842 7799
7603 6538
9424 205
7465 6087
841 6900
8222 5855
9733 5828
1704 379
7036 1072
625 5610
2171 3447
9604 9937
8025 3655
5029 5083
4176 4448
8337 2388
1109 8925
9056 5572
5875 6667
2764 4169
2629 3601
5974 4989
20 7149
3128 3219
8790 9329
1917 9903
6086 5311
435 8637
1786 4501
314 2440
3548 1273
1224 8923
3956 4762
6921 3294
9068 6703
4049 9816
5976 3085
5738 5982
2052 5174
7487 354
9282 6895
3051 583
5212 8206
7673 8086
5626 7658
7996 3475
638 3582
5409 7361
6982 3721
3638 5598
1497 4631
3119 4097
7437 6893
4116 1523
1400 496
7368 4571
9408 9103
2699 8696
4022 2361
4563 146
3265 9746
7487 1536
6971 3896
2562 6510
1079 4579
3575 4321
2367 8456
8906 9147
5222 8536
9340 9120
8433 3476
5391 3704
7072 2580
9599 1936
7963 763
9566 8845
3425 5377
5878 4233
2324 8335
5148 3766
8776 1525
1590 4149
9715 161
31 7763
7952 2278
8276 2566
4384 7933
8787 5636
9736 1152
9105 2416
9473 630
6677 6153
3913 8965
2095 4718
3759 8766
495 269
866 8770
3781 7283
1335 1232
7243 525
3709 664
9169 3996
1440 9760
1539 9208
8811 4229
7509 3881
4495 4767
2961 7316
765 9448
1821 5437
7993 1728
2739 3263
6509 5619
9027 7287
9622 7011
3727 6273
3018 8339
7239 9823
5267 1909
980 1563
9204 6408
1470 2160
283 2321
5317 4641
8588 1917
4529 727
2441 5602
2646 7222
1278 8021
6805 1381
276 9477
1560 7074
9253 7790
1653 9782
9946 1705
7686 8613
1202 6079
8448 6695
4584 3756
2885 1387
2932 1916
6475 7703
3280 2700
408 3483
9054 1676
9803 8523
7608 1653
1854 7377
1847 818
2898 827
7862 7003
503 3773
9672 3618
566 7130
8639 6439
9453 9742
8082 4690
2644 4534
3228 9894
2245 1582
2478 511
4989 2777
7588 8562
2294 274
3098 3236
8263 337
5910 3894
1346 2745
8148 4535
5498 5002
7792 7443
4779 9341
3470 5783
6950 9716
4237 3172
6195 5344
6182 1031
7320 4896
5258 5358
7250 223
7990 5367
961 2765
9003 2399
6729 1987
7623 4379
1557 2969
7936 3413
6088 946
6189 6920
3013 2589
5019 2474
6008 7519
3226 2937
7935 2875
5168 4735
961 1433
7185 7047
8036 8412
5270 9630
7549 4792
9912 8915
8417 9834
2237 8654
4377 721
7244 4194
8945 6985
675 7591
5960 4071
1220 3245
775 5024
4870 7364
2745 842
1962 6037
7265 7846
6452 4850
3328 2363
131 5738
6892 3221
4387 2892
5402 4069
4881 1102
942 3285
1129 989
5968 6573
3188 316
6020 6835
1948 592
9010 9034
7928 5389
3626 86
9339 143
9198 7630
3404 2674
8662 6822
1344 9159
7020 4170
4586 4111
8900 4560
8054 2179
2598 6308
1493 9354
756 8437
2473 6100
4528 7585
8640 9836
2643 1189
9394 3048
3426 8572
1644 5199
8425 4625
9943 3693
8508 8023
9021 630
276 9919
3133 1940
1599 8779
4878 2976
5636 5424
8027 2445
314 7321
8629 4678
3742 1574
2720 982
29 2120
650 4808
7333 4496
1261 4699
7307 2282
3351 3986
8641 5904
2871 2596
9565 9274
8110 2926
6760 6291
2794 4809
3319 4300
6220 3398
9132 9693
2655 9867
210 792
