10000 9999 1008825223223816652 6298 2
3879 6623
1401 2005
3005 4103
7368 3258
4187 3043
9782 1418
3779 3810
1107 9159
8392 1247
9370 4703
3847 8220
8125 8875
6001 1926
6188 81
7142 9134
2809 6672
9459 1987
5388 8256
3962 9712
2064 1535
5549 9826
664 3659
7867 3059
4728 7492
6290 1032
7743 427
1228 8825
8972 3409
7535 3680
1112 886
7187 2735
42 1175
7337 4082
7603 8482
9589 4819
5139 9144
6626 8757
1365 6423
2654 264
1673 1018
2925 6300
4785 7569
3747 5383
7425 6133
7172 2167
2631 606
8217 8625
2873 8742
3791 6719
3317 5657
9543 4660
45 9480
6818 2937
1458 1654
5877 2403
6440 2587
9642 6246
4482 18
5387 9038
8761 2395
670 6805
4085 5213
1256 2993
3655 7589
2806 4585
4596 9241
971 2927
989 6606
3705 8683
7673 9057
2739 9434
9779 6196
7379 1791
2198 3737
5326 9904
2470 6299
2360 248
2447 1326
5088 3343
6482 7326
7852 5670
8752 2623
5380 2605
3428 2456
3678 8869
1869 3046
6699 8155
5274 1177
5626 3574
3712 8490
9697 9907
9359 2928
3657 789
5874 7489
7428 9181
3722 511
2728 2794
4471 3537
4418 1962
9076 3882
8392 4954
7079 7434
3360 6918
2071 32
2147 4160
5161 6572
3897 1397
1502 6440
7251 9233
4442 386
8695 2052
6121 8367
1063 5958
5316 225
1116 6640
3807 5951
9586 6205
6275 6126
6954 2193
5576 383
456 4168
8025 4819
7997 8147
3887 8179
7347 1089
4975 8332
5490 1998
727 8988
4893 5019
6089 4556
637 9800
1054 5254
4898 2454
9270 2414
1897 23
1405 8584
402 688
684 1061
4927 8392
6862 4877
1303 9644
6924 2838
903 9291
9736 1159
5865 7440
2851 208
206 1099
4295 3950
3536 5089
7588 5974
5420 5313
8631 4835
9024 7928
537 2816
9445 8126
9598 799
8611 3265
748 9909
403 3577
6072 843
7862 8502
7684 3659
4632 5921
5658 3911
9877 8614
5661 4652
1672 1363
5492 1170
1758 9217
1466 482
631 7393
5765 9118
1199 9475
3269 5931
3374 4956
5081 7866
6169 6723
5214 9971
1314 4610
6608 7670
9289 196
6065 8140
1856 7442
6586 5579
1106 4549
1094 8707
4994 3020
6012 3763
5288 778
1838 5458
4909 7309
8176 7890
3313 6710
3396 2306
8141 1851
2266 4964
8715 8854
2935 2649
3635 9767
8687 5928
2767 8602
5472 3804
3664 431
1055 9349
7592 9630
8371 5334
2210 3882
3653 5531
7000 7197
532 2066
2460 9818
9322 3108
2457 5303
2261 4221
5012 6753
5693 4182
3307 868
4289 1117
5582 7063
3368 7441
6019 4288
3871 2106
6878 9469
8515 3429
9339 6266
2381 1477
214 4275
4113 5799
7553 1992
9221 9752
654 2612
6029 197
3360 9013
7884 2782
7175 9235
4111 6486
6282 3976
7379 4820
8203 5698
9445 414
9865 469
6859 580
2146 9673
5071 3943
6376 4171
1909 4246
5693 8219
4615 9803
4861 2537
8336 7773
9818 7352
4195 2807
6157 2151
6394 1890
7687 1331
9926 5309
3541 4717
2651 8141
798 6730
3673 5281
3506 8161
496 2040
7696 7192
7651 182
9597 6190
5560 4113
6458 4721
5561 6382
1360 5641
7384 3670
3694 1014
6498 5613
8849 7628
4137 3111
9504 9190
17 1119
511 610
9547 8913
4121 6336
2482 9331
2527 4412
5246 7924
9747 3442
9293 3680
7879 1111
3748 5990
9530 2070
6708 9021
6317 3018
5807 5054
7852 8537
7446 1837
9780 221
4207 9845
4746 9454
6518 1463
7286 546
7385 593
1069 8531
5085 2869
4889 4501
3521 1736
9980 5049
4278 807
9940 8003
9492 3289
9728 2804
2108 1129
2224 6376
5990 9850
5257 5571
3613 2678
9179 108
4789 3667
6324 5775
7872 4057
6534 7167
9985 6031
2319 7228
3986 5538
8762 6660
2024 7480
4185 6273
1449 3342
4029 9379
1640 7261
6965 500
2394 3229
506 1212
8056 7666
312 1459
9981 3224
1618 6790
9925 7768
4234 1969
7211 4643
652 3372
5999 4012
7947 3322
2669 2640
7112 7146
3579 7487
4674 6850
523 8728
8439 9424
8206 4652
6477 5116
2109 9069
950 5545
9500 2024
8502 7822
312 5469
6098 9946
8857 7798
3138 3648
2921 2988
6310 6705
3851 6795
882 9872
8563 6948
2836 5976
6633 692
6212 8730
3953 9180
2609 2967
8249 4215
8731 2536
1299 3454
2432 630
9723 5788
5374 2495
8349 4311
2948 7245
5915 2925
2058 5003
4206 9476
6238 8284
752 4042
3662 266
3456 9097
7291 8444
7233 6291
7847 3076
8904 8191
4420 7757
5632 7144
526 5525
1357 8968
8257 804
4972 7145
2522 5503
1216 6262
7359 9661
3932 5157
6771 2544
9934 9384
7303 260
9590 7738
5338 775
7337 1408
5557 8297
1497 8556
6772 6229
6479 5767
8179 7917
7700 8815
9790 1836
6828 8330
8898 2185
271 2997
7987 1126
7706 6486
7353 2086
5572 1873
9625 931
2629 2457
464 6870
8129 935
6794 7878
3878 2619
3752 3839
7296 8246
8577 3355
9800 8350
1475 6784
7252 9914
9421 5305
615 6309
3221 156
1123 8627
4459 5433
8998 8442
1320 9342
7666 6763
4607 5348
6853 5096
6910 9648
7374 994
9204 803
8090 1542
1106 2926
5702 6125
935 1539
4924 2082
490 1518
19 1640
5084 6064
4034 1647
2688 5769
7567 4134
8699 106
689 8011
2918 6560
8366 411
7517 1483
3491 7166
3745 8373
412 6103
424 3602
32 3900
4178 7785
5431 5868
8060 4318
1164 8780
211 6235
1811 8535
1164 550
793 4038
5968 8442
6384 2360
6893 5546
7458 7266
7470 7607
2132 7962
7473 3251
5544 8872
3911 4852
9400 1841
3808 7479
3516 3019
8971 849
658 175
6736 9554
1058 6712
1671 6726
3440 7899
8806 596
3826 2297
2072 8571
5371 4001
4031 8121
2717 6501
2405 818
6115 8048
6726 6127
3107 5053
6439 4399
9091 9480
1676 833
3322 3446
2008 3840
4349 3062
1665 6350
8342 9458
3026 1751
3116 3299
360 8417
7956 8668
2618 7861
9602 5775
7719 2673
4685 304
4434 6331
7076 6666
3451 7965
5211 4520
553 9843
7696 7564
5792 8822
8424 8775
3761 8345
5416 5612
9043 2153
8164 4046
8277 8070
9623 706
4125 3466
184 3746
3739 3822
230 4974
9282 8989
6590 6285
1608 1455
9110 8543
5116 9316
9857 9702
1024 7997
3252 3716
8140 3236
8356 3341
4564 322
1524 9375
1048 1011
3661 9954
4440 2659
7904 8998
5768 4577
4478 8938
3402 8517
7026 3323
667 7381
4329 8206
4401 926
4878 5893
8010 1158
1124 2396
9192 8666
281 9392
7445 4816
5602 3071
4784 188
9250 9122
6026 7845
7983 6023
5280 3232
8458 1455
5082 7410
5552 3744
2102 1963
7554 1573
839 2841
8756 5046
3168 544
3894 5143
6400 745
6662 3298
1991 725
8043 8310
313 8386
21 7164
731 6868
5239 1818
9544 2122
2358 8020
7614 5293
3114 8418
6267 89
9866 3615
5259 1210
1819 7908
7567 3531
8458 7475
7252 6501
3679 7716
9253 4535
9579 1012
8954 6930
2175 2956
5601 222
7525 3118
1234 1386
3352 9946
413 3148
1133 6810
546 9337
3495 7620
1517 7368
8524 917
1765 4770
5107 8393
1559 9670
3795 4913
4135 7838
4655 563
9867 9986
2926 2594
223 9865
4073 145
7204 2602
8049 2066
3695 2937
7138 282
1490 4974
3531 1887
8746 4461
7922 6409
468 8658
9270 2025
3714 1267
5646 8796
7764 1213
2330 1750
4187 1187
702 2232
7431 1796
3306 6232
5629 3157
7037 2358
7970 1008
7949 5570
2669 4876
1693 3098
8180 989
4582 1677
9419 3734
2568 9606
8379 3004
1542 6757
9121 2442
8934 1868
7435 5094
7351 4300
954 9391
4680 4244
8663 141
9348 499
3951 5214
9433 6738
1740 4108
3625 7527
2437 6146
7649 9453
667 586
3638 1875
8491 7588
2821 4783
8843 6816
6234 7921
679 7125
962 3778
2572 7548
4540 5253
8277 4598
1946 9803
407 7788
6805 9260
3850 7271
7256 2513
6604 9964
2248 1263
4368 6967
9204 8530
1173 8616
2137 20
8356 5531
5481 3544
1238 8041
9733 9073
3135 5014
9147 2574
2059 9740
9588 4184
7218 1142
4530 1281
4992 9295
2648 2478
9468 3220
1466 1142
7733 8193
7134 3259
8017 3390
3192 2659
7925 8034
9101 2231
9473 3284
2759 8583
2556 9850
1621 1601
7417 8126
9808 2636
7032 7125
6648 3662
3381 2995
4960 996
8502 525
1339 6421
2135 4322
5226 7001
9037 5341
2870 3637
6595 8488
605 1879
334 4234
1108 2511
2747 5316
4911 204
115 9312
8745 8223
4978 2725
6468 1346
2698 928
5456 2845
9525 1502
4717 1914
2836 275
6483 2265
2568 1255
8112 8053
2972 1429
5861 750
829 7481
7016 2472
6333 6815
8186 3646
138 6980
4227 1431
9535 6455
86 1798
6481 3247
8422 9984
8519 655
2276 1899
7294 7188
9470 300
8874 1862
6219 362
977 4995
5707 8176
3309 6088
1280 5584
8818 856
3005 9017
5837 9783
1481 9027
1680 7031
418 4525
203 8138
1155 5121
1085 7237
5995 1045
265 5729
4722 859
7636 4422
7882 6950
6916 2055
318 2696
723 7874
5111 1876
8368 2374
7129 7558
8931 2727
6145 5727
9999 2102
7430 6807
2510 5662
5937 7776
5609 847
263 9729
6314 2416
6803 805
961 1916
91 1663
3357 5787
5252 9450
1204 3741
7620 2510
1718 531
9275 5370
4132 2062
8233 6646
8643 6104
8612 7987
3201 3314
6867 9626
4901 5531
8726 1387
1060 7070
2945 6337
8584 7889
6971 379
5311 705
2187 1682
3761 4783
5167 922
449 501
9947 5103
1453 2165
9970 4843
3917 4737
7936 215
212 8913
5675 9335
9699 1052
9852 7627
2422 290
7899 6733
8928 1452
825 781
3949 4479
7324 1615
2606 8458
9696 5933
1259 1431
8145 8264
7031 4841
769 1204
6791 8267
2295 5650
1411 2169
5761 8781
3922 2237
4971 2984
1472 2031
5066 7071
5264 7958
9120 602
1462 1581
9835 9024
5656 5679
4758 9916
9014 899
3702 8371
7210 834
5685 1318
335 4726
9017 2081
4929 1860
5561 3275
6347 7468
6620 2094
1784 5621
1063 6131
5322 8989
4409 4788
1217 6917
305 501
9402 4984
544 7485
8962 5357
1900 8302
475 5426
1166 1895
5325 6637
2650 6946
1995 4985
2052 5731
2546 7508
1047 9265
8149 3578
6185 951
3130 5296
3219 2487
5156 2665
1289 4274
570 3098
8584 3291
2438 7364
6826 3683
6903 904
1097 9659
7030 6828
4585 1492
9911 3759
6069 7089
1490 1338
4476 6639
8292 5649
6261 9071
6802 8063
7636 6841
8510 2499
1265 4769
985 6575
5123 1377
7614 4640
2027 4145
1943 6050
5565 4413
6963 8716
2845 4184
298 237
3091 8295
3670 3424
5025 7040
5724 5388
2904 5405
7813 7352
4493 1308
2166 3237
7742 7303
4124 7501
4614 4780
1815 7345
7009 8928
7601 7426
6248 4710
2165 5692
4760 4439
4800 7260
8852 756
5378 7371
2317 5815
4495 5813
5746 9621
1147 1874
9959 5869
6221 2213
4583 6799
2586 7092
1944 3010
5400 9763
6658 3263
9210 3660
3056 223
2064 6356
3728 4439
2034 6058
6271 5925
363 4750
9984 5657
1684 784
2735 3257
8278 5760
4479 2234
7843 244
5434 2518
3810 200
7142 564
4875 1074
4410 7397
169 5969
8839 7487
7927 4472
1327 3881
7699 6954
7143 1890
5135 6380
4973 6403
4083 5574
6685 8152
4827 7970
7471 4524
8733 9805
396 1530
2139 4509
3290 6164
6042 753
3336 6848
8933 1814
7103 8849
5773 8119
5026 748
1616 7427
6507 6561
67 1966
5518 1666
2133 5586
7159 1561
6823 5091
1720 2585
6530 7433
4779 7412
2781 444
1764 3350
1989 1607
9660 8723
592 7070
4293 5837
4176 5637
2862 8330
65 9335
603 2884
6600 5169
9267 1144
4389 9781
3375 8063
7229 9290
5399 6377
8894 1476
8120 4913
6934 4047
9924 1977
5070 2144
7034 9282
7821 4300
415 403
7561 1915
4422 6250
7534 9089
4241 6335
4519 2812
8744 8256
9558 6686
1537 3545
5244 4570
5619 2246
9867 6214
4149 8334
6147 7541
6879 9998
7416 5494
1694 3641
503 9745
7748 8777
9990 3884
3084 5863
3440 4584
3168 9271
4627 893
8832 8035
4967 3256
289 8129
4649 2939
5689 2779
1174 571
3848 6394
1388 5484
8728 3761
6098 6415
2831 6984
3295 4912
3912 9473
7052 6737
7336 2246
6654 5459
8474 808
7168 6686
6469 8786
2857 9372
8700 8019
8459 6344
3534 4140
1998 5824
2874 4788
2549 4795
3921 972
8614 9337
6385 7790
5305 1538
1491 7765
1527 2693
7447 9743
3647 2883
5277 4223
7141 3059
2372 4350
2274 9679
3825 8529
2962 2680
9629 8719
4308 6415
2932 830
6728 4998
4103 7903
7538 3461
4044 8944
4174 1557
5846 8484
3525 1248
5050 7221
243 6434
941 6424
1365 9092
3302 4979
203 9654
8 7064
2679 260
1480 5947
6600 5879
6000 5496
7106 1999
9596 1090
7997 2203
983 2178
2710 4555
7689 5741
7533 4450
1231 8658
5930 7519
5758 3132
8396 1821
3745 5359
2764 3614
6745 2111
343 9888
7371 2421
2291 2819
9690 2045
1921 9672
1208 9574
8410 2729
7616 3502
3685 3246
1213 1081
6715 6027
5273 2042
9236 8226
7215 8354
5471 1521
158 6533
6210 8426
1869 3415
1113 1941
8794 614
7086 9783
6618 2355
9637 9650
9357 1465
6284 3142
1587 800
7451 4122
685 3353
4344 6379
8411 7478
291 30
300 8267
5135 4094
4526 3693
6060 6899
3274 2654
5887 8401
712 7791
3855 8131
7581 2334
8420 8803
4741 2887
6888 8543
4363 3642
8980 3147
7407 7849
152 4777
5329 2215
4125 942
3732 4033
9823 5398
1464 551
5142 4317
8272 4198
2859 5771
9539 2216
8285 4853
5008 5961
3208 396
3430 7318
8335 9510
899 2474
3984 5385
7716 2246
7328 7731
923 372
2540 4013
9834 6806
7620 852
7810 7107
1893 3395
8573 9238
23 5493
4048 8162
3235 3225
7590 2011
6093 3127
4394 2990
5575 8774
129 2315
449 1769
9083 861
2027 1195
2822 5015
842 7036
4531 1148
4408 5726
6484 6223
5797 8672
2139 1362
5659 9968
8058 762
6936 4682
7250 6964
4564 5959
5615 3118
1769 2400
7039 722
8784 4481
2951 1703
5280 2627
9278 1515
9510 8079
4357 9203
8763 9524
3584 1097
5848 9912
8825 4695
7128 6881
1184 9982
9353 497
7890 6007
9514 5299
21 2483
2542 1413
6230 8541
7896 8927
8755 6768
8138 9357
726 6099
8292 8072
7839 5209
8707 2825
2733 1166
6782 2124
375 3164
2901 763
8724 29
3240 5584
3031 4846
3517 5524
3540 7162
5682 2731
1845 3758
6781 8994
2073 7709
3560 5508
2593 953
9053 7223
7711 1385
6121 1325
7319 7087
1315 3401
7527 6988
3962 8830
9936 1443
2900 2778
7782 3211
1983 6981
2562 1286
2652 5002
2275 2598
6543 1223
7914 2826
9695 1407
4048 2950
522 336
5538 4396
8281 7133
3262 361
7995 5111
9477 155
2513 8252
2341 7856
8376 7066
8798 6728
8431 9565
7032 6973
3250 4396
5932 4091
1958 8377
6716 1707
9008 9710
6421 6132
1610 2713
1560 8711
4134 6822
8311 6520
8108 8085
3300 135
6299 7242
1089 6024
9743 3711
5367 9572
2746 8711
4898 4253
9413 9385
4628 8237
2408 609
8204 8105
6865 8137
29 4569
3816 7374
2104 6693
6833 8071
3026 1729
5081 551
6159 8716
2145 8518
5447 5688
5858 9409
2203 6184
4185 9771
9929 1824
8959 3735
1420 3418
5883 218
3182 6175
5701 203
7951 7157
5099 6235
2650 5533
9268 6229
7556 3531
451 567
9114 1762
9435 4426
4341 1031
8510 1918
5710 8659
335 3550
72 2036
313 875
9027 5102
5389 3777
8895 6696
4075 277
2548 6470
2917 2235
6858 4580
2957 7747
4387 7488
5219 2116
511 1268
796 6245
4354 5918
7712 9330
1443 8589
5119 2416
2087 6591
7355 8315
3502 6281
654 7554
564 9256
8705 5154
4237 3433
1576 8622
5570 3542
2499 2777
7931 7780
3247 485
6993 431
9886 7194
7088 1358
9122 1046
8326 3870
5188 3456
9030 8537
5874 7704
6843 280
8831 9537
7969 8250
9627 2560
1194 404
2668 2366
7026 5727
6020 3757
5506 9570
2518 9947
3324 7865
5360 2406
2306 4720
6222 709
2964 6700
5151 3296
5674 8888
6118 2209
4864 7914
236 1389
7258 3419
111 4764
5201 3237
1264 742
6419 2887
9589 6625
4894 4451
5684 6743
8699 4961
4922 1073
1297 9527
6255 6082
1838 2006
8405 6784
7578 7624
637 5126
8511 1253
3692 4215
7358 1611
9421 9352
7132 9927
5128 2074
1370 6981
8255 7353
5261 2767
6750 8633
5500 2724
9997 7653
5555 1776
5422 2617
5251 2272
9027 8886
4554 4305
735 652
1185 1351
2867 7255
8366 9884
8553 2077
9135 933
6900 3459
4738 9078
1016 2509
7789 2970
9991 2561
1795 549
9494 8107
4603 8033
8480 7808
7065 7363
7670 8997
6043 6438
8100 553
6174 1601
8130 9338
1672 9756
3135 4771
7245 6155
9109 4221
3303 7296
5666 9102
8429 7771
4826 32
6444 6910
552 5256
2517 4384
4648 9149
8628 3173
8135 4018
4026 7718
4616 5297
6906 1639
2272 5873
937 8172
6537 6819
8958 103
7998 2233
2119 4312
7255 9943
4767 2411
2434 5664
4400 9489
5509 2819
744 6396
1667 6263
1044 124
9980 6279
3669 5580
4926 9186
4362 9161
9866 9461
2457 1812
5740 8763
5378 6083
1702 5412
2374 3521
3812 2505
3740 3148
3613 68
2507 7242
3391 749
1700 2181
5463 1761
3895 1421
9551 3514
9405 2210
8825 2704
7819 7090
1488 5357
3696 3295
3538 2088
2813 2996
3431 7160
9982 7249
4164 663
1555 8325
7295 9690
7011 3678
9471 1916
4317 4754
3201 7368
7028 5900
5562 2865
4746 255
7543 1478
3917 5513
2276 4799
3559 5232
6438 7995
2923 8654
7191 7617
9863 3456
483 7526
9802 2611
9054 1060
3573 2708
8570 1382
4514 5245
2428 6359
5687 4560
6107 9340
4639 9415
8108 1022
3058 3527
2773 4594
4890 5720
5405 3370
1430 4798
2428 1351
5276 1285
8467 311
7914 8163
8618 8411
6427 6752
9720 447
8198 6835
7555 5273
4409 6579
1803 7378
8694 1215
4437 5392
8876 5286
2910 1492
6431 7127
2613 6316
4906 9187
1563 366
6185 4327
5971 1450
8055 8746
4242 9411
5694 1515
1920 969
2863 7348
9319 9789
4 5723
3894 2788
8958 6139
2790 670
6578 8674
9268 2195
8769 2485
1780 9504
8857 9739
4712 320
3738 6599
6659 8714
2571 3945
7959 7019
3181 3597
8177 4328
843 7307
3726 7874
4940 6184
8762 7078
2949 1979
9631 4958
1954 6114
9688 8917
6333 9716
7786 4791
1249 1375
1074 1419
3199 7436
136 1457
696 1725
3350 8983
5793 1297
8167 7764
3541 8413
5828 4262
9012 9469
1045 6476
3500 8864
2477 634
1205 7473
4740 175
1027 3939
9543 3325
2530 7514
6971 2289
6657 624
6593 610
8740 5934
1226 9018
7951 5364
891 3222
9618 8557
8828 7094
9283 6368
4835 3347
3290 355
4475 2355
1607 5659
721 1386
3391 5009
6503 6367
2508 9182
4457 6333
2723 4006
9480 6523
722 632
3403 6603
8266 9174
6644 3912
9824 7165
797 4796
7023 2396
4173 3179
5253 8556
7423 1181
245 4769
5646 8125
1662 9234
6331 8855
5007 5625
5963 1214
1842 2467
7393 4822
6530 428
4688 6297
504 524
7327 1655
6764 4209
8014 9885
8440 1230
5808 2917
2514 1761
3181 1297
5315 6912
7945 1581
3785 6612
7320 2115
6973 8133
9171 7094
2048 2321
5000 6174
3760 659
6075 7712
7254 4582
5362 6599
7822 8766
7498 5558
2362 8887
5759 1781
8466 141
8757 1328
5322 3765
8430 1106
198 6103
9578 5663
1101 6790
8233 3572
7398 9726
8491 3091
8351 3550
8988 4369
6962 2689
39 8076
1879 5295
8935 119
3795 7707
1038 7116
2787 1572
1141 8049
1949 1839
344 7301
8261 526
4143 8088
6472 7068
4791 9824
9963 799
787 2340
3024 4182
450 1170
9622 2117
4150 8589
8144 4506
1379 9002
2305 3054
2316 6525
1281 6124
2177 6446
422 7591
2799 1750
9041 8511
4519 3160
8154 4232
2912 990
6470 8953
7370 3022
2567 6503
347 9126
2969 2563
3955 7044
150 567
2394 4336
5435 177
4655 4683
5422 9844
7612 4590
9611 3548
1614 4707
1091 8600
3485 1800
1096 5516
8349 669
6727 2967
3819 7476
894 9986
2788 6604
7982 3819
2590 9562
4110 3862
3354 3638
8395 4212
2422 3557
94 1640
9713 5515
4731 6468
6490 1619
4297 222
3023 1363
5637 3092
3462 190
9441 5459
3841 4903
9892 5841
8882 1222
4959 4576
6221 7305
8283 4375
6978 1823
4009 1905
3990 8094
6319 7522
5111 8527
434 2826
9632 993
1438 6065
230 4751
6598 8732
5194 3520
6303 9022
8766 4130
9685 5829
6727 6915
7965 6611
8980 3323
8285 7916
8336 4497
4195 1937
2468 2294
1792 6325
9667 3500
4431 9467
2638 6847
4905 237
1865 7280
2651 517
576 6720
4388 7989
2018 3772
79 7784
4046 8526
2831 4829
2444 7984
8759 2407
8355 9413
6686 9869
6358 7721
9108 8171
1330 2643
7256 4962
3462 405
4108 6981
5954 11
440 9579
4551 4127
7201 225
7615 2631
5854 8082
2212 6179
4998 8055
1495 3470
4122 1179
820 9058
9658 9141
91 8743
2342 6776
4084 5255
8313 3494
2835 5755
2760 1739
9891 7936
6665 8807
5675 4692
9136 2247
958 2342
9864 725
6508 1398
9267 6861
1139 1125
6268 3430
6252 9187
1892 9967
4989 2557
9816 2145
7030 1376
8131 2961
1319 3247
2387 8058
6371 7685
7780 4696
2378 3013
4871 1594
8229 741
9850 9867
121 6878
1504 8921
4174 136
1578 8384
8200 8640
2905 5834
8722 3338
9564 3109
21 2369
352 9259
9992 9883
6638 6204
8979 9166
4031 4334
4924 9184
3961 8984
8804 7178
6866 3706
1745 1567
4857 9765
6609 3543
5293 7990
1546 4448
355 2584
3706 5894
529 8092
131 8599
3422 2962
7078 4324
735 5535
6691 378
4528 7127
406 5207
2737 6161
7517 7081
9302 8748
6422 8501
5765 709
262 3484
4501 7061
2426 1172
4534 6033
6704 6008
1984 2740
6014 5758
8437 3098
5722 346
986 4306
848 9921
8964 2746
3438 7182
3269 6910
4320 4235
6072 5143
9026 177
3231 6538
182 682
2445 2910
1049 437
5815 7175
6664 1399
6255 9148
7673 4083
565 7136
2466 2698
5880 2982
3666 9493
9744 5954
1592 6992
5903 7844
4597 3681
2924 4087
2376 9800
1519 6588
163 3254
6987 6158
2383 9188
7853 622
8607 840
1801 9483
4963 309
7114 5478
1664 1643
3336 5136
4832 3782
370 4070
8262 1984
6804 4911
1965 5739
8737 9047
9596 5377
926 3670
2555 1441
79 6748
369 4022
1092 3835
968 3723
2307 2550
896 2714
2924 5771
1441 6264
2875 1411
7257 9273
3834 7665
1852 37
1583 4017
4419 8930
5728 3812
1792 5890
6917 9907
4542 9883
555 4951
1803 5363
8656 7469
3203 7857
7655 7834
973 5221
6482 176
4220 5205
6928 200
2886 2280
7208 1440
3847 6077
1192 7381
1507 4086
3048 9532
1653 2372
151 714
5962 9288
4545 708
2024 5383
6573 2087
1179 2323
5148 6257
2439 7270
3177 7875
4105 2985
5752 1460
5371 1727
3381 5333
6206 4910
5495 2103
9302 2299
6688 6747
95 8534
840 2951
4377 5707
2929 1612
5038 2301
4839 3028
8751 23
2722 6879
9586 8182
4482 9608
9794 2100
158 3150
3227 368
744 9880
4845 474
7243 2485
774 3952
736 9403
3602 7796
3028 2111
1903 8280
9695 9592
2439 5335
2561 8764
1285 3427
9500 1919
7595 5706
775 9607
5414 7081
2549 7022
1945 9405
5341 3558
7395 8400
4401 6322
5782 4724
8631 4383
5630 5895
512 6368
8515 817
5998 7456
6646 7767
5638 6909
9888 4325
2173 9919
8465 4212
5212 1543
1819 4358
33 6765
9187 9090
4190 2373
5921 9657
3520 4272
7671 8309
7385 7418
3447 8608
136 7659
866 7308
1305 8253
7919 4689
9127 83
3889 3821
6630 1103
2957 684
6826 4705
5289 461
9818 8402
5145 7973
3442 1087
3202 5768
8874 5865
2781 7703
1643 3706
1858 1436
690 6809
2217 6766
7046 4963
2410 1834
3337 2834
8212 5320
2817 8436
4070 8574
5551 9307
4937 8086
4786 5637
3126 4139
3974 4002
9837 8710
1843 1917
7835 502
3711 3055
8148 451
3988 1865
8747 6659
6570 718
8207 5442
9191 3463
7662 8842
6571 1775
8795 8317
3431 5669
4917 6742
2941 1734
5324 4310
1724 7925
5130 3668
4454 9727
1657 993
7132 8297
6182 763
3936 6501
3063 2424
9975 2983
2595 8332
7953 5360
7331 4877
7629 7192
551 3100
6457 7765
9296 9969
3260 8099
9827 3168
6339 3933
9447 7124
950 956
8955 8385
667 95
738 4641
1280 7059
6348 3886
9444 6967
9992 7239
6148 1628
4314 9871
1004 9232
8752 8296
665 8851
3045 6976
6860 9301
7105 4321
3339 6018
5267 7710
2953 6260
7072 3414
8003 3033
9409 2569
5662 7176
3713 8567
8539 4725
9458 6564
648 3525
8236 2156
460 7008
1613 2540
7881 1278
939 7296
2445 2839
4363 6970
1303 809
2559 955
2014 380
879 7169
9797 6672
6345 1011
9257 6445
6975 5647
2355 1240
9092 6401
7650 6601
9013 2716
6092 737
2404 9787
7100 2208
8025 6674
4481 4065
2548 4734
4620 1911
4811 1872
8702 9233
9734 5959
2442 7395
6868 7265
1878 7328
9608 3868
172 5981
379 7419
4292 3748
638 7777
1075 6700
9991 1468
2186 5700
1401 6769
7304 185
9765 1637
8414 7489
3313 1518
2130 7183
3216 6850
1316 1947
1813 8039
5939 3935
5711 4402
2058 9021
307 7459
6176 757
9402 9830
590 2582
1199 543
3402 2796
9396 5006
8074 381
9210 4379
7385 2186
6944 98
3727 4917
7395 1575
9346 9520
9530 8848
4375 7964
7358 75
6839 7247
8183 90
371 3434
4606 9781
7207 6608
9188 1206
8843 2070
3733 7611
5282 6743
9071 8406
1994 1429
6657 7304
1948 7049
6385 1029
9463 2680
4188 1898
3660 538
1910 5906
1444 8660
9904 2469
2382 4813
156 7960
562 6000
2524 5619
3838 2779
1379 9464
133 3445
6348 4020
480 3919
6755 6166
5393 6336
6987 5421
5618 7235
9506 2486
1788 3760
4959 5237
4563 709
8078 9962
6969 4186
3474 9400
8139 7236
6626 5996
350 5748
8433 8258
7796 2936
8573 3212
4981 7408
1294 6339
9328 559
4217 5794
3042 5588
6048 7438
443 2906
4203 6454
2424 8691
2419 7005
588 7647
5483 9634
7884 9267
7121 3058
5543 321
4516 3089
5535 782
5324 4958
1309 9503
7626 8940
6679 8360
4710 8125
2204 8950
8466 9829
2995 4029
7115 268
8279 2756
4265 9744
9974 2450
4410 7456
4320 2609
503 6912
8407 6980
3010 320
9034 2676
3509 1871
3916 9426
2661 6746
4855 3676
7844 9932
7594 2723
3295 4535
2114 9155
4268 985
3064 4407
4976 1688
316 8849
9715 7959
5081 4981
6216 5123
4957 8325
1979 6118
8530 949
4289 9532
8972 7382
733 2086
1281 2934
6600 7869
9631 3330
8318 7288
2876 7290
7935 5778
6812 9154
7833 1770
1109 2350
5201 6269
7945 149
4181 8015
5087 2085
810 9293
2540 7845
9358 7010
6203 5379
2344 2523
7702 487
4661 3928
9714 2775
4674 6420
4597 7047
8866 7312
8613 2591
7779 8374
2106 9026
1620 429
6762 2881
2815 5762
2531 3336
2123 70
5090 248
8173 1087
1050 8145
4773 5601
1101 958
5134 2204
4826 936
6957 7130
9733 9995
9725 4144
5907 8588
293 761
189 7283
6397 4353
9993 3181
3966 2523
1627 2296
5821 7884
4582 2367
3466 5156
4787 2611
5957 640
1531 4472
7738 4997
9131 7699
1270 3109
7185 4888
2007 4091
3538 954
5678 9720
8508 4539
2610 8322
4549 7760
9491 683
5990 5016
7338 7985
6183 449
1690 4559
9703 806
8510 8645
4789 5291
8531 672
6761 5475
7968 3633
3445 9664
3832 2383
3729 4811
3470 4715
2598 8446
6941 9097
6096 8146
8520 5442
6129 1352
7116 8084
9125 8224
520 9959
8851 5180
9223 593
3642 3632
2667 1473
4791 7159
4404 48
9566 9299
5333 666
9275 1540
2435 5735
2323 4287
9614 687
6412 292
2994 482
9061 4432
5410 9594
7841 2113
9455 5477
4230 7176
2860 7515
8044 9651
7316 1535
7196 8899
3320 478
9374 6646
743 8037
5009 8421
6395 5039
7017 2647
3628 7508
8778 9467
9207 8839
362 3224
8660 3126
9898 9798
233 3303
6374 7257
6767 6677
1463 1149
4040 2499
5779 6134
9661 1113
2604 3523
8102 8105
4950 3504
1822 8096
3869 7942
3070 7728
7301 1785
6395 7224
907 8074
2441 7110
1793 4764
3324 9436
7890 4604
8625 1573
9155 8572
7764 4027
5162 5957
8709 6635
4887 576
2574 2073
8883 814
6924 6952
2066 7586
9159 6751
5709 1662
892 3578
7832 4847
9552 4244
1204 825
955 2512
112 3191
9357 74
5204 3524
6947 7216
1053 9986
457 8691
2058 9111
4367 2664
8635 9905
6141 5307
8593 2815
6470 9608
8140 4972
1455 537
9839 2361
7204 6902
6233 9119
7539 8202
1417 1924
5556 5410
8185 8122
8144 9520
381 7656
3822 1420
2878 5649
8063 3788
4408 5902
65 5639
2738 7078
8745 8829
978 5260
8205 3196
8317 9381
246 2577
7505 9332
59 7255
9007 7650
9887 4218
9240 6312
5439 4272
8941 2283
5867 2350
3567 7208
5504 4789
3326 3060
8027 9037
7816 1535
816 9125
7679 3463
575 5167
1353 2130
9924 5917
4382 4867
553 482
3341 5986
5739 8598
9344 6338
6676 7916
1356 8635
6632 4223
7537 1211
3156 8236
4757 5115
2897 4934
7276 4063
5262 5129
5946 3394
5512 7800
8773 4444
3078 2748
4676 6832
263 1775
6999 8489
6035 9457
8509 6122
5287 6452
9295 3205
4711 9349
3327 2598
6875 6706
6650 2284
8449 277
695 3165
4663 4751
1593 7006
5787 5187
9495 3161
107 1206
4871 7277
7892 9801
1278 5922
6729 1437
9394 6293
5137 7441
1554 1189
5480 1178
5242 3901
8570 953
9369 1137
7267 8596
1445 4073
8887 2707
4332 7442
1630 1147
6375 6224
4716 1410
6883 5305
1505 6609
1524 302
2796 2913
2856 2299
6499 5479
5546 1708
2200 9553
1833 8295
3992 923
226 1939
8376 4730
123 7084
874 3506
7680 906
5465 9706
5302 7705
9060 4504
7663 5563
5350 3699
969 9269
6248 5404
5401 6759
1332 5473
599 476
8114 4636
4352 5380
7577 9632
3924 6705
2864 6553
1850 1706
4035 6162
1673 9478
1681 8687
5621 1122
6893 8074
3721 5655
6626 8863
4846 1155
6554 5528
4005 1730
1502 5268
685 6799
9561 8079
9420 3453
2729 3458
8668 2700
5014 4859
3264 7286
8020 2409
6249 4357
2905 7789
7122 8109
5420 4247
49 2969
9644 1961
3830 5464
6512 621
1339 7035
4067 5736
6114 7996
2410 8385
1147 9282
1786 4393
5610 1742
8557 9122
1102 428
7226 2068
628 1115
8104 3343
8717 701
126 3281
5296 2691
5777 8094
357 9810
5342 6361
2508 2801
1845 6588
757 4396
7808 4937
6456 8911
8671 4179
172 5855
6378 2835
311 768
4534 1829
8925 597
7935 3441
8889 1447
1891 3052
4432 9313
5042 2629
8879 6054
1839 4559
4386 2951
786 8620
5158 6717
8788 9923
4156 8483
6070 7490
6999 9814
7082 5425
2140 1791
9143 955
1854 9707
3503 5725
4356 9911
2170 2633
4439 6534
6071 3495
8193 1434
646 317
6266 2194
36 1160
5483 4999
1422 5253
2571 3424
2730 9718
3757 6709
3334 795
6589 9819
7630 3937
8194 9783
4027 9220
8562 6544
6964 894
7748 7516
2768 6209
299 1960
5729 212
8727 274
8206 1201
6532 9762
9681 2614
2307 3614
15 4202
6690 1961
5050 2286
3053 6219
7354 1775
5376 2653
6488 5910
2084 7872
7990 4749
1907 1931
1659 8505
1331 1963
4977 1
3571 6616
69 1216
8273 8034
6219 8524
3140 4604
8900 2453
5795 8873
7660 2226
5713 7631
9735 2520
2136 8613
1701 8552
9612 1002
7151 6724
6413 857
5595 1116
6392 3268
1843 6913
4193 7839
3138 8929
3582 4009
2773 5512
2113 5503
3809 1633
4705 6651
303 4706
4484 7363
6034 5235
3000 7860
9875 7931
2685 6067
1422 6898
7485 4395
7036 6195
3872 2501
8546 2449
1578 5669
1489 8026
4453 9486
8216 1598
2309 4942
6496 189
8018 4125
1932 9898
7396 6426
4856 7832
5214 9217
6100 7371
4811 1266
143 7913
9454 9569
9397 6411
5819 1231
3829 6112
8552 1726
4131 5177
9380 600
7158 8136
8276 2362
190 5285
904 3538
4850 2669
8945 5917
5091 2329
9391 4453
8121 5085
2194 8152
6679 8752
9980 1500
3682 9205
9924 7114
8048 1826
5258 6659
1110 4988
6292 288
7993 7466
3998 9459
1150 9461
7059 2846
8383 2691
975 9410
8092 2152
9967 1110
2166 8397
2163 9966
1966 2187
2443 5830
1144 6047
4218 8643
6524 351
4345 5246
6673 1757
1270 6525
6256 5677
5795 1610
1786 4626
3152 6969
120 1044
8359 2889
6671 8945
1170 8499
7147 9177
3724 8358
5299 9041
1440 9856
2995 8188
2008 9397
2416 9578
3294 8710
1839 1218
1324 3382
8764 1921
1925 4443
8067 8465
1121 7735
3496 7044
3007 7976
3771 6944
1827 2086
6851 84
9600 8312
7014 3407
3598 8991
9401 4694
9191 506
3602 1028
8537 8
4362 9103
4610 9037
2197 5076
6119 2290
5619 9059
432 7241
7695 8662
6565 5355
364 385
5130 8669
5254 9128
5053 3801
7248 9173
8819 2596
7640 3315
5470 5130
5452 2583
2068 5183
1316 1137
8571 6247
8728 6823
6551 4567
2476 3593
9667 7261
4187 8922
2343 3369
9485 6494
4765 439
7759 9874
9677 4321
881 8137
2551 1729
6478 4825
3135 5271
9640 5132
912 4760
3834 5955
2146 670
6641 8832
2124 7879
940 8460
2654 9809
5480 7214
8447 9909
1999 7045
554 6321
5325 9934
8579 6089
1439 9910
2986 3997
2928 4768
2357 2625
211 3096
3627 9684
3797 4618
6097 6257
8058 4054
6914 6027
6350 9311
6873 5101
8409 7759
5683 5022
8703 3337
2979 2103
8268 6872
5134 581
9356 6586
9319 6226
647 5902
390 3438
2033 7416
6123 1419
3553 9126
4064 6499
6028 8837
5510 6128
9879 9926
9491 7166
1787 1131
9477 4965
5726 135
9918 6837
3723 1684
9342 9541
3255 4163
7492 8183
3185 378
2122 6602
8754 1815
1485 7239
4033 5032
1768 8297
7504 3793
4710 3799
4080 7499
5353 6809
7144 5268
9848 7908
719 4422
7962 8122
7514 6571
6369 9099
9560 6745
4738 4983
2050 3221
9085 5950
860 876
82 9425
9380 6063
9532 5449
5821 5239
988 4204
1381 6716
4442 3400
7668 4282
2506 5001
9191 6689
1756 7297
3550 138
6537 3467
3840 4261
8443 8990
9493 847
6483 1952
8259 6823
8599 9053
8435 4080
9536 2121
7828 1765
7213 2412
2623 5893
3353 4848
7934 8994
3233 6628
4351 1762
91 269
4743 138
8591 414
8381 5803
7403 6648
3556 3853
6360 610
5763 8305
5503 4737
2656 7488
4693 6568
4437 274
3708 2444
5709 6492
2114 9304
343 8471
2345 7999
7392 5871
4760 824
6144 2916
5798 3611
1765 398
9424 2352
7568 4366
6727 1774
3406 9435
2515 4206
5681 9169
3833 2591
250 3206
2010 9632
3494 7474
3397 2780
4758 4058
5689 2459
4485 6763
7522 2054
4920 4272
9522 663
6931 5587
8568 3844
3983 7580
8542 7346
8346 8642
4716 6695
8981 4592
8834 8476
1093 4037
1155 4175
4904 9348
7072 2504
8692 3240
7328 719
682 5381
6857 5540
7654 6742
6165 7030
4849 9556
5121 6724
6556 1877
7783 2746
8952 9008
1070 2912
5923 5993
3509 6995
7132 8171
1811 4350
7298 6154
9166 36
69 3836
9070 880
9241 9072
1050 6513
1496 4058
6895 2063
9264 4980
5311 5490
8298 1429
8467 8110
5856 2152
3700 5147
3735 8573
9003 9204
8656 9403
7454 3058
2923 6484
6296 5907
8786 155
2852 4459
4529 2092
5193 7297
8116 8910
8846 1098
309 7486
5432 5350
2784 5222
4156 7069
476 2075
8010 4785
2201 4398
1913 4433
5356 479
1525 6400
4640 6904
2824 4905
8174 877
8400 9134
7507 7739
5154 3582
3511 3021
428 6057
3162 5127
5216 6154
7097 1518
7706 4944
3015 6653
450 7579
3744 9284
1822 1748
8909 7810
618 8811
6982 804
3208 253
1184 5842
7943 2358
2423 1578
5323 6268
7550 9009
1945 3978
2832 5925
9442 9496
3929 8603
8400 6597
9544 7231
2161 1867
5185 4026
2890 7615
4986 2616
9488 9045
4211 6370
4792 8853
3568 7954
8093 5957
6240 9128
6256 2800
549 7977
7906 3928
6368 3707
120 9490
2886 4836
7999 6877
3130 6616
6849 5562
9576 4715
4579 9805
3566 2575
3420 2141
7163 5077
4118 5519
1526 5789
5617 8864
5351 3664
4491 4797
4223 236
9059 9255
1923 783
8291 3113
4148 6385
4525 7724
6569 2826
4852 9486
3069 9341
5181 4135
2704 9680
1350 2990
8366 3348
812 3908
7069 1319
2974 70
8960 8162
3102 4121
3468 6708
444 2443
2763 2452
1101 7340
8977 1966
2046 9040
1970 9194
9416 5664
5029 5321
4394 609
9533 2680
6595 9570
521 4077
6252 6802
3028 5534
4038 5317
9479 169
5695 1854
8877 7281
4510 4194
1999 9038
146 6638
2916 5292
7333 5932
2805 5178
1602 5846
8638 5566
5295 5606
2862 4834
677 2565
8660 6324
1124 1590
4204 3750
1067 6321
6958 4288
593 224
9137 3895
2545 3840
953 2805
8375 6253
3589 3631
3685 5962
714 1686
5782 60
9556 2921
574 5458
6330 8844
148 3162
6053 6198
3307 7094
8947 4630
5261 8655
7289 7902
7495 8102
6666 6044
6072 1282
9855 1448
2602 5095
1698 4103
7222 2415
1242 4234
8328 8741
367 3097
8878 4226
4784 2837
2986 1629
7919 442
4659 3007
2165 2311
4199 1300
4971 3525
9694 5055
4508 9437
6739 9173
5184 367
5120 347
3495 9780
1080 5817
6610 1023
2966 8279
365 9385
3883 6403
5868 753
5065 7218
2933 8080
2172 6867
2054 6399
6216 3239
5080 1693
7951 8323
1051 1800
4100 6956
9799 4173
4084 4961
2557 5495
5163 1223
8228 972
2207 3718
9145 5067
4529 3166
8231 7720
8419 7554
1425 7348
1301 9373
6944 4534
6849 3448
5027 1475
976 7826
1677 1688
1151 9882
8152 1349
8794 4430
7598 9842
1430 6796
245 5004
2121 3042
7730 8228
3770 1201
226 4707
702 2367
1449 2425
6276 1857
2032 9434
2042 4251
2906 6063
7640 6991
3252 6397
5488 7468
19 1802
2549 3773
8657 6296
4209 9168
8126 1146
7357 2137
3836 3746
7781 6511
6505 1728
8956 1380
8513 5030
6741 6276
4294 7299
1395 7806
1010 8912
569 3852
530 28
3341 4435
9064 104
6339 3000
2696 5467
4569 8234
1186 4174
3362 7868
9446 3129
6561 6825
8370 1497
7591 7234
3310 4996
1041 3161
1084 6461
1018 2943
8586 2836
2778 2126
8992 746
2465 6208
1725 2284
9358 7564
8200 8261
8124 9772
9572 4567
1303 5079
4463 8367
1445 6251
7855 2569
2605 5955
1033 5164
5994 4475
8038 2302
9210 6651
2405 6014
941 8810
781 5332
8711 6010
4236 5203
9409 8765
757 7511
7795 2613
9758 1716
508 2296
8032 3179
7793 3542
6202 6658
9226 2516
8268 8748
2035 1857
6403 5419
1317 8819
1648 3587
7570 9771
9849 6684
6420 3876
9151 9668
9723 8173
8166 3518
5239 3369
9127 1341
8614 5913
8754 4181
4277 9664
3185 7415
4819 3318
2922 8718
4231 7262
6775 7710
8522 6012
7819 3597
9916 234
1376 1601
1079 4577
9310 8951
5139 7060
1337 2223
1097 3609
4266 4698
8121 8016
3471 666
3743 7135
1042 5673
2169 9594
6563 6220
6433 631
9151 1230
8556 8697
1744 2602
2831 6710
4056 4951
7028 3810
5759 4751
3026 3021
8090 1458
9687 3687
7587 5773
6313 7917
6938 5543
3399 8169
9599 130
2548 746
4416 4914
4778 6998
9983 1792
63 3387
6267 1840
8028 3036
232 684
8448 2664
1790 3533
5909 2816
116 1894
1715 801
4346 3462
3039 2302
3828 3929
6520 9199
7857 2392
8084 1652
5048 3304
9787 8380
9053 8619
6906 4983
3150 5150
4221 4831
5930 2336
8996 3737
1739 9623
6386 8128
7302 98
4068 838
2821 3975
467 1707
8450 8073
220 1820
4833 4333
1103 3697
4892 5715
3080 8862
6142 9441
5454 5254
491 2488
2958 9406
2385 6503
1566 6678
7154 9955
50 3125
4432 6735
9094 8906
9533 8069
5573 2834
5263 1181
4880 9346
6173 1374
4128 7477
6783 9712
5386 1443
208 1263
8525 6957
9864 3596
2308 1901
8166 9223
7929 6194
8450 8368
8966 9153
7369 8729
2479 6166
2435 9499
7567 7054
2151 643
4714 6166
6712 4480
6283 781
2220 1827
601 6156
9481 6151
4723 233
2454 3377
7756 453
6992 5877
5588 7183
2681 1031
5812 9281
1756 3367
2932 6105
6835 7686
3046 8820
4037 2162
5162 246
9138 419
6252 7269
3969 6251
1437 1665
719 919
7220 8468
1512 109
1522 9407
3704 9228
8560 9314
4650 7938
2927 3619
1484 4385
6044 739
1191 5535
8232 8908
5363 2349
857 9825
9322 1229
64 2675
7432 2757
8822 3278
3162 2102
3745 5220
7088 8708
2696 2854
6435 9439
4566 6990
5500 7089
5832 4602
5844 776
8856 7588
8492 4108
643 3405
8930 6514
8267 4444
9573 9694
5025 592
5586 6270
5106 8302
6271 3249
7486 9292
8382 9763
2015 1877
9422 8567
5808 8201
238 2673
584 8054
5074 3376
7032 4216
7608 6169
3389 6341
7105 3193
5211 9910
8808 3595
8224 3651
6950 3533
6652 8594
9651 7848
2461 8229
3743 1465
3988 4239
1086 4343
2118 6448
547 8270
8688 5775
6232 4547
7605 8298
5291 4550
7883 9460
4550 8901
1400 5740
1498 2586
8216 3645
4428 1093
6893 5814
692 734
3465 9982
3385 4295
4842 554
3110 8649
1992 8695
3349 8964
3711 4857
2599 8975
2397 4217
8617 3957
3370 3397
7689 9316
6810 4218
5845 4389
335 7411
479 4098
7367 2270
5482 5921
4061 5969
8536 2874
2584 7154
9591 9815
6291 9402
2538 6720
2124 497
7676 522
4884 7138
6879 4825
5163 8157
8803 8337
3092 8647
1834 1951
406 9298
5491 1168
1730 84
7312 3942
6402 9669
4652 4818
3169 6925
430 3348
432 8755
8311 4815
399 1320
331 9300
6881 5222
407 9109
2442 7189
8306 5950
4382 5461
8968 8263
8340 4865
444 6908
4860 5837
1095 4081
9017 7892
8238 7718
9975 2657
501 198
7700 3261
9716 7804
8547 6867
9108 2965
125 48
3700 7522
4465 832
661 8897
4049 3262
4837 7536
7840 2852
8545 2278
5244 5082
832 4713
2960 4033
1584 4642
1483 7660
5297 4416
3835 8673
6817 8165
2233 3583
1332 3262
4086 1646
7365 8585
3837 8438
2078 5141
2068 9385
9487 2786
6512 5887
6554 2020
7976 6438
643 1378
8541 9281
7683 1129
7921 7195
6939 1080
8022 4395
2274 5623
9590 5952
2108 9954
9629 9767
8196 3526
2118 520
7140 7481
5887 3715
1077 6388
8993 7135
834 6103
9368 9071
8806 5904
8467 8680
2274 8645
8647 5382
9563 124
1084 4671
6848 9707
3322 902
9555 8926
1962 5920
857 2424
8303 9605
387 5040
9302 278
4492 4417
2034 8418
9515 7166
1351 3176
4104 2773
8700 6761
8760 7675
585 7263
9124 1660
24 3269
5587 945
1209 2509
9629 2002
8433 7003
2774 8269
5672 8689
3551 8151
6306 8650
6084 9931
977 644
4658 9256
918 3402
6108 75
5463 928
7734 2050
8328 1130
9638 9432
4628 5973
5423 2944
4228 812
9337 5250
6325 5304
27 8853
3476 3844
3383 5680
473 6373
9599 7803
3409 7498
5006 7377
8085 4538
8092 2752
7394 9854
9674 8571
7144 1501
754 9917
5242 1884
9237 4684
717 3698
9966 4529
3809 9523
3535 7052
5720 2796
3210 3335
1804 5539
1313 3989
4381 9519
9287 6097
649 7434
6779 77
1464 7503
9405 4537
4548 2354
5020 8517
193 7019
3500 2
8736 5399
2793 1836
3990 6169
3190 9693
474 1262
626 2985
8707 5766
9033 7361
4353 635
2471 9097
8061 8335
2890 7393
899 4595
8686 6665
1894 5628
3549 5686
9740 2770
9970 8514
2794 1663
8168 4361
2998 6636
8156 31
9658 8177
1063 2648
2754 83
1703 4667
5875 5329
3753 9194
1955 589
8989 5327
2336 3524
3385 9077
3566 5348
8064 5145
1735 1954
9125 9048
9146 9751
3089 5163
1028 2092
4415 3388
8872 6794
637 3667
6482 3910
8802 7405
64 9948
4454 7625
7647 634
1433 1675
2212 1373
6561 1378
7571 3440
7785 4830
7556 7988
8075 1698
807 4925
2451 9321
6700 6373
9167 3945
8898 4718
986 1719
8263 7101
1569 8080
5025 486
7968 321
9101 9487
4118 3807
7321 518
9717 6472
304 6234
2677 4809
9771 9067
4436 2493
1828 6308
1900 8503
4879 6379
8542 1620
4809 3638
390 1127
9056 2890
548 5640
2483 8604
6515 557
7736 9320
840 1383
163 3916
1848 2237
8601 3600
2504 1574
1237 267
3873 7592
3570 2609
4717 4522
9241 3319
2411 1807
386 836
3477 1219
5576 3648
6199 1727
2294 9105
3626 7446
9238 7893
2421 8682
5490 9557
5840 3683
6767 7705
9058 4198
3575 2641
5529 8966
889 625
4999 4776
8926 2999
8444 6701
715 7676
2401 1970
7851 5333
8428 9937
8416 1783
724 9877
6762 3412
6152 248
56 7931
9677 9258
8718 8637
711 8095
6259 5010
6502 7084
4492 943
7004 2999
839 5264
5280 6786
76 6892
3995 8203
7308 6666
4149 218
6133 827
5489 681
1963 252
6036 9076
3388 2267
9197 5627
5338 5564
5117 5279
7095 7248
4513 4091
6490 7262
5870 8504
4793 3059
1801 1
5292 4366
8093 5598
7562 8193
6907 7608
4505 5782
7511 9603
154 6453
6380 6259
6258 6542
6953 8465
7121 2684
2133 3859
3958 6905
2888 145
6370 4585
3924 3983
2135 2908
5038 8024
5765 3030
9120 3509
2185 2226
7515 9024
0 4145
243 9110
358 8840
9978 8313
320 8916
157 9138
5469 8626
1423 1996
9008 7501
2952 7526
2858 8747
6816 8789
8164 1043
2260 6636
2718 6226
2805 9182
6182 8394
7217 3944
67 3504
596 5131
4735 1755
5091 7644
2000 8850
2662 2743
1942 6895
1424 3493
3311 734
4338 4286
3827 5306
5444 8943
480 7409
3451 3008
9412 8449
2266 2334
9212 1086
9941 6844
5884 7146
6444 1942
9471 4897
4613 6016
2072 2701
2916 9838
1561 693
1698 3713
6674 1104
2021 3241
3263 6197
7207 9068
7246 1014
4855 817
590 3686
3226 9148
7322 7096
6220 887
2260 9231
1249 1370
8496 6278
34 341
8927 1071
962 7986
5466 4561
8433 1673
4931 6194
9871 4943
5561 1794
5860 4160
6017 8428
3070 1083
1884 573
4861 8649
1564 6620
3331 5590
5441 9322
645 1711
1023 6578
4191 2899
5970 619
3106 3600
8066 550
3872 2019
6628 9504
1960 7697
6717 3881
2310 4427
8232 9269
4653 7660
3485 4698
9941 6386
5379 4381
3083 58
4252 2793
3393 9236
2150 222
8878 6207
7723 246
5476 7694
8469 5586
9858 7407
6887 7312
7886 273
5468 3742
9974 7027
9946 2083
3378 8314
2390 2277
2149 5546
5551 8566
8772 7548
7801 3108
5571 3880
5269 2049
4065 3930
2469 9189
4214 1771
7905 7902
7344 5640
804 2387
8354 1324
1268 6986
766 8968
5651 324
66 5691
6348 823
3719 2583
6696 3588
8493 7843
1032 226
1812 4014
6815 7156
2390 9230
5770 4093
7231 3082
2328 434
5745 3352
308 4133
9552 6565
3106 5578
6225 3389
4570 4152
7766 9109
8999 9878
6499 8758
2215 7365
4747 3838
3436 8130
6253 8123
2184 5723
9278 864
1728 6129
8054 8515
4850 1938
6318 1686
6769 760
8103 6340
5421 7019
9169 9273
2814 6404
8850 6488
8403 3211
4260 8420
3346 8304
7482 9448
8280 8331
992 5169
8612 5429
1953 1209
7015 9888
9956 1096
9165 1129
2080 2228
7972 4528
8850 9976
3705 8194
3196 7067
4750 5754
2111 7091
2488 8037
5446 9089
9151 7073
2985 2127
960 6057
8218 5331
4700 7600
3903 1089
7615 1859
4089 7087
4745 8578
66 238
3180 7119
7088 356
6476 9388
6606 1271
1641 5721
5932 8853
4468 8094
2627 5246
1949 3360
9179 5141
2815 7635
7329 3677
7752 4160
712 711
772 2510
6627 4912
2435 4825
4012 5676
1457 5149
3851 3315
140 7642
1738 4288
3775 8403
2719 9678
5296 210
2847 8497
7174 6279
186 8667
6387 3255
5527 8165
6608 5152
5773 5747
1385 4389
92 8900
3321 4156
7261 3287
8941 4526
653 1072
1950 7934
8186 4489
7957 4886
1392 5992
9132 9908
3142 7527
9985 4681
1402 2573
846 5661
6055 1752
7115 3637
7879 9442
6891 1367
3744 8558
7284 9770
3492 4042
597 4349
7539 3946
6940 8244
9819 2025
8133 5024
6381 3876
1128 3774
104 2284
3759 7467
2827 1985
4726 4102
9655 2369
8474 2347
9403 5720
5652 2679
4701 9015
8942 6303
1363 4366
882 8725
5597 812
8048 1779
4219 4358
68 9508
755 232
7763 9531
2637 7587
5365 2176
9442 3182
2303 8427
292 8805
3526 2874
9534 294
9355 4971
3300 1723
6897 2967
3370 5567
6195 10
8814 520
5867 2364
2847 5587
179 1570
8295 8004
9074 8065
6889 7043
4152 7630
4516 2304
6662 7214
7281 3891
4121 1729
3802 3740
543 2405
273 8721
8675 910
1288 7696
141 6433
1426 7237
8210 6494
9922 4235
9206 7664
9347 4742
7421 3972
312 2972
9145 6951
7513 9872
1306 3909
9704 7009
4291 9748
8845 8775
5614 1412
7721 9395
4198 8051
6278 6064
417 6726
1833 5661
6551 6267
9962 4191
6622 4694
2564 6647
3107 8506
7642 9303
1597 2006
337 508
7335 1380
2636 5401
9126 3383
3501 3445
4973 2789
2189 4069
4925 1986
8294 2983
2660 9467
6294 1573
8012 8013
5076 1160
7700 7364
7655 6884
9070 9281
2629 668
3025 9276
6364 659
9908 1015
1269 9689
8049 5804
944 5222
6827 5639
7406 1024
532 6798
3797 7252
6175 5
8525 9107
2390 2800
1730 1548
8691 1982
1697 5272
2520 770
4769 346
4545 8770
30 1743
9176 5355
4574 2968
1858 3291
1660 7569
8239 5443
4404 5505
706 3957
2932 7005
5466 5785
8512 723
6465 1662
9660 6134
6876 5850
4917 7805
9335 251
3203 8911
6015 3194
9190 1753
8059 2146
3483 2292
9678 6735
7842 8569
2721 6509
4323 4105
975 4543
8719 6972
9460 2650
3451 4381
3701 9607
5707 4874
5699 4755
9618 6467
2155 1795
1749 7880
7311 3888
6367 4672
8531 2503
4346 1933
2590 4233
3850 5533
8286 5989
8866 5396
51 4133
5284 8557
2584 7877
9707 4340
4881 1911
6287 9061
7759 3357
9761 9482
496 8521
4188 9133
3688 3732
2610 8064
1141 9781
879 180
2370 4970
3392 4867
2982 8372
4562 2561
1694 3956
2184 4587
7407 7792
5048 7717
2677 7472
5997 9972
5667 3747
4800 8289
1176 562
9269 6383
6447 5555
6129 4043
3378 3125
2869 3935
8389 9304
5868 9627
6854 9830
3644 8246
6098 7055
3874 4595
5624 4240
7992 2149
5806 6902
29 1607
6913 8634
8760 7544
4073 3217
5915 3823
8719 2971
6973 7341
9650 2018
439 6408
751 5359
6159 5754
6687 8918
5218 7597
4546 8746
2254 6582
811 1712
7603 9908
8792 4227
5650 533
6126 2472
3272 6296
5146 8669
4045 1990
2797 4194
9967 6439
7883 3967
957 8356
7589 4985
9366 4551
2388 5230
1064 5417
8565 1269
1653 3173
3860 9406
4594 4681
5805 4521
3917 157
3971 3010
8518 1412
7729 8516
8623 6088
8013 5128
1744 3009
5392 575
2588 7926
1330 1043
7716 3609
6668 3472
1171 6984
7068 934
8373 9545
983 4087
1653 5108
8991 5744
3658 1154
6558 1559
6487 4754
5241 426
8546 814
4601 8702
8132 6376
6226 3310
4591 3260
656 1946
1509 5754
1976 867
7755 9583
6187 8708
1722 8286
9741 6670
723 14
6752 7218
8081 59
9997 765
5101 7539
3038 6853
9708 321
4416 8606
2076 3677
9849 5683
5271 7524
1070 5978
3763 8835
7924 595
1160 7858
6611 3441
4228 583
6793 8141
8583 1336
1216 1151
794 9836
7835 377
942 4558
5980 5071
902 3312
1270 7727
80 2617
2374 6061
5161 1650
7460 2682
3844 8681
489 256
5388 494
6109 7754
4426 5430
5059 8889
5979 1475
8579 5888
8916 350
5551 875
5793 8679
9905 1554
7066 7861
3891 7009
6191 1826
9860 5308
3872 2130
2531 5217
6021 5703
7120 6846
3695 3674
3580 8880
7436 7409
7083 6451
7284 2617
4246 3163
1354 4250
8627 4406
9047 8216
6902 1002
2225 1838
9115 5776
8283 2872
6186 233
5034 6313
3678 9624
1582 8322
2531 2206
5072 5153
4832 4597
9615 8867
5407 4505
685 9285
5965 753
1945 902
7517 4222
1875 1976
8040 6392
197 6711
2615 6172
5174 430
5557 6215
1656 824
3139 7531
5153 3033
4267 5953
555 5033
7435 3536
7351 2715
7492 9259
815 8007
1036 2020
1132 1626
8568 8214
3671 7849
8402 5945
6647 9910
4536 1716
5822 4720
8337 9234
7265 44
9796 3321
4567 9261
4706 4624
8354 7004
6940 5457
5974 61
5269 590
3832 8666
3334 4071
9945 4530
243 4544
4491 9935
6441 7112
841 4385
549 8987
6931 9386
9937 3477
4332 7919
1296 3739
3177 330
4889 256
6177 3628
2853 7579
7409 8339
3192 4704
8563 8999
8124 6916
50 8358
1033 4622
3050 2605
9378 9837
8372 4739
9936 8827
6241 7983
748 3835
938 9089
823 4203
6207 167
5390 1810
6531 4249
5481 9229
1340 4940
6890 7499
897 7987
7444 4320
7797 9528
2212 7605
716 8638
2648 8812
4420 400
6443 4023
5093 1378
8445 2911
9327 2074
8316 2871
8279 1914
2769 2893
1161 5455
933 8819
7412 6875
8208 6644
3895 972
2744 6065
1645 5855
9851 8863
3554 1343
1826 6153
2411 5660
4188 7910
522 5483
9684 5352
8676 61
3585 9075
4616 7047
8496 7909
1906 9662
8985 497
7320 5965
9521 8040
2265 800
4581 5743
4536 9953
5592 9059
1285 8837
1162 623
7782 2259
53 4887
3293 3328
5015 9265
3910 6680
2622 1081
4197 4240
6406 7042
8540 9088
3119 345
7646 2053
1108 8361
8357 1832
8285 4678
2251 96
118 8124
9858 3056
4953 1480
3863 6729
3106 6080
3800 1193
3044 5078
8182 8428
8577 4526
2620 913
9751 642
6528 4988
8179 1331
4784 1306
4373 2692
2968 5227
3413 1357
8143 5710
9006 6144
3325 3099
8243 2192
1854 8970
9703 8191
1808 5657
6391 3091
8579 3914
6529 3450
2008 4462
9494 7372
3167 9529
6528 2483
3994 4436
9501 4360
6560 3301
9732 7141
891 4238
2847 4458
6621 6500
5909 1003
3441 2914
5006 9224
5770 1004
5589 1408
296 2075
7502 3156
8766 8163
4282 6257
6667 4666
9426 2519
3 6434
8436 2911
2539 6529
2023 8779
9661 1718
2003 8107
9495 1202
9774 1677
6997 1942
4799 7459
3317 185
1472 1669
181 1019
1495 9216
4869 495
3906 9652
8039 6193
6125 7421
569 6620
7602 6397
8425 7041
6009 1791
530 3216
8916 9559
6775 7829
2688 9359
3280 1561
4355 8096
8978 5517
7388 6358
4455 9609
9784 9113
5251 4370
1774 7268
4028 7782
5908 6314
7084 5462
882 2481
8761 9646
1236 4336
2769 7803
5752 8542
5815 9029
8859 3614
2578 7731
8067 3755
2656 6549
2257 5241
7422 5585
2376 4097
7053 3875
2133 1532
3044 6750
3131 9473
6204 3613
663 2462
158 4371
3540 6731
3737 1199
5910 6951
4936 6271
3965 8922
3689 651
5233 2585
3150 4908
7905 228
8886 6989
9701 2626
2881 8625
676 6913
7479 8444
2428 2918
5319 7103
3073 188
4398 2104
7998 2500
2884 2855
33 9730
1631 4030
6521 4152
2624 8616
5553 2596
1685 8970
7040 3820
7096 5159
1247 2873
6039 8866
1290 7854
1315 7410
6175 2690
3515 4057
1197 2207
411 3191
5306 8453
1737 5466
9014 5053
6552 9913
4425 8417
5879 1951
4172 9776
7799 139
5449 1717
8174 1596
2714 7117
9650 7461
7022 9795
9165 8733
2635 2312
162 4511
3885 3158
7996 7479
1490 498
4406 9046
4948 9175
1091 8443
5673 798
7691 793
5298 7675
2750 6282
916 6563
7491 3784
3950 9639
9694 1024
7593 5616
9345 2769
2920 6136
7202 4385
5268 9769
5209 8241
3416 417
5362 1435
7970 8346
3184 3110
5682 6152
7417 4689
2595 4955
6914 332
8831 6232
1214 5714
7116 5226
4634 3398
7085 5591
3943 1100
4987 4669
545 9336
9029 8494
8250 4686
1806 3409
4182 761
581 7330
5233 9833
3981 7920
1759 4857
1688 8227
6856 5096
8037 4341
587 361
334 763
3625 8823
2208 9553
4796 455
6939 4445
1541 6773
5199 9378
8357 7438
9554 4040
2321 7905
5866 1885
897 8230
3703 521
6999 3051
8169 2321
9482 6555
6322 5336
8619 8097
4937 6976
2966 7661
3443 745
9624 6871
58 8962
8432 5870
7536 4553
4110 7501
92 8578
2404 5060
7704 6185
4285 7878
6615 7323
341 571
7980 4394
6942 4412
3659 9169
6444 2221
1571 5279
9727 7844
6243 2346
7565 5445
4372 6616
1362 2325
7413 5568
5572 800
7669 509
8456 9507
5746 8284
9433 1386
1041 2458
5636 8052
5387 9081
3518 9318
6570 6732
5417 577
209 7358
8729 3859
5578 5997
9205 9
4464 4826
7452 3788
3914 4293
3374 3297
9085 1562
6978 2626
9274 75
9362 4450
2251 9034
8040 6030
8163 5862
1402 1778
1245 5164
6302 9853
7415 6831
5 6258
807 2699
427 9976
510 2027
8409 7922
1206 6707
369 6212
46 3787
4942 8233
9859 7130
8489 7744
13 6011
6414 3831
4189 371
657 1523
4982 9110
274 5412
7413 2116
4804 1834
8828 4151
1248 381
3629 9852
3727 7123
1793 7205
2012 4942
3270 3577
8693 6116
759 8023
7974 247
981 7864
5134 4245
1920 4494
7286 1283
3303 2829
9343 3699
9184 7842
9487 9007
452 1093
2114 3569
9277 8943
3705 4314
603 7838
6102 5964
4414 192
2646 7564
833 2293
8478 5548
3081 2417
4184 201
7546 67
2270 2388
6412 4662
558 8158
4064 9400
524 6954
5038 196
4487 870
4882 9103
4855 4406
2495 1299
1786 9712
3208 2835
4699 4817
8606 9920
8666 456
9275 7486
4254 9518
7706 9784
4029 4185
6006 8809
9493 5171
9987 290
8211 3094
7168 4572
388 8577
8585 8716
8341 5229
5027 6904
4426 4186
8549 2683
5133 3447
829 2818
3249 6655
4117 4560
8647 5242
2752 4687
6509 4847
9827 7619
8397 8860
8540 8306
4197 5231
6971 4289
6236 9513
7718 7056
1115 1943
1025 7376
1094 7724
3484 1336
215 2368
7868 9429
2627 5559
6935 171
240 7217
2812 2017
6926 9678
4777 2759
5784 758
8981 1294
5129 5914
76 1291
2743 4874
659 218
9703 3071
5022 7432
7449 241
5487 5102
515 8618
3081 7493
1519 4484
8738 267
2341 1464
346 8227
4596 7693
7853 7748
1098 884
3199 7645
4782 4172
2009 1431
516 1184
5925 2139
754 1163
6466 3689
6111 9971
9831 1152
8473 1003
4806 3939
149 1614
9942 4262
4423 4039
1136 4957
1957 932
4161 8593
1626 6276
5642 1416
3551 4499
6303 6905
6959 6770
9290 6755
7789 3170
8156 8905
446 8912
3465 1369
8308 8219
1925 6122
5050 7572
9223 9722
545 6338
5252 7230
4573 6142
3467 5510
474 2436
1392 9614
4921 6318
9925 9158
6886 7401
446 380
9316 1252
740 2793
3356 3172
3589 4528
9695 7726
6146 5389
2279 7318
5371 7238
9978 1164
7608 2377
2360 7460
4254 1209
2840 8347
4096 3321
4259 6831
9760 242
3361 3358
6634 3916
3672 8779
2484 5462
8519 7880
2330 2214
1311 8534
4744 9777
8320 795
9449 6062
4441 4561
5706 6224
9129 8521
1904 140
3520 8353
8672 4158
5892 5057
4656 632
9526 2485
9933 5791
1955 3850
6967 1006
2689 6327
9367 5645
7695 7558
7291 1866
8002 8732
6824 291
5240 8244
9870 7670
7667 1551
1347 8462
8958 1072
1699 1842
5969 3489
337 2125
5329 9604
9583 5719
1356 979
8713 8906
7485 7901
7556 7162
7613 3952
627 9554
1828 3420
4101 3348
8653 7292
8645 2159
8000 5387
9346 6377
9465 6866
2380 4923
4025 9670
1635 4498
7038 8453
3137 6607
9413 6657
102 6507
4594 1624
3081 1589
1853 7623
9929 9401
2277 7151
5739 5787
639 9956
3389 8304
9603 863
5473 2925
4563 6979
1537 9775
5808 8489
8333 4584
948 2918
4754 7692
3442 8871
6382 4306
7006 9036
9225 6614
7994 8045
9713 910
1367 2010
2237 8917
9764 70
1360 6067
796 1617
6721 1054
6648 4319
1789 7694
9411 4263
9248 8607
5880 3480
2420 8496
2276 6079
374 2566
4065 2168
3578 2710
745 509
4498 4063
9145 3811
3137 8034
7982 6917
7978 2339
387 4654
3902 4401
4347 4162
8394 2783
3723 3025
9121 8858
8423 9242
8903 4252
7265 9340
2969 9143
3066 4149
2379 8127
9178 4565
9849 478
3587 4953
4750 5412
5213 2303
8290 9863
5155 9808
3355 3380
7733 2365
4179 4950
7643 546
6295 1874
4956 566
3209 3114
6599 1495
3510 2894
9901 6495
764 1237
2613 1781
3216 9577
3685 5540
6179 2110
8889 7202
4020 7148
3123 702
2996 524
8062 8804
6191 8840
6801 1389
3913 6140
6208 2172
7236 7550
678 6742
2704 9095
9602 5449
5429 6840
558 8631
5054 2502
2679 7908
2271 3434
4884 5481
6583 5579
6668 3720
4781 1519
4707 908
6096 4415
7117 7806
5626 1746
1210 8424
5829 2723
4155 4992
3556 9503
5103 3565
35 5406
3767 9586
9607 9589
2692 5398
2608 275
3204 4974
657 9451
269 1974
750 4636
9152 6658
2695 4059
3714 375
3073 6675
2144 168
8362 6660
6523 4053
3408 1705
7717 8961
3892 4117
7621 3870
2251 7490
7882 2569
477 3645
5477 995
1294 6510
5927 6342
6831 8954
7542 989
7007 5943
8532 5059
2203 4991
9534 9977
5502 3759
5258 9746
2823 5526
8391 9606
3436 7604
2642 5082
6939 4114
8636 708
506 6767
732 653
1697 5610
8475 7043
6951 2285
2908 5453
4688 9471
5070 8847
8784 591
6038 4705
8592 5750
9761 2536
4483 2615
8618 9257
7004 2335
3338 1232
9903 479
3620 3522
695 3004
401 7240
5029 7292
3973 8754
374 3785
1137 8750
9361 3930
1385 9627
7934 1705
491 2937
9801 8893
327 8764
5314 4330
2947 9727
9509 3125
4012 2588
1077 7361
7425 6107
9743 8984
6746 1387
8902 674
8008 5486
3919 1855
7713 9677
3598 1401
4145 8538
9542 8209
2243 9799
3766 3251
1897 5023
9507 8406
445 5368
2337 4147
2909 5866
8123 4201
3397 8759
8132 2844
7674 5392
1168 9591
9085 630
2736 3368
6949 7555
1489 8804
6256 1840
7092 2429
2056 4178
1563 292
6150 4120
2353 1055
4638 8160
1308 343
9620 9272
1210 2046
2192 1755
2774 2378
8525 1114
6974 8057
5138 166
5435 4903
9775 8379
8334 8378
3392 4794
6990 1897
646 8038
3889 3386
5581 7108
6119 271
1337 4317
1811 2980
1081 7508
24 5167
7428 8798
1744 410
1526 1542
1625 7435
6016 6930
6524 2466
1158 7863
6025 9599
132 3865
6394 7196
8621 3420
2903 3143
3709 4970
3767 7757
3257 9792
689 4835
7081 6572
7790 5401
3622 1746
9333 1666
8073 7087
8106 493
4470 9277
7622 7723
9061 4664
4955 3002
5022 1816
5502 1446
7824 1516
2719 9051
7800 721
4400 920
1124 6139
1152 1277
5229 5836
746 6321
2502 4502
2849 5400
2559 4775
7862 2211
3818 8108
1153 1450
1796 3760
4546 4719
7173 9896
2583 5729
4940 5878
7572 4703
8478 9448
6479 1380
56 7859
4817 8195
160 9093
5510 4017
6532 1050
7992 8862
9291 354
5425 9555
3831 2963
2030 8659
843 3136
2304 5756
6049 2559
4191 2137
2727 6143
1157 4201
2322 5245
870 7887
2779 6777
9926 7587
8138 3057
9672 725
4285 2850
7109 8240
1433 2153
8160 3093
3818 7627
2021 9842
5192 2001
9244 1551
3636 600
1997 4885
7630 3966
1115 9767
9647 3471
8599 9264
4293 4331
9166 8837
4670 5120
933 8177
8068 7162
5182 7863
8802 7263
2376 607
4744 6217
432 196
8559 5244
7183 4257
2282 3998
9309 446
9793 3686
1901 9119
7426 9585
5373 4799
2356 4870
7857 8712
3342 7655
1769 2011
6811 4889
2258 3465
2568 319
3376 8894
371 3945
124 8043
2385 9332
5058 2797
3581 2529
4700 5104
937 1286
4595 9164
3927 6272
5325 1302
7123 6090
3288 7734
6858 4095
699 3486
5802 3185
3433 1242
9298 509
9383 3104
9683 9906
6343 2362
217 4780
8842 7002
7626 9434
3482 8781
5434 1480
1188 1322
991 3505
9450 7497
6880 7287
2163 1707
630 2287
2554 5396
8088 1440
2802 1689
6933 7103
9912 231
671 6888
3568 2140
4909 1493
699 4716
3014 435
5301 782
9574 7123
2883 7799
7528 8374
4476 7206
4959 2324
5712 9947
8776 2513
5566 4044
4361 8236
9893 9541
5488 8816
2180 5013
1577 6859
6472 6747
7175 6614
8013 8344
4584 2230
9114 2234
8416 5332
7233 2430
2992 1860
8917 409
2838 2053
6001 3383
2526 7773
1215 7817
6302 4402
7606 6124
5313 7552
2983 56
7048 629
7613 5448
9430 7966
8721 3214
4559 6351
4344 3932
2957 2361
5842 1671
6957 3238
5685 6722
6529 3788
9936 3186
1416 5368
6961 3092
9611 5545
8161 8834
1651 6328
3088 958
6678 5509
4407 669
349 3988
6541 9178
2596 9570
36 1930
4956 701
8367 8552
1448 2532
5572 4967
7237 3133
9 5200
1489 6024
129 2311
7285 2881
1540 8481
3143 712
5021 4392
1723 9073
2346 5795
7531 1469
4248 3769
878 3170
865 6242
8841 3056
9370 2241
4939 2595
8518 1754
2787 9974
9197 4318
8300 72
1694 1478
3155 7917
5556 6713
5332 7772
4297 2480
1321 4214
8949 5421
1579 6502
6775 5046
644 9754
9595 337
2243 4154
2954 7172
8454 5375
6776 4491
6218 8463
695 71
9512 7773
2475 2402
211 5625
2045 6196
186 2922
9298 885
2371 6413
2726 310
9966 4517
5588 1863
8369 1871
9004 6020
3176 2142
1085 6769
6563 6473
761 4721
8070 8501
9170 879
2959 2122
7566 966
1613 9561
5139 5540
3248 9750
3725 5592
9055 52
5721 3692
3361 1387
2852 7566
1967 4979
5397 71
6449 46
3479 3594
6448 1182
4713 7673
5916 4214
4250 8181
9266 4378
7487 649
5288 1611
106 9196
4608 3609
6352 8504
4551 2356
3161 4192
8497 5062
3906 6512
5922 7043
9438 1533
402 6672
7360 6197
8882 273
3970 2172
3264 2213
6285 9690
5576 3637
5886 3176
6057 2939
6309 9018
3626 9239
2071 2581
3984 1956
5828 6853
6027 7565
4619 6011
9212 8047
5363 2630
7380 3474
6046 8271
1916 2880
6850 1196
1568 3729
993 2323
1615 4279
2281 7882
5871 1683
7867 1996
7736 7244
5418 1787
2108 9427
4489 2926
4254 1230
7111 8044
9622 2604
2610 3079
4206 3586
5336 3864
8722 3594
6912 5786
9513 4837
928 3423
8928 6386
8245 8639
6429 5140
8918 5215
7383 3491
5358 3727
202 7449
1125 2726
6428 5878
557 5260
5224 2958
3264 259
613 6040
4510 6808
8346 9809
3090 6457
8767 3211
4414 2445
8907 7826
1533 738
9052 9602
4346 3113
1600 1201
9498 741
8306 5202
3175 1403
6774 1647
2555 1893
3432 4140
9664 6018
9469 2487
9864 8248
7910 6455
2348 2011
2230 9301
4996 9565
8519 3084
1220 9716
5289 8414
1159 8668
9481 614
1253 5708
1998 3503
6415 6174
3358 7632
5343 4017
4489 8030
9025 2226
2732 3857
6652 1453
9542 3141
6325 9691
2893 7284
7339 7216
6892 1333
7657 5897
6316 3867
9622 7462
4524 8315
9170 9517
5799 4348
2640 3137
7134 6978
2016 5982
5898 462
7612 7641
4095 1134
6682 3252
7417 8197
4950 40
3918 7955
9041 1118
8289 8965
4003 4372
4888 19
1287 2792
3883 3490
7753 1076
3994 1449
9364 3732
4135 2730
8636 9023
3021 9431
4369 4199
6440 7194
3618 5585
1804 4291
480 7278
9659 6248
2694 2630
9426 7721
5876 5755
9155 2616
1248 835
9284 3657
7074 503
3630 7542
6756 404
1389 8935
6751 9175
3134 8970
2554 7981
544 5718
530 3573
750 1504
2993 3482
7757 5124
2619 5013
3278 1005
973 4120
6619 1506
2296 8812
1884 5780
1194 2908
7743 5372
9831 4536
1298 8415
2803 7104
5237 2861
2189 3680
5999 5476
661 9270
7913 7381
7361 9354
4731 7089
7370 9344
9733 991
5472 2238
897 3332
3433 5580
1597 8101
8632 4677
5009 3768
8412 6073
4070 3834
8583 7944
6945 4424
976 8881
9785 8445
1827 153
7220 5843
65 7745
4333 7041
2497 1613
518 6595
132 9178
6568 2015
5985 2140
2802 9965
5829 2476
170 2687
8687 5688
9119 1801
9323 7026
5201 2843
1499 3275
4448 3041
2655 2353
1799 9618
2211 7033
3953 2004
160 9193
8787 232
3654 3143
4460 7356
3251 935
3274 5366
7507 7854
9830 2819
5529 2123
9710 4357
5098 3363
8046 7298
2019 5964
6566 4467
811 2503
9747 7021
5132 7991
9682 732
2580 965
1158 6
5471 5527
451 6936
9436 291
6357 1982
1077 2987
3829 3199
904 5378
5008 713
2971 8564
4778 644
3361 4281
9082 5794
1352 8403
7282 143
6211 362
8593 2204
6828 7599
1934 5347
299 353
6852 3743
8923 5570
6525 9180
6649 8768
3672 898
1990 8852
9738 234
2897 964
4513 3684
9794 9333
9340 4159
8765 17
1857 5107
7603 5467
6878 8269
2543 3248
788 2326
6323 6518
4892 9714
8544 1670
491 7749
9461 3590
1130 4261
1679 9111
4249 8081
4645 2854
3075 4679
4772 4211
7323 1040
1180 1421
3279 7370
5733 2001
9055 1563
8303 3843
2486 2275
2268 4600
8229 9197
6834 5819
6051 436
2417 3518
3427 3562
5562 3935
2036 4080
1223 7500
5194 4934
7920 2304
4967 5819
7995 5949
4236 3829
5165 4627
9016 2260
8305 3260
1494 7678
1810 1793
881 662
1427 6645
7775 884
4767 137
6195 903
387 5087
6592 9224
2232 5209
1028 947
2431 4096
7566 3566
689 7122
447 1809
9511 4616
3778 2369
5527 3968
6005 7801
7225 5872
7873 5298
5514 8439
3384 3873
6077 4456
4660 7427
4729 9378
8565 1239
3025 9567
7557 9730
3350 2475
970 2123
9868 2432
6208 555
9213 9768
41 2185
5359 7227
179 4217
97 7729
9616 1029
4727 1896
1334 5383
7274 5583
7253 8649
4599 8931
455 3359
155 9989
2645 2871
8110 1269
2353 167
8609 3668
3532 4524
4844 4438
2134 7309
1877 573
9251 1040
9188 1183
3764 3120
7136 8594
4886 1837
208 1279
5770 244
6473 7325
1172 9534
4361 2810
8250 4241
2462 3764
3607 6184
8842 63
8042 6377
649 8739
9686 2208
3289 5596
6462 86
1474 9939
9418 8586
8582 5286
987 1778
5850 6943
8644 1012
199 331
4797 8637
8090 2047
6429 8816
4654 2433
6148 5961
81 5233
5437 8165
679 329
5528 6164
8774 1078
6358 3715
1151 4407
3487 3501
660 9139
3987 5545
986 8791
4267 3068
2116 3719
6084 9591
6051 284
144 4850
6651 5011
7194 9242
5927 5498
942 8915
1259 7752
2517 7329
1922 8543
1975 4261
7343 5364
110 3261
2955 623
9662 6279
1110 1225
2963 3718
4654 3803
5522 4777
858 238
9491 5599
5355 46
81 5054
5986 5179
7298 3549
1350 6123
1260 8560
6746 5959
3356 7292
7080 8514
4097 4530
4238 5734
2277 7708
8089 8151
8127 2886
5665 8959
4126 9112
9049 377
8877 5536
3795 1880
6736 9328
1555 4062
2050 1292
1580 7073
2347 2824
8317 4275
577 2845
1693 8667
73 6171
3881 2436
7364 4211
8565 3289
5701 2828
5578 2670
2312 995
3883 2218
5964 3054
1369 6519
4831 2534
4136 6787
3458 4225
1410 4450
4291 7356
1237 7219
1505 5118
3729 7794
4229 5534
4476 8934
6304 7561
7912 4408
7962 6149
1007 6945
7689 8271
1867 8517
4344 1971
2482 6550
3641 691
112 2833
9530 7722
5474 3280
4035 4957
3807 1049
1187 2264
1260 5970
1145 2471
4646 5575
2235 1762
8859 3027
600 6412
9018 5083
6694 6808
6729 5798
4981 3650
2290 109
7653 7637
5394 2046
1257 5733
2812 3189
3517 3780
5031 1611
3291 6643
5275 2337
4518 2788
4019 1828
5021 4614
5528 5045
9423 7155
3939 4498
6476 8270
5633 5870
5953 7743
4896 5499
6097 2448
433 8695
7386 9775
9870 7532
3648 1606
5701 9349
6190 5245
6974 6468
5014 9058
4741 4177
7854 1006
616 4915
7952 8699
4642 3257
3110 673
3873 345
7260 6548
6407 9581
4575 3142
3388 1358
1910 4600
4269 4278
7027 4656
7929 6649
8749 8155
7767 7363
8672 9939
7389 107
2016 4844
3763 7621
2725 7710
152 7530
787 7729
1633 944
9531 1753
4557 7639
7155 567
256 2422
5059 7450
1194 5497
7442 8209
9065 6201
2921 385
8829 3356
3919 4665
9892 1037
9112 677
2624 6485
3488 672
5508 1766
2462 3985
4569 1406
3249 7925
3261 6653
454 8730
2169 2255
5156 6858
1179 6920
636 8320
6471 9411
1396 1153
6243 3513
4241 9845
4986 1167
5005 8795
3138 7036
5916 2689
8446 6268
594 7809
2437 7967
3592 5141
2410 5110
5855 6862
7624 8316
257 2242
247 372
3357 2065
1849 8629
7379 4284
51 514
5123 5716
205 4699
1709 8811
932 9215
6630 1479
4050 294
9324 980
6152 2067
7460 1651
2910 8817
7651 6965
4908 8606
5265 6814
1000 8231
1017 3232
7654 9065
7867 4512
5793 9702
8088 9364
9645 6802
3576 7845
6880 5379
359 1416
2791 1523
3386 1907
342 5312
1848 4445
4137 9683
9899 4092
1671 5987
5579 5564
8254 1665
299 9447
4729 7942
8491 3371
7690 3735
4853 7891
5889 2543
7028 6421
4200 8865
4106 2252
2213 297
5541 1083
8568 5626
4453 466
9751 1159
6692 2625
921 7601
2607 9168
676 6277
176 3708
1313 9328
8397 975
8321 4732
6274 7022
2021 4374
3003 2336
5849 2279
8801 1721
7196 5283
3248 2143
2597 7375
254 9880
5427 6160
7042 2423
4636 8002
9265 187
142 9462
5096 4200
8012 4756
5190 5451
3325 9394
9342 3754
2476 1985
505 7756
7153 9460
5428 1004
7627 5402
1537 8702
2036 8678
2196 2387
5706 2447
20 2666
1551 348
4935 6845
7983 7273
7705 7426
3331 3473
1544 954
9590 3393
8224 6197
920 3889
1636 5048
1345 3874
5063 5821
8545 2054
924 994
4442 1048
3324 5218
54 5906
9354 9287
5213 114
3831 2202
1889 9429
7016 2363
2945 7105
7740 7697
8800 8143
1757 7270
5116 1025
6479 3769
1749 4978
6023 829
3662 4338
3197 5656
7118 257
5238 4919
1745 386
3897 25
6514 9095
8877 6506
4596 8550
6899 4992
8338 1617
1235 8418
6270 2523
7181 6107
8745 4919
5885 2952
2131 1483
6682 6576
7977 9626
2667 6937
6114 8797
1469 5975
7806 3839
4165 3032
5310 9331
4848 819
3489 6076
2589 7493
5860 6574
6025 5709
4757 4893
9699 3664
9763 8570
9084 6887
9844 911
7777 7077
9437 3296
1513 7611
3244 8808
309 927
1276 4280
6311 8971
9606 4423
9436 5839
7199 144
775 7300
3502 591
2710 6518
4620 8546
6173 269
5735 9913
9841 4473
5035 3085
8438 8504
9332 6523
6016 2991
6428 8486
5674 181
2044 13
7982 1120
3358 652
1445 2245
9360 7045
6317 4786
5878 9222
4637 2038
2922 9832
257 9711
6096 6206
6073 3179
5409 8166
4454 339
6705 2765
9127 1251
4263 9453
8055 7332
1976 6130
3964 4284
6927 4740
6118 728
78 289
4279 888
402 300
8730 2143
7956 9399
126 2821
7221 3934
8329 2177
1595 1695
1883 3990
3198 3562
1867 6426
1564 4107
4267 8659
4764 5257
8079 6985
1339 126
4993 2015
7267 9304
5788 4767
2727 7294
862 9778
6653 2176
5198 7040
1361 1706
7672 9158
6140 4885
3654 4805
2384 3017
7307 3243
348 7576
9659 3464
9804 3313
8352 3628
845 7838
340 5185
9731 3094
5801 5633
1468 484
7110 4417
3149 2109
3078 3382
4275 2966
5206 2395
2313 6172
6968 9594
4713 5605
5710 55
1600 7264
771 12
8879 3585
1198 76
9476 9019
8534 699
1467 4244
3944 7491
294 2093
3292 6905
8749 2772
7534 7050
1710 167
9687 2615
195 8741
2722 1782
9280 9669
5099 2489
9208 2346
361 9457
6453 1503
821 6270
6263 3800
2091 1778
2811 5027
2938 2644
541 6280
2192 672
1898 9501
1773 2960
4963 7794
6536 5841
6990 5991
8700 9911
4451 5433
6566 9195
59 6896
7262 5289
6198 7863
2329 5954
9003 3404
7294 6318
938 2262
6105 7064
7878 6085
2920 4960
4363 9317
5611 9408
1463 6447
5189 7853
6575 7439
5662 1642
8319 347
9740 7671
1055 4938
1399 6814
7614 8824
1701 8363
4611 1955
3171 4638
2695 7831
3444 4514
8103 9240
1815 4487
5582 1013
1261 3290
4337 9735
393 5961
5346 5297
8648 2279
3218 3496
4539 5620
5571 7542
4137 4987
1705 9001
8451 4660
7013 8650
6633 2674
7321 8681
3014 3075
7516 8153
7306 8073
1728 8463
5530 7347
5041 6456
2262 7663
2386 9203
1295 2149
7803 6547
5385 7940
7045 8686
2606 5369
4920 4169
7872 460
1632 611
5632 1534
4543 4052
9200 1941
4902 4505
6836 6663
8439 6126
51 558
9177 2326
8852 7461
6309 2889
4625 4704
2733 9805
3601 3117
6491 360
3813 2503
5854 7297
4704 5673
669 5191
2530 6576
5771 3197
8532 5066
9354 2882
9802 8050
7601 7698
5112 6682
207 1527
6135 8741
9440 7935
1469 9728
181 6125
2017 7833
8985 2028
5104 3224
122 4136
9050 4893
1450 8943
5311 4057
3210 3827
7834 3605
1732 6443
8939 6488
5428 1082
6637 7895
9450 3691
9726 6079
6932 2750
9448 9918
6416 4341
682 6336
9445 9957
2739 1082
1993 8000
5810 2701
5966 4832
7896 3929
1213 1747
1659 9969
6780 7291
9528 2802
9660 6110
6638 8281
3049 1150
284 4478
4952 7077
5908 5249
1274 6762
1271 9666
4979 4083
9928 3173
9218 5052
597 4300
6115 6816
2372 7939
3748 3514
7738 1734
15 9064
3029 2072
4258 8329
5480 9713
1044 5749
7243 8225
5384 2019
3993 4782
4686 2160
9447 6346
7807 4086
9852 3773
6793 194
1057 9669
410 8275
6669 7776
5069 1358
5532 9603
4420 3134
6395 447
6955 5262
6789 3923
4129 8686
8190 1082
3203 556
2601 8298
9198 7329
1833 8646
5186 9175
2590 2768
9720 1594
910 6010
805 5583
561 875
1893 389
6641 6059
7259 9765
7723 8501
453 3587
9797 3266
6355 5067
7928 1929
2898 7758
5966 1858
5882 6717
4447 9513
3776 9976
2236 1208
6001 3490
1322 6302
839 197
3192 4290
5618 4256
2254 8998
4105 8787
323 5389
2113 3899
1020 284
2996 9159
2167 6052
5911 7410
4490 3544
9280 1842
4548 6747
2250 4680
4066 2693
9458 8085
7551 3944
1268 7662
0 1603
3564 1167
2331 5049
2456 9435
6120 3601
5175 850
9959 8524
7313 5524
7722 1430
9264 9348
8785 1602
2496 1548
1062 5594
4147 9759
7654 9183
3060 3521
752 7344
2973 3768
6144 6943
2017 578
8554 1410
4782 7678
5917 1342
7427 7454
3966 3417
1538 9100
3950 5288
7049 2077
8843 8287
3127 8304
7966 606
9965 6760
2380 6745
3924 6522
5963 9558
3567 5501
3836 2552
2505 301
4047 6644
1221 822
9438 8028
8793 9858
3854 7569
704 6817
3995 5794
5044 8771
6245 3481
869 3237
9160 344
9246 7483
2207 2492
5416 79
5341 5015
4519 8710
6866 7412
8665 1866
7270 7024
7837 6500
9955 7770
861 3407
6601 7161
4699 9312
9249 2334
8474 650
735 5243
8775 5211
5337 2810
9979 2100
129 2388
7404 5492
4278 1812
616 6533
5336 3774
4297 5247
7946 6758
8895 9906
6652 2808
4313 204
579 9903
2542 5760
8014 7458
502 7170
8868 1622
2636 1470
202 3660
5666 8102
7536 3231
2892 4445
3592 1059
5135 4274
7847 9331
3925 6603
2252 5736
3410 8497
4535 4577
3699 1096
2547 4263
1428 4737
5903 1714
8898 1675
9817 3020
6388 2692
532 1478
6526 8342
7110 5184
9505 8964
1098 8629
9240 8468
3824 9284
8657 847
8106 9549
1913 9643
1752 8610
9377 2250
1692 3180
4204 7119
542 5683
3475 3995
1454 5905
3912 7618
2191 3437
1941 8795
8553 5237
796 2975
2803 4576
5292 1138
926 1882
2586 2439
2579 8798
7509 9573
5989 7299
9803 3210
4996 2758
4664 932
4362 6173
6743 8012
2342 472
664 3455
2176 1637
2243 1807
8347 3494
1622 9034
2272 4336
9144 7272
1090 4085
2691 6605
5585 701
1046 3733
6559 127
9991 7870
1354 5776
3786 3773
9915 8198
2838 4589
2055 6623
4021 184
1370 314
990 560
2234 8920
1473 1144
2314 826
5826 7154
9032 7066
9726 4319
9543 5809
3037 496
7897 2911
1545 2293
6366 4177
7502 6439
7662 9350
4560 3536
2885 8812
4000 8895
7560 744
1571 1711
5994 9422
5629 5538
961 8630
6266 4869
5566 1039
9916 8995
9896 3709
4753 5650
5468 1528
4492 8331
7963 5937
8442 2319
844 6074
4638 2093
4090 3827
3954 6572
9620 9219
2795 6649
5608 3343
8822 5960
817 173
6109 1803
5542 7876
6430 4095
6933 4170
488 6387
708 6480
7642 5723
4650 5270
654 8372
2940 903
618 7900
1482 4158
368 1262
8934 1695
3974 3911
8081 3195
184 6613
9031 7238
7713 8260
6660 9003
6413 6177
4285 6285
7722 4283
7650 7818
7044 4885
3105 4706
8178 7819
6089 1865
6710 8701
4444 1670
9375 4872
5836 6238
8161 4733
6966 95
6305 231
6983 145
4270 2733
6496 5479
7466 9854
9601 4481
9822 2990
7148 1964
3843 5717
6087 9111
4248 7814
3906 3768
1686 276
9237 6667
7930 7413
5062 5705
6514 4708
2199 7929
6863 4910
9841 1029
263 9299
7828 4990
6734 4433
8851 1954
3086 5785
271 1398
6049 8639
2447 5122
2051 533
5185 1913
227 4431
7756 2639
1228 8615
5590 2600
2714 5426
2631 4675
1441 2792
891 7459
5732 7377
154 5002
431 6615
2634 2869
6299 4927
1604 2092
8466 9670
2235 4868
1959 411
6855 1822
7596 2330
726 9352
406 3796
6849 7037
3302 4715
8331 6117
127 1982
8002 2288
7817 8932
4525 7211
9459 7529
6994 1885
7801 7699
3498 4306
8733 8590
7526 8809
7214 9807
9319 5750
5282 6605
5275 5411
5543 4796
8610 6003
4434 1599
5482 1273
809 5521
5416 63
6580 9691
2527 8973
5537 3183
1070 1623
913 190
4884 9895
3078 2920
1506 6109
1696 4475
3191 8077
7226 4821
109 4661
6484 5820
4933 6605
2090 6288
7098 7429
2647 3128
9565 5235
5750 6553
9819 5597
2816 4930
5891 9315
5457 8891
7907 5489
783 4008
7817 6495
2096 9036
4685 2144
54 5742
9949 8234
4403 6794
1009 5161
4358 2683
5328 5788
2148 6621
4388 9218
2698 3736
3496 6179
5674 3595
1266 2239
1672 1514
4467 1263
1002 2641
8578 9369
1059 9476
8844 3623
7804 5403
6603 2301
471 5215
6661 996
6901 372
9073 6629
5803 4888
4532 105
57 2917
2039 7820
7226 3019
8059 5281
7115 7864
3984 2752
8014 1894
6665 9453
9341 1597
7616 694
7267 9221
2927 1349
2797 5385
8959 250
5509 5100
2273 3979
9256 3540
235 1291
1041 5017
4766 8455
1412 2929
9520 8914
3588 2625
8755 6945
6692 4239
718 5360
376 9972
4411 4689
7616 6810
7574 1675
2641 7717
4324 5852
9899 783
2254 9429
8787 1066
5415 1434
2603 1667
3005 3616
8828 906
2895 9404
3751 3184
7466 9845
285 1753
9146 914
7676 4412
45 298
2953 8529
5282 1487
9672 4571
5109 427
7179 7100
5542 790
5790 2364
4748 4680
7168 9674
6231 9595
1461 1142
3381 2269
5983 8922
3604 1247
3274 3898
2730 8616
7445 9065
1591 4986
7725 1377
1617 6331
1973 3045
5047 3713
9925 8643
8429 2433
4051 9184
3669 5113
2210 4801
2265 2183
5044 9972
9684 3689
2726 8627
5864 2025
6172 1543
1629 8945
5842 5929
994 9268
3197 3174
8288 7260
4762 306
7697 1456
1335 4085
4949 4905
679 4918
853 8182
3047 455
5613 5530
1508 5133
7784 5234
3124 2118
8299 5306
9173 2695
6637 8054
6087 1978
7702 5915
618 4280
3983 6892
7235 3060
6495 7006
6859 1716
3733 1510
2191 4841
5121 2253
217 1585
4169 1927
3817 5479
3991 8902
1777 3376
5312 3131
2399 9502
1817 1349
8794 8918
8980 1543
798 1003
178 3666
2868 6982
2343 8242
6115 9671
563 8009
802 6049
3675 4703
5791 9257
1163 8598
1880 3789
8650 5429
799 4721
1703 9144
8091 9574
6520 5618
8398 8870
7538 3947
8635 5823
4026 8029
1534 2257
3537 1211
272 2891
5001 571
4213 3310
1348 9772
2310 5519
5584 7911
7020 5944
5056 6548
5568 2434
2053 4648
8715 2591
5263 1936
1582 1424
8768 8407
8713 5160
9488 8244
316 8017
2263 8390
9512 9649
752 3242
4488 4674
1350 8111
9549 5764
9170 6360
7991 6393
4611 4016
6750 3621
1323 5568
7835 6797
3333 1517
905 7303
7042 1554
6078 921
6354 8293
2239 1255
8282 61
7647 4549
8622 7211
1761 5235
636 8131
9600 3875
9948 1243
7498 6880
3962 7520
1773 6698
6808 6796
8404 3793
5758 6502
2574 369
7892 2041
3885 4382
6612 773
6540 6120
6667 351
5847 3891
6933 2421
7455 6182
6135 3512
7420 4098
6578 458
8896 2202
7200 5070
6774 620
3353 1861
4899 7635
3923 9228
1600 5596
3373 5590
4627 536
2119 9432
9326 7787
5895 1308
7288 7136
1666 4452
4932 7927
984 8869
3129 1397
1622 7178
5394 5228
9728 3943
460 4688
8067 5672
1564 8252
7120 7274
6568 4027
614 1935
6191 1227
1840 6227
9870 5308
3279 9214
1027 6163
3533 9844
6509 2938
9262 4961
4994 8513
3641 3556
2992 8234
4510 6830
9786 2463
7117 4036
7753 4844
6015 1920
9011 6524
8619 8253
1453 895
5074 531
7377 6346
814 459
5765 9330
2406 9042
15 6899
5168 9494
886 8655
7335 1388
4072 1876
6216 281
6251 1099
4417 519
9958 1879
8749 5871
594 5895
1620 1187
8104 2391
3267 6217
4119 1058
9495 4813
6092 1033
7490 2121
1660 2494
2737 3119
8399 6212
83 7481
7307 1365
5589 8862
9592 5851
5850 7785
8155 9863
5938 8404
7356 2597
8951 7434
3750 6307
8768 6594
2167 6925
2740 4210
3691 5197
1229 7894
408 3241
6284 9528
231 6486
2604 242
6483 4543
6053 462
6141 7101
4691 2955
2303 1734
5099 7899
4927 191
5999 5772
3447 8106
3285 244
4479 977
220 7222
6566 4738
8876 6596
3196 6992
3589 609
3747 8790
7976 1674
4472 5087
3089 8170
3407 3278
9562 8307
951 3154
6576 6922
8569 341
4298 8330
651 4634
3904 8051
7921 4639
9872 6790
377 2318
2889 1181
2657 714
3789 3016
9809 9028
7454 3426
1390 8674
1224 3292
9227 9039
43 9362
3198 5241
9938 2141
3797 9168
6105 4690
3734 9307
5086 97
6106 8052
8065 9039
4321 2866
8580 562
5859 4763
5688 7868
4066 787
4527 1415
9134 9952
5704 2061
7827 5667
779 4990
6363 6306
9064 8799
8135 1852
6815 2475
4178 5331
2592 4620
2266 1704
971 9370
9876 8169
7304 4673
8912 7052
3710 2143
2018 7633
2384 4058
5227 7062
2893 7825
6199 3798
7920 6581
5051 8623
1051 3392
2069 2492
3667 6056
1795 4391
6725 9657
2944 4136
2982 2946
270 4613
8540 7373
7464 2952
7121 4634
149 9376
2454 5675
456 313
3601 8975
97 9479
1125 6817
1915 9691
8951 8334
2877 8414
3007 1175
4983 9675
863 2981
6836 1253
7778 2215
9821 9922
5879 791
8175 3382
2306 7555
9150 8119
3020 8966
758 5610
6557 5352
8585 6656
5061 9544
2182 6950
4892 7528
8156 4122
7726 163
6758 941
5499 3163
6106 9516
1000 3153
258 4871
557 7740
3276 8393
2667 6678
7465 6984
2394 9735
9951 1030
3085 1047
2194 9840
6670 7712
3815 9143
2406 9573
7057 409
216 8237
9013 6092
8270 106
9899 931
7500 4123
1529 8263
8174 2543
1047 2227
249 8628
9238 1369
5460 2488
1015 8664
5352 5905
7828 8199
1352 2375
3374 3620
5902 9112
4755 1154
7682 7847
3541 5502
3974 3686
5308 8981
9996 6842
9185 9732
3905 2239
5425 5264
5950 2320
3888 2444
999 9674
9157 7015
2222 3467
512 8265
7623 3828
4681 9020
2528 9069
3296 8629
5012 2229
1661 4994
8813 5476
2440 9506
7804 1755
1697 3677
6045 8598
1095 6548
1700 7612
350 9373
357 6067
7104 3792
1023 5930
5190 3201
7244 9656
4694 8020
9072 7506
5846 7015
5940 9948
9456 9007
8782 2557
3328 4238
6835 889
3598 4617
9596 6407
6246 7131
8479 7169
4647 1690
8478 9956
7875 2341
3952 9055
4021 1361
9080 2824
7047 3087
7652 9273
7830 9437
4766 7947
31 5671
6123 9010
6192 6178
9072 4404
8942 4255
5076 6156
2614 7118
6244 6292
9739 7193
8198 856
4736 1594
6079 4873
9252 7794
4883 5642
38 2486
4610 7613
8838 2136
242 3915
1254 2616
2359 1338
8387 5872
2174 182
6744 3499
5331 9070
8806 1900
9880 9076
6154 2753
2980 3561
3221 9005
7624 174
6265 2367
1001 7445
7538 3591
4657 6322
8735 2290
306 6210
9699 1330
8084 3927
6134 2502
8899 250
1326 6703
4466 4484
5836 8470
6516 20
4110 9293
870 8127
2959 5438
1614 9387
2863 9154
1667 6875
6388 1384
2792 1337
1946 4232
399 4578
7308 1379
9791 2490
4180 3563
2302 9243
3042 4264
2039 3363
6911 7959
5274 6630
3084 1166
7281 9279
805 7922
9568 6241
2433 4276
3967 1402
8667 5196
8721 5218
4142 7780
9730 1651
9276 6813
4702 7977
4044 3225
7225 7762
5138 9745
7247 6886
5759 1169
2495 1326
4621 6204
3746 6315
9449 7695
4314 952
1426 3234
490 3148
2935 2572
3177 2356
2309 9439
170 6013
4753 7041
5525 2099
8143 8429
4031 9069
5523 1051
8232 7781
7299 9715
5615 465
7301 5477
1643 1569
7114 9103
4224 7462
936 8137
6708 2250
5013 189
3457 3019
6753 9428
8144 430
4142 7374
2900 9962
7203 4309
3843 1411
3845 1552
4132 8246
2571 325
8706 4665
5375 776
450 3599
5394 2743
3469 8313
7432 5420
1908 3507
375 3772
5315 5798
7521 230
5946 5941
8801 3791
4235 1105
2977 3134
5667 5092
9575 6159
9500 8844
8323 9130
2314 2380
326 5693
26 4741
7449 2511
7836 1771
5853 9958
2338 6430
8335 747
370 5972
6405 8207
1437 8485
4941 7790
82 8228
1372 5607
1757 9397
5536 2158
7511 1741
4664 85
4908 2498
72 9780
7561 4816
8292 2467
2919 6408
2205 3332
3563 8289
9095 9676
4077 5018
3277 8511
414 837
6298 9330
2136 536
1540 9418
7965 4823
4568 3832
6504 2963
7390 7831
6110 8327
3103 6019
9706 8909
6008 6799
4651 2079
100 7991
3846 577
7171 7552
563 8810
6735 9414
2939 2312
8685 3715
8376 5158
1541 7579
6149 1866
5668 9438
3298 6372
5399 2307
6242 3826
3183 7852
6408 5620
5012 6135
8941 1523
1507 4838
9628 3535
5740 8514
1684 2217
2098 2644
3870 1062
5838 4958
1749 3656
1663 5881
7095 8453
177 7279
4165 4698
4228 2173
6317 1760
9558 4862
8810 2171
4134 4434
7212 8867
9930 7894
824 925
4948 1646
4910 7831
1341 9641
5443 6074
283 1121
9552 9698
4330 3971
660 1962
8477 5039
2511 7812
5647 8080
8145 7635
9406 8709
7463 6278
1739 9865
8827 9163
4376 3198
7408 2781
7430 9276
9209 5967
3411 5428
2350 9609
5912 2640
1784 8303
3534 5075
901 2611
3996 3504
6200 3412
9978 9737
6833 7005
4179 9996
734 9900
5366 961
5049 171
6010 4167
6877 2138
703 6571
7131 4200
5413 1154
5418 6086
4021 8884
4812 3785
7534 6282
3535 3581
3424 5236
3045 5942
7342 3395
6155 2413
9797 9802
6140 5986
154 1912
3692 7399
6489 9683
1153 4436
3923 9742
5781 987
4904 7932
2750 4951
2536 6906
4611 4861
1636 8757
9221 3918
7029 9744
8693 862
6234 8595
4212 8052
4546 3812
3344 531
7906 4007
536 448
8734 5184
5613 6316
5205 156
9764 1073
4587 183
7547 4836
6199 2189
2395 8443
6147 5269
3474 66
859 3395
7236 9099
1586 7682
4785 9156
4970 3039
7502 2298
223 959
7441 6292
2666 2080
6952 3034
6958 7025
8132 9592
8803 5064
1656 4919
12 2170
4172 4368
5318 5083
5984 7871
650 9104
9162 5989
2732 2888
6360 4315
7961 5623
2120 212
2971 2962
9049 275
398 8861
7468 1432
2329 1940
4787 828
8104 3777
9921 4898
5208 5270
6814 5993
2938 9613
4813 5195
3524 8628
6014 6101
7186 2170
6749 1336
5176 6679
3814 8532
9462 6914
2516 3461
3399 9983
4867 9382
4487 9123
9636 3708
9507 1588
4138 7206
8385 5615
7146 4113
7461 3749
6996 22
7913 2658
8902 199
7880 1687
6754 3342
8008 8978
4060 4413
572 1951
915 894
5275 5752
1844 2800
8638 4887
9772 7438
9334 4064
5736 1211
7338 5247
633 3787
4273 6263
7113 8605
3156 7888
1558 8099
8159 4391
9934 1669
6965 5970
2154 9038
1466 8213
923 7500
9136 2373
9107 3352
9485 3478
3721 833
3105 6029
4365 526
3412 1506
8231 4955
4709 9209
6110 9732
5753 1408
5604 7119
9970 1221
1103 5037
5608 3849
898 792
8909 3603
2326 6952
9369 7701
9212 2857
6632 4964
8976 7248
5833 7323
2929 3220
3033 4429
9484 2803
3232 8003
5580 1486
7666 4686
1821 1018
4514 3436
9136 8863
8530 6417
135 9202
165 9021
9001 7102
3537 8933
4635 6728
5173 1853
921 396
3453 9482
4600 9883
417 6196
9811 5620
9295 478
161 8242
1924 8708
931 2103
1030 4196
4827 4900
8996 2105
4786 1805
5168 9096
9941 6581
1557 815
3085 4274
2070 7414
306 33
7083 9896
3610 6380
3639 8874
4613 5271
215 4181
153 1448
9798 4523
5593 5473
6960 8227
4041 1043
6758 7031
4010 5261
6551 6894
9254 9745
5766 9897
6826 3365
4650 5398
9226 9404
2242 3477
3634 7063
8935 9931
9418 7317
6207 8118
4998 9550
7540 6838
1398 4853
7755 6225
3508 920
1424 9958
1915 930
2333 6324
8751 7491
9826 9108
8882 6133
1376 9211
4972 3113
1140 2275
6537 4561
1451 2423
1571 8472
886 8988
5991 9124
2016 6570
398 3851
4042 5946
7916 9773
4629 5512
4296 9415
3355 8044
3606 3490
1015 7217
8829 113
5024 8103
6286 5176
7457 2807
6332 2055
8053 7573
3645 1027
2382 9961
1415 9362
4714 6213
7990 4848
4309 3563
5791 1040
7584 3323
5021 4676
1432 3940
3818 4668
5485 3658
35 4877
391 3108
9242 3567
3037 6124
4697 5777
6631 5435
234 7694
9702 8562
3000 1810
1045 7209
1064 4299
5248 2848
2107 3047
5918 2020
4201 2581
1360 5941
9035 7408
3461 9393
3170 1030
9705 6565
9624 9791
7560 3183
9277 6241
8276 4507
7090 8763
9452 6139
2972 4109
7815 5085
9556 105
3778 8134
6558 6481
7239 6113
8656 407
9579 1167
3877 1048
5263 5755
5659 4523
5832 3280
2664 9969
8136 9693
4400 8323
3403 3074
4800 8005
550 5799
6833 980
6308 3458
3434 6120
5422 5125
7465 8347
7309 60
5463 3035
7204 2576
9464 7750
9505 7531
5101 9985
7675 8836
1885 9120
6845 3431
4817 7063
6493 5922
747 776
1471 5589
7850 7318
5592 3459
8931 35
983 2597
1678 4128
9620 3876
6618 7559
631 4631
2876 5324
5746 73
9029 2683
9584 9244
4118 8187
2364 4023
9902 3655
4199 3450
596 7458
3337 5008
8336 4612
5777 8831
963 9623
9189 3866
5621 4162
5866 9213
3273 2242
6450 3263
5908 4626
8751 6785
3351 8123
1924 7138
7362 4851
8620 3931
8637 6475
6752 4078
7344 6474
73 6500
1549 339
3316 6924
3516 1547
6921 6030
9943 2034
8553 4515
6457 2412
608 1800
3499 6586
4637 2742
6642 2184
8528 2343
9213 8311
179 5205
9626 2553
470 9094
8420 5872
6558 7139
1559 4032
9912 7238
5417 8215
2956 3819
1875 7918
9553 2823
5350 9315
7338 3750
5145 2399
1852 5320
1831 8885
3707 5582
5781 9812
5768 9158
598 8209
8562 54
8738 8065
6288 8539
5919 971
5189 5644
3931 8974
367 6407
9287 9066
3006 49
505 6579
2188 6417
7234 9996
8633 5166
3517 1771
7638 7464
8684 8406
5544 2471
3399 7
9583 3600
6033 5361
7077 3421
9801 2856
394 3720
6353 1719
6456 3507
6497 3302
4332 4115
9128 5727
7334 2856
6040 8402
69 229
8202 9044
6956 9651
7651 8548
4319 3460
6334 5273
8597 4295
272 8605
2842 1092
594 1025
9866 6030
3957 7263
2029 1781
8025 5751
4558 1175
8107 6534
8248 4141
3839 6026
4545 9051
1553 1262
5400 3885
311 9090
5906 9582
1229 8575
8784 3122
6943 7177
9963 8031
4282 7558
2768 3378
2993 3439
4250 3385
6471 3931
261 6904
5934 8651
3977 1301
6004 7107
4918 3067
4766 5781
9725 3734
2749 2337
5169 404
169 9294
2585 7059
834 1032
5865 9693
5159 3101
6213 7861
9760 8975
3588 6390
4827 9048
3594 4133
2464 4614
3740 8632
7594 1670
4913 661
2628 6291
6604 5689
2992 5547
3791 5796
8924 4142
4603 8890
4495 8286
1403 8930
7774 969
144 4726
5434 99
6404 6958
4901 8624
8408 4418
780 8899
331 9572
8834 5703
1291 3109
9246 7227
568 8782
6535 706
7902 1182
2871 9786
2458 7149
162 2651
1163 9172
5649 2381
1804 1341
4413 4414
8715 6229
7607 2737
4757 6453
2404 2509
8277 3328
7107 5349
3549 6809
5988 7178
3501 7085
6718 4558
6011 9217
5958 9237
4431 545
3470 8587
9531 2659
5726 9538
8301 9307
5536 9892
4651 940
1054 6015
1172 8043
8610 7634
5366 4761
4035 7978
9099 2848
5856 9619
6947 4330
3282 9182
3105 5294
8093 9814
898 374
6755 4208
7277 5210
9787 7966
324 4209
9555 612
505 5440
2923 980
4240 8398
8669 3669
6326 2385
4164 7832
2843 5601
5666 2606
7096 8136
98 5270
3070 616
8340 7781
4513 9189
653 3144
439 4755
3830 6289
9485 876
7979 9477
5860 1301
6122 1985
7012 49
7347 7099
7585 7446
9610 4612
4369 8343
1772 8446
3253 4028
8605 1623
9247 3724
677 2986
7313 9757
8348 1960
1007 1787
507 7996
3107 7256
2660 2300
7889 7928
5433 9944
2702 2657
5880 6507
7681 4459
213 5396
1313 5159
5339 1433
290 8008
3640 8328
6084 4916
3665 7070
8972 2033
2894 8827
9443 1629
7842 3425
6013 6645
9466 7589
7923 7735
9633 9093
6647 937
4402 9824
1718 4307
2900 4945
6393 6585
2071 4183
4911 9341
5696 1141
3544 5077
5730 6930
815 2897
905 3306
2451 1073
5928 2697
8781 540
2843 9297
8039 9152
5344 3828
9101 1058
1921 7714
8332 8098
1511 1046
3317 4015
4265 9001
1831 6404
5960 4343
8490 3332
7075 4783
5820 8274
5818 1934
4410 9742
7150 5024
9923 973
7365 1203
2766 1259
7212 5774
7777 3047
6696 5436
3559 4203
9194 5189
9203 3936
4146 4098
9186 3129
3947 9877
8681 4969
2857 3625
4727 64
8450 3308
7999 4840
7734 4723
4753 7975
4046 1876
370 6931
2905 5376
3666 3403
8017 2001
6393 2851
6342 2879
3427 7184
9798 9106
7549 2960
1668 4758
7512 5530
1725 2787
5301 4008
5565 8388
7350 1898
6003 8087
5733 2145
3539 6461
5266 2434
5368 3691
675 453
438 6579
6617 6119
2292 6051
9862 9906
9263 8171
2206 5600
3697 7843
8779 8438
6847 1845
176 2455
3920 6338
8377 7316
9016 2188
7663 9907
1432 8183
3700 3884
441 9951
1695 9206
2186 1377
5757 7319
5703 3874
1278 8416
260 147
5776 2142
1835 4874
380 7581
5944 3275
1228 838
351 1275
1992 452
9753 2152
360 378
7436 3941
5841 5664
5251 6019
2157 3421
2810 2377
9826 5854
3719 1409
5078 1902
2834 4236
2432 1286
185 1200
2888 4302
5963 6546
2876 8607
5778 395
9617 3820
6550 148
6073 7871
4009 2075
5905 7462
1517 2647
4482 5226
5962 1421
2765 5956
6481 6577
6528 3861
8985 5778
5991 5223
9994 8173
9457 1011
463 452
7889 1068
8105 3018
1756 7242
5910 1644
7658 1255
1767 8982
1083 201
272 1080
9308 7274
6150 9000
4040 9548
8761 3897
153 3187
991 6259
4676 5556
8258 1602
3888 107
9820 186
1152 6668
6640 5330
4866 7724
1577 9233
3119 3890
2436 831
6081 7125
6770 793
8633 5405
2978 5257
502 2310
9890 5967
5132 634
9383 31
1318 7693
9580 7740
2257 2057
4729 9087
9472 4437
3241 8477
6452 1546
2961 2761
6246 5672
9363 1914
6013 9873
539 6236
348 6000
4557 5995
9218 3560
7049 4227
5175 3800
9799 6032
1355 2666
6306 5168
9290 7849
6533 3756
9791 7135
2033 9766
6792 7910
4901 9963
3516 7337
7732 1987
4343 2711
5170 5247
7924 324
1740 5638
5143 4907
9371 8655
2956 2378
2396 8377
929 9364
5286 1426
4398 646
2644 6461
3764 2437
2709 7071
6720 7127
4586 1557
3709 8551
7945 1284
3452 8176
6066 1807
4727 3979
6168 9048
3842 6308
5281 5643
9154 541
7212 1074
6716 2765
8753 4516
9828 3130
2734 2214
3499 1774
2854 8774
3781 3859
9486 6567
492 236
5955 4157
3223 7514
7582 2006
6774 1957
1035 5796
9124 8192
4920 7232
6400 6925
157 1980
2755 9174
4732 2211
4354 1846
3858 4186
6532 3366
6026 6681
7314 7246
4778 6964
5375 2348
9937 872
3772 2798
3953 9039
6805 5508
7885 6113
1087 3112
1524 5468
7351 7607
2398 636
82 9939
6641 3668
6554 7933
4612 2505
6471 8652
7247 1934
3806 8189
1533 3159
8281 6354
101 7092
9373 1886
6923 9975
985 152
9526 5646
9931 2095
6956 1821
664 7206
7978 7327
8581 9837
6683 5632
2179 7141
9782 4732
1546 4968
5322 2061
967 7520
1626 5357
2755 5542
4375 2517
5293 9663
9180 7609
7876 71
2771 576
7528 3435
7465 8919
7327 8240
6530 4740
1961 5489
1581 8445
5043 2299
7979 8670
1584 7994
1457 974
5128 3663
3497 3306
8698 5042
5903 2412
3982 2518
3963 5162
9015 906
9394 9842
9365 9422
3979 7874
4409 3617
6146 7391
6365 3822
7808 9971
5926 9359
8661 4685
660 6210
2389 7027
3967 4500
9827 541
8936 7373
4342 2851
334 3555
4604 1813
1713 1086
3932 9714
1415 8620
3896 8194
6888 8880
2915 2581
8436 9246
7085 6077
245 6770
4837 2706
8772 6228
2135 990
3793 7784
1860 4563
6615 6864
1831 7245
5935 3037
5654 3777
4350 6702
6289 397
7017 7387
2656 2660
9390 4008
8028 2883
5274 105
5492 6088
1238 8978
1733 6149
6041 2697
1987 6838
3698 6712
936 8036
4824 1059
1090 6697
3639 7000
801 0
1723 9398
5634 9983
3363 5103
8302 5557
4084 7927
5144 3809
6442 4902
8947 6560
5564 3340
2950 4390
4194 1371
8110 5354
7048 4309
5133 7488
979 8946
425 564
339 8839
4023 3305
9879 4651
8523 6848
4164 8235
8913 1767
1271 5252
871 4788
5569 8468
6004 2101
7180 304
1825 8258
2361 6113
1130 1391
4523 8464
9687 8876
3471 1362
368 4985
1605 543
3118 940
856 8023
9561 8441
6787 698
1034 4797
8006 5596
2632 5867
5933 554
217 4280
3115 4265
5875 3167
5783 4852
87 8070
9692 7056
8349 3307
3213 9190
2705 2633
7083 4391
5176 5785
6464 6311
7516 2492
3707 2621
9725 7072
8457 5039
4640 2671
8591 5472
7761 1584
3894 8696
3299 841
6433 8555
8713 5766
62 8276
5575 5656
4587 7871
9667 7737
5909 2570
3299 4903
2672 2600
1949 382
8636 8305
5760 7048
2392 2219
5966 7315
9329 6063
2319 2953
892 6645
2206 5525
303 3231
4116 4840
5424 7883
7726 9098
7392 8747
6929 6156
9814 6037
6217 1631
4112 1332
7834 8371
4333 1843
4246 3826
1091 3292
5042 2061
247 4637
2744 909
3790 7126
6467 4421
8738 6167
409 5577
3052 9060
3927 4117
4038 1996
8864 3298
6836 3585
8461 3265
8507 5997
2572 3547
4836 9841
6628 6633
3845 5062
6106 6434
3163 2112
7942 4787
4024 1528
8129 1143
1507 3526
6553 9462
8329 9834
4700 8437
7489 1414
6820 9051
1442 4360
6881 7100
2902 892
1943 6194
9955 4581
3741 5073
2119 4284
6379 6494
423 4723
3482 7802
5180 9665
5940 6387
1669 3345
3948 8424
4581 1357
9542 5643
1472 1700
6612 6784
7313 1150
6301 490
8247 4809
7477 3652
4742 809
9060 5120
5669 1359
711 5427
6670 7057
7947 421
8674 4792
5495 9988
1928 7227
582 3767
2554 2630
3018 729
77 1367
9808 2958
3586 7648
6346 890
6788 2930
4127 7499
5057 220
1763 1208
7830 6095
7400 4565
9540 8033
2898 8122
4063 1767
464 3534
3643 2209
4665 5002
2894 132
8150 2224
9595 8648
6796 8021
6040 2735
7348 3804
2244 298
6289 3184
4633 8612
7007 7288
8693 8411
3542 3654
6425 3971
1910 8498
8448 1062
1869 4252
7626 1647
5928 1393
1853 8900
9312 9266
3731 5960
7671 2104
6417 8821
5154 4999
6838 4262
7830 1214
9417 7208
2191 277
7657 8033
8219 2481
8833 288
6354 112
2093 5924
3918 5877
5092 3899
4746 838
4807 9526
1258 1368
2744 6361
4316 6206
6591 9245
762 17
170 3491
7610 2142
3065 3718
3215 9760
6763 9488
7907 2785
6068 7755
528 6284
722 4742
5260 3845
5616 9367
5983 7776
6987 8857
5552 6584
1 6623
6314 1649
965 8832
8926 5550
3126 2106
7258 4372
7200 373
2080 6402
8221 1534
6382 5948
9291 5071
730 1813
884 3714
2955 1631
1060 1309
1420 6787
2073 7998
1233 8648
9063 8437
9846 944
6235 4854
9389 7316
5426 7191
3936 6463
9228 4423
9326 8947
6636 7936
2532 6350
7151 3095
9571 199
7362 6008
6886 8772
1347 2884
1148 4165
5524 2533
9092 764
5074 6181
4925 8119
9909 1000
8809 6889
2508 4349
9794 8957
6940 3783
2109 1458
5603 2467
7704 2327
7949 5816
6640 1322
5216 4079
5893 6936
3595 7563
5761 3730
3006 7366
6452 5933
6562 6420
8927 7735
4047 9834
8948 116
7822 5737
569 6490
3546 2532
3697 117
6829 5066
3655 2898
3910 3626
7591 6130
3131 3856
4539 1516
7122 4990
7581 9950
591 2351
5856 8076
7233 2292
4339 9026
1746 8162
5488 1065
1526 8240
3453 5638
3438 4131
3178 7305
6919 938
2473 4120
6344 5682
1784 2129
7207 876
4541 1231
7429 9922
1347 8676
7095 1056
6800 9355
4239 4166
9015 8833
5825 6327
8962 3529
5467 2989
1847 8
6591 3551
6587 5
3265 5761
6180 4452
3552 8448
7611 3167
2712 518
1092 7192
6012 8490
9755 9272
2823 794
2742 5138
7221 754
2942 8569
1264 8999
3724 6373
7007 7220
3511 9700
1026 8269
9479 1364
2944 5175
5918 7152
2794 4132
4847 6137
464 8589
8833 767
9719 1727
219 2311
4448 4279
2626 1719
8456 9721
9116 2348
9710 4301
606 8986
9380 6885
513 2863
9861 9090
2848 2141
4564 8191
2535 8059
4011 2999
7702 4140
9541 7968
5172 1320
5153 9224
295 1318
3230 1623
1168 2451
3439 3334
5616 9756
8268 5457
9067 1520
2010 7293
9662 5685
93 5533
7685 6429
2332 1072
9114 9653
5258 4037
1249 7515
237 1344
2530 785
2383 4304
2446 201
9813 5410
881 741
2542 1422
3847 7169
3581 8342
7956 9236
7225 7657
4360 4451
8658 3586
8251 9723
104 1988
2729 410
2089 9905
5299 476
9474 316
7545 1465
6778 9014
7017 979
6724 47
575 8937
604 4960
4918 3073
1113 7950
8374 3820
7733 1176
5927 8135
5983 7769
950 1238
859 8994
6327 758
9923 6753
5353 2128
2722 4548
8729 8207
3796 344
4763 3240
855 7909
6527 9226
8023 3127
1870 9049
7402 8591
8657 2745
9121 2314
4891 9510
2236 4076
825 159
1315 5499
6148 3484
8748 8963
7752 3938
4169 2600
5724 9205
7477 1659
5552 3554
3146 7767
7565 5633
416 6238
8732 976
4810 7142
172 7906
62 5229
4249 1298
9067 8521
883 7235
6320 7090
3151 8261
1527 7864
8407 4496
854 8211
9404 8933
2381 1392
650 1541
1272 7202
1394 3315
8151 6258
8322 5507
5469 3255
6676 7424
2384 9146
7068 9706
962 3391
8690 3466
7573 9788
592 2037
5104 4364
998 877
2233 9432
7471 7448
5046 2504
2466 3893
3421 116
9317 2961
7275 9943
7415 1310
4978 7575
7130 4452
462 9843
4953 6740
8320 4326
4449 5092
2216 2452
9657 510
8283 6361
3001 9756
4928 4731
7907 4131
9806 6855
2230 2751
863 1306
9424 8996
4623 2077
3180 1221
7523 4714
1182 4946
5129 1615
6367 8883
7321 6389
6581 2043
5738 8379
5340 5974
6662 1565
2588 5298
7909 7641
893 4774
6976 4808
683 1874
1711 6575
1538 9355
2663 6550
4846 5164
6467 7231
1731 9344
6091 8611
8765 7349
813 4988
9148 7731
6398 9280
8449 9611
8886 6150
1012 8563
9749 6462
9433 5215
8365 8284
527 9401
3554 4078
6609 8237
951 9274
5348 1099
8801 2236
6178 2930
420 4173
1764 889
7810 2097
9047 8879
6094 8676
1911 8560
3739 1161
8622 913
5713 6996
2945 6843
6245 3506
4338 4840
204 6224
4790 7118
5312 5343
6443 7736
877 5057
9174 4305
6177 1968
2807 8463
521 2980
3463 3790
3071 9407
1293 626
127 7753
8051 7826
4987 3838
8142 5194
7362 171
9709 3947
1925 3657
8133 1244
7994 5607
2224 6430
9881 1309
6242 2202
6288 13
9506 9179
5376 9784
3568 2392
9086 2045
7823 4964
8720 1361
4215 6845
2256 6447
7623 2427
3430 8324
3245 7594
6869 3994
7352 1468
5953 5450
1264 1095
9658 2064
851 345
3439 3519
357 9913
4433 4232
4395 5907
45 7746
6821 4803
8315 7243
3560 9351
9117 3592
9831 5068
1658 6606
1625 2217
9965 6618
5607 9929
5635 762
573 7496
77 7796
1505 4924
4752 6496
1014 9093
9954 6253
1307 3672
3061 8325
2778 5067
1819 7937
6843 5347
8969 632
1797 5338
8759 1064
7678 5362
6236 8000
4858 5874
8076 7420
9301 6868
8222 4975
7992 5554
8184 841
1116 5295
8417 7373
7421 2173
1848 3907
2293 6220
481 6692
8954 279
1085 2820
3577 3787
6996 8859
239 4087
2701 7430
7000 3720
6064 5581
8116 2767
4078 6545
9315 9186
3830 2935
2481 88
7979 7894
6977 7641
6776 1830
3980 1646
128 2693
1135 764
1207 7234
2059 4074
2177 2151
8487 7862
2976 9501
674 710
4248 6342
9879 3794
9578 6313
9761 4593
8541 7277
1528 1970
2741 3044
2742 5225
7685 3884
8390 8869
9375 9762
9631 5443
9904 8632
4565 7636
3721 1504
3928 7971
7193 4814
3639 873
3300 4153
7915 1242
2164 6029
7875 5896
1764 2558
7552 8096
5278 2163
3054 8456
6221 2491
9079 9505
1577 8576
1397 7310
2688 2042
4759 7420
537 5391
7257 8539
3368 811
5820 7216
8357 1497
5347 8892
8816 384
1907 1796
8894 3094
2022 2755
1258 5993
9142 1473
7640 7305
7353 1701
148 4644
900 2623
1740 9894
2931 8872
5941 2393
9439 9900
6362 3914
987 5345
5936 683
1084 9415
8280 4975
8760 9854
1890 9177
7811 2301
3207 4570
9903 8623
9367 8205
3804 3072
86 4803
8053 8942
1569 1021
8200 8203
9715 2776
225 8202
9497 1492
4661 5648
1881 8883
8740 7258
2399 3642
1979 2443
9383 8802
9016 5408
777 8252
1121 3658
9587 7159
9272 9549
9206 965
4380 9523
6141 3998
3450 4359
4904 9997
6621 5647
2703 651
379 8242
1837 3145
6980 3530
2527 611
5028 2482
3805 5291
5622 1260
7191 2873
581 3225
9209 281
8404 5639
4405 4576
390 9481
8567 4895
9984 2468
7056 4128
7653 7176
6611 5857
9871 3220
5500 162
8826 5519
1536 2232
697 7335
3597 8364
8248 7200
5482 6895
6877 7765
7898 62
9449 48
7839 4902
6947 1156
1972 50
3040 2347
9992 6189
1354 4947
7583 8064
333 8586
7101 8117
8533 1324
6023 8500
4388 9305
5300 6053
8971 2059
3624 2739
4803 5083
5149 3762
1329 603
6022 3796
3386 4863
8409 4469
2087 862
4626 16
8762 7437
5315 7741
5690 5965
267 4446
5078 328
6674 8393
3004 1250
6714 6024
3774 4744
6459 3769
9152 7484
9739 5827
7578 9782
6517 2924
3014 289
1304 8164
3393 4088
3012 2377
7137 9050
626 9407
8529 200
7693 8641
1582 3364
8782 6847
68 1745
3075 4763
5901 1356
8722 3959
6402 8561
1434 623
2209 6761
2862 7222
8867 1902
1399 2153
6751 3121
4869 2930
5831 92
6239 60
3960 9274
6004 5967
9234 7494
7071 6330
832 3698
3717 5301
403 5279
8840 1298
9266 9600
8613 641
2907 2188
4550 2252
1636 286
9421 1404
6178 3559
5427 2039
3514 5442
4418 6428
6437 5994
5316 1752
4305 1515
7550 7833
9333 2686
5713 5459
1176 9724
6213 9847
5544 4205
4816 7018
6426 9614
4354 9918
3789 5364
4147 732
9921 6190
198 3228
30 6614
7876 5520
3489 5458
552 2074
4353 3511
4335 5724
5290 6632
6487 2668
5828 6460
2429 700
6448 8704
3459 7422
2262 4303
4655 2673
5343 9973
8906 7510
5629 1990
1049 4557
7064 8083
6311 6771
1634 8205
6018 4521
4841 7198
8545 6392
3562 9325
2382 8340
9062 9352
5581 5216
392 1625
861 4096
4912 8186
5114 5583
6862 4243
5462 893
1901 7520
738 140
4886 7464
4478 160
535 5313
7392 2013
3188 3702
3182 534
8880 8099
2697 8113
3649 782
4828 2912
6087 7799
5380 5555
982 9843
4639 1246
7148 1403
5631 4656
2418 6164
3279 3757
2614 794
795 7688
1555 552
2964 7677
84 8160
5511 24
680 4127
9299 58
3077 7572
1031 3331
6588 7518
6855 9464
7578 4271
6455 9523
2677 7120
2516 338
1007 4966
6344 3741
508 7093
1871 8256
134 747
143 2959
7112 8639
4486 4467
5803 8390
3286 7896
4973 2100
9278 2619
6330 9960
5190 5418
5180 6243
9286 4642
3582 8001
5097 5158
9094 5625
1550 718
2270 8116
7422 6138
7715 4368
8130 7471
7057 7443
7941 6261
5944 4648
4948 2541
8811 2294
8513 5565
6889 7948
288 3011
9454 512
823 2830
188 8783
1312 7037
4477 6487
12 3683
4609 3899
2964 7473
3612 8477
1981 4780
1691 14
4552 303
5471 8991
5107 7051
399 1148
6624 2472
2720 6916
5796 8808
202 4099
4501 2373
1241 2309
2026 9795
1299 3806
385 5608
6142 8887
4028 2429
7573 8394
8878 14
5611 3114
2887 5029
7193 4720
8337 1366
5642 7416
1888 9762
4077 4909
676 6771
9742 8677
3329 4048
5977 6736
9764 9306
9900 7058
8211 7246
8113 7190
6329 2166
3046 3052
9546 6198
2633 5934
4628 2458
1280 6237
5529 4533
4934 1165
7240 7134
3875 3006
6254 601
7751 4066
7560 3690
7507 2214
9050 1161
9244 7713
355 6539
2216 4158
1338 5832
4605 6130
2190 6370
2060 2719
3790 601
1984 8373
2624 3503
315 9644
4521 5077
1638 2774
5697 8358
1773 7319
1388 1610
1556 1656
3573 6003
1973 707
9107 8452
3695 657
9512 996
2468 6170
8984 6793
9140 3485
7949 7592
3608 8010
2469 9593
4004 1094
7016 1690
9795 1316
4831 6462
1419 720
1516 8786
7104 2732
8594 3999
7621 5811
7069 5395
9 5937
9259 7155
3338 3930
2762 5958
2950 6982
1258 4603
5735 3200
9533 6020
4162 2520
8271 2456
4197 4495
7240 4324
1215 175
9317 2249
5044 5534
6121 6887
7456 6033
4020 7846
1088 8316
5835 4792
2555 3449
164 1006
9165 997
9138 5640
7429 6473
1609 5995
8398 4195
2725 6882
1633 6436
5611 9326
8709 674
8740 3379
6044 801
2417 2896
8911 9635
7682 6261
1864 3369
3926 692
1009 1836
6025 5036
2240 995
434 3620
8611 2968
9562 2668
1319 6874
7131 5105
6002 1009
9786 9747
3283 5916
6255 9609
7425 5899
7800 8115
9951 7320
2525 721
1190 5940
3507 5227
2487 7493
4503 5875
1957 2521
287 1266
6147 9898
8718 3271
6225 8967
4802 8368
8038 6432
510 5800
120 1750
3039 946
6676 5353
4318 2740
4588 905
9036 5623
6974 5320
8434 9391
6349 666
611 5001
1880 4397
6410 5643
5597 4474
5149 533
1902 5653
5262 5721
1548 3806
6155 8113
4415 9201
686 9441
7453 7605
1706 1973
3882 6418
7428 5102
1108 8253
9889 1637
726 7172
4097 8495
6074 2052
9503 617
6969 2906
2759 3528
7244 2928
3702 7073
6601 2452
4055 7548
2187 4177
