144 146 637249819795539231 122 2
9 21
109 38
63 95
118 108
111 65
32 143
27 99
69 34
62 42
46 65
117 79
143 45
58 47
43 56
52 57
92 25
132 89
98 134
12 55
75 113
101 142
84 39
1 127
59 71
129 118
106 40
81 77
137 127
78 88
3 99
58 40
14 37
112 16
48 122
57 143
55 83
29 141
127 103
38 27
15 123
53 31
5 7
2 87
49 105
40 53
127 13
50 36
91 128
100 131
123 90
13 44
10 14
17 112
60 45
77 138
29 80
39 13
119 71
37 34
15 134
82 43
101 27
11 54
2 1
143 112
27 31
112 139
26 62
122 121
4 48
53 137
114 104
114 130
106 110
62 34
39 123
17 93
141 65
124 139
9 84
31 30
115 38
1 6
10 74
74 81
74 18
100 7
22 102
122 108
12 143
100 35
54 41
120 89
1 24
112 79
118 73
31 126
70 132
45 136
57 119
118 64
135 38
119 97
137 100
137 10
135 105
119 8
67 51
110 61
48 72
97 125
73 140
96 137
95 78
19 128
123 94
55 118
137 143
112 85
28 120
65 112
107 100
141 11
113 127
23 121
56 40
84 130
130 86
56 102
38 68
12 66
3 97
33 30
85 51
48 116
85 48
92 51
128 12
100 120
133 31
0 143
134 139
76 20
12 20
88 128
84 50
