10000 9999 270414895333735489 6379 4
3814 6075
6379 8040
9513 4840
6161 6572
4546 3374
5788 4102
3269 9472
3887 8970
6772 1475
7116 8721
3864 393
8624 336
286 7089
2347 1902
4359 1102
810 1108
9873 2384
8967 8205
1289 1298
24 713
7193 5917
8975 2529
6050 5262
2817 6379
2894 6876
9414 162
1620 8811
7980 3034
4962 2875
8375 2022
5885 2861
5221 932
8331 5989
2076 3393
7585 379
3911 5432
6233 8549
1063 5413
5447 2259
6295 3071
1639 4356
2503 6000
3029 1661
4259 7037
5170 9028
6077 1449
7844 3157
508 7247
8654 8382
7087 176
4648 49
9957 5679
4968 1719
5755 9502
2804 6679
9408 370
9592 2166
5339 8158
9426 2817
7220 4344
6694 2048
7794 4636
7491 1334
5630 8736
2838 4232
2178 6686
7789 5402
7579 2346
1728 5260
3005 793
683 8026
5701 4330
3268 8992
6376 3371
2887 5066
4484 6414
423 5018
5064 4725
3342 7797
3747 6379
3251 4934
3262 6787
8791 868
4375 9164
3036 1059
7267 7433
6642 3394
6255 1061
3149 8771
7277 2738
7184 5116
7488 3903
6379 2818
8895 1678
6594 6379
8999 8796
6820 3995
2255 548
1840 8195
3800 9858
2801 7323
9753 1011
7616 7404
7705 9421
4819 8526
7670 8150
4478 912
6858 3156
5002 2463
6541 2963
4168 5941
2996 9334
2066 5041
1343 7268
5154 8913
7648 615
3372 9143
8621 6196
2397 6783
100 3577
8809 2525
7523 6256
1384 1993
3652 1978
4172 3868
9442 8735
4248 4844
9150 247
9663 5554
3192 3641
6772 8700
1840 4080
7962 4732
345 182
611 8957
5658 6906
4345 7878
101 5379
1768 8328
8018 548
469 3154
9858 8417
7373 3887
8231 8616
8750 2810
1298 5510
9618 2582
1487 6710
6575 9437
5487 3245
6264 5944
2906 4532
5040 5405
8018 9950
2782 8980
3823 5450
1306 3530
5016 7312
8588 6795
8247 4449
3723 4223
3827 3548
1245 6018
8257 2491
7536 5846
7949 4790
4287 1064
5858 9198
1266 1156
4028 5327
4401 579
5950 2071
1477 6013
9805 7385
658 7302
8861 398
3563 4328
4757 8717
2754 9069
3207 8247
9752 2759
7187 8223
7463 6360
5605 5162
5188 7797
993 9324
9797 7612
3920 5683
8647 3051
3468 9362
3858 2012
1627 9863
2279 3589
4608 955
2653 4746
25 784
9653 3813
155 2245
5863 1814
5693 5289
1236 4324
290 7584
6774 5995
6354 515
2104 6021
3402 7087
2522 1881
4224 5620
4973 2525
7836 3711
9879 8253
40 563
821 1019
5846 3096
6703 4333
383 9399
1539 5403
4305 8053
3660 4712
1084 8759
7230 6234
158 8764
3171 9813
4575 4584
7129 8391
2943 283
3349 9352
2069 8262
5596 839
2136 9678
8186 6697
5600 7607
9635 4442
9853 4704
8538 2617
3333 5074
8566 6823
7687 5591
8475 1459
2031 2186
627 3674
2955 5394
8038 8706
6895 8255
4442 6756
7620 4712
3707 6713
6408 8020
4065 9341
3455 7124
5874 7905
2101 8655
3468 5488
3353 1763
1154 896
1668 2127
976 7874
4419 8761
846 2247
8829 4666
3729 6191
5815 610
6725 3407
4997 5580
2194 2111
4934 8804
3658 9355
8 3745
2495 8245
5325 2710
7739 8391
1318 1313
8908 196
185 4235
2556 7145
2826 6662
860 2029
4658 9269
6991 3693
1749 4886
2328 6313
8545 4869
86 1849
1909 821
9713 8638
2170 4466
712 7608
8213 7140
9665 1567
7119 5578
1296 4749
1792 3090
1938 8327
8982 8115
6945 9250
7372 3384
6730 1737
7378 4412
3279 1288
1915 5872
7684 759
239 1288
4431 441
8645 6508
6972 2719
1480 1288
7075 159
7123 2170
6673 8579
4447 3482
9173 7935
9780 5676
4602 3228
6290 9055
7943 7543
1908 528
2560 5712
6180 9221
1823 2032
3720 9821
3513 3527
3638 4891
8978 8889
4475 391
1262 967
7891 1531
3811 778
1549 6994
2712 4527
5387 4820
6368 9675
4775 6924
1804 1343
4873 679
2833 9061
8486 3178
4076 9772
9933 6919
6506 9430
5161 2754
7605 8105
9049 7300
6434 7309
4732 8191
8742 5932
5179 3436
8198 288
2941 9974
8380 3053
6104 5926
4584 9791
5770 5324
6894 6379
622 4033
7637 3399
1536 6103
7924 5331
6388 6119
2545 2091
8819 8571
7666 201
4497 4091
2488 7798
825 6913
8045 7601
4032 1159
5911 6082
5080 8874
4712 3279
476 872
5601 1792
3667 4456
6654 4697
1364 577
3187 9067
6415 8765
815 9457
5624 1932
2031 1211
3984 4211
4173 4808
951 4579
8977 1329
2919 8071
7487 9087
4929 6320
8781 7569
9496 1097
2529 2727
4956 5883
6264 2481
7963 4105
1465 2278
6379 3359
9822 3240
126 3491
1571 7346
6478 9366
433 4798
8539 6553
7694 8625
30 8696
1474 9140
6110 2168
6618 5452
1404 3554
2540 7493
4327 1493
4056 7929
1900 4204
6218 1864
8670 9444
1271 484
3164 9654
6051 2004
6503 1870
5339 4632
7017 2630
3618 8483
5068 494
8161 2328
3163 5249
9853 1300
5998 4815
6305 9931
7972 1230
1579 4726
5854 1676
5260 3424
4174 3209
1970 6611
3982 2081
2027 5956
5015 2981
8657 8776
1757 193
5294 6853
2904 6957
2600 7918
741 4727
9833 7700
5377 8543
7327 1163
8666 9197
3923 314
1182 8352
229 5987
7462 7627
181 3423
1230 1133
8578 5011
5109 8768
9050 5641
7958 7198
9704 8999
121 205
3818 174
3253 9829
3559 3105
2401 6302
5484 7076
5285 4069
6577 9630
7743 1405
6665 468
5978 3272
3799 4716
7779 1427
3303 8646
1057 6955
53 452
2670 9546
293 5118
4741 3940
9981 2303
2124 642
2622 5809
6379 5899
6716 1770
2218 7216
6379 667
3475 9727
7433 1542
9229 7180
9985 324
1628 9918
3293 1591
4755 5468
568 6753
2028 1170
3424 9553
6379 411
3271 3564
628 167
7120 2415
6015 9731
6559 5771
9288 2781
1373 690
9895 6213
6843 5819
1150 9462
4579 4989
9456 3215
3570 610
9108 6355
1186 3900
2353 3657
581 7160
384 8561
272 3348
308 7432
8367 4869
8627 7911
6461 1177
6396 2668
829 5762
3385 4209
4474 6997
3552 4129
7232 5878
3902 4797
5868 266
1715 35
4297 2723
2334 1246
4418 6938
4380 8872
8458 4726
5333 7272
5447 220
2392 8553
4879 3209
4733 4971
9215 5267
5544 4224
44 5186
2398 5694
1829 7538
1893 1526
721 4497
9369 9646
2789 342
7338 1670
6052 2821
339 780
8698 6379
6102 3495
3820 8842
7762 3065
3377 4916
5596 5486
5137 1219
4129 5201
4444 8103
4053 3070
2291 9233
8630 4611
8082 7309
4633 7951
5405 8784
6374 9196
884 1067
7772 2901
5196 8685
80 6421
3160 3917
338 8886
5717 5685
2677 7976
5603 6454
5436 9642
3701 8047
9679 5449
9960 8355
1678 4540
2088 9728
5714 9500
8198 8267
7312 7463
4116 3875
6500 2156
9602 6952
4367 6919
8505 8047
1335 1409
9448 2603
1005 9642
6456 2587
5104 9448
9525 7913
3826 3092
4908 5828
7986 318
2316 174
9253 3014
9559 10
5726 6176
3203 4405
1711 5317
787 2741
4583 2977
7607 2008
8634 3458
7262 5680
2959 9830
8658 9823
4794 9451
3792 8562
2953 424
9746 3740
4183 8418
8582 7773
3446 1107
2548 2894
2706 1202
4682 9394
5931 5865
7876 1423
4379 2614
4390 2596
7947 106
6188 1897
2754 9622
8938 7006
6839 887
1114 8248
326 8211
2901 8345
3231 6270
5302 7743
5359 6916
5907 1812
3373 3677
4507 647
6561 1478
7610 6034
9424 1796
3792 2736
3184 4915
8912 4862
6418 4983
8155 4153
764 3314
7106 6319
4443 4198
4432 5817
372 3177
218 4158
9655 1319
3841 5516
6006 5265
6093 8394
4675 3225
3704 2726
8545 628
2724 8034
2467 834
6466 3099
6665 3144
1651 436
1883 6997
2066 8212
8798 8630
2040 6462
2959 5859
8525 3008
8081 506
2743 269
5910 9933
4647 7849
9779 8259
6672 8790
2210 6684
5194 3967
9903 5164
790 9221
246 350
1712 4261
6943 2142
8691 5695
5757 1274
7302 4437
6236 5601
9734 3209
6056 9305
8245 5070
5896 959
1334 6636
2572 1711
7909 313
1181 9869
4334 4486
5030 8727
1235 1524
5308 4103
4840 6640
9892 3572
6927 1517
7482 9386
8263 9602
797 3101
5247 4129
4695 3810
2537 7721
9695 1792
8046 1731
8842 7853
8650 933
6854 1075
3399 8269
5201 9530
805 7396
9629 584
2249 6533
7817 9859
8613 4673
4393 9378
4284 1186
834 984
2250 8003
7432 7673
6966 4738
1783 3147
3658 6903
7641 1319
2989 3582
7754 1380
1304 975
8658 2614
6566 18
696 4587
2879 7269
8189 6911
7630 6510
5857 6910
3508 4037
7570 7307
7458 5967
3924 7063
48 4617
3549 2048
6915 7188
4393 4662
7740 6924
7070 6215
9503 5455
7785 5298
6665 4499
2612 6614
8025 6583
1422 2322
1803 9875
7669 6939
4298 1276
5262 2239
2489 3575
2633 8281
5086 8858
1736 1786
1451 6257
4107 3647
2487 9672
1452 7463
8899 2760
5780 6365
5962 4462
2500 4086
6386 1200
8614 186
9107 5223
8311 405
8851 7033
6807 7191
1610 5644
7148 6379
1214 3901
274 5940
1766 1343
2687 6468
7908 5683
5943 576
4921 2923
9376 6379
9080 2539
4848 1225
2142 5258
4208 3646
529 959
2463 929
2405 3095
3002 8270
818 7189
1923 7138
9792 7463
3790 1251
6206 1369
7946 8728
9487 4240
7515 2163
7603 1016
5948 7925
8385 541
4330 7186
5991 922
3018 2193
8995 2083
561 1819
6551 7420
5232 2549
8878 12
2905 2082
6921 5555
6985 9413
4430 9342
9816 5769
9406 6372
9287 6747
1213 5235
9184 5591
3286 7684
1173 4358
826 1335
5648 1776
270 1492
8331 4494
9729 5896
1250 4042
8624 9851
9014 6437
1475 1778
254 8390
6064 2514
5608 1358
9216 9535
8359 3288
7966 5795
3895 5399
6205 7540
3528 2215
4067 8822
7597 5225
2378 3674
2698 5840
3492 6102
9497 7524
2119 1150
7647 4045
9241 2175
48 1
695 4321
5045 3341
703 2426
149 782
4130 8234
7697 5418
4671 3592
7389 8290
1836 4332
2830 6339
3960 7215
9769 8654
1628 4131
9603 9228
5222 1912
9394 93
5895 7421
9216 5739
6333 1968
7543 5683
3333 8124
5168 2934
6535 221
8798 6416
3930 6939
5662 5571
98 3981
8929 8676
8842 6342
2022 6197
6379 9267
9304 4077
7778 6916
2664 3034
1615 4557
7360 9446
8531 4139
3348 356
9465 8365
146 6548
6270 8199
6643 5990
5617 4442
4906 9583
4410 5776
65 8469
7018 8213
6529 7273
3065 6588
5708 7769
1079 1044
7286 753
843 6639
3632 8275
3279 5278
4059 8277
145 6474
7020 6330
8485 6520
4998 6448
9657 3594
2560 3354
914 6333
7360 669
6937 2225
2550 7347
1890 2647
9307 4598
6379 2787
6379 3220
7697 9066
2789 8364
8617 8143
5264 1885
7563 8429
4862 1570
3226 8390
1419 5695
2999 1733
1777 5070
336 3836
9408 1617
2416 4950
6379 267
7389 7332
6587 1761
7527 8630
1794 889
1518 2299
8983 7969
4118 788
6379 4274
2079 6512
4151 9121
3872 5265
4171 3250
5466 4769
5935 4901
769 2076
9772 6183
5691 2639
7692 227
5491 7613
4182 5547
2363 2586
4446 9960
8604 6379
7524 7884
8802 5237
6783 8654
2864 2995
241 498
3770 7365
5601 9806
4698 4015
4187 6195
7307 4745
4726 3744
8293 8587
3232 1971
8687 6997
9283 6773
5590 195
7088 4571
6333 526
2593 7267
3152 3563
5967 5300
7953 3601
5512 72
6609 5857
204 3010
5082 2521
2284 5124
8071 6348
8446 8976
2637 5642
9053 4355
8856 3558
6901 7366
8205 5490
6985 3613
5359 2954
3392 412
954 2346
7506 3039
2720 2978
7291 4749
3883 9674
5291 7685
8815 263
7039 1905
2503 5698
3976 8135
9361 9852
3087 1718
7174 1000
8520 5683
9548 8225
6376 6782
1890 1971
9621 7922
1407 3221
2619 7530
5988 432
6864 1030
6949 6640
8713 9819
8418 5052
7619 4327
7787 1519
3417 8932
2236 9385
1482 6497
4428 2188
5015 864
5204 7835
7381 2759
1674 9810
4455 3829
5014 1720
2766 9513
9429 6026
8740 1228
2099 4594
6742 2213
6213 5574
1844 4274
4212 1716
9570 2059
2790 3628
2219 6742
2745 6538
6490 4504
8956 4209
2371 9053
5367 2785
7796 44
7763 4165
5456 982
8775 3973
9410 5356
6598 2046
8513 2654
5047 5065
837 4964
1278 2916
1857 5009
3552 1101
7581 2602
4351 1785
3481 2005
9992 1771
8657 6764
3404 4990
5122 7320
8309 5482
9152 258
2908 272
7934 1090
5590 6230
5850 3011
7174 38
26 2611
4004 4688
7832 8555
1240 4649
6434 9733
5614 1730
7099 1009
3860 3129
5894 8076
7021 9825
6379 9565
1517 827
7852 7354
7540 3380
7532 2461
3460 2038
2931 1036
8288 9881
8753 5445
3422 1464
2311 1719
8269 3783
1011 8434
3159 3893
5631 5027
1338 132
9348 7595
1883 4000
2717 9167
4606 4484
5937 3720
706 7360
6414 4614
7628 6375
9017 3407
9331 231
5146 5427
8363 802
1961 6685
345 8184
9059 2080
1368 3107
5950 9157
559 4193
9290 132
5481 2308
1326 3164
3176 7378
6856 3282
3707 5377
4851 5883
3064 2079
7195 8640
5521 7184
1217 4206
7829 5636
2806 7792
9185 645
961 8257
5893 3679
7769 3068
6365 6696
5415 9855
7754 8266
3894 2238
6799 5408
4092 8233
3769 7069
8914 8681
1686 5620
3560 671
9634 6580
2076 463
8725 3329
9167 8296
7002 7063
3695 6830
6937 5224
1431 1216
2188 556
2780 5089
3290 5868
9973 9427
4192 5556
6269 3100
6870 4216
7931 2816
694 925
1992 1436
563 1858
1185 7840
3745 6239
6347 2832
9879 5165
8862 7629
624 2181
8418 499
5230 8332
163 8115
1329 426
4377 994
3717 1481
6808 8033
5512 6476
4553 5978
3175 7324
7088 4794
7087 174
1370 8627
7527 6050
1654 3326
4755 9226
2097 380
2667 8350
3085 2748
4796 9726
8717 9719
5004 9763
2012 7185
4932 7256
6551 5148
983 8837
434 5245
2850 5702
7349 6330
7007 2234
1190 2344
519 9130
2219 8236
680 9859
3883 9209
194 4468
9270 2353
5191 4131
997 6281
2146 420
8637 7975
7553 6596
2780 265
5401 1659
1098 9997
9021 779
9916 1081
1143 4315
3483 5425
5560 2645
3344 9781
5438 6911
6601 9845
8226 9548
8897 5359
7693 1817
5132 5476
2419 8056
4106 5379
6651 3992
3395 4972
9689 1471
8974 8828
538 3957
686 1188
4641 7134
112 5853
7811 3552
4477 8991
1954 238
8690 7290
4941 1021
1768 7048
8046 1959
9830 8346
9442 8508
1586 2202
9812 4058
3305 5562
9223 2080
2735 3087
2539 7985
2212 9165
8485 1484
780 6961
6803 3071
1146 4119
7008 5198
1149 8492
9957 9842
6110 9138
9278 3315
2194 5482
589 6339
4330 8489
3789 4935
6720 9074
5075 3914
2015 1354
9469 5239
5612 7838
5240 6890
2674 8373
6994 4442
4200 9035
4442 959
2545 9408
6449 765
780 7864
383 5633
3871 2562
7174 3522
3456 7336
2247 1738
3534 1646
668 7834
9913 4988
2185 7844
8917 8671
9148 2945
3521 1494
1041 1508
8316 3150
2498 5575
4864 8104
8118 375
2794 636
549 459
5279 4665
6454 2118
534 5485
6653 1749
2568 5515
8944 2371
483 4388
5200 813
4120 6287
8736 2762
9408 2846
1754 2599
2840 6727
5849 8479
5164 5417
9197 9462
3871 3629
1969 5997
8507 8163
4794 3342
5484 7578
4460 6362
1963 8500
9086 1548
2590 7344
4605 5249
6706 8740
2152 2886
8360 7257
9243 5880
6813 6341
2152 4956
5160 7754
1872 467
2916 3019
3615 749
6313 7622
6283 5640
462 2462
4328 2422
425 1042
1695 8272
1802 205
3868 9425
803 9640
8347 7175
4360 3419
8717 4771
8323 6528
5960 1355
6976 2658
7717 758
4792 2051
406 692
89 260
9471 6983
4054 1750
9252 6379
6292 8091
2570 2466
3105 1130
9822 945
6115 8329
4070 6101
1938 6865
1830 860
1162 7546
4026 7649
1671 743
4131 2414
3306 1501
2875 6459
9868 2123
2471 6708
8725 215
3932 1041
61 3257
5119 3340
9547 1713
5628 575
5072 2185
3043 543
104 8031
318 649
4404 8012
5983 570
1884 3524
2489 1472
5223 6268
3447 7556
8832 8382
7168 8142
5142 1922
5022 6853
2188 1388
8776 8623
2332 2811
438 9351
7809 8665
964 8571
4866 3446
5921 6314
7917 8357
3154 375
667 4612
4442 8281
9365 7626
7051 9520
8527 3108
438 8345
4295 9183
7143 1498
5087 7558
886 7744
5930 6661
7312 4947
9359 6121
4538 1148
908 2039
6674 5542
6691 3505
5858 9295
4942 2009
2233 3482
5112 9562
6636 4307
2148 4710
8506 4639
9065 111
325 9270
5203 8117
1725 9622
2666 5270
4640 8149
2875 9085
8171 753
6048 2322
2901 6812
6393 9454
5258 6503
6379 4589
2330 3434
774 7938
8037 262
3463 2391
9138 8720
3799 6531
8562 7685
2157 6379
1145 5870
6379 6507
6773 1908
1436 244
1188 3029
9822 6260
6453 8713
4089 2507
8741 5498
2230 4051
6402 340
2347 6124
9288 4077
1395 3673
4592 6735
9547 6991
9310 5317
4600 6845
5515 386
1818 4761
595 8345
1922 3630
1037 7013
3493 8335
5819 2180
1476 7019
9196 8075
5359 2973
4901 5033
3622 5105
6686 959
3628 608
2174 9607
6278 3234
4710 4487
8044 8213
3472 7121
2569 1239
3422 4249
1216 6006
5748 4199
8128 8577
9408 7204
8867 3566
5490 9747
6215 6294
385 3980
6436 9489
5370 3428
2254 9625
6616 2000
9134 4940
2608 7547
2889 1918
797 6600
2381 9104
8193 9585
5974 5319
3292 1528
9462 7527
9251 6379
1563 5791
370 7322
8407 4178
7826 4936
1931 4661
6258 3921
9884 7243
1147 7875
5236 721
7885 6610
7305 6350
1951 4517
2655 8435
4008 3995
3807 8495
8696 458
9780 2606
4615 8886
9160 6647
1289 4850
8733 158
986 2866
7395 604
6251 6515
6028 792
8283 3996
6259 9620
6379 6547
7800 1333
4430 1034
6878 3061
14 1787
5463 5008
7298 6890
5616 378
5038 1898
3120 4189
361 6131
831 3461
2556 2789
4771 3337
123 9641
2515 7221
9697 3605
914 6242
9958 92
3006 5924
4336 5625
7283 771
6478 8935
5474 3832
5221 6121
5249 7141
801 5998
4955 926
2537 5170
3005 1936
9524 9296
7421 4544
2927 4706
176 8795
6840 7337
5089 199
6087 6098
7407 7704
8933 7634
3482 9688
2188 937
3748 6024
8883 2141
430 461
715 4985
9898 9404
6695 7913
8897 8094
394 8448
1542 6844
3505 7210
3219 8058
921 9418
2582 1622
5538 7552
2978 8633
3901 3999
9242 5446
8074 1644
9446 4797
190 4247
5465 4045
9612 9343
3162 1516
6513 2675
439 8072
8380 4771
1359 3888
3610 3940
1941 4122
1746 9111
1225 4981
9256 7211
1827 921
5115 4656
8765 2310
5218 1860
2428 1609
8353 8164
4617 5970
8216 5405
8306 8345
3279 9712
6571 4767
2925 2447
5997 2361
7689 2601
5595 7917
1762 2246
8612 5513
3678 179
8054 6653
4070 8998
9430 3963
5217 7874
1287 4103
8818 1943
7889 8745
8726 2763
7802 7930
5096 8125
5727 2432
8452 9563
5117 3143
9946 4004
7640 6830
6702 7322
9692 8496
7860 47
7654 8912
7264 2391
2633 307
1229 8624
8510 6022
926 9607
3097 982
9504 9471
4749 1882
4353 925
2789 136
7805 8877
2041 6379
4179 7224
5764 5091
8382 8481
1422 7879
5644 3626
6965 6379
5046 5483
8057 4742
4803 4324
6657 2055
8969 4125
4864 8641
544 6138
3905 2330
1958 4507
3725 3161
9909 9627
2212 7418
3227 1158
7250 8713
7769 3979
6242 2449
786 4357
1875 6458
7512 3007
1392 1506
5492 4572
524 4392
7908 434
8582 2202
1932 9966
3539 3837
9151 8480
2079 9723
8222 7787
3181 3949
3695 5961
1019 167
6233 1440
447 5383
5180 7526
9854 6929
4869 4582
8073 7531
9012 6383
3892 8966
7661 984
5034 7430
3373 2893
9830 7470
7163 8208
6528 8281
8480 3378
380 7511
3914 1964
1070 3367
9089 87
3926 3734
5060 8997
4546 3217
9182 4861
4462 7288
9368 9276
5778 3585
368 1367
290 2724
3206 5254
5801 3146
5082 3385
5529 619
5286 7583
7216 4591
7147 6379
2707 2944
4892 9673
1512 7943
7514 4797
6064 75
9069 2158
1897 8418
5008 8760
8425 8611
174 1406
210 4044
1307 8807
982 7936
3040 8213
1427 1877
9147 3222
6574 5700
4898 9501
9166 4583
4485 368
7101 9675
7480 2000
5934 22
6291 8496
4758 2460
6065 439
756 9612
1040 1280
2701 9331
4548 7908
8590 1347
4878 8442
4933 5427
6125 1269
6162 4954
3738 4492
9218 4476
5683 5070
1537 3192
8307 9728
762 504
8374 8732
4278 811
3698 731
7209 5595
3871 5546
7083 4894
5540 4124
9724 5032
7557 2077
9430 1369
5501 3248
300 2581
3314 4862
8402 8101
1825 7857
8538 6832
2410 8870
6886 8638
6347 1645
2890 9173
5077 7136
1826 6837
8720 9738
4303 3754
7324 1743
4545 2051
4086 7668
9711 501
7689 4264
1597 6569
7909 3044
9253 233
6180 3839
6123 723
3426 4422
6655 8471
9092 9580
5030 2873
3379 1286
2875 4831
9836 9539
6908 5661
2892 8243
4183 8294
4197 7071
4189 542
8215 8595
8221 4666
2327 9548
8029 3900
4585 9438
142 3392
955 8134
1565 6798
3388 7238
6249 6940
1916 4253
2015 3111
9486 4681
2066 1614
4829 1295
9468 9931
6241 5319
973 4210
5864 7117
8879 2260
1070 2883
5755 9275
5548 5021
6116 3301
5130 2499
6802 3901
2778 5630
7148 2546
5169 6379
2886 1387
303 3006
2392 9914
1189 7660
4385 6138
1278 1630
2382 1273
4195 5864
7557 8678
3707 2554
6512 4211
770 5669
6459 3682
1690 5580
1938 7358
7930 461
4500 2595
9356 5004
5199 1691
9138 5988
7490 6117
9643 9234
7727 3411
555 1379
357 7204
7410 4204
3904 7340
9548 4984
9202 5641
9388 9320
5698 2988
6039 349
1955 7821
6833 9666
7160 6017
6106 8848
8305 839
7436 4971
8375 8430
3648 6160
9378 1025
8755 5468
2022 3297
2436 8305
1500 1867
9522 7051
9931 2665
3086 6744
8293 1440
4154 5723
8946 9306
7849 7613
6280 4254
6379 8126
2431 57
133 1031
5321 7180
1769 9595
7723 5810
3321 2605
6025 6132
8334 4963
1239 3938
9033 1180
6195 6379
9055 9604
9407 7311
5370 9716
4335 6232
8269 7948
6982 2450
8626 1662
4465 537
9777 2774
8851 5519
3486 9712
6138 1284
9222 2434
1763 6196
2937 4232
1134 3981
2758 9287
2888 225
2469 7415
213 4929
2084 852
9667 5085
609 3519
6163 6638
6966 6675
6863 6125
3935 4930
3037 4292
4760 2962
7580 4533
7699 3649
7884 539
545 236
7908 2841
3200 9407
6011 2648
7707 1243
6739 894
5963 9822
7038 4018
9947 4918
1799 1596
328 6322
5954 2626
9001 6817
7247 3972
2383 8892
5638 1385
5164 8096
7129 5681
3156 5380
2843 5942
4594 2299
2136 7492
5898 8520
9623 3954
5776 8572
1260 2894
1663 5218
6956 7013
8574 4518
8698 5793
1216 7759
1994 4646
5597 5204
1561 5142
8230 8855
6509 4531
5967 8929
134 7398
2282 510
2450 8801
6021 2924
3312 3990
5712 8089
5019 2882
6367 5620
4696 129
8494 2997
3025 6788
3969 3227
1234 6379
9112 7328
7609 926
8540 755
5824 2528
2841 6088
1433 5735
6726 6898
8827 6379
7220 3136
2370 529
283 8349
1314 8590
4239 1653
6140 2564
3651 4707
965 3783
1712 4245
8307 1315
1220 803
8292 9599
241 7755
3440 3243
6919 2801
6987 7795
8440 5948
4712 119
6379 3966
1839 6994
431 8787
7539 5745
1191 6581
9418 7321
2157 2729
6074 1885
7730 7831
8562 7721
5866 732
4294 8149
4502 4587
8710 5891
3295 947
4110 6588
6475 4229
2836 3553
1029 1709
4409 2386
3005 511
1193 2820
4213 7896
1366 7719
1997 6896
9905 2858
8016 2437
6454 4917
1125 403
7756 2126
5014 999
3877 7392
3727 5336
178 6360
3024 3496
5173 7776
6089 1467
9377 8545
9156 8265
2730 3352
1440 2859
4712 1732
7225 2632
6839 4619
4423 7607
4755 290
991 350
8692 8177
3042 7086
8397 2820
7791 3773
1030 8858
9232 7828
5018 5821
7156 9619
9696 5179
2060 7896
5169 8632
1024 4952
5386 4615
2581 253
4434 7436
6735 6963
9462 4811
8814 2772
5524 7276
570 1327
3232 2402
1266 8941
9975 2218
7482 7324
4224 5993
9760 8472
283 8739
3219 9438
3205 345
1351 4528
2739 8120
9687 6366
7782 6154
8897 5423
11 4705
3725 8434
1203 6004
524 2789
5171 6379
2657 330
6959 4029
4396 234
4686 2142
9766 4601
7799 4486
9138 2829
91 7846
6677 9977
4121 9481
2091 7740
5384 6249
4184 160
3800 2644
4256 6162
2798 6086
9599 2548
5773 786
6821 4458
1777 2474
434 4411
8407 167
1903 8830
7543 9406
5635 5066
3129 4033
5810 296
8455 7718
3337 5459
6379 2350
9285 4185
7465 7318
1341 7862
8104 3285
2987 8635
6758 4028
6379 1212
2396 1221
744 1655
4941 2203
7694 2687
5830 6379
333 6177
1873 1513
8724 8289
4036 5553
8676 7856
3339 72
195 9472
5259 3085
3958 8413
6303 1205
2493 4625
6582 569
6047 2910
9780 4602
8436 1491
9464 1969
1935 7916
8048 8249
1546 7194
783 3097
578 8675
881 5807
7185 3085
4177 6031
9199 3712
4047 8148
8461 7575
9845 1972
2177 9564
480 1900
5715 5678
2442 3231
3190 2548
5525 8485
545 817
2654 975
8694 6644
4940 7751
1308 6162
1976 7525
2596 904
6482 2055
6731 1362
8466 9828
2369 747
9919 9039
1578 4196
6699 2313
1641 5247
4521 8174
7945 8813
8981 1938
9950 9796
1770 8474
3189 4513
563 9020
3560 5953
6034 928
3307 1748
2106 2438
2015 9950
6050 5058
3407 1869
6468 7431
2267 6226
9640 8317
5843 1405
317 8091
1965 326
3709 4598
6513 4684
3401 560
620 8318
9223 3543
9018 5231
6634 7261
1475 6484
2375 6385
9622 4917
6379 4210
210 4025
4168 2294
2133 5163
1002 5774
1364 9844
2376 6908
6572 2207
9521 8562
3097 7219
1731 6904
6934 1526
1381 8442
8449 991
9956 2916
6379 4536
9433 6379
5635 1727
5605 4820
1711 6229
5947 5175
9438 9991
9585 997
8847 418
4420 8495
2688 3751
6264 7596
5662 4593
5628 746
1501 6379
2623 2220
3781 4146
5981 248
7987 796
2854 3951
9211 8642
5669 3912
7751 1073
846 3480
639 8287
9019 1879
1868 8603
4701 7483
7863 6798
5275 6214
4291 7923
8722 2719
8858 5866
5500 6722
5533 2226
6008 5506
104 3955
5378 8885
8817 107
8147 6501
4774 4476
2376 2500
7339 3573
9204 2862
1410 9343
8363 5070
1833 2135
1221 959
8447 5330
6198 8592
6374 1505
1889 4686
1580 3339
2829 7525
1696 8402
6129 4729
4769 9990
6358 7628
7929 8301
4751 3537
8944 2545
2843 2955
4263 5305
368 9042
1277 3862
2198 7965
9339 4038
23 847
9535 8136
3047 220
7389 4982
4541 1097
1662 4638
5051 3157
3758 1694
5455 5135
8585 2877
1159 8007
4301 1375
4916 949
7727 3939
541 8220
3104 7263
4529 6
8961 9994
4175 7373
4233 6630
466 2362
5856 4188
9058 188
5567 7650
1478 3362
4440 1828
4624 2243
5559 5787
5749 8777
3279 1396
5207 5349
2114 2331
7992 2747
9815 748
2681 7176
4641 5100
3435 2115
6034 9659
443 1965
9595 6554
8746 3934
3265 4986
3094 6916
7810 7380
3039 1295
2303 2364
7978 6429
7207 6034
6973 2796
582 2303
303 1710
4337 4052
5599 3203
989 6379
2707 5531
8363 421
6277 5110
5578 7793
2823 6328
2678 1068
4279 5182
151 7736
4090 6714
7786 654
1324 7586
9452 3246
1681 9714
628 9778
8993 3093
4149 4075
7955 2854
2085 3551
6525 4071
4957 459
4594 2676
8874 8135
5301 7029
6970 9523
2042 5865
347 8315
2478 9248
3568 1940
9802 4464
2434 4336
2444 2973
4706 3134
4570 210
6375 6688
904 598
1545 6907
2683 6710
9962 3971
4825 1723
8246 9338
654 5731
1043 5651
8559 5903
4179 6332
9388 1313
2094 7802
523 616
426 5047
400 4080
6950 4891
4996 4021
5323 1727
5444 2225
3298 2383
6024 373
8147 1931
6639 8594
4690 5725
3329 3419
8740 5228
8298 8548
9667 8254
2580 6929
954 7968
2623 6793
1677 9323
3592 2792
2625 9973
6851 6054
6379 7657
3304 1587
7451 8081
3368 9811
745 4543
6885 2588
2445 1655
1521 8245
2707 4721
211 8899
925 3733
3520 5111
9072 1115
5930 4265
4819 345
8767 2974
3819 8443
724 6528
6037 6099
7476 8487
9969 5890
1782 5367
5093 5373
644 8890
873 9802
2268 3776
2690 2006
4457 1883
6566 3035
6374 6999
8763 55
1929 2500
7009 7662
5964 9204
682 4445
5670 8303
493 6611
8245 487
426 7457
3603 4356
1398 866
120 3398
6407 9194
6155 6541
3154 8203
419 3716
7932 2051
8640 7156
321 1618
5515 8986
7811 8958
8087 2969
2029 9163
8275 3764
7276 612
9651 9538
1483 6665
6103 4818
8794 1021
3265 106
1602 3804
3869 7840
9903 3840
7274 1733
4033 7883
8278 1480
5111 4421
2547 1948
3307 5714
1198 4778
3798 1883
5888 1996
1121 1417
98 4123
6872 9598
9595 2578
9786 2180
5279 4025
5082 5094
3554 1798
8299 7268
5395 296
3569 8169
4689 5226
2810 8635
422 8202
7253 2344
2488 4588
7281 9452
7099 5640
3275 1172
4882 7982
7393 1452
9965 5344
9240 3069
4402 7077
3683 932
9472 95
2070 2211
772 2395
265 1155
2765 2215
19 420
1680 2282
72 5845
5972 8673
2545 592
8532 9423
9583 4098
3154 2131
273 2341
303 7554
5369 7231
5139 8178
6050 9224
1961 4510
3931 2141
1328 2421
6054 9694
5185 4186
6465 7995
261 3974
436 5697
6940 3059
6574 4096
109 3266
2482 4984
901 192
6704 8919
4267 5229
1075 3983
6042 6663
768 8450
308 3667
8634 8274
7600 2102
3026 196
3645 3580
5301 4107
5753 4628
7317 9856
4056 7938
9668 8283
8813 5452
3930 6857
8172 3862
9285 3850
6586 8056
5133 8388
5060 8998
30 4503
6282 1319
2560 4350
5721 9924
5507 1995
5426 9931
7490 1073
9604 700
6764 9849
8728 4425
812 4734
2255 7850
7394 3187
4692 6819
5971 9394
9144 8497
6981 1202
5406 7819
6142 2046
1560 8656
5582 6034
5545 1825
1843 1332
2707 6675
9096 5694
9187 1628
527 4589
4345 4055
2884 7244
8282 1873
4805 7334
9708 5775
4931 2714
4538 2994
6943 3001
5032 6379
1033 4864
6076 9981
7860 8874
1004 2738
9876 9787
5885 1008
7174 2490
7397 3242
9081 5347
6435 9155
7716 3699
5788 8295
2509 8677
7536 618
4244 882
6890 8947
8097 4007
7640 1714
8940 5251
9240 6492
2683 4170
3429 6677
1949 9078
6637 3238
6184 725
7983 1533
5005 6573
7943 9314
107 7575
4490 4898
1175 6276
6666 8068
7931 6757
7804 4587
4306 9579
5321 411
2548 8330
8662 5084
2049 6215
8643 6827
4076 7404
4938 6213
7046 8896
478 4511
2138 9645
9873 3330
8709 117
2874 1427
8542 7151
2444 2002
1691 6772
5262 2314
113 7569
3295 8569
1992 9002
6951 8210
2838 1852
2252 4873
1067 7781
8386 9762
3308 6041
3026 8369
1510 1893
8602 3067
3467 2051
409 4332
7251 6757
1165 7667
3546 223
4346 4848
8898 4620
9516 7164
9530 7329
997 8577
3734 2890
9750 3416
1123 344
2276 7818
2102 4079
7990 4919
7246 3133
5703 9186
9645 5138
7110 5302
5371 4348
8309 9215
4695 7664
952 4527
7198 3286
571 4849
3136 7695
8387 3433
1270 1099
5093 7271
1901 3996
2012 8833
8407 9982
207 6059
3867 9589
8951 4695
7451 6536
6740 4090
8391 4644
4322 3620
1009 1484
2740 6930
717 9998
1516 1917
8048 6809
5858 7910
5655 9693
7307 7864
6952 6113
2860 3109
2882 6571
4282 6481
2618 1921
7080 4486
4025 4244
8803 3838
4022 9650
5094 3772
1120 3168
4141 4864
8918 7915
4768 5808
742 2896
3284 7599
7789 3993
1528 6375
7650 5313
295 6291
8091 6006
8609 5274
2320 4607
9203 3861
2980 9854
4741 1013
5453 7253
4505 9539
440 9857
6811 985
557 3401
1558 847
841 7227
4438 3988
8630 8780
7992 6450
6771 5394
8126 646
7962 444
8074 3876
1127 9538
4113 9129
8655 2422
5990 9894
3177 3063
6780 9931
4622 6054
6299 4592
3857 8520
743 9026
3667 3086
6238 2506
8730 5832
4645 2287
2789 6528
4260 9384
8944 5
9387 7371
2051 6312
7730 6947
6302 6440
7261 3309
1226 2681
1112 6826
2905 1829
2384 6398
2196 6751
9430 3792
3350 237
4488 1319
363 4997
7902 3923
9040 2287
922 8725
4590 1509
1407 6523
4937 8043
4253 3249
6002 401
7433 9061
8213 9289
8696 9956
1842 8791
5550 3614
1518 5660
2850 1779
698 1355
1411 6742
2869 4059
3216 7095
8100 8518
3979 2769
6899 4504
1880 9613
1921 6140
4660 7297
2346 557
7683 2425
5243 2583
4834 1538
6312 4277
6189 280
3005 4512
5963 8154
5197 9539
2100 3230
9379 8392
489 1111
2207 4205
7543 8137
2353 9709
8295 1559
5199 4311
8476 9161
8964 9346
8619 2855
6642 6131
1608 4548
6991 7046
413 9565
9092 262
2695 4962
4366 2969
6688 2592
3710 736
1089 807
4774 6398
9298 423
2302 1110
922 6280
289 5181
668 9513
7410 6617
1023 3865
8489 6320
349 9091
1619 6713
6419 7591
558 882
3726 4624
4372 9901
5733 416
5925 5424
2330 6701
5662 7265
7134 9408
7370 5076
4936 4749
1792 8542
3718 217
4126 6379
7104 4131
8340 123
6457 7548
3983 2102
3234 2673
3459 1539
652 1150
7312 873
425 9880
5354 2545
7486 2779
4112 8770
8900 6597
4724 2199
7786 9321
2681 1063
4696 2840
6379 4095
5613 4520
4460 1485
8014 9931
1256 6711
6102 8409
6040 5673
5975 8110
3253 3070
3507 932
126 8444
8458 3346
9198 5841
7221 8534
5627 3807
142 4175
9589 2926
7308 7694
9863 2740
1581 8169
5849 1168
8116 4585
3481 9609
3233 9373
7228 607
922 7189
6359 9703
3277 5853
8667 594
6860 3184
69 2120
4780 2011
2268 8819
166 587
907 5776
4664 895
7355 159
9706 2061
1906 3743
5247 8306
8566 2023
3149 2931
7360 2472
7285 5533
679 3154
1274 2303
9252 2439
5500 2255
6857 6083
1452 9796
7718 3924
3561 9804
3464 767
9915 2978
1114 5332
9909 2545
5341 3828
8347 7917
4682 4064
9409 3304
6760 9057
4220 4993
4334 1180
7463 5699
4741 4588
1931 203
1323 9453
3693 2694
7024 6635
3465 9832
8732 5921
2441 2718
7933 1835
7371 9628
997 6068
5606 8659
1076 6398
4721 8495
339 9957
6941 9183
8592 1010
8957 9015
3360 8414
8976 6279
8945 8206
8201 2478
7629 3260
7026 9405
5423 3502
8334 7234
9882 6133
5741 6696
3293 3695
5235 132
5361 6648
6097 1465
1507 2100
7379 3643
6150 9393
1182 2320
2 7558
3459 373
8667 3385
2507 2197
985 1281
3481 2322
5312 4302
1686 5473
5769 2689
7888 4889
9006 5073
29 8757
9507 158
7227 7231
6732 7979
2323 2000
2683 8160
8062 6567
3667 7537
1634 9910
1186 18
6588 8665
1018 7928
7574 8924
9713 7452
8434 9909
8118 1747
6187 6379
2324 8678
9836 11
7396 4045
6549 8325
7362 5653
4364 4473
9814 1633
191 4892
1368 4016
171 780
851 9497
6891 8835
5140 5925
1452 5279
9418 8182
285 3656
4790 4592
5451 3506
1588 593
8108 5881
3289 5520
4754 379
5073 8752
8508 7842
4126 4315
2499 3329
9189 8219
8510 3286
4497 5695
4660 4299
5772 2413
3031 9469
3200 4890
3729 9891
2600 2394
1746 3218
2815 228
6431 7724
5756 4439
2921 8850
3332 8506
6460 1649
4985 513
6323 1492
6471 6264
6566 3750
1873 1412
3663 2566
229 2346
1586 9946
3864 8745
1981 7676
446 5777
4595 6615
8687 4115
4485 7017
5999 3247
4211 3432
5067 4197
345 6963
8489 4174
4868 8355
6103 6010
9985 9704
5635 8053
7350 4884
8097 5452
1410 8258
4033 2268
7530 5101
1956 5746
8772 5953
2724 532
6975 5729
4249 5010
6203 5447
7377 9552
623 7737
2487 4266
5712 1131
458 4071
169 3227
1957 9470
3013 1606
2055 5596
976 9543
1524 6460
7286 7970
7209 5448
8600 9771
131 5311
152 3846
8368 2994
9106 2994
4026 806
1014 3659
1617 1628
7395 3405
8515 4639
5184 1519
2173 6404
9919 2153
2402 9188
3227 6241
3106 3225
7360 5368
677 1056
5816 5319
789 2947
2478 7783
7326 8680
2520 5035
9404 28
3172 6165
8863 8835
7622 4187
3696 1132
2723 2980
3700 3853
4291 7689
1617 7025
4609 6738
3899 5783
9316 1816
3919 3579
6753 4823
4723 9901
7675 3207
5273 8028
2985 1574
6028 6256
6575 8845
1535 4823
393 2784
9379 2554
2983 7678
7749 2010
7239 8416
3517 7409
2511 312
2791 6068
6380 3020
1863 5058
4100 2418
6767 8992
1662 1363
9064 5978
6861 7193
4363 8384
1297 7133
5994 9233
451 7356
634 8767
2364 3596
1306 6300
4137 4016
3312 6139
920 8510
3080 8550
2803 6206
3094 6213
459 5608
8615 9009
8271 6667
7388 532
9491 1830
7555 3559
2342 4033
265 7755
733 9760
2228 5444
6484 6428
9 2856
5262 7406
1264 6293
7873 8960
3473 5354
8294 8501
5050 329
8367 9277
6151 4645
3655 691
7111 5594
7665 7084
988 8955
5171 6852
4089 6287
7061 4999
9776 6423
2894 2566
7108 8238
8422 5719
2065 3812
8618 9087
1100 6006
9804 8145
3833 8806
8405 6264
417 5596
5204 9073
4691 8495
1678 9614
9935 1666
6560 7395
3008 3821
997 9369
6678 670
3202 9158
7393 8362
8590 7644
1011 5254
5402 8962
7077 3043
4257 4525
917 3264
6379 8721
94 8398
9039 8291
9161 2589
751 8142
6272 5704
730 9638
56 1459
1620 1850
7021 3874
1960 7036
6859 7786
2713 3546
5155 1793
3182 683
1487 5261
6143 6832
782 109
479 7160
3788 3345
4845 6483
6244 6379
6455 52
4579 1799
6379 9482
4240 6906
1209 3662
8087 2925
966 2844
226 5354
7996 675
3620 9494
7090 3282
966 7566
9086 4708
5856 4047
3492 8541
4313 2905
806 3043
4867 1801
6208 2870
20 5691
3533 5950
1031 7112
5580 1159
3361 9784
9933 6898
8846 4116
7944 4040
1224 9349
1461 3365
7462 836
1989 4907
2102 3810
7030 7832
662 6959
3880 6742
7625 2300
1080 2476
3278 8057
5749 3640
5921 7845
8615 3365
6732 5725
9680 2110
9781 646
5469 3775
655 7646
7400 90
6070 5462
9008 1738
200 476
9443 3548
9749 4548
2994 6580
1012 2454
8412 135
2085 5148
7098 3208
8903 4667
6286 2274
4242 5666
577 8843
2838 9180
4772 9952
6612 8070
8493 9196
3161 8396
7183 1560
2318 5814
2149 6917
2392 6979
264 4097
128 222
2446 8518
4560 3550
9389 1872
2507 8458
1552 3917
4997 6383
5909 3865
8104 5272
8801 6919
6029 6688
2382 5094
8032 7952
7039 2201
6447 745
3202 6317
6293 8873
9266 7921
553 997
7450 8117
4829 2120
5396 8394
3287 2518
7942 4175
4971 3870
4414 6558
7495 717
8424 4878
7827 6862
9380 5417
8382 4602
6967 3242
5629 3342
3801 6715
7081 745
6231 1190
3841 6728
5073 3406
6913 7259
7906 7160
5545 9885
7052 6379
2269 3005
9326 6801
6545 8010
5834 8445
5950 1272
1646 8152
5539 850
3758 7800
1628 205
9145 9952
3372 7614
7039 6007
1138 3150
4819 6204
7391 6994
4452 5980
9034 2822
1887 2794
9499 7334
8529 6079
6589 5000
2307 1309
7055 4352
7016 8321
5747 9828
8132 6379
4776 5247
7844 2337
9765 9330
8337 9864
7977 3696
9612 2277
2439 3521
5061 3901
2676 3777
3516 184
615 6939
4260 1564
5636 472
615 1095
3658 2623
354 8322
349 9422
5280 5893
8784 7031
3940 7504
7098 8159
5126 1106
6304 6213
1479 9244
9560 75
8125 6379
5635 3128
6379 8497
6840 2009
9498 2815
974 8481
4969 631
1457 4938
3034 4764
4056 5595
7941 850
6830 7881
8372 6379
8270 7224
9585 461
5528 830
8005 9394
5798 8504
5840 9677
2207 6454
4719 7028
7867 6464
610 1253
2855 9954
3993 5034
8364 6178
518 5288
2722 5832
4134 2820
7198 491
8714 2322
2648 9443
9747 2853
7434 5047
4925 9968
8563 415
1248 6205
4279 681
6126 1403
6454 4183
997 7910
3345 2809
959 6459
6624 6581
9087 2391
5353 4037
5268 3242
8554 1452
9410 1983
7527 9343
2868 7544
9947 3920
8930 1550
7552 7901
8498 6988
9512 1841
55 6355
3562 181
6864 9354
3825 5385
4655 1281
3293 6980
1104 9433
5827 9455
3576 9822
3591 3813
3625 2458
5612 6344
9445 4749
1664 9701
9779 6973
8345 1313
5772 1261
3015 5042
9920 6905
924 6160
9480 7658
3955 7091
9343 5598
8053 9790
7916 7224
7888 5193
9093 3026
8462 5746
4362 9620
9576 6470
3620 2563
3696 1763
295 3076
2435 7983
4286 6004
5396 5102
3104 7077
6914 8409
3371 5439
2798 8375
426 8783
3099 3741
2117 171
5238 3175
3471 2749
3802 2820
7166 2516
3602 326
7701 2054
649 5095
6298 9296
3859 9930
8796 1355
362 4765
8319 6695
4489 548
1337 7092
7460 5976
2829 1159
605 6185
8489 8503
670 2825
4480 2566
6379 4075
8455 8161
4389 4540
5795 849
7038 8784
6379 8284
9907 1441
6568 8508
3752 2937
5583 4731
7733 3866
6379 4351
7464 5482
9720 8519
1624 2938
3156 8157
2091 3912
877 9600
1486 6559
5411 4281
2845 9162
2506 9412
4548 2971
1616 6018
3643 7384
8234 7639
5241 490
656 4504
4811 1064
717 7851
3140 5975
1530 8928
4580 9077
609 1265
7001 5097
7724 5124
259 9190
9945 8019
3652 955
8470 5481
9491 3009
3732 7453
8889 9074
829 7243
1653 3583
7028 9663
6890 2303
4768 5150
7925 8406
4994 4384
1275 9871
5889 6794
8929 6160
1518 2248
3416 9442
541 8281
7463 3242
1327 1206
982 3358
1667 7973
7660 5886
4266 8118
9805 7815
8834 2297
2612 4235
8296 8704
8902 842
4497 1186
1703 6528
6916 310
9928 5348
2496 1129
6427 6127
4678 6216
3702 7248
397 8419
7551 2413
7852 7813
5045 5931
1058 6210
8236 7349
110 1075
276 8194
4183 3493
538 6296
290 6103
6302 9698
9912 2582
3265 4033
876 3771
2631 932
6645 2145
8198 6234
4203 2861
3964 8431
6288 4344
9812 6819
8901 9948
4998 5568
9927 4946
1739 6003
9355 6425
1609 4245
5347 700
2764 6012
4504 9988
3959 7354
6895 4837
707 4217
8114 3551
3338 8289
8859 9495
3871 1278
6706 3975
998 6790
9935 7839
4853 9621
2180 2164
3605 8868
6665 1089
6379 2636
7524 6591
551 1758
750 4094
5084 9992
8596 4882
6528 9084
4033 4442
6300 7746
4687 4086
2465 5024
1444 7766
4951 3794
6418 9676
5596 1466
5804 3009
2667 262
8997 4399
5210 1950
5235 6514
9120 872
9534 9496
3468 8352
9154 3156
7134 9422
921 2878
1184 389
2429 4112
9458 8013
2936 4042
9343 6059
151 9541
9238 3264
3855 8357
881 9255
8039 8123
3671 3416
1289 8026
8220 1540
8505 9063
497 294
9284 3065
7319 6333
5316 7437
523 7223
9890 7829
7196 2666
2946 3487
3410 5403
7589 5156
3256 8632
6379 6052
3172 832
863 1448
2338 5150
6655 4855
4551 7680
6245 1965
3072 2452
3850 7688
91 4493
1479 7322
5777 8289
1742 1741
8852 9236
4524 9878
3471 5172
8146 574
4084 7301
9044 6016
8171 3574
9532 1463
3890 3186
561 8530
4436 8419
9462 2738
1578 2240
7479 3468
5654 4815
766 5594
3328 8957
4163 6898
6412 4703
161 6093
9635 4663
3492 1794
1807 179
2313 159
5696 4631
2359 8801
8641 5763
8088 6325
4910 2210
2600 1135
352 3209
4881 5263
1999 3242
6939 2507
4430 4246
7035 3038
2421 3812
2885 1931
8758 6789
6239 7343
60 1371
7527 1475
8041 2046
6047 6586
4996 9304
9838 3546
9662 5938
7380 1847
7089 2246
2831 5728
9968 9967
7672 8578
8814 5284
426 1022
7015 7606
5669 1948
7887 6128
4619 1306
8297 921
5568 6244
8193 4005
7890 4435
7877 2183
7314 993
4744 545
4926 7275
428 187
3856 2413
481 8158
9722 5851
8399 6727
9571 9874
3623 6999
9962 5654
8193 7955
8496 251
4898 9900
8041 8050
4135 8252
5279 8506
1370 7295
4976 4699
7197 6329
9589 6868
2115 8132
6379 5639
7511 8759
6891 6312
3934 6377
2915 761
1761 5434
5146 6379
495 8315
6489 7044
9759 3974
4492 5785
5789 864
5794 5238
3768 374
8580 3918
2468 7428
7795 8832
6644 5571
3033 706
1594 3224
5431 4781
5179 6432
6379 7343
7091 168
3927 6770
5854 9755
2888 9827
3181 1218
997 899
7812 9973
4976 7462
5539 9475
7849 9803
4270 8430
572 4469
7911 6379
7988 2914
9635 8879
1054 3805
5288 541
4111 6162
6459 6025
8312 240
8893 6675
2686 2940
4654 8325
7181 4812
2266 9877
592 6806
8693 6366
265 3870
7920 2788
2346 3459
9166 8112
5515 5230
9655 8069
917 6814
1105 835
6651 2333
7309 1758
2123 6993
3502 1232
5857 6998
2187 4128
9566 3112
9201 2973
791 2422
4547 2496
8954 4961
2403 7033
9356 3387
301 3728
849 9242
1849 3768
803 3594
9542 5303
6811 2987
5805 1018
7832 9773
9883 1691
4061 9931
1989 8465
261 1241
7437 5261
9089 8680
9285 2389
2761 8821
4182 6713
1354 4793
5960 8952
9728 9651
2298 5779
5650 4930
8408 6852
2006 7977
6454 8656
1830 2340
3995 959
3431 6006
7859 5652
1064 5282
7811 9901
2126 4683
8717 4289
3499 7
5380 5635
2137 3710
2295 9922
2541 5400
5913 7709
1290 4025
9736 9846
6689 1284
1595 4881
1815 3456
3852 4631
1739 5352
2237 9639
9942 1730
343 3839
3956 8314
335 3149
4824 6626
1937 9918
3758 2155
5805 9581
4419 3597
4328 1603
2902 3758
4701 9907
5853 2896
5641 9071
7502 2320
7196 4508
4330 456
9132 3494
8095 2353
5657 1008
164 1831
9010 6815
7296 1136
9968 6921
6496 7880
3715 9549
6307 7777
6647 2263
1997 9115
6036 212
8992 9372
8660 1568
1632 79
2369 897
9610 8679
5284 5588
4516 3310
5183 7497
5622 3992
3835 5973
9470 7500
7585 3814
5949 4865
6723 9466
6739 5575
8213 640
2592 2209
4841 4505
516 9506
830 7681
8696 4040
6365 2527
6959 2039
797 5053
7558 2984
5774 3173
6162 3762
9748 2247
6335 7574
7861 2824
1798 2026
9022 8650
3388 4271
5381 6928
1696 5190
3978 5640
9202 7344
5566 8098
5881 9677
6369 5563
9162 8811
9271 2583
3950 7075
2231 4826
9918 5376
1744 4337
4021 7290
3444 893
1502 4863
1247 5185
4445 7955
1685 9599
8140 6312
6613 1623
6555 6168
4365 3113
7749 7505
6736 4722
6379 2880
4304 622
563 4442
4901 6204
2849 3765
2503 2046
5425 5326
9906 844
9701 3181
9631 6379
4453 6648
2412 5115
2507 622
8665 4013
29 78
8904 9602
645 8890
7032 1031
3160 8122
6274 6206
8402 4558
5561 6682
7875 6379
4761 2051
5786 9293
5318 809
9434 1761
3458 704
4463 2932
5285 7969
6781 3721
8173 7424
7217 633
2451 3936
5208 3557
9274 5760
4747 8591
2785 1210
7040 6391
1267 8841
7544 4704
4060 8051
1154 2561
5329 8264
5918 8341
9319 9654
6836 4529
8491 5653
8620 4095
1883 1898
9168 9179
5810 2542
867 2977
4458 9832
4450 4329
2274 320
1046 8869
9675 4431
5655 22
8018 2706
1897 1427
5217 4720
8066 8781
6884 7646
6801 9438
909 150
5475 193
5826 5057
1640 8999
4567 3224
3683 470
6994 5023
713 1263
4822 7464
4406 7687
1754 4891
6925 137
1724 694
7703 6692
4648 2776
497 5747
2898 6540
6497 2915
1336 722
2856 798
3540 2
947 7481
3662 9505
8508 2668
9582 3756
9299 9622
3174 9226
7127 3687
2426 5359
4805 9291
3052 2030
5037 1842
6828 4002
4936 4483
6647 3880
4838 4543
6893 6062
2172 4860
3327 5380
3653 2245
3205 4766
9034 4676
7750 9180
341 9117
9372 370
6346 8257
7266 9296
2438 7559
4672 6090
1606 1785
1571 6709
4758 9552
9247 3985
6794 7033
3512 7883
9372 9595
9482 5322
5187 8879
9268 9972
9634 2634
2901 3556
1015 6576
3612 1684
6289 5695
6060 3656
9215 7544
7362 8603
5931 6839
5066 9597
3397 2227
8363 8663
2557 3007
8651 3394
2014 6797
922 8929
1434 9038
688 961
168 63
7561 3121
5754 4294
414 3737
4254 600
1465 8514
1115 8935
1893 6479
2078 6426
1829 1758
4851 334
5152 902
5024 5790
8887 4995
7373 9599
6890 2485
561 8382
1198 5918
996 3161
7292 2121
6112 784
6379 7171
8275 6787
9032 2855
5234 8831
7883 2063
9269 3174
3236 5066
1217 9227
3398 4886
1949 1852
7706 1530
1511 4514
3057 4696
2801 3439
2592 2368
7760 3083
9979 4333
4640 4556
6472 1371
8053 5801
7574 735
9205 9341
373 4050
3523 1741
6348 2280
6059 4197
8937 4052
8789 7030
7801 8102
3232 6473
9369 1056
7868 829
6871 4066
9185 2657
557 6645
4569 4502
8650 7567
7075 3092
9005 5879
5702 6508
2812 7797
257 2133
8352 9615
5337 9317
3057 5196
2866 1286
9811 7053
3727 6874
6822 2773
6125 3407
180 3096
670 4980
7446 1820
7035 7745
278 8372
8782 2166
6379 7047
9796 7838
5726 629
7598 6791
1941 3229
4325 6763
4349 1155
2671 8344
5795 7884
4518 8770
6823 5419
5392 5526
54 3918
3513 1911
6285 6379
3343 3385
4451 4782
2496 3491
5967 6715
7580 1184
3775 9771
7554 2930
8326 552
1631 9117
5505 6710
6104 3984
1496 2900
8928 8619
7428 6336
3103 4162
8518 8025
4011 2733
1643 8653
9282 5445
8568 64
3894 2523
5294 7905
2226 8478
7864 4424
4961 8020
3843 9324
6050 6701
2616 4435
3500 573
7560 919
5178 8681
501 157
3646 6242
7883 7858
2356 8662
5680 2725
8576 7456
9458 9768
8991 1393
4575 9101
5682 9849
6211 4232
8702 5225
6439 2851
3555 858
3847 3161
4958 9773
9417 921
7360 3411
785 8258
8573 7333
2247 5915
9438 4905
8495 6275
1525 4007
5689 5512
773 2856
9076 6143
9426 6152
5330 8725
8962 3526
6972 826
3131 969
8338 106
5527 8912
8348 4865
5141 2204
8357 3119
2955 8934
528 6795
7474 8257
1784 2553
4303 9302
6056 4625
1195 1064
6379 8073
7847 6833
4005 1376
6379 7161
8743 4536
6927 4273
1293 1509
7866 9533
2137 6149
5105 3489
9302 3143
7729 2425
8159 2951
1238 9993
6362 1446
2923 7991
4967 3764
7076 7579
2408 7611
6596 3226
4250 5372
8747 1745
1191 1335
3938 8762
5271 2734
119 5782
3228 4830
2865 4792
6544 3459
7615 7395
1374 1010
6869 938
6219 1321
9486 982
5555 5498
4366 2196
3449 2745
9820 2066
4592 3482
4816 3873
755 3922
6984 4397
3134 3081
5405 4497
1519 9776
5760 8522
4773 4666
5062 2381
3133 8315
2169 9963
9840 9775
5359 1378
9260 5660
5246 5219
8202 5780
6744 3607
2939 8991
6890 9511
684 5997
2271 9800
6427 4821
9061 5176
7823 1168
8193 6992
3590 7864
7478 2347
3443 3377
5421 7007
173 4358
552 2234
6273 3469
830 4749
4046 7175
9259 7016
7004 7600
5299 5462
5258 111
3844 8357
219 6716
4891 7079
3835 6512
1074 9395
3792 5925
1240 8242
9716 4843
6441 6895
156 6981
3545 5419
6409 5294
8104 3467
4994 2633
8123 8986
4080 3342
7542 3563
9365 1430
8092 3824
6446 9791
2325 6507
3682 519
1576 5260
6926 103
9801 9918
5439 541
2921 3437
6379 7376
6493 1137
5714 2989
2669 6424
1868 9525
4981 7426
4670 3568
6215 2960
3649 2225
5287 2637
4450 9666
9631 4019
1020 2009
2299 2875
2128 8602
7060 2986
1220 5113
6118 7313
9858 2422
7750 2731
9983 9644
4317 9378
5060 9315
1293 2150
6410 7667
2812 5811
1026 143
8950 4343
1167 5287
7366 3760
9753 1701
225 6735
2237 6504
8066 6379
8356 6463
9220 5294
6749 3215
7317 1311
7202 4073
2282 2473
6817 7635
9408 5683
9365 2018
6107 9743
6049 3733
6379 340
9833 6668
3169 7883
956 6805
3692 7198
2315 831
1424 997
3912 4991
4306 7607
7671 8622
7124 975
4930 1977
2844 957
227 3673
6454 1329
76 673
6201 6918
2317 2487
2545 9438
9430 8545
1741 4246
1673 2979
6589 3022
2064 2002
70 7228
2360 2022
4246 762
880 8500
5381 78
6612 6048
3240 293
7747 9961
7820 4855
6187 9951
375 1689
467 1662
7966 7708
7126 9850
5780 3996
7131 9009
4717 6878
143 2142
2965 3161
8915 6829
950 6334
5258 4908
6946 7455
9727 756
3942 9788
7244 1514
8922 8159
9927 34
6816 4819
791 651
7559 5108
9770 3649
4689 808
3002 7444
6935 4817
3138 2180
9343 7097
3493 6253
1209 6095
2500 2917
5686 4
2658 5199
7357 9312
62 6845
1435 3317
6379 2390
259 8644
9236 4343
3685 4871
7568 489
8727 8525
1365 7900
4602 7468
6918 1186
2653 3058
8410 2102
2240 9536
4791 3880
9886 1874
7498 7644
1691 1861
1214 8963
6956 4270
6926 3012
3456 6318
2680 8238
2363 6462
4015 3498
9286 8091
3154 7077
3609 529
5996 1818
3342 899
7144 5479
2456 1650
6337 6301
5357 7566
7876 2597
1708 7600
5292 1484
7335 4199
3816 846
2864 3229
9799 6977
1147 5303
2217 4506
9037 9550
3177 9528
8517 9747
3721 4721
9818 1562
6854 3296
7508 5049
4770 5035
9954 7462
6220 5618
7070 4495
9007 2732
7034 1658
3178 1544
3008 9485
1107 2134
4195 8882
9898 1759
140 4898
9431 466
8479 396
9003 8451
505 1421
6188 8926
9119 4925
1961 4133
4086 9943
482 6000
2698 15
9023 8298
3532 6858
427 9522
6494 2669
5218 6258
5224 9400
8167 899
4962 1164
6703 8609
3207 9785
2072 7644
5086 828
9903 4969
4702 3598
591 7169
166 6224
8224 6583
8704 2037
4263 9661
1297 3865
2629 715
1574 5603
5787 706
776 4505
9162 4391
3559 6124
7951 4637
5286 4027
7609 2891
7062 2483
5488 6988
771 7068
1123 6379
3235 3519
1684 3807
9117 1432
4329 2913
2551 5812
4897 5531
982 917
6285 8329
9717 5134
4248 2838
4811 2540
2092 4531
8742 6246
3600 1823
9177 6560
1019 3290
8993 6012
9591 8040
1830 6193
3214 3850
1426 2857
5614 5536
9150 9446
2565 4755
7607 768
8441 8397
1450 9381
7922 5922
1175 1488
6962 7458
2136 9748
1513 2922
3419 9172
382 1837
9375 558
4247 3408
8308 7427
6922 2118
1462 8211
7067 5753
2217 3805
2763 9373
6058 4014
3258 6118
2615 7793
689 6164
275 8784
6432 46
9030 2752
539 8786
1738 3492
9159 874
4577 4959
2641 5239
5989 2602
6504 2961
9254 2025
289 7704
2852 4820
9139 1848
7201 9313
6963 3147
9704 4694
2621 1539
3046 6228
4387 4167
5533 3179
3474 3764
1696 2813
829 5105
850 27
458 9232
6379 1648
3729 9141
251 5850
9585 2845
4522 4086
2751 4182
3604 4308
9799 4270
8246 9395
8286 4359
4012 5821
2735 5690
7172 4930
7576 9153
8630 1428
2617 4266
4372 2802
2828 1346
3307 6889
3595 8649
1645 5751
9000 4453
6379 9336
6032 4610
9268 8601
473 4269
1475 4320
3652 7134
1951 1696
7816 4725
9465 7059
9337 1482
8969 9569
1246 9408
7282 7306
6371 9874
4419 4817
6933 3622
7118 2165
628 289
6153 9342
6694 6155
7135 8314
7882 5210
5333 6529
1884 3331
2007 9237
8213 606
793 6005
5712 6517
628 5635
5374 993
4758 3630
4233 3424
6947 7091
1490 6363
8427 2039
9474 1658
5271 4565
1321 7682
6580 2091
4671 5015
4953 2899
969 5202
4548 1207
230 4442
5483 8072
5922 7682
9959 2055
9294 1322
2081 6778
4722 6354
330 9865
5136 3645
1252 7506
3896 1920
4629 7519
1480 1297
5279 4762
1280 2284
3448 3667
2881 8043
4214 5222
599 786
8668 2490
8552 803
2044 5477
1288 7301
9530 9808
3061 2207
3068 7907
8011 8022
7615 9056
1384 7871
9574 7919
9324 4790
1730 7177
2411 1670
3078 8371
613 8069
7085 7823
7693 9518
2517 7255
3951 1906
4323 2247
5606 918
6451 270
7770 3232
9512 1897
6178 2176
564 8815
3588 5664
8884 451
3110 1254
656 168
3912 8027
5127 1700
2386 5250
9796 4702
770 9757
6629 1821
3659 8867
1576 4574
2746 3674
4403 2704
9150 8537
9516 4226
6182 4020
2561 706
7564 4338
7849 6378
4382 528
5646 5611
5041 2864
3094 8556
3171 656
9087 6807
6336 9048
1261 1489
3647 2729
2219 4926
8280 4974
1325 5279
8741 8151
2859 2183
3311 9977
7364 66
5891 5875
2829 5451
9054 8906
2550 2266
9439 2314
7643 2833
2251 7090
8870 1183
1673 9457
5504 7015
7693 4843
5011 1045
4284 6776
7772 5905
6565 290
2242 4189
2112 4314
7758 7739
8460 1024
3058 6379
2770 4193
5162 639
2301 8238
8144 8400
4300 7694
2699 7540
8219 9147
7497 7312
9042 4063
9470 4870
2579 7053
1711 4056
2357 5269
4152 6563
7006 1498
8494 2309
5405 6561
1815 4048
5112 6379
1242 7917
5779 1084
7690 8523
521 2223
2442 7368
8796 4785
6077 750
7327 5508
9626 3593
3164 6573
1329 3467
177 4286
3312 2877
7075 666
5036 6379
3184 7155
2217 9717
1302 2131
6641 5334
155 4858
6602 7817
8346 7565
9394 5285
4090 2110
5092 2271
5041 7544
9584 6438
2371 475
7098 6728
6595 4991
9491 2294
4186 4435
8558 2505
8866 7694
3583 731
879 3619
7264 2545
673 1113
1732 5748
9505 261
5358 9678
3997 339
1028 3909
3135 7538
6405 3897
928 7134
9516 1279
2015 5432
2017 8948
7025 4990
9559 3561
9741 9876
3620 775
7142 6895
7584 375
7787 5354
2574 8442
5858 3030
2646 7084
7223 415
5823 7277
3369 7106
5799 7178
963 9329
8656 2200
2528 3360
1896 9942
9132 6210
9574 2021
2545 298
9327 3791
2793 7808
1616 9555
1199 6379
1966 2100
224 2655
7794 4201
7535 2552
626 4080
4743 1203
8356 3105
1590 4425
8334 4232
2662 1479
3674 9968
2820 7948
7055 7916
8294 7396
7948 8629
8915 9285
5885 3910
9822 8894
9544 7025
4101 4932
844 6948
2479 6023
602 3157
9352 3328
86 6379
5250 4505
1773 65
439 7734
6880 7705
6985 6849
3830 3759
8995 9470
9973 8510
6598 9079
2029 3614
9420 420
741 1998
9401 4500
1532 9397
7046 5617
7722 9279
7136 4494
7989 339
7614 2459
3298 9716
2565 8085
9309 5626
4591 5336
6875 8267
6370 2776
9423 9526
5618 4752
261 545
2492 282
6719 537
6495 2213
6742 8439
706 528
159 6226
354 3819
3335 4159
58 964
3518 5266
3850 36
9833 4787
1447 2791
9381 9039
8426 6915
1565 6749
5835 8232
410 8974
9707 4439
3267 28
9582 6379
6181 6891
3413 5609
9976 358
4511 7550
7115 7324
6291 4143
5752 916
2494 9370
4217 2322
2210 7962
1605 2132
2456 6700
9792 2262
9895 3049
2919 3885
8510 7413
4307 3908
7137 5696
4899 9682
4017 8176
9609 1118
6132 2933
8631 3811
2573 7164
7146 4503
4965 20
2701 8868
6217 5665
9951 1040
2584 8499
5114 5450
3170 2820
5825 6247
1375 7278
6379 6250
3167 5100
4150 5856
3546 4628
5634 1025
5928 2410
9324 5860
3090 4898
437 7734
1121 5716
2050 6800
1425 4354
9449 5166
8150 1213
4845 267
6908 6619
616 4104
7766 6173
5388 8030
7832 4419
2801 3216
5247 5086
4712 8494
8722 7074
697 5751
7652 1881
1934 3782
9229 452
2983 6163
2938 3881
4267 5596
7415 9021
5100 5494
6080 5308
3691 5890
2151 222
308 9863
745 7925
4033 9572
2246 2505
9293 8727
8674 3315
7908 7215
36 1083
3492 3
2949 2538
7606 3078
3391 7734
4085 6134
8519 1422
7409 7441
3746 9939
2496 6580
9941 7711
8175 1751
1051 7021
7406 9529
978 395
401 1438
331 1278
170 6299
4951 831
8840 4378
9997 1823
968 206
9973 7803
1200 7064
5919 3334
2950 1629
7315 5923
8717 7572
4866 4673
3992 7480
607 1984
9246 2967
578 1830
6862 4408
8545 4902
6395 6466
2015 1566
972 6291
5468 4072
9164 4489
7477 6216
3287 4339
4681 440
1334 1289
8473 6207
3517 8361
561 4078
3403 3478
6058 7303
6255 710
7884 2188
7122 2553
6742 5577
1940 1351
6993 8932
2890 7192
5406 4398
3814 8217
7619 2236
5165 5340
9513 3884
7280 6019
6655 2473
1801 4551
6582 7676
8743 9308
9910 6481
5843 1648
2205 120
528 8009
8345 2632
9630 4465
7352 1083
6707 2103
5574 7448
9265 1649
9204 4721
7181 5721
7728 4842
9077 47
1151 671
9562 1912
8548 6958
9702 2358
7334 9531
6178 6406
1682 9045
9410 4557
6503 2013
1377 3185
5947 9956
5337 9556
3979 8119
4941 9037
6233 500
992 9795
3624 9049
9530 8451
2270 7868
6700 4053
4215 6100
2851 8064
4749 7454
9813 4288
6512 8940
6923 1229
5480 1255
6900 2574
7683 2656
9328 5120
7206 1234
8901 8524
6763 4138
3742 768
2799 5436
5541 9688
8544 913
9408 439
2061 9655
3555 1179
4907 14
3947 5484
4990 3322
2175 6496
9799 4275
3403 3963
2783 8038
6526 253
1214 1169
4455 1399
3482 9986
1962 9025
5862 1033
97 2451
1611 659
8768 9750
2188 8799
5601 6297
8806 5890
1388 7107
3998 1083
7742 906
9780 3350
7655 8852
2116 7476
8345 30
3249 8233
8545 9318
5968 6998
3045 461
2086 1539
4737 6147
7537 2543
4468 8487
7888 9943
2743 8129
8454 3780
3626 3331
2192 7417
5485 153
4704 3878
8002 2027
5031 1104
3188 6287
3018 641
7531 8902
1094 8933
4938 9930
7139 1022
7087 1452
6379 833
9847 4143
1443 152
8316 385
3694 1639
5422 9025
6379 1352
2171 3394
9868 8535
5902 9791
492 6379
3103 6379
8313 8519
8248 4463
4503 7762
4847 6379
1141 7110
676 166
4086 1944
6837 1612
6071 7735
279 3871
5099 7307
6671 5056
5470 8079
3403 2928
8849 4750
6786 4585
6527 625
3725 2950
5687 3810
1856 1923
360 7635
9202 668
695 9162
3419 8019
6623 8141
5041 1289
9483 7914
9866 1788
4666 3488
1534 7675
8567 5391
1476 6498
5807 2295
7021 3430
9473 653
8011 9740
5966 5077
2187 4666
4366 6603
6779 9902
982 7996
2990 5083
5334 4324
6718 8113
7787 5836
2969 1215
1874 4794
5392 6379
7554 5121
2431 9345
9043 3045
4811 1568
6340 9197
3041 1202
8696 7675
5887 9399
3195 8793
2551 513
6452 252
6621 3106
8570 2277
6379 2304
2477 5288
8605 6588
579 9174
1687 6610
8696 5714
7463 4419
3815 1021
7601 5282
8727 5257
2513 4326
8434 9378
54 4528
4797 9932
7055 4466
9145 1225
3293 9011
5607 8874
9714 9818
9052 9257
608 7510
1652 9757
2161 176
6604 7912
2964 9264
368 9041
5238 6575
317 5678
7103 8571
7474 9866
5218 7292
4593 8840
3382 6445
2305 205
8468 7471
3204 7344
5830 9453
5467 6379
6379 9555
1885 830
9243 6513
6484 7045
4788 3983
4150 4129
3526 8416
8718 4249
3267 202
8177 3002
4374 7292
7322 3364
6114 3912
7 1499
8880 7240
235 2548
8235 5681
6056 7679
9569 4884
3722 4056
3042 1988
9670 5103
9504 7785
6459 8442
3814 9814
6209 8666
8401 5856
665 6011
7190 5898
6550 6762
2936 7011
7780 4941
3029 9016
6741 160
7804 6888
1358 2081
692 2232
7882 2368
1828 562
633 1683
141 4022
6622 2736
5548 2742
2187 3293
2377 8729
392 3678
9909 6843
6608 6936
9007 6902
7558 7592
3587 8737
5868 8748
4632 5048
9918 1919
3376 5195
82 753
8511 9867
2879 4937
1733 6867
7798 3620
2806 4799
8430 922
9623 1924
3415 7226
6444 7956
5594 6879
5012 6442
5001 6280
8794 5253
6210 3400
6742 8727
1775 3785
2464 6193
220 615
3094 2829
7201 2522
3730 2875
804 3085
5816 7208
2381 9730
2589 3882
6482 1756
1202 6328
6777 9391
2377 7971
2441 4099
6196 4549
8824 9122
2346 1741
8878 8026
9303 5187
3928 7527
5260 9193
3453 1170
9484 7206
1601 3796
5233 5015
3584 4371
2090 2558
7691 6132
6191 7912
4932 1176
5119 4755
9325 5589
6926 8397
4272 1899
4546 5765
2831 3549
3767 6631
846 7371
9927 9973
5365 8749
6547 7988
1566 5398
9911 7573
6379 2672
4592 4454
9046 1099
329 8747
9097 7605
601 1617
925 8026
6176 4685
698 1986
4847 8114
5040 1295
4218 3846
1419 7899
2901 8273
1399 6894
9327 7689
4525 7699
3517 1775
9182 4530
739 2548
3689 592
1965 8481
2898 4140
1068 2501
4365 5785
9363 5794
4389 5829
3072 4207
9446 3132
7725 2398
91 5709
1634 878
4218 547
5497 6191
870 39
1135 4648
4760 5916
3973 5086
4228 1495
401 5286
5397 7115
5738 1232
1316 6991
9839 6171
3919 4430
6670 9500
8265 4618
8140 583
6361 3424
3503 5652
4284 5855
4092 7880
520 2382
6931 5433
7995 3542
4496 1076
9094 4138
5297 7307
1053 2489
4756 8623
3329 7059
5207 6380
4700 8900
1897 109
4529 7584
4657 2918
3879 9077
9577 9300
9585 3098
6853 221
9859 6025
6324 9642
7393 7636
2991 950
5071 5668
2998 4358
5322 1093
2409 4951
9262 283
7460 3643
2659 2483
9158 8942
8242 7239
8590 1397
6221 7252
67 6680
4750 8138
2809 1387
1288 8999
9358 6290
2544 8238
5614 9099
6387 6771
1623 4196
6650 4400
1727 9713
5654 7775
6446 8130
9461 1761
4630 8268
1744 9893
6923 9490
1838 6379
2039 1186
9293 1401
948 2952
4621 4876
1864 1251
4588 5462
4051 8131
3679 6997
2036 7660
6109 5082
5026 1594
2526 6721
8552 5552
9170 6783
9231 295
4373 7872
3321 3575
1696 8716
5013 972
2850 216
4720 1717
3207 2907
6814 234
4068 5765
9358 4612
5793 8462
9996 4396
596 9547
7331 7010
8200 6562
899 9561
6379 4636
1292 3424
4710 1941
1753 2198
8059 5285
8298 8127
4859 7453
8448 1796
1057 2536
7895 8725
9508 2755
9821 9068
7466 7989
6596 8281
1908 8213
2425 242
1699 1105
1447 5720
8779 5603
2332 6636
5235 4459
6190 6980
6379 338
4261 3529
7205 7390
3177 9171
8118 5319
5122 6096
3849 5523
2702 8529
6379 2893
9610 778
7782 8859
6379 1657
7134 2303
1758 5444
5602 4418
9904 1192
926 2411
9457 8252
1382 1595
3191 2585
6251 6072
2858 1011
6556 5260
952 5939
6552 6724
1400 2895
4024 1782
2135 4736
7069 5290
5008 8459
4097 7817
8563 477
9090 389
8377 6323
754 1617
7164 6110
5730 3350
2654 1499
3000 6312
676 7982
1128 851
8738 9017
92 1654
8619 3822
1451 1057
4401 9341
7808 7886
2458 445
1285 9087
301 7954
3286 9038
4799 2307
522 4150
2577 4201
1162 8869
4992 6117
6143 3211
8156 1219
2609 9907
6356 2756
7711 5439
196 5139
2322 1390
9512 5416
7888 5053
9751 9998
5569 948
743 1329
7577 1506
8432 9450
1237 6818
2960 9430
4030 9931
3159 7048
7281 8853
1899 21
8512 6873
2496 4211
5605 4142
4880 9643
2618 4944
8076 8333
1792 3028
1310 7822
7931 4616
7852 4984
7499 1890
1188 7297
9124 977
8017 2986
2079 6306
8898 7567
1613 4691
4442 1697
1871 8567
4011 5329
2500 4654
3128 7986
3636 7027
9953 8571
3970 5542
4616 8422
9336 5443
7308 4602
5986 2897
3329 7408
2116 6667
5440 9309
2433 470
1577 7464
7899 3201
2149 3667
401 3259
797 232
1687 4153
42 5822
7803 74
5871 5663
8186 7420
1319 302
8354 925
3213 548
2216 5059
1891 7167
7348 1541
5849 8052
6704 1943
4114 7582
7849 1565
878 5114
6484 6855
2526 2012
305 9458
6032 6333
5478 7410
8438 9014
8162 407
6586 9796
8769 5940
1126 6425
7674 6424
9502 617
4581 6988
3633 9946
9645 9243
3673 8633
674 6625
9608 4548
6017 3688
1646 3010
9852 1751
5049 8441
7429 9750
9755 2517
7396 1507
5855 7595
1415 6426
6532 4551
5524 3351
2958 2779
9195 6964
9438 6592
5887 1317
5025 5602
6667 9782
7050 6581
8421 9466
7242 7465
4065 614
8536 9780
7014 6724
9416 1552
1178 7781
294 7625
1440 2587
85 7033
5753 6705
7998 6310
5152 350
3048 7662
3389 7806
932 7782
373 9262
5807 9262
2544 2020
1488 3627
2981 5571
9989 7463
417 8256
5496 5951
4664 2606
170 8164
2484 5250
9089 5128
2793 4340
3279 4157
6560 9940
9585 289
7771 4671
6625 1904
9488 5750
9415 2210
5647 6248
1922 5247
8695 6289
7372 762
3861 2020
4417 2635
6205 2968
2226 4891
9979 6379
8675 4674
786 2408
1862 7356
9929 9270
5283 461
3392 2750
2966 6680
1582 4784
6659 5393
3346 3986
9977 5472
5673 7847
1908 9649
7544 5489
4891 7130
196 8547
8499 3149
1773 4318
334 6250
1012 7034
6025 7353
680 4715
7639 6223
7770 3723
5619 8666
3866 5009
4686 4451
9029 7022
2939 2330
1282 4370
3639 8576
1046 8836
9563 4501
2348 5868
1389 8857
3900 9568
5405 2642
9449 2909
6170 2944
8744 4280
3914 7815
2253 6722
4874 1139
6119 1119
2314 36
780 6678
9641 5882
3414 8320
4083 277
1535 7866
9758 5636
8468 4395
7532 8247
5917 8979
4827 8713
2642 6742
5001 4624
172 2163
3527 7587
5952 3315
4290 2984
6911 2758
3247 6582
1811 889
124 3644
9754 4049
7173 291
9024 9644
2814 9272
1079 1665
9340 9735
4112 9735
6379 2003
201 3464
6696 3913
2709 597
9200 6735
8989 8299
4347 5463
9025 2272
9419 1980
8035 6375
7904 4479
6373 4046
9904 9355
9334 4108
7152 1752
9746 3542
8287 9523
5963 8808
428 9742
2202 6443
5706 4019
9767 2069
9835 297
6530 3255
154 719
3466 3951
3963 8528
8578 9501
3016 5972
565 1185
4685 5263
6682 5919
8872 7897
1053 351
8548 8106
2055 939
3424 309
4170 7387
3344 8777
7039 566
2556 5258
2677 5276
5206 9685
7692 850
5944 7764
6352 6483
7555 2956
7075 8486
211 3536
5795 3396
8457 7209
4877 2354
8477 2668
4151 6312
1299 7043
2457 4836
7791 9605
3105 7237
4702 7843
7427 3915
885 591
453 906
5081 5931
357 9268
7917 4652
2782 2937
2870 2751
9062 5711
1473 8879
4482 4416
3139 7714
5617 2182
6596 654
6996 9885
4724 1841
7062 6379
7249 1201
2066 4442
8715 9376
695 3784
2855 9462
748 1696
1254 31
4520 6379
9875 1062
6466 6681
3563 1568
8261 1419
2201 7516
2112 2718
2129 2239
2315 5677
9776 5901
3141 6524
2030 7443
6433 799
401 4248
716 4670
2510 5884
635 2292
2761 3640
7172 1320
9398 9352
9390 9153
9955 9150
7547 6379
1189 9088
3458 6991
2022 7069
8625 4319
9675 2728
605 2953
3147 3989
5707 6400
9669 3339
5855 3141
1764 9969
6077 5636
1682 8201
919 4171
3374 4811
5628 1847
4456 8290
5642 9152
4283 3678
2672 6392
9852 1876
1784 2557
9798 7855
5981 9750
7445 7299
6440 9411
362 2169
4637 3465
8637 9365
8957 8725
6316 5250
1886 9926
4755 7150
9777 5704
918 6032
2420 6260
5123 171
85 4836
8499 1822
5848 5490
7602 4156
5595 1531
7392 1651
3425 3945
6466 7638
9689 983
7828 6672
5011 4074
5233 359
9537 5736
7628 3441
4033 9794
1342 6162
1979 5239
7414 122
5363 7264
9632 7557
8758 2023
8343 4347
8778 7544
2835 539
8771 628
1910 9114
6300 6813
9971 9847
9970 7761
3370 682
7473 3457
1650 7147
2018 4911
2733 2525
535 947
6562 664
6661 9431
720 4786
2294 7455
2352 9756
6118 3197
2065 2603
8409 8907
4544 9822
3577 5399
9542 8610
9489 8757
1832 7620
8810 3235
4739 6956
8709 2901
3318 1096
5256 9428
8420 6347
9761 3402
3310 874
58 8000
5344 5713
6927 591
3234 8385
5391 8683
4369 4991
8141 3897
8214 4973
6027 6536
3385 2800
6880 3265
1509 2738
780 4511
6114 6584
4680 6980
9138 4599
2067 7677
1517 3953
7278 3420
3320 8494
1525 9116
2388 1200
5086 3851
1722 9117
3755 2840
4391 1054
4480 8488
4839 276
8557 1377
1296 1991
3378 7539
1520 4880
7528 6379
5518 529
4159 6522
4741 2091
2647 6403
3540 4427
4804 8948
4149 5242
5645 8527
2143 477
7874 6472
4759 9001
9995 2165
3714 8424
4583 1996
373 2312
9239 6477
7876 8848
8181 8433
1675 4212
898 890
2358 800
1886 3634
176 1662
4511 3066
3523 2052
7986 6469
3680 5088
4071 6192
2726 58
1043 8490
9548 5327
7017 7765
480 8881
2353 7768
8784 2095
8153 7905
3958 4544
473 8270
4916 3074
5647 4236
7446 5526
6379 1244
2780 5209
5835 5970
9264 655
4869 9213
1092 4498
6884 2258
9403 6986
3797 9193
7786 6975
2544 592
6084 5906
7294 6675
9721 1174
1266 4627
9814 7739
8753 1188
4892 8240
4795 161
1831 4216
8831 5167
9771 6649
4161 3863
5531 5308
2559 4264
124 4079
2095 891
4407 3613
3426 8558
5258 179
5345 3814
4942 4078
6790 8747
7128 17
4328 3036
4935 1909
151 3559
6473 5042
2261 4057
8018 5083
7564 1085
5945 3536
9297 9958
5071 5532
5048 4763
8205 6454
8393 658
6379 8860
295 9648
5068 7321
925 6200
2076 6783
4167 6030
9372 4193
9178 5655
2503 6760
7841 9162
9642 7476
892 8165
374 8875
4814 8319
6091 2939
5454 2122
8880 6656
4664 6533
7999 6132
6379 4675
424 8860
7077 108
4089 4366
7157 6824
4668 8836
8113 7925
4191 9089
7838 7202
971 2801
6167 8952
5385 9710
5706 7760
5044 5298
4800 1949
9526 5742
5197 3793
7770 8549
8203 9549
6379 1537
6717 5959
5349 6379
4070 3787
9258 6665
2027 5364
3631 6379
7330 4811
3943 4841
4410 7445
4601 1993
1724 5173
6258 6892
6267 8583
1663 4807
5255 3148
4218 6757
3003 6379
3418 6379
979 6263
9705 2427
2310 4767
9969 1782
8991 6750
8545 7814
9904 9168
9127 7744
3316 4079
7442 5949
9430 5684
7870 5977
3463 2541
1231 1074
9510 5827
6238 427
5561 2797
1454 2777
1628 1859
5675 3774
2321 9142
2413 6326
8341 198
8489 6411
2370 2475
3871 2369
6748 1386
835 9644
7742 5754
9573 3222
2359 950
7222 7902
6845 5759
4539 4110
8951 9118
6789 4020
9228 9619
6487 5431
1073 1356
9722 3540
2224 2821
4103 2486
1880 1339
7087 4152
7929 6825
1159 1213
14 1233
6817 8006
9675 3252
2056 9901
5241 7686
3898 9037
7096 6825
6379 987
8121 102
7322 91
4714 2552
8725 4907
8378 6562
8925 9751
2837 5165
745 8944
3514 5177
1723 3483
9484 80
6303 4368
9887 471
5667 6867
9597 8404
702 9200
2223 680
7894 9518
2700 9227
3174 2517
5145 5157
6263 1264
1699 8905
6929 5151
2247 6738
1078 900
9985 71
9272 5129
1702 9539
9353 7616
5277 7357
9861 7607
6664 6669
9452 8366
9438 6044
3827 4740
5157 2574
8628 1792
8996 5364
780 3390
1660 1878
9774 1946
6420 2513
5056 7888
9276 8703
2920 5504
6808 6222
7689 6717
823 475
7952 3274
9850 30
8816 6500
3218 127
6384 3242
9576 9089
610 1186
6459 7334
6343 5434
402 4525
1977 8861
1858 4276
6151 5020
3229 2411
3221 4106
6260 725
4178 1271
2183 6543
8976 2976
4945 9257
8218 5182
7501 5632
7477 7159
6864 1357
2867 1951
2043 5764
768 1626
1872 910
238 2916
59 748
249 4562
4604 5488
4100 5058
7312 4653
1249 454
7502 371
5581 7454
5669 5214
974 1975
1568 4093
3050 4522
6517 6458
6505 3329
7421 9605
6353 8596
7702 2531
5306 4139
2316 1750
2807 9491
1847 9623
6014 47
4183 423
1413 7414
890 6134
1208 1064
93 3948
9396 8370
1872 4243
5908 6683
4783 6033
3271 9005
7653 4786
3234 6733
879 9513
2309 8061
6108 9627
9137 5186
3203 6501
2877 5125
8964 9933
7428 840
3380 8708
7763 6832
2180 4181
5803 8716
3883 9530
839 5659
5449 9768
7917 2548
6593 4797
3260 5937
8857 2096
1716 4
5090 7052
2756 4328
7590 7882
658 9990
2488 7476
2046 5439
2353 2864
3671 9650
3072 2753
3778 9997
5863 7750
3027 6531
8034 9344
8281 5294
2416 6220
7545 2546
5998 8916
8314 4335
2845 3735
1103 2572
2745 1846
5271 5549
6260 1952
2733 3005
18 3654
5768 9931
1140 4271
5655 3004
7772 6422
7093 8006
734 5696
8280 1743
1353 7256
450 681
720 5101
1569 1558
6148 9109
2332 5692
6585 6035
6327 4660
1048 5839
1468 2939
9470 6389
9724 9636
3408 8419
649 2848
3700 4217
7663 6545
9739 3184
2649 5246
9219 9836
2627 3688
3886 218
6881 5413
1149 299
5745 7747
2371 8049
3352 5422
9999 7198
8108 7870
7616 6974
5270 9301
8671 2652
2331 7269
5415 7342
1692 5100
6783 8972
4930 7519
9397 1490
6432 366
2533 2448
3464 5435
4753 6697
4112 7205
4560 9968
4123 4397
993 3153
228 3518
2227 9969
8973 1429
3695 7599
779 9371
143 1683
5421 3621
3445 2543
5651 6583
9830 4597
9126 2659
7401 3242
2120 3021
7274 9263
5159 972
1039 4537
2407 4145
5503 5548
4669 6956
3496 8279
4014 1781
8644 9964
9372 420
6563 6467
2355 2326
9684 6485
5155 8021
7873 1610
4522 2660
6585 102
8321 1645
4809 5027
3315 3775
977 5434
2453 7899
2490 2116
1170 497
130 3368
5383 6981
8 1309
6254 4942
5204 8999
8385 7687
8883 929
4802 2813
5192 796
8451 2250
3224 8295
6283 1017
2548 717
3826 2842
3261 2921
1974 1052
6804 2639
208 1019
6810 9505
6197 6766
7327 1310
4896 7518
1854 1259
5770 6597
6089 6604
6932 7667
1302 1795
3044 6198
8831 8625
8727 1230
2963 9083
1594 2113
9789 941
4967 1439
2073 6059
9735 7541
195 6515
417 6092
2200 5832
4183 7321
4162 6182
580 4593
5624 4234
6897 1752
2424 4496
5361 4801
3066 4924
3824 4227
8792 3690
4903 2322
6588 4127
6196 2159
2240 9635
3511 2550
8472 5506
3216 1168
7213 2716
7367 6100
8577 9664
2334 7423
1679 2848
4834 8036
486 3913
151 2704
5548 3452
6116 9751
5767 9798
9225 2295
3719 2427
3130 5792
4870 7400
5800 4573
4677 3670
8613 8162
3991 228
5405 8511
2246 6047
7637 6063
9430 7363
7585 9736
2760 6120
2244 325
9064 622
4544 7608
9279 496
2642 2983
497 9656
7297 2189
214 4090
9601 6538
5351 7452
1288 8097
9408 780
5842 6533
2380 4231
2877 9997
6617 8586
3848 765
7903 7255
9763 2814
8568 834
1143 7818
515 3166
5560 7393
4035 6897
6269 5154
7064 3477
5083 5514
7766 5491
6284 3515
2016 1271
4854 9576
9589 171
2314 2664
2642 1174
4218 9319
8750 8807
8187 5669
8099 9780
5824 4621
597 6067
9826 9707
8166 1777
995 1013
9148 1072
6404 7659
869 7574
4000 9450
9833 3666
7849 9061
964 9617
7613 4771
8793 795
175 803
9600 9136
2010 2391
3790 8030
5074 1554
8184 1301
9817 4540
5856 900
1647 8220
6323 2735
387 7698
3572 8207
1460 9887
9273 8928
5040 4133
5123 488
2074 101
1508 6311
6196 6877
8875 1454
5399 590
2762 9560
96 7252
1644 1221
4899 4176
3131 5125
557 5241
6978 1186
1571 1410
3348 1509
1267 2425
177 2232
9240 877
8310 265
5645 4173
6944 343
8584 809
6989 7319
6594 6629
2992 1006
4432 6642
6114 2031
229 6784
6031 3100
5878 599
8381 4065
6379 8949
6910 1760
2663 2544
3458 7494
1632 3242
517 9117
2887 4085
6798 5029
6984 4282
796 2484
8384 8554
2500 6735
4222 2091
6202 2473
3764 2512
2227 7469
6683 9319
8197 4135
2470 7138
8344 4125
3129 1258
6643 6379
2063 7939
2924 1838
9994 4981
3303 6379
8888 1071
5003 6191
6723 4135
9793 1761
1150 8456
7307 927
531 5443
1810 4548
7026 5696
6748 4846
1883 6213
3633 1400
7865 5586
7839 9503
2681 8714
4852 2043
4801 1494
9176 8975
3129 7916
6924 2405
2187 8753
1955 7827
5375 5725
1910 4752
1931 9797
7657 2357
7638 8144
6317 2533
5654 6883
8407 1425
3076 2721
5711 5194
3121 2880
5296 8696
1740 3203
4741 1758
3697 776
438 1586
2903 5009
7599 550
5576 3703
6464 2725
1096 650
1453 1504
8412 6379
7001 5036
77 306
7702 2363
2490 6960
4376 5703
8826 5380
388 1458
1003 4564
4692 4381
3015 3531
4523 5580
9732 2764
4993 6219
2179 8834
2992 7199
6379 9948
5837 8351
6374 1582
3257 9452
9554 9372
465 2503
2390 2579
6379 7179
932 3302
5798 1172
1171 1019
9002 868
2241 6657
91 5904
6955 1893
2385 1037
9931 3244
592 7893
339 8428
8143 1322
8077 1995
8227 7968
6729 9974
9241 2104
9616 7391
4576 3606
9213 8433
6228 8133
6110 6791
7824 885
6576 1807
9073 3062
2339 3564
5238 9131
3562 6016
4334 5595
4778 9633
5806 9032
7950 749
9807 7860
174 970
6741 2489
3462 4227
8230 497
2610 6779
4394 7635
1197 1565
9100 373
5429 9836
3599 8204
6556 3977
7419 6401
2654 4482
9770 6135
118 8528
8597 5521
8086 9580
6090 9543
3283 8725
4221 2314
5649 1278
1416 4840
4034 7974
3456 2905
8664 2154
1211 7211
1972 7854
7677 1167
2497 8408
2372 91
1150 9745
1592 6247
624 6379
856 182
839 3241
917 3324
6338 9459
6379 4219
6166 2773
9031 6123
2400 7837
7599 4703
9401 7520
1424 8328
6089 1573
5960 2417
4731 6754
3125 9750
8752 2160
2678 736
9436 7173
2235 9927
2914 2462
2647 6546
8650 563
7509 3385
8702 958
306 780
516 4817
1866 4943
7908 6162
9046 5718
5315 8878
7896 6363
826 4648
5574 992
6371 5338
3017 7410
2941 530
4050 7121
6213 9452
3328 6430
1529 43
6251 4643
2624 859
959 1888
2535 8964
8931 1885
6580 1973
9347 1096
2601 2975
6841 4113
7423 6212
292 3010
1097 8512
1358 9183
5685 1191
7782 2306
7005 5342
2095 4124
8593 3719
3512 3962
8139 2632
9728 5040
5740 40
9602 7360
4892 7229
3046 7573
6379 3223
2422 1876
949 1598
256 85
1735 3137
4298 6614
9153 653
3502 9027
6713 5399
5024 1465
7787 7976
5367 8560
433 3725
751 9509
3934 5233
6026 7676
5271 9270
5872 9367
2757 292
9904 9109
420 8179
5141 2389
3424 3952
8267 4340
830 7308
2322 8257
2135 3941
2541 2273
2086 6583
7394 9308
4465 5131
4633 1461
1556 664
3684 7781
1619 257
9322 9710
1942 6164
6092 915
9572 2962
2290 7161
4843 3661
7892 5585
4984 7544
524 1435
6177 4128
8707 290
995 9208
6394 4214
6240 9994
4001 6485
5085 1093
5654 4036
5729 195
9069 5592
530 1601
3929 6299
7019 9151
5894 8033
7562 6956
7917 4695
4059 6711
2986 4011
9424 1157
2952 3418
228 6179
6336 8851
3323 2265
9145 6906
5438 5479
701 8280
6129 713
6115 1374
497 706
3181 9307
8796 6390
5682 5502
4972 3077
4275 1117
8707 6407
4331 3515
7896 8606
1809 9797
5353 2636
2068 8564
7043 4147
3764 4729
1238 7167
4917 4485
337 6379
3130 301
6379 2280
3665 5900
2841 6237
4504 32
5569 2062
5252 8286
4341 3139
2154 7797
9166 3239
7701 4239
2927 5899
1876 133
6147 6381
7134 5218
4498 9566
3438 9940
113 5814
410 2642
5872 2108
8624 4413
8643 4426
659 453
9889 1034
1705 6807
2346 3667
6893 7602
6826 8714
780 6569
7037 423
3903 2142
4630 7715
3527 3567
6806 8701
5434 2544
6879 5295
7786 8975
503 2703
5069 7338
8418 6831
4755 2765
9543 1798
4944 9214
5847 6374
5068 6665
5454 1100
8425 894
7979 9990
4741 954
3808 9828
3761 816
3846 5394
1047 3950
8631 5079
5436 7981
9349 1124
8909 1517
9459 3517
9206 2733
7371 4888
8300 3879
5524 7233
9435 458
2281 9783
1698 2778
2705 4533
6253 6033
5471 4897
9944 9518
1678 3156
2200 6488
413 3113
6493 9590
8959 3530
8539 9829
9462 8345
7382 6379
8920 1852
2942 7098
9265 8098
7386 658
6935 8146
540 7083
6402 3524
2488 3471
3498 5362
289 954
7526 461
5972 4543
562 245
7130 5195
7770 192
8342 9113
8507 3713
1471 9316
9571 916
9126 4562
9980 6416
294 7213
8929 9744
4218 3181
7153 4203
6491 6997
2640 662
7509 6439
693 6379
8193 1452
3563 9570
5106 7617
8839 1254
9590 9044
6007 2189
7848 6615
5801 8122
7883 6748
7979 2177
3276 7931
9622 1770
5103 153
245 4883
6922 8936
4285 1394
2705 6152
9514 7518
1773 1870
824 4784
9075 5570
6817 6570
7503 5683
3870 2283
6138 1349
9293 5481
8533 9839
187 9391
803 9343
2264 276
7168 2143
81 5532
7614 6669
6527 6114
4050 4948
653 1066
2711 1244
6972 3412
2677 8067
6620 4154
9051 6379
5984 6819
7408 2970
4408 8156
9374 7224
7028 5605
6436 6379
6639 7908
1331 9086
8361 8906
6567 6379
829 426
1898 4461
922 6291
2084 8424
8216 4945
4250 6079
3224 7720
9408 5654
5776 2311
2440 5639
4864 5968
5354 1914
1360 1441
399 7055
6523 122
589 3342
2404 6820
6379 9509
8453 3200
2379 9975
8553 9226
8089 7832
5724 560
7767 2315
535 5179
2633 7114
8033 9382
1250 9478
5853 1317
3094 1464
4860 6379
7513 352
6883 5833
991 4194
637 535
8346 7021
8468 4324
8328 6309
3098 6043
632 4306
8723 8245
6266 5905
7132 1591
5565 7927
2750 7214
8850 2697
2549 9952
6519 6691
2960 8876
5986 2119
1694 1945
7308 3696
6053 3817
6009 5822
7379 7642
1636 9205
1069 5432
9553 2982
5357 4677
6444 5870
8311 5372
6461 4135
7741 6175
6608 6802
1791 2997
7119 2685
4427 1834
5203 2114
2920 6227
1728 5213
5399 1697
2679 6080
5534 9013
4089 7964
2193 6879
3912 8502
1262 4810
4727 3185
592 8510
1987 5646
6199 9745
3380 4169
3454 8764
8842 9837
6197 6413
6693 2352
3146 2195
2739 3025
5136 3987
9637 8260
1188 4271
6379 9297
4109 4624
5750 7623
147 403
5576 7940
4895 4444
5277 1146
8719 5075
9499 5147
2562 7667
6217 3689
952 8359
1312 3326
1136 7450
9880 9866
8251 2701
57 5133
3810 9402
5604 8772
2396 8168
4817 2001
2598 1014
2849 6864
7857 8379
4641 3072
5132 32
1556 835
4153 8355
5894 2343
5827 6557
9491 6440
9098 3775
4474 7998
8837 3966
8753 6963
9195 5578
9585 959
2903 1984
3588 8913
3479 8274
9318 4554
6036 2286
8345 2768
6256 6442
6379 9921
134 5096
1531 3490
4489 6865
8388 8699
1611 5281
3954 9155
2351 3670
9001 2336
50 9008
9 4391
2035 9570
9556 6307
1965 7167
4217 2596
6379 6821
755 1011
9087 673
9938 5702
795 3706
2407 176
9335 185
6259 9365
6983 9726
503 5969
7382 5108
6733 3637
1284 373
3262 4966
3698 300
1933 7405
4898 4984
8748 8648
9737 3604
3695 6660
1003 2511
8495 9135
3806 2480
8512 8530
6336 9710
9961 7950
515 1923
9370 6379
6537 6393
2189 408
1054 6687
1583 4678
6674 2674
5815 2588
8648 1049
2257 3247
4664 8060
2393 7829
8998 5632
2214 3339
1500 4521
180 6646
437 1515
9715 7955
7105 2018
3419 8198
433 3237
6748 3846
252 2754
102 1487
660 4342
1657 3608
278 2626
7820 4679
3516 3686
7607 2371
6701 8888
378 7322
1239 2733
982 905
7689 8869
7529 816
608 1824
7333 7260
265 7804
3082 6379
9226 4476
5541 8048
9446 5647
6941 5440
5623 8827
7361 7587
1904 492
9300 2960
4606 5453
1908 7106
1304 5205
1499 7379
5343 1389
7309 7170
5367 6800
1398 6819
3236 5589
5712 131
7055 2361
8829 5470
8261 4635
2033 2597
5954 7236
1707 4133
7887 5428
1843 2820
381 6562
8107 3963
4384 7534
7162 7008
5380 6655
4266 261
1480 3685
6929 5201
5766 6156
1990 9637
4534 4521
6484 4469
4161 6995
4320 603
9575 1565
7926 4337
9516 6995
9661 8997
7271 7410
1584 4490
1949 4734
8872 922
8389 4179
4068 4160
6185 3357
316 7905
4278 7413
3552 3127
367 5180
4112 1196
8629 4978
8818 5530
1899 1513
1361 9899
3965 1852
2765 7403
5958 128
1553 3721
7830 3883
4033 826
6968 4331
6013 4132
3510 2964
1491 9083
4830 6642
4509 6120
7463 8998
1032 2654
6355 5059
6861 7014
2275 159
5652 6299
9646 3075
4584 6755
7419 2900
4144 1500
6379 8591
4117 4923
5714 4481
6194 7041
4055 4485
5705 6975
6838 6369
3319 9042
3871 4960
1197 9860
7545 3915
4909 9529
1704 2003
6231 9051
9175 7767
9985 2443
786 3419
3518 1797
3994 6077
5367 1221
5041 9029
4232 1077
5957 9669
1257 9010
4486 6511
4387 820
3417 9633
8323 1402
9251 3823
3891 6379
9550 9243
7468 7351
3122 7662
3426 13
531 2670
1257 6379
7353 4576
2929 8006
3339 8742
6579 4879
1720 6968
7360 3775
4708 5359
7270 6258
9671 9357
7753 7882
2173 5588
2780 148
6802 3065
5965 7159
5879 5580
9186 164
1939 1468
5586 9949
3968 4660
8509 8280
423 7790
4136 3906
8115 3652
9731 4485
8551 4035
5504 6919
3203 1289
7884 4514
917 9897
8696 7937
1024 9870
7917 1161
6084 9835
5620 1845
4164 2706
366 8744
7744 8995
7684 5328
316 6111
2262 7072
9365 4090
2555 8848
6991 5936
4711 2091
1983 7411
7091 6701
3374 9279
4309 710
16 5887
3386 4878
7656 4293
2464 8445
6635 8822
2258 5467
3072 7245
5485 6650
4031 981
5220 1837
3163 5179
6379 3711
1562 5797
4826 196
4596 9703
375 892
7883 1669
3767 3334
1555 1141
4293 8237
8581 1668
3363 1452
990 8465
353 3501
3120 4897
6262 1171
2086 8672
7844 9557
7843 8697
5299 5557
8336 1806
879 8782
6656 9841
3822 7058
8201 7633
6382 1876
7461 5168
5522 502
4442 5915
643 6292
525 5386
2009 5107
5672 7758
1585 1295
7236 2134
814 7681
4821 6815
7564 7904
2149 5831
2819 6890
3809 6909
6498 6379
5436 7061
5482 7984
5320 263
4043 9267
4649 987
9892 507
1567 5791
696 3681
4310 8732
2100 8437
6612 7149
280 3824
5173 5000
4916 7094
4965 3140
9683 1238
8577 2532
3970 3849
5428 4421
999 6379
2066 6349
9337 6379
3996 4348
1727 6174
9372 188
3516 4671
1160 2498
7215 5758
8872 3172
7563 1225
5846 6369
5936 6990
4768 3664
4025 5693
281 1078
6030 1048
5058 4959
4228 6073
8171 3746
3009 7716
1358 3254
9656 7574
1150 7917
5696 6611
1763 6559
1832 6393
6321 4588
1289 839
1604 1685
1741 8008
158 2889
4728 6822
7278 8339
7631 7215
7786 5501
6126 9515
2510 1816
7603 9047
3653 3525
8109 7734
9700 6723
3667 5515
9061 8237
2365 1677
4258 9322
2655 2399
7864 2643
6213 6688
221 9882
1310 2878
4627 1951
913 7758
2523 8688
4525 8774
9691 3603
6379 1235
5177 1854
6045 5576
4527 3712
4572 4547
4167 5126
4593 9876
1082 9231
5613 4556
3834 8021
1783 4229
263 5041
615 9574
8994 5499
8593 7924
1152 8119
5800 2132
6019 9049
6037 3060
5403 7624
1018 980
4722 2855
8176 8202
5864 9104
9586 9854
4835 7930
6698 6055
6967 94
5781 5579
359 5457
7772 3437
365 4784
2105 2937
7058 8241
3511 2271
9505 7010
822 3414
4516 9824
6626 9901
5511 9745
6548 658
842 8423
6124 1934
9701 4006
708 2772
3931 9924
7871 3210
855 7489
5070 5818
6516 5968
6957 2516
2787 8561
7410 2548
3683 517
5572 4945
127 9936
1711 3824
3278 1844
4969 8699
4205 8939
3964 1908
2293 4088
2180 7109
9877 5153
9293 114
4863 6226
5912 212
5350 9587
3174 4857
863 9410
8078 2585
4119 5670
7165 5057
4023 6920
5533 4566
4642 4129
9492 9996
6249 8328
585 2306
1262 4535
9602 9798
1987 6996
4979 7966
1956 5020
4825 6379
3773 943
5215 4676
9449 3336
1835 1780
2208 2981
1048 5355
4225 5024
8558 6920
2500 8016
3804 6379
2709 5659
1795 8785
2190 4396
685 1762
21 7703
9894 9824
9687 7143
1741 296
1722 6752
4701 8229
4618 6784
6702 2530
9084 7748
2289 9113
3158 1469
6958 5656
1419 6369
8228 2162
2437 7305
8722 3896
6849 4521
660 3660
7709 4790
1984 8204
6488 73
8568 2829
2604 5260
3611 568
358 809
1523 3850
508 6213
9862 7648
6945 4639
7054 8984
5733 6913
8864 1902
2571 8102
171 5144
3038 5685
7960 1475
5430 3613
2681 1029
5826 3747
3010 3342
672 753
9768 1635
9822 4034
8467 719
6466 4927
1007 9754
9049 3442
7425 1717
4991 2839
3683 7393
1288 6213
6203 8985
4003 4433
8938 789
5555 3613
4928 4136
8021 8578
9230 1074
2406 242
3142 7582
9654 2871
5802 631
5605 9276
8979 6379
1551 4941
2062 8239
9840 4430
8957 240
3091 323
858 8292
8788 5737
8720 7
2011 8684
3916 9788
9133 9578
8107 738
7010 3196
8576 6783
6145 8949
831 1638
6236 1693
3347 3680
1641 8766
5310 7900
5727 7100
2638 9190
1116 7340
8731 9520
3130 9681
3608 2881
4120 5584
4238 717
5537 438
6872 6688
8865 3792
3374 6032
5069 51
7474 1790
7399 5320
9675 947
584 5279
350 5462
3636 4592
8824 5283
6261 2558
9285 2691
7761 6965
9517 2959
5852 8679
1572 1721
4722 7459
2872 5652
693 7368
7029 319
1985 4001
5517 859
9594 5282
1340 7997
191 8023
7900 8578
388 5520
2289 7927
2091 5111
7152 125
7854 1460
4471 9456
7529 5430
8413 1350
8734 1917
6141 8248
2138 740
9593 9708
835 3814
7404 6749
9211 9686
9442 5596
3618 2200
1677 4173
9558 7738
9826 3891
6953 4139
470 7663
9987 8878
8971 3666
1228 6053
5714 9652
9784 6729
1726 5818
8819 6325
8131 3359
780 9095
445 6379
8856 5326
6379 8800
17 8906
116 454
3571 2740
5912 8062
8590 9442
1239 1506
5122 7169
3447 6448
5083 5645
9216 9583
9208 5796
2797 5007
9848 2694
3375 138
3037 944
2294 200
9637 94
6417 5564
5668 3807
7765 1953
9567 4202
7561 8551
7710 8646
7374 8041
772 5927
1851 2571
5784 4419
577 2025
3635 6844
6909 5609
1959 2818
2097 6552
192 3892
7011 2410
6170 3114
18 5781
2408 8767
4598 1878
8987 9347
861 7189
3356 2824
5079 6379
6144 8961
8349 3102
4656 5318
4864 2256
4610 3294
6355 3142
2332 6125
697 7055
2519 2403
5585 2993
5274 7889
5891 7908
2396 2820
2315 5867
6954 8281
845 9084
2229 3424
8074 186
818 7449
5666 1908
2031 228
3124 4771
7023 5377
1317 6713
8107 5808
3323 7496
2754 1255
5382 2288
3920 8196
3029 6277
2959 9148
5604 8844
1122 7350
728 7323
8027 8272
3372 1439
6379 8110
5437 5106
7993 768
3356 2564
1700 2845
6172 7377
6759 5117
4398 6081
369 3964
7717 6081
3084 217
6986 460
8323 3992
9182 1125
4312 7198
654 3089
3996 5929
2733 6355
3848 429
5409 6078
1646 4155
6676 1529
8254 1145
9037 3203
2395 3826
3729 5162
1711 4697
3381 5487
9060 8639
6658 7943
5066 1175
5986 1012
1362 5510
1782 5055
66 2172
7463 409
8280 7937
6107 9212
6158 5787
7476 9149
9909 7604
3107 1737
4953 1108
6950 9606
6817 1593
2801 3006
5352 4456
5380 4113
8373 2304
6385 5548
1474 5430
1898 2834
1379 6024
5654 8289
1534 9112
8602 1894
6099 3578
3158 7195
7440 3621
3414 458
7485 4955
4014 870
9720 4561
1538 1813
1301 5401
9318 8575
7347 7330
1139 6832
8740 7309
7172 7872
7957 8185
9042 2898
6292 2502
7772 8090
9717 714
3675 2227
809 7752
3718 7836
5695 6627
8595 9704
3613 1758
7933 4595
3046 5693
4535 4178
9105 6795
1138 6777
5487 6456
7690 3510
9727 7182
6057 2839
4033 30
6020 7553
3632 4563
423 2804
7910 9543
8820 7925
4748 3509
7330 9822
5420 5620
6107 3725
7297 5636
8485 3944
705 8734
5982 6511
8933 1088
4657 30
9533 197
6746 2221
6157 5907
6762 9876
9279 4206
4897 7769
2315 8921
9249 9354
4835 1340
8748 2567
5727 1363
3822 3751
5078 8303
2066 7289
962 5730
8911 3433
3017 1755
629 6379
3668 2719
1270 7865
9899 3172
4764 5897
8914 1205
3280 9982
9169 9399
9493 236
1871 1704
3625 8210
8183 8933
6639 5933
4763 833
3133 630
7369 2911
364 9798
6141 4476
990 2281
2479 2718
150 8287
5022 4970
1324 9803
3988 6379
6770 1189
7517 6746
3946 4284
287 2813
5390 6950
7994 8173
1485 727
9543 6432
9960 3930
72 7340
7188 3308
6379 9864
6920 687
4120 2130
2496 353
2829 622
3779 9413
320 9040
893 1820
4014 8530
6761 5423
2774 7166
3212 1545
2413 5931
8769 2575
3749 4843
9104 9716
505 3759
7548 9580
1924 1418
5008 2737
5041 6066
3491 2261
1621 1850
9485 485
4714 9351
7594 5156
2912 1596
8887 8980
3881 4907
6938 3082
9112 536
1774 4401
5098 9990
3842 9543
3177 4583
6252 276
6528 1517
2780 2739
7241 3279
9280 4567
5484 4087
8475 5082
9164 6168
9545 2649
6108 3079
2693 7364
879 2814
4228 3056
9818 5671
3753 2954
2124 6652
4526 8012
4900 3026
4419 5921
729 6345
9181 713
4200 5094
30 7658
1744 529
459 663
8042 475
9382 1001
4457 8686
8318 601
5017 6585
2046 1943
2329 2001
7978 7304
4132 7779
7254 5137
1115 7003
5502 7116
922 8911
4626 3696
7792 3932
557 6429
8281 4917
4316 5921
2539 7424
250 1175
5348 2839
5338 5269
431 3771
5404 5724
5876 2785
3763 8722
2781 4746
4403 6069
6870 8610
8930 4135
1930 3734
8839 541
9407 4415
2054 3013
9343 6502
2524 1236
2319 5552
1696 1166
4579 853
4893 4396
8232 1913
1824 6607
9978 8685
6517 4789
8579 7041
4861 7102
5431 752
9626 3885
2947 8715
5756 810
8976 442
7447 8919
4634 6132
6805 4859
4041 4524
8891 2704
6194 5149
7421 4260
1688 8285
9835 7189
6560 9872
3094 7160
3888 348
5821 7549
4303 717
4897 6147
8625 4524
8740 726
3355 757
7696 4726
7665 8611
8395 6962
1617 4583
9934 5026
4519 9217
688 4552
6963 2829
1819 6477
516 9578
9444 5449
8688 6429
2633 6006
2177 6137
2349 4793
4339 3129
8968 1819
9865 3578
5312 4326
9636 3093
2538 1212
8130 4586
8251 3963
7655 6136
276 2303
4726 4531
3025 6539
3539 6354
3925 8069
8965 7226
3088 914
8467 8580
9986 5244
2345 8927
7472 9144
7196 143
5308 7702
7963 5442
6408 3739
155 8281
8306 7490
6379 9514
8436 1602
7430 1789
8192 1497
1721 9612
3967 9339
2655 6740
9077 5593
5236 3037
7737 1162
1619 4977
3585 2318
6774 8295
8963 509
4750 1083
4534 332
2738 2877
638 9374
3178 6118
2642 9585
5346 5317
2192 9068
140 3427
2191 3076
6379 8336
2163 4969
7844 5887
4780 5992
6853 8081
2752 7360
3198 2822
7383 5083
4146 9408
2366 4283
198 135
4899 243
4202 6772
2539 1050
6379 957
819 6262
4814 344
1075 8599
4034 9690
6379 6659
3444 2598
7293 1628
244 3020
6557 7544
4081 6887
99 4131
2583 9470
2508 8275
3954 8583
3366 5120
2005 8871
1541 9422
7467 4268
7395 8788
608 8034
471 7788
9125 5193
6518 8735
4006 6737
6818 5365
9585 7758
3377 8097
9949 4950
4448 7125
554 6164
2346 619
1589 1592
8669 1744
5760 6512
233 2205
9146 8375
5 6797
3450 7336
938 2371
4816 5736
6465 4043
8403 2896
3389 6125
1492 3180
8306 879
3141 8012
6903 9843
2430 1378
9527 4647
7098 9211
7754 6708
2139 238
5498 2352
1445 2708
2620 6558
5796 8803
727 6634
6054 3424
3184 7607
9111 7528
7704 923
3868 2642
8080 7141
7011 4639
1285 4777
6882 79
3683 3914
171 1668
1044 8443
5605 5578
3451 1605
648 2116
5066 5787
4383 2931
7186 1227
5174 864
6379 7591
2534 5243
7840 7353
4383 8065
3656 1372
1311 5807
8806 6866
1631 2715
3073 7412
1617 9364
3963 911
6379 1759
1892 1936
1254 9810
1011 3281
3561 6207
7309 4877
6473 3561
8879 8276
4594 2718
362 1994
3476 1266
3917 1855
6379 7496
1967 7917
405 973
8449 9774
2972 955
7520 959
2257 7416
7105 7904
1276 2286
6994 4001
2377 5070
450 390
1998 8284
9007 7729
9419 4567
4898 1504
9313 674
3320 7342
2350 9665
2061 4386
588 3232
1297 501
9655 7360
5960 3616
4510 1091
8810 4368
5760 189
1736 5978
6796 2527
1597 9831
6379 9004
4034 9908
497 7862
3871 3945
3416 322
3116 1189
5855 7276
1018 5580
5893 540
7581 5623
7738 5365
6026 8747
1561 139
4738 2068
7740 4308
362 1549
5718 337
3409 8744
4603 8294
6826 260
8535 6085
6149 6785
5254 3504
5813 786
8744 8111
1039 9234
9311 5414
4895 2939
8653 9350
9995 8557
6558 5980
4010 5412
3427 7517
4189 1035
8943 9625
8302 1463
7698 5441
7470 3912
2977 709
7158 8989
6355 1452
7463 5293
461 5162
8063 2589
6666 3290
9182 1334
989 3806
9216 4270
4987 4824
8661 7301
7318 6132
7804 1643
1189 879
6778 1081
5969 5023
6904 5625
5278 8170
394 6621
2363 8001
6975 1715
2661 8115
635 494
4265 9159
6632 7002
3678 8038
4268 942
8288 3251
5041 4897
1898 7000
1961 2558
5243 5710
3115 2569
5438 8788
6590 3528
4177 8773
1697 1895
2057 4974
8604 1328
7020 1330
2775 35
1383 3919
7405 8326
3435 9409
22 3708
7066 9011
6785 4251
2671 3223
858 7593
3553 4434
2279 346
30 3209
937 9060
8485 2206
5696 1278
8180 6281
6969 5590
3892 8636
8454 230
5983 9090
112 1767
9435 5493
7725 1295
9397 3595
6080 1481
2460 6051
4771 963
7710 4700
4347 8299
5356 2719
7218 5534
3151 52
7205 7484
5088 9813
4628 9839
6042 3563
4112 923
6528 3581
8144 2890
6522 7821
9716 6459
4438 3877
3170 6391
3942 9512
4454 41
2628 9243
7902 318
8351 4179
6447 7719
2826 6990
9247 2771
6931 3080
4753 7187
8107 3199
9764 6258
8545 9341
6628 6842
3547 3934
4083 6736
525 8461
9128 433
2211 5677
183 1552
6218 8683
4780 8943
2440 6186
526 33
8974 730
1771 3220
3191 7645
2785 1866
455 9698
4691 5722
2494 6157
2977 2024
9018 7586
7096 4707
5792 7579
9246 6354
899 2998
988 4856
9809 5862
2031 5570
2106 5615
9699 2838
1801 9343
5605 1229
7992 1766
3145 5177
4912 9112
7632 8709
8783 4136
1457 6828
1826 2074
2692 2905
4945 3760
1951 1038
7165 3014
8376 7322
3055 1070
1362 855
2773 9635
7472 7248
5028 4240
26 7077
5412 2241
4740 3731
3611 8337
3995 2850
5064 3256
5066 3133
3746 6354
5643 3329
9245 1688
1974 220
8616 2556
5675 7962
5713 7099
8024 6028
4262 8671
6383 6848
4794 3770
5535 8387
8532 3796
5573 5577
404 362
2089 150
2582 1019
3367 6432
1853 6379
934 1071
4803 8823
7921 680
6379 6415
6150 2303
8756 8130
6379 507
6735 9145
1733 5246
5412 4779
9881 6719
295 6530
8795 5043
729 5007
4262 6929
6417 3496
946 9923
3786 5852
3411 9014
7359 7061
6995 7774
7543 8933
7707 1813
4131 271
6201 8190
3643 7203
6849 4241
9292 7937
468 8589
9245 2998
2576 6260
4033 4907
6038 3336
3512 2684
2188 6510
4655 1352
4462 9888
9543 1799
4628 2707
5360 4345
9971 9641
249 7210
4089 6105
5648 3469
1268 5002
4367 9584
4251 4448
9839 8825
1224 4490
5309 8608
2168 2805
43 4271
4486 3299
1982 3788
3687 6499
838 9458
8847 410
1862 7047
327 4082
2240 2795
7769 9089
9463 100
1080 8357
1885 2451
1439 6146
1245 7621
4650 9901
7027 9296
8104 7692
5877 9654
1678 5342
6379 1243
4923 2717
6379 7659
6542 6061
7173 2225
6055 6379
8805 548
7636 7731
8484 8858
8607 8290
7588 7509
5211 4193
7322 4899
7475 7257
786 9588
2128 159
3669 706
461 1375
4780 2203
8442 4066
1266 4613
6273 5812
5958 4219
1496 5198
375 8923
2863 4588
8213 8244
9226 8652
6271 5944
737 2865
8339 5766
5760 1527
5250 5858
5744 6043
6748 7979
4192 1220
7948 8084
6379 8345
2222 2389
6867 2876
6130 1668
1947 9563
8356 4914
3901 5838
3083 5314
7819 2594
7396 8754
469 7671
7442 5242
7200 5182
4994 328
1734 357
6138 9110
7012 8496
6428 6296
9956 9240
4550 8716
4651 5548
7449 514
6858 6175
6233 5294
8083 4407
6799 3191
7396 6521
8306 2012
8725 1353
808 406
2184 1822
6743 5556
377 7568
8492 5551
9207 276
9467 4945
6599 1295
4984 1547
3481 2471
7769 6030
571 125
3496 4078
3396 6925
1090 5995
1656 2759
2591 6841
760 4548
7964 7990
5460 358
4574 7078
2387 4599
1886 1187
9343 4279
3019 3073
505 5308
8608 9226
1964 6775
1028 9500
7816 4309
8504 8206
2315 2198
1799 1465
4876 3641
6087 3075
500 6913
7043 2907
5790 3498
8637 304
3544 8245
4252 290
3862 6963
5869 8489
4602 2132
8370 8259
1480 8383
1424 9768
7098 8643
3487 2176
1470 1936
830 5437
8800 1413
4326 8355
469 21
940 8032
803 6214
6323 4419
4751 5356
5515 165
6295 961
4510 4470
9780 6958
6235 294
6769 9487
1978 4709
9780 7623
176 8358
2623 9508
7833 138
2650 2035
9042 9332
2147 8354
9013 3269
350 2827
7467 7653
8725 1672
871 105
7421 7973
7943 1637
4198 8089
9783 1344
9647 3105
2335 6278
4108 2046
9895 5499
6352 3309
3155 9104
5189 758
5734 8263
4009 9500
5751 4735
917 4984
1514 1851
3203 1854
303 2296
9243 1960
9094 5920
5111 3716
2735 9624
5782 5923
3411 1907
6692 5410
1335 2744
8625 5409
1265 6379
1164 5461
2066 1009
780 5985
4377 3829
9353 871
7388 3589
8207 1144
9660 3387
9394 5610
3440 8274
615 9920
8411 7969
2155 7410
5059 2285
3170 4833
2224 9603
6221 9732
9960 607
9923 6268
670 2613
6772 4059
946 1002
5019 3137
6284 8873
8954 9004
8680 6564
1391 3262
4792 3183
4444 2957
4843 4859
4922 6917
7956 7695
3809 6291
9371 1812
6553 1119
6379 4440
3057 8798
2706 5894
9913 1685
930 3746
9640 931
8726 8953
4456 3200
4623 6849
5149 6041
1187 9881
2735 1194
3672 2709
2265 4743
168 9235
2230 4812
4895 1456
6112 5752
5304 1806
6633 1630
3325 5141
7435 1363
1790 7639
4891 7030
6392 8978
6379 6673
2222 657
518 7422
3987 5389
912 3658
3233 7901
4875 4419
5219 4885
912 6919
4967 8028
9580 9599
7916 1526
1666 2181
4511 6895
8230 5200
527 9871
2511 1662
2144 4704
4578 6813
6864 3408
1348 8481
2689 3026
9357 3822
4659 2726
8817 387
6385 2371
3129 5333
4180 4639
4718 7078
8004 8717
9025 1989
3577 1065
3962 4361
8984 1799
5206 8018
4049 5590
9367 4964
5350 2185
3457 8813
4441 5071
299 7402
2794 4183
2069 5849
7388 7049
6906 4872
2594 6489
6331 994
4237 3678
5486 941
6364 3614
6817 2759
6719 1429
6056 1089
2771 2392
8764 9145
8752 4955
1159 4395
986 6379
284 7340
2077 200
5594 7396
1738 6337
8713 9372
1319 5558
5873 2276
1110 5743
5179 4813
3178 5458
9591 3275
1805 4345
936 3743
5199 5820
1703 1086
8990 5485
3395 8998
2489 7297
556 8093
6379 5189
5495 8090
9275 1821
3676 4112
5227 3163
7758 5732
391 7334
2182 4491
3650 2701
1587 9214
6038 6991
6652 1556
2488 3535
5059 6835
2556 7697
716 3756
723 2379
1440 448
6379 6631
711 4287
5393 8559
2278 3642
1724 6265
7325 3357
1323 1137
2669 8434
6994 9623
9649 7522
4939 7486
1303 435
3484 2373
4328 6464
8201 7204
457 8989
3591 3792
2098 433
8903 1916
8714 7077
4417 4405
1618 8294
6336 6834
1808 4959
1633 6094
6501 1439
1772 6433
9487 9191
3497 6379
9059 2973
2838 1989
4537 708
1503 4990
8650 8521
9858 2861
2167 7039
6264 5354
1733 5399
9859 953
9725 1627
3831 207
1200 5162
781 3073
2624 8163
5474 3493
52 4003
1345 5566
1900 3803
6816 8304
3724 8312
7683 1142
6778 4770
9103 6895
3226 4730
8505 850
3342 3509
6698 6272
4817 6001
4889 37
761 4062
5914 4630
657 6578
9414 4127
3845 6536
2290 6359
5307 6394
4555 9519
382 1874
5324 7439
2480 2293
9333 7215
3973 1942
7438 1111
4602 3540
7346 5543
3604 8598
7521 2425
2341 5228
1060 3335
8658 1568
7227 1922
3737 4433
144 9355
7341 2210
5255 1422
1543 6296
3500 8001
2808 6127
6542 8456
7825 9168
7869 254
5477 5031
5946 8793
5782 1706
4370 294
7159 3123
6143 661
6944 6896
6639 6850
9364 3757
800 5307
2125 912
913 5621
4693 1504
9192 8339
2346 8382
5587 6865
3464 72
9338 7157
1661 45
5314 6601
8773 6379
5816 978
7033 5562
1417 2548
9650 546
3427 6122
1188 6400
3028 7212
7991 4467
9142 7325
8918 5790
9776 699
1306 2075
3375 3154
1223 3715
8197 5341
5955 4264
6719 7033
3054 1083
1076 5237
1734 9596
6351 8624
5747 4231
3193 3702
7316 6312
8228 9163
6379 3731
4284 8988
1024 3154
7650 1897
621 5544
7600 209
4695 83
599 6474
9392 5666
1175 1096
512 6778
2771 5513
4255 6841
2087 7917
3080 8885
3286 5576
1803 6623
2759 3032
968 5557
376 4548
3165 2070
4371 6688
6136 2497
6150 8854
3854 2334
4472 8069
5304 9031
4285 1153
6315 6034
5551 3250
8188 7925
7226 9061
1557 4071
5778 5509
1562 1109
292 8711
8878 5156
3961 7946
2899 4828
875 9047
6357 475
3508 4220
7167 3056
1385 3899
5583 4137
2525 8927
6734 2504
9476 6474
6499 912
6997 3941
2355 5178
972 8500
6735 4600
4139 1757
5931 175
9210 8468
6210 6839
4829 9460
9338 5867
2093 1080
9440 8314
4086 3139
6919 3705
9574 4555
5464 5790
6006 7375
4842 8665
794 4989
7042 5012
5201 7729
4726 6846
3145 4118
1278 9039
5052 5335
7075 295
5761 8545
5285 3996
4736 7571
9306 7850
0 9494
4164 3313
7015 3795
6379 7254
1091 9551
6666 4542
3912 4148
2855 809
6329 8689
9937 4587
4503 690
3470 547
8912 9518
7182 1204
4701 6783
1130 2738
6757 1423
9791 7308
449 7588
5873 6040
4244 2743
2267 6433
7235 2482
8299 1576
5136 6843
3149 4513
7091 2367
4963 9662
9281 5033
4913 2353
6620 529
9768 5867
4178 4931
8135 3207
6792 7464
3421 4895
109 9977
7848 6379
1382 5809
1414 8829
1294 1684
3263 971
1926 836
3538 2001
7533 9922
678 1305
8842 2859
1757 497
7979 9942
6847 4308
2664 7712
2686 4146
3156 2107
9062 5216
8257 2641
1986 2455
5015 2916
9491 959
3051 7306
4896 6730
283 765
8834 9942
1169 718
9049 7961
2555 1291
8122 4787
7310 2064
809 1027
9921 5215
1599 3034
3274 5903
116 7398
862 8645
4230 5548
844 4402
7393 7033
7308 5799
826 6026
4161 4559
2827 2589
8731 7162
7732 1356
167 771
1102 6379
8794 8464
1355 3385
7784 323
5006 2713
255 8263
1055 9968
3573 2751
9936 3529
8423 2884
7131 1600
2351 1879
3128 2210
9850 7597
8546 18
9613 8862
9896 6710
7512 7295
7618 5531
6186 1
3045 7370
7600 8482
6605 626
2507 6363
644 3631
5364 2725
9985 9049
3738 5825
5208 1885
4393 2374
7113 1929
998 3126
6817 6843
2923 7134
268 9272
8015 8342
3606 3168
3719 5293
2017 2911
9237 6421
9442 6723
9615 8838
8334 4832
5871 8049
1319 2847
7607 593
3273 9601
6379 9294
2140 1677
8247 6480
7920 576
7073 6986
5340 556
2177 3191
4858 567
4031 6379
6065 5950
6500 9607
5294 4264
220 2415
4962 1283
4515 9196
5449 4116
2237 5603
3339 6169
5082 6487
9780 2025
3739 9902
476 1420
4033 7098
7408 888
7324 2058
2912 8415
8445 4281
9070 7593
8022 7671
7287 296
1019 9261
9770 3586
5914 5041
1493 7056
4462 1942
2741 438
4296 5742
7726 1523
9037 2423
9082 852
8858 5688
1403 5102
294 3270
9818 2562
4897 5285
4939 1275
955 2696
3257 9917
6426 6992
3339 3513
4190 3689
9113 2706
3216 2642
9549 4601
9616 1800
8751 1743
7504 6942
1928 4808
5366 959
1947 3689
8617 7240
7440 1853
6281 4388
115 4756
5512 7916
3105 1458
4741 4900
2268 375
9513 265
474 5693
6736 5900
1358 4442
7247 8324
2784 9097
8797 7141
1865 2002
5343 8586
2041 2448
7204 2019
5637 3717
1087 2120
2400 2163
1012 7735
168 6712
2053 6080
6680 639
1349 6690
3399 3118
2255 1642
3383 2511
6606 5364
6008 2577
4003 9022
5278 2288
9702 857
1566 7367
258 1729
348 9000
85 84
6379 1160
7507 8829
6068 7957
6233 854
9546 9165
1254 6486
9367 2877
3403 153
5158 584
4695 7378
6233 2948
4975 9485
4856 384
9577 6971
5979 432
331 3766
6379 9742
6379 2708
4588 5951
71 3907
8790 4949
6379 3694
5776 3901
2303 9931
9623 1066
9360 6349
2638 5091
1181 3846
1267 744
6926 9658
3937 8028
4806 8933
7851 7475
6379 9385
981 7282
5747 7092
9123 311
6817 8682
9196 7393
2816 3238
3684 3552
4166 7291
5507 937
1303 8524
9408 6256
2641 7082
3157 7982
3382 753
283 1346
1729 2151
8595 7258
6586 68
1181 7713
639 9481
1248 8812
1901 6765
6478 1239
2507 8712
1765 6890
3291 4859
4809 5414
8516 1519
6574 1943
3511 327
6745 8168
6379 3713
4920 8082
7096 1455
5585 4514
5807 7424
4972 6216
9477 5659
7805 4729
9231 7914
2298 533
9383 6583
2857 6717
2619 5252
7874 3933
1298 1546
848 7461
593 6225
9852 9540
323 71
1016 4088
1199 7417
3460 458
1899 7757
757 5368
6560 8753
4804 9970
3057 3186
1607 1996
9718 3089
3269 883
192 7163
7284 9224
8240 4419
7651 6923
5116 6419
3497 1590
2607 2091
7154 1266
3194 4575
960 534
6379 6401
9506 8055
7044 3366
6107 5861
5233 5620
2059 9036
9956 6159
1668 3117
5054 1858
8565 8019
6405 6379
706 1951
1776 1445
3565 148
2018 8778
6807 6243
6887 4014
7249 5241
2047 2126
9470 2548
2239 1846
8463 6159
2622 6062
3846 5488
4446 4039
9441 3606
7553 9611
2109 3266
4117 2356
5892 8999
3094 7967
9189 2608
6397 5300
4987 1305
2635 1925
5624 4585
2492 7226
3042 1727
2859 1110
9841 9593
9115 4933
6094 4816
7333 7868
5208 8910
6790 6628
4221 6399
3690 2875
3003 5538
9447 9627
5920 1312
5945 435
2466 4858
7548 3587
7171 2501
2683 3283
4627 8209
23 2949
793 5407
1385 2407
4819 6986
6466 5262
8410 3541
4984 935
9317 1735
3300 7587
3391 865
6145 1698
705 7179
6025 4429
9765 9215
1625 6972
7276 6279
8302 6926
3485 1546
1895 4186
1665 7369
7065 1182
3361 4747
9840 44
8314 3914
9834 9938
3088 4105
1433 5813
2364 2651
2958 8534
561 4532
9676 3306
7105 7345
1715 2935
8361 2488
4165 8243
2188 8295
4904 6447
1898 5674
8051 9143
8386 5853
3837 7057
2633 311
4568 7172
8677 5136
5078 7376
8753 9558
6379 7438
7953 6928
5097 9515
2711 1675
8169 2939
3380 4947
2796 5090
9013 8705
8840 6534
42 5068
88 6665
6379 5044
3438 315
1497 3251
5522 8072
4713 1761
8620 8379
7443 4376
382 2786
2034 6466
8250 1633
4334 5911
2592 5039
756 1554
3212 9183
7122 1092
370 3122
586 982
1927 3120
1222 4001
5212 9870
22 5045
5206 2767
1151 5025
5143 2125
9925 1668
7402 2325
3818 5844
4388 9102
7872 654
1848 6754
9964 3379
1288 6931
7579 1336
1345 4038
9479 8072
8830 1703
8263 355
464 3448
7898 6240
2268 795
2504 2360
668 763
2251 5697
903 1922
3566 4158
4716 4883
2682 2132
8299 4419
7740 3617
2492 9233
3717 1575
6742 1408
213 6912
5070 2126
3889 6449
5356 2992
274 3198
3961 4473
5615 2103
4795 3736
9516 2045
6939 4452
4692 2916
6635 702
540 6768
3786 7197
6318 9217
476 4285
9984 8222
9107 3677
649 1522
3775 3656
1442 5262
155 2788
8725 631
9798 9432
2642 6510
2022 777
2855 9061
9462 4527
4809 803
9428 7916
4796 876
5434 4887
7959 3248
3023 276
5882 5063
3084 15
3109 1012
2268 1533
4507 339
1168 7279
3655 6363
5488 2710
1437 9239
7807 7277
6046 5647
8813 6308
25 2373
5248 3307
3715 2934
