9999 9998 451541989841553271 2169 4
1253 1379
1379 6634
2807 1379
7826 1379
5505 3284
1379 4938
1838 8415
1379 8018
9123 1379
182 282
571 1379
4897 9862
1379 5820
3567 8335
1379 8300
4687 1379
9431 1379
1379 4660
1379 5801
6960 1379
1379 3947
9754 1379
1379 6554
6606 1379
6290 1379
2765 3209
9728 5977
1379 1006
7349 1379
1379 340
5540 1379
5525 1379
1379 4958
1379 5398
1379 4642
2046 1379
1379 8132
2592 1379
1379 7738
4665 1379
1379 3217
6754 1379
4600 1611
9332 1379
1379 8360
7668 1379
1379 4816
1372 1379
1581 7919
1379 7884
255 1379
408 1379
1379 6677
5252 1379
1379 7428
1379 3438
7292 1379
5111 1379
8524 1379
1379 1622
1379 891
5268 1970
1209 1379
5446 1379
6153 1379
7850 1379
2516 1109
1379 1489
1379 6970
1282 1379
1379 7339
1379 7914
8496 1379
3333 1379
4481 1379
4620 1379
1379 7920
4374 1379
2601 1379
4716 1379
3594 1013
9249 1379
1379 5567
1379 3913
4661 1379
1379 6794
1379 1690
7451 1379
4110 1379
1379 4120
1039 1379
5794 1495
5081 8300
8133 1379
2111 1379
1379 6740
6342 1379
1379 3139
7815 1379
1379 8540
5841 1379
3864 7360
4177 8690
7397 1379
1379 6691
2334 1379
4016 1379
5930 1379
1319 6106
1379 940
8857 1379
8389 1379
1379 5667
4952 1379
1379 3846
1379 6921
9702 1379
6327 5031
3191 1379
1379 3966
84 6216
1379 6945
1379 2511
8927 1379
1379 6306
4104 1379
1483 5852
3347 1379
1379 5768
1346 1379
1379 6159
187 1379
1379 3694
3531 1379
1379 595
1379 2931
7412 1379
1379 7810
1379 5016
9170 1379
1379 6364
2739 1379
605 1379
6147 1379
4771 3365
1379 3047
2803 1379
2064 1379
1379 364
7808 1379
2616 1379
1379 9326
844 8244
578 8592
1379 9913
9331 6211
6735 1379
1379 677
1473 1379
1379 5203
6233 2671
3390 1379
1379 4879
3361 1379
1379 539
1379 223
1379 8375
1379 5371
1379 7548
1353 1379
1379 6322
3348 1379
1379 4803
1986 1379
2275 1379
1379 3470
8883 1379
8218 6479
2792 1379
1379 7042
1379 484
5837 1379
1379 728
1049 1379
3764 1379
8169 240
1379 5523
7567 1379
1379 2330
3889 3624
1379 1323
7759 1379
1732 7676
2152 1379
8426 1379
1379 9869
2456 862
7846 1379
23 1379
4130 7916
7942 1379
6223 1379
1921 1379
711 1379
8827 1379
9002 1379
1379 6381
1761 1379
1035 1379
5936 1379
3259 1379
4805 1379
1379 3050
564 1379
1379 3001
1379 7404
6451 1379
6178 1379
6148 1379
7046 1379
1379 8658
236 7716
1379 3875
5672 7013
1943 1379
3193 1379
9777 1379
1379 1194
8973 1379
958 1379
1379 7928
1379 6966
6926 1379
1379 7629
6389 1379
1379 2001
7100 1379
1379 9844
1548 1379
9078 9054
4892 1379
1379 6120
7921 1379
1379 9057
2829 1379
2508 1379
7245 1379
1379 7316
8012 1379
1379 2919
1379 7027
1379 5254
1379 7585
1897 1379
1304 2932
1379 54
1379 1309
7896 1379
5418 1791
4184 1379
1379 4406
1560 1379
138 1379
5925 1379
8010 1379
1379 1362
1379 8330
1379 5967
1379 3793
1379 279
7296 3397
4663 1379
3358 2811
7391 1379
1379 3869
1379 6899
3109 1379
6243 1379
5903 1379
7530 1379
3641 1379
6205 1379
5094 1379
4125 1379
1379 1775
1379 9281
9579 1379
7561 541
3621 1385
3683 1379
1379 4085
7764 1379
9370 1379
5206 1379
1379 6789
1379 8745
3042 407
1379 3427
1379 9047
1379 603
1379 1681
9916 1379
1379 1776
1053 1379
9071 220
896 9518
2740 1379
6951 1379
1970 3396
2225 1379
7566 1379
1233 1379
1379 4693
1379 5901
4430 1379
1379 7315
294 1379
8565 7916
1379 3766
1379 4417
7635 1379
1379 5721
7779 8087
2323 1379
1379 241
1379 7871
8065 1379
1379 9247
1379 2771
6980 1379
285 1379
3716 1379
9853 1379
5830 1379
1379 9254
1054 1379
1379 4439
1379 2448
3040 1379
8439 1379
1379 6601
5934 1379
3887 1379
1379 1019
9455 1379
8906 5389
8814 1379
193 1379
1379 2353
1379 1123
1379 1868
1379 1695
1379 1601
7789 1379
9701 1379
4351 1379
6901 3137
1379 5275
1379 8901
4923 1379
1529 1379
8499 1379
3954 1379
1379 3997
1379 8991
5958 1379
6581 1379
29 1379
1379 8423
1379 2877
1379 4783
4486 1349
2309 1379
8000 1379
9617 1379
7841 1379
1379 5204
8555 1379
6029 1979
1379 9238
1379 4278
9668 1379
1379 4568
1379 8837
1379 3710
7317 4866
288 1379
7643 1379
1379 8475
1379 1698
2244 1379
1379 5599
6079 1379
72 1379
1379 6991
1379 4017
1379 7978
5421 6134
1379 2455
1379 7121
3459 1379
4937 1379
8150 1379
1379 265
1379 5286
5476 1379
1379 4296
1980 1379
4183 1379
5399 4532
4963 1379
1379 9753
1379 1045
6387 1379
1584 1379
1379 9698
3395 1379
1379 5726
1379 7485
158 1379
1379 8154
1379 549
4872 5899
6516 1379
1379 792
1379 4668
2067 1379
1379 434
1379 4768
2228 1379
1379 5722
830 1480
7688 1379
1379 4679
1379 9173
7098 1379
1379 8003
1379 5618
1379 6555
1379 9371
1379 6090
1379 4145
7110 1379
1379 2868
9574 3410
1379 874
1379 1912
4591 1379
6136 1379
7120 1379
1379 4920
1379 662
1379 2517
2025 5490
1379 7985
9072 1379
1963 1379
3051 4552
4011 1379
1379 6583
1379 4570
3386 6908
1379 9501
1379 8206
1379 742
1379 1933
7575 1379
9097 1379
1379 684
1379 5624
1379 1734
1379 8895
6338 1379
1379 9837
1379 970
1379 8624
2435 1379
8509 8126
5613 1379
8258 1379
8243 1379
891 9461
1379 1803
1379 1512
6890 1379
8894 1379
6203 1379
1379 1374
1379 4959
5474 1379
6369 1379
1379 354
5705 1379
9062 1550
1379 1405
1379 9241
4024 1379
7775 1379
3290 2749
8295 1379
1379 5612
5164 9000
1379 8680
2397 1379
1379 8778
1379 5504
1379 528
1379 3305
2794 1379
9070 1379
6603 1379
8799 4791
2073 1379
5012 1379
1379 15
1379 7705
9020 1379
5571 1379
3256 5835
1379 4063
1379 4246
8900 1379
1379 9328
1379 8670
1379 3638
6681 1379
2341 1379
8859 1379
1379 8450
1379 7490
1379 3957
4253 1379
2940 1379
1379 7081
5811 9568
1379 6801
4643 1379
1379 6408
7358 1379
1854 1379
1379 4237
7960 6889
9888 1379
1379 2317
9197 1379
5334 1379
1379 3573
6059 1379
1379 2441
1379 6532
1360 9430
1379 4221
1379 6831
5579 1379
6562 1379
1379 2094
3992 1379
5243 1379
5928 1379
9040 1379
2607 1379
4723 1379
4330 1379
1379 3718
7520 1379
4357 1379
674 8018
1295 7824
2302 1379
1379 3787
1379 2079
4582 1379
1379 7613
4050 1379
1379 736
7057 1379
1379 2505
1379 5867
3677 1379
1379 7769
1379 9605
7096 1379
1379 1121
1074 6930
1379 380
3842 1379
1379 8537
1379 8413
1379 1704
1379 1164
1379 3499
1379 4049
1379 663
7493 1379
1379 8860
1379 5406
1379 7386
6547 1379
418 1379
1379 4360
1379 9189
1379 9036
9554 1379
1379 9339
6934 1379
1379 4868
2439 1379
1379 8800
6626 1379
2078 1379
641 1379
1379 4946
1379 5578
1379 2488
1379 7700
2398 9508
4393 1379
1379 3808
1379 877
5947 1379
1379 3444
1379 4647
9362 1379
2579 1379
1379 5569
1379 2469
6732 1379
1379 7207
1407 1379
4216 9909
8436 1379
1379 9279
1379 7751
7218 1379
1379 6092
796 1379
1379 3458
1379 2775
1379 3678
1379 9802
6565 1379
1379 3785
1379 658
1379 7158
6183 1379
2351 1379
1379 2615
2920 38
1379 1759
1973 1379
1379 5106
1379 4918
6580 7390
7756 1379
6500 1379
8197 6462
1379 1762
2381 4493
7533 1379
1379 8138
1379 7307
7496 1379
9022 1379
4141 3020
7925 1379
1379 9616
8174 1379
1379 6365
3981 1379
967 1379
1156 1379
9179 1379
1379 9757
1379 6870
2915 1379
1379 5507
6774 1379
3633 1379
1379 2132
1379 4227
5756 1987
4283 1379
1379 2800
1379 9683
5404 1379
6804 1379
7300 1379
403 1379
1379 4433
1379 1535
1379 2895
9100 1379
1379 146
1379 453
8618 1379
424 1379
1379 6173
1379 9502
1379 7265
1379 8584
9499 12
4989 1379
3484 6911
1379 7459
7478 1379
7552 2325
7812 1379
1379 2756
1379 3962
1379 5375
5267 1379
9061 9050
7505 1379
7490 6320
2727 1379
1379 210
863 1379
1379 3297
2284 1379
1379 6840
436 3798
1379 6218
2087 1379
7437 1379
5846 7897
1379 2251
8589 1379
9341 1379
6383 1379
1379 7078
4835 1379
1379 3482
13 1379
1379 9512
1379 1505
1379 6131
1379 4598
1379 9786
850 939
4424 1379
1157 1379
1379 9695
1379 6361
1379 834
1379 1815
6692 3397
9720 1379
1379 8929
4781 1379
1379 3956
1379 1443
4032 1379
1379 1929
2356 1379
1379 8655
8843 1379
9726 1379
188 4770
963 1379
2510 1379
7491 1379
3775 1379
7916 1379
9137 1379
1379 9139
76 1379
9784 1379
6063 1379
2529 1379
1379 1186
1702 4624
4688 1379
1379 3262
1379 9756
8891 1379
6385 1379
8718 1379
7208 1379
7402 1379
2024 1379
1379 9347
7229 1304
6573 1379
7581 3400
5151 1978
1379 9435
5887 1379
1379 4567
1379 9150
3949 1379
1379 9275
1379 8904
98 7971
1379 5802
8275 1379
6698 1379
1379 8502
9316 1379
5385 1379
5172 8237
5428 1379
3418 1379
409 1379
1379 7909
5089 1379
1379 3365
1379 253
1379 6004
9030 3463
5128 1379
7244 1379
1379 1364
1379 5493
1671 1379
1379 7215
1379 7709
1379 9183
1379 6642
1951 1379
1379 4990
1379 3513
1379 6860
1379 3696
1379 8162
1379 5445
218 1379
7885 1379
1379 7465
1379 9997
1252 1379
6535 1379
1379 1203
4885 1379
1379 8358
8246 1953
1379 3826
4485 1379
1379 8731
1379 3207
1379 488
1379 9111
1379 7279
1379 7623
8967 6551
1379 7595
1379 7135
3473 3671
1379 5148
1379 2805
7664 1379
1379 4833
1379 9729
1379 443
2945 1908
1379 65
3741 1379
449 1379
1379 2051
1379 3222
1379 7609
1379 8643
1379 5478
1379 3337
1379 1493
1379 6366
1379 2935
4114 1379
6443 1379
1379 2231
1379 3707
415 1379
1379 6715
2604 1379
1379 7261
7488 1379
1379 9781
5840 9568
6402 1379
1379 7384
2388 1379
7752 1379
6179 4118
1379 4208
7373 1379
1379 5335
9232 1434
1379 6174
6403 8013
1379 4127
1379 312
1379 2663
2371 1379
1379 5635
9886 1379
1379 2617
1379 1523
7457 1379
1379 9104
3285 1379
1379 3272
1379 4030
9890 1379
9707 1379
3309 1379
2549 1379
1379 9929
1379 7941
1379 7702
5877 1379
1379 3968
1391 598
5421 1379
9855 3601
6428 1379
8014 1239
1379 6703
2520 1379
1379 3180
1379 3961
1379 3584
570 1379
1379 3911
1379 6066
1379 4745
4557 1379
1379 6107
5066 1379
271 1379
3051 404
1744 1379
6165 1379
1379 9535
1379 3243
1379 460
1379 3131
7234 9083
9725 1379
3674 1379
4883 1379
5699 1379
1379 7902
8652 1379
4922 1379
941 1379
5444 1379
1474 1379
858 1379
2405 2072
1379 4099
1379 734
1379 9042
1379 9995
1379 396
4140 1379
9333 1379
7991 3279
1379 6380
2131 1379
8661 6284
8568 1379
5080 1379
7831 675
9980 1379
1379 4341
1272 6904
1379 6139
9822 1379
1379 5915
1379 3342
1379 2029
4354 1379
8671 1379
1379 2695
1379 3424
1379 6286
1379 3146
1379 2900
1379 7243
689 1379
1379 5441
5108 1379
8464 1379
6067 1379
7416 1379
9708 1379
8826 1379
1379 901
1379 6130
1228 5174
1379 4228
1379 8322
571 5980
1379 2194
1379 1023
1379 5127
1379 2009
4541 1379
1379 6653
1379 5455
3063 1379
6563 1379
1379 9024
707 1379
7131 1379
1379 246
1379 5387
1379 4804
1379 297
1379 6648
1379 7353
1379 4489
768 1379
1379 9215
1379 8194
8881 1379
1379 1846
8082 1379
7392 1379
9874 1379
1379 7745
1379 9273
9240 1379
3738 812
5755 1379
1379 9885
1379 1531
649 1379
8333 1379
1379 1390
6848 6054
3150 1379
6713 330
5234 1379
1379 5922
6937 1379
1379 5412
1379 6904
746 1379
1802 1379
1379 9951
1379 7770
4040 1379
8208 1379
1379 2258
9779 7597
1379 5907
569 1379
6784 6236
1379 5362
2966 1379
6407 1379
7996 1379
1379 496
1379 4426
1379 6452
9604 1379
1379 6072
8020 1379
1379 7535
1626 1379
1379 9229
1672 1379
1379 3673
3882 1379
534 1379
7473 1379
1379 9634
1379 9232
1379 8761
4976 9051
1379 4991
1379 2168
1580 1379
3670 1379
1379 3843
7299 1379
822 1379
9202 1379
4015 1479
1379 1142
929 1379
3131 2735
1379 7468
2761 1379
1379 3640
1379 3244
4827 1379
1741 1379
1379 8368
9038 9250
1379 2776
630 1379
1379 1029
1379 1922
1379 3701
1379 3585
8822 5416
1379 5037
209 1379
1379 8428
3744 4340
7880 1379
1379 4315
4041 1379
1379 8696
9932 1379
4852 1379
1319 1379
2704 1379
2903 1379
9714 1379
1379 7571
1379 5543
4238 1379
620 1379
1379 657
1379 8632
1379 1612
1379 2372
1593 1379
9023 1379
1379 5192
3326 1379
39 1379
3355 1379
1379 8749
1379 5281
5051 2236
688 1379
90 5171
7631 4997
1379 2036
9503 1379
6836 1379
2558 1379
542 1379
4146 1379
7950 1379
232 1379
4822 1379
9623 1379
1379 7426
4962 1379
1379 4915
6266 4071
1379 7185
9537 1379
1379 2749
9436 1379
8192 1379
1395 1379
1638 1379
1379 7829
1379 3575
1379 6142
4162 1379
8763 1379
8769 1379
1379 914
9014 1379
5244 1379
1379 5471
6394 1510
1379 2308
1697 1379
5617 1379
1379 8644
780 7787
3251 1379
7538 1379
6800 1379
1379 8182
3198 4144
5563 1379
1379 6935
2713 1379
5025 412
9000 1379
3605 1379
1379 8607
1379 8123
2039 1379
6373 1379
1379 5535
2219 1379
8261 1379
1379 1705
7780 1379
8671 8868
1379 4982
948 1379
1379 6924
1379 2606
1379 1366
2013 1379
1379 650
1222 1379
9796 3297
8634 1379
1379 602
1379 8
1379 9078
9631 1379
9760 1379
5670 1379
1379 5794
4537 1379
5973 7316
9692 1379
1379 6503
4984 1379
1379 2893
8826 7394
1322 8817
7573 1379
4947 1379
1379 30
9172 1379
4019 1379
1379 9434
9971 1379
7442 1379
6062 1379
946 2034
8618 7610
1379 5299
1379 329
8148 1379
1379 7886
1379 3781
6796 1379
1379 629
1379 3645
9713 1379
1379 5913
1379 5706
1324 1379
1270 1379
1379 3124
1379 2412
1379 8314
8533 4444
1379 1791
1379 1059
4708 1379
1379 2543
83 1379
1379 9169
6652 6317
9859 1379
3018 2673
1795 1379
3850 7414
1379 2220
4225 4599
1379 832
7563 1379
1379 2521
7302 1379
1379 1588
5495 1379
7252 3336
1379 6181
8220 1786
5857 1379
1379 7856
7522 1379
1514 1379
6765 3304
1379 9292
665 7146
1379 3761
1379 7340
1379 4631
1379 6238
3381 1379
1379 4112
6423 1379
8248 1379
1379 7888
2873 7499
7015 1379
1379 6533
1379 6636
417 1379
1379 7008
1379 1294
8702 8377
1379 7821
384 1379
1379 1886
3801 1379
619 1379
1379 4469
6888 5276
8598 1379
3188 1379
1379 8724
1379 7603
5701 1379
1379 9136
7123 1585
1379 1774
3358 1379
2958 1379
9009 1379
1379 1476
4408 1379
1015 1379
5233 1379
1379 2911
8044 1379
5998 1379
1379 320
1379 8957
1914 1379
3726 1379
1379 6492
6557 1379
307 1379
8015 1379
1379 6595
1379 1291
201 6706
3543 1379
1379 4696
1379 3115
8907 1379
1379 2971
2495 1379
1379 8167
1379 1855
1379 1709
1379 3359
7262 1379
355 1379
3751 4149
1379 875
5839 1379
5330 1379
4528 1379
1379 5144
1379 9924
6641 4311
2869 1379
1024 1379
8667 1379
1379 7399
1379 301
1379 8604
8256 1379
1379 2686
4709 1379
7693 1379
1379 5675
8005 1379
3964 1379
1379 7419
962 1379
1379 1077
2331 1379
1379 9894
1379 6809
306 1379
1379 382
3798 1379
5326 1379
1379 4829
9064 1379
5357 1379
1379 4759
1379 8007
1379 7104
7140 1379
6630 1379
4007 1379
1379 8495
1379 6786
1379 8620
238 1379
1379 3521
1379 2135
8798 1379
1825 1379
190 1379
1379 6258
8635 1379
1379 1925
660 1379
1379 565
1379 692
1379 3824
1379 3627
3620 1379
1379 4136
1379 9368
4936 1379
8534 1379
5434 3020
1379 5487
1379 1906
1379 8612
4774 1379
1379 1141
7765 1379
1379 6661
1379 3349
8155 1379
802 1379
1602 1379
7590 1379
1379 7124
5333 6725
1379 6542
6728 1379
8602 1379
5238 1379
1379 1417
8321 1379
8418 1379
1379 1987
1565 1122
1379 5711
4615 1379
1379 4306
2360 1379
3102 1379
1379 6526
1379 2821
1379 9286
1379 6787
4156 1379
1379 1069
1379 9403
906 1379
5258 1379
1379 8780
8789 1379
1379 3702
3616 1379
4690 1379
3599 1379
7549 1379
1379 5707
9227 1379
1379 8947
4750 1379
1379 3595
9299 3435
123 1379
1379 3084
6956 1379
8681 3332
1379 3592
1379 7931
1379 4349
1379 2080
1379 3340
1379 997
1379 6838
1078 1379
9299 1379
1379 6830
8081 1379
3476 1379
1379 6741
4392 3461
1379 3753
6171 1379
1379 1869
1379 6619
1379 489
841 1379
7560 1379
6136 7836
1379 766
5804 1379
1379 5158
4739 1379
1379 9312
1379 6058
185 9052
1379 5637
1379 2612
3566 1379
5327 1379
1379 1768
1465 4489
7350 1379
6920 9608
1379 2450
1379 815
5169 1379
5115 1379
5489 8326
7955 8337
6012 5310
1379 5693
1379 9769
2151 7470
1456 7267
1379 2105
1379 9833
1379 8869
1379 8127
3984 1379
1379 7744
1379 6524
5311 1379
9414 1379
3878 7945
6549 1379
9444 1379
2101 1167
1379 7901
1379 1125
1379 1448
1985 1379
1379 4126
1379 7333
3352 1379
7775 7289
1379 8583
1379 1135
5220 1379
694 1379
143 8386
1379 4377
5538 1379
6772 4368
9318 9160
9765 1379
6879 1379
2248 1379
1379 7020
1379 4475
5083 1379
9220 1379
1379 2987
1379 670
1379 2383
7927 2021
5265 1379
1379 899
5534 1379
1379 3189
9906 1379
4507 1379
1379 9609
5499 1379
3158 1379
1379 6116
1804 1379
1379 9675
1379 7550
1379 2411
9177 1379
1379 886
6574 1379
7432 8080
3734 1379
1379 2343
9127 1379
8866 3396
1379 5810
9646 7982
2336 1379
1379 7727
1379 1036
9306 1379
2635 1379
1379 1418
8294 1379
6042 3735
8913 1379
6544 1379
7642 1903
1108 1379
1379 7509
3142 1379
7176 1379
1379 9029
3951 1379
1379 1104
9766 1379
4138 5611
7257 1379
3087 1379
1379 1000
2190 1379
5731 1379
1379 8075
9569 1379
6858 1379
1379 2998
1379 3021
1379 5095
1379 2305
1379 7586
1379 4909
5050 1379
1379 6895
1379 3719
783 4901
1318 8551
1379 3035
1379 1829
582 1379
1379 1541
1379 683
1379 7382
1379 7735
1379 2342
1379 2921
1379 3703
1379 362
4863 1379
9914 1379
8619 1379
4698 1379
1379 9381
3844 7762
9551 1379
2134 1379
1379 6082
1379 9948
1379 9006
1379 6021
1379 9671
1379 7063
2825 1379
442 1379
1379 1193
1379 4777
3901 1379
7181 1379
1379 8266
1379 1498
2066 1379
1932 1379
5289 1379
1628 1379
1557 1379
8596 1379
4724 1379
3725 1379
1379 3912
3895 1379
1379 2500
1379 4012
2681 1379
1379 3430
1379 53
1379 182
4256 1379
6340 1379
1379 5028
1379 3841
2415 1379
1379 4288
1379 7129
9038 1119
1379 540
1379 5642
4782 1379
1379 799
1379 121
1379 3651
1175 1379
7521 1379
5776 1379
8037 1379
7147 1379
5049 1379
8305 1379
1379 7142
7032 3286
1379 4346
9507 1379
6052 7550
5625 1379
1379 1722
8515 1379
1379 7037
7894 1379
1658 1379
1379 1371
1379 6852
1379 3255
1379 8992
8445 1379
7435 1379
1379 3639
8345 6259
3368 4483
1379 2541
1379 8383
8002 9016
2310 1379
1379 7596
4876 1379
6137 1379
1597 1379
8689 1379
5046 1379
1379 5758
296 1379
1379 3211
2942 1915
5005 1379
1379 5228
5470 1379
1379 9505
1379 7211
1379 7357
8386 7326
965 1379
1379 3153
1379 1016
1379 8788
1379 9175
5096 1379
1379 1315
6403 1379
1379 5602
1379 6374
1379 9260
1379 7860
8310 1379
7671 2271
2540 1379
7634 1379
1379 1558
1379 8118
8312 1379
9675 4538
1379 3927
2904 1379
9638 1379
6577 1379
2712 1379
1379 2630
3668 1379
6470 1379
3720 2840
1379 9584
5074 1379
1379 1596
930 1379
1379 1318
7913 1379
9212 1379
1218 1379
1379 735
4886 1379
305 1379
1379 8892
1787 1379
6152 1379
1379 5770
468 1379
3754 1379
1379 3576
9226 1379
1379 4309
9223 1379
9155 1379
6077 1379
1379 4729
1379 1823
1345 9105
6482 1379
1379 2034
1379 3731
1794 9364
4585 1379
450 1379
5259 1379
6717 1379
3713 1217
1379 9478
1379 9724
1379 8755
1379 1431
9151 1379
651 1379
1379 7864
1379 826
1242 1379
4444 1379
1379 1723
1379 521
4987 1379
5854 1379
1379 7030
1379 4487
6466 1379
1379 6111
1379 6304
9290 1379
6239 1379
1379 6826
1379 152
1379 280
6909 1379
1379 6011
2203 1379
1379 8097
8747 1379
2242 1379
1379 8659
1379 9562
6733 1379
1379 2817
1379 5035
3292 2287
9533 1379
1379 221
4539 1379
9539 1379
8204 1379
9552 1379
8532 1379
1379 5526
82 1379
1379 284
4942 1379
5888 1379
4831 1379
1379 3503
1379 2726
8470 6859
2221 1379
8829 1379
2981 1379
3832 6313
2318 3274
1379 9277
7540 1379
5424 9262
5160 1379
494 1379
7507 1379
8169 1379
1379 2741
6766 1379
8448 1379
4846 1379
1379 5415
1379 3866
4812 1379
1379 3302
4866 3591
1379 3097
4395 1379
4453 1379
1379 4499
7377 1379
9522 3639
1379 1687
1379 7774
1379 4737
7636 7531
7554 1379
1379 397
1379 7922
304 1379
1379 5544
2843 1379
1379 8563
1379 7844
1379 6102
9586 1379
1379 1352
1666 1379
1853 1379
1379 696
3000 1379
6400 1379
4486 1916
1379 2618
1379 7159
1379 7323
1379 6917
1224 1379
4224 1379
8915 1379
6649 1379
1379 4206
8954 1379
8897 305
1379 1702
1379 1777
7425 1379
4919 1379
1379 5719
1379 6393
1379 6969
1379 3557
3888 9119
1379 1432
9626 1379
1379 7464
1379 1905
4839 1379
1379 5681
1379 132
8105 1379
9075 1379
1379 1254
1379 5577
8177 1379
9471 1379
8514 1379
1379 4695
1379 7255
4189 1379
1379 4640
1379 888
27 1379
1379 5405
1379 2661
1379 8388
1379 3563
3652 6357
1513 1379
1379 1338
1379 9954
2756 2174
2442 4212
7220 1487
756 1379
3294 5655
8561 1379
8113 1379
1379 9121
1379 2144
5603 1304
3728 1379
1379 5550
1939 8423
8787 1379
4877 1379
7656 1379
8297 1379
1379 996
1379 8651
3401 1379
3338 1379
9071 3120
1379 8984
1379 9648
9128 373
1379 7080
1871 1379
5668 1379
1379 9887
8638 1379
1661 1379
7088 2458
1379 3041
1379 6318
1379 8621
1379 3517
5091 1379
3479 8937
9510 1379
7266 1379
8741 1379
1379 5549
543 1379
1379 1494
2554 7501
8572 1379
1379 3807
1379 1159
5961 1379
3649 1379
491 1379
1379 8806
1379 8442
4925 3167
1379 8822
6430 1379
5102 1379
1379 1389
4796 1379
2032 1379
1379 1182
1379 9426
1379 9142
6570 1379
3580 1379
1379 3832
2060 9371
7011 9050
1379 474
4720 1379
1379 3437
1379 3107
1379 2091
1090 1379
9543 1379
1379 7479
1459 2248
8336 1270
5943 1379
1942 1379
5225 1379
1379 4046
9457 1379
8520 1379
1949 1379
4572 1379
8909 1379
1379 35
1379 8738
8547 3556
1379 8603
2065 6379
1379 4595
541 1379
1379 490
1379 3126
6887 1379
1379 7974
1379 1396
1379 440
1379 3147
7203 1379
2391 1379
1379 6110
1379 5530
3005 1379
4219 1379
1379 5904
1379 4332
752 1379
1379 6391
1379 2809
2788 1379
1379 8980
1379 4578
7543 1379
1379 5527
1379 2092
2698 1379
6618 1379
1379 4727
9871 1379
1379 8402
5414 1379
5506 1379
9103 1379
1379 9746
1379 6778
1379 2689
9613 1379
5570 1379
7060 1379
1379 7983
1379 95
3508 1379
8850 1379
383 1379
6208 1379
1379 7641
1379 8966
5833 1379
9365 1379
1379 7462
8231 1379
1379 599
1379 8579
3010 1379
1379 7199
1379 5767
1379 5971
5337 1379
6233 1379
2277 1379
5483 1379
8539 1379
8862 5456
1379 6406
784 9563
3301 1379
1379 1981
1379 3877
5561 7554
1379 9480
1379 5077
628 1379
1379 2507
7194 1379
1379 8039
3782 1379
7198 1379
8688 1379
8060 1379
1379 1749
3391 1379
1379 4201
9257 1379
1307 1379
2772 1642
5118 3067
1379 2408
1379 9928
1379 322
1379 8190
4249 4612
1379 5130
6850 1379
9153 1379
1379 6054
7489 1379
138 4293
1379 6020
450 5831
4464 1379
1379 2557
344 1379
9016 1379
1379 2703
4064 1379
2711 1379
1379 8709
1379 116
1379 7695
6180 1379
9466 1379
5490 1379
1497 1379
1379 8454
1379 1617
1379 6958
5645 3644
9582 438
3588 1379
4292 8663
1379 5729
4651 1379
6202 1379
1379 4037
1379 8988
6425 1379
3523 1379
1379 9710
5038 1379
6105 1379
14 1379
4501 1379
1379 5683
6275 1379
1379 87
3373 1379
1379 6545
1184 1379
1379 6014
1248 1379
1379 8193
9923 1379
1379 8610
1674 7987
1379 4272
1379 8311
1379 9283
5200 1379
1660 1351
4838 1379
3364 1379
1379 3571
6128 1379
1379 8273
1379 7387
5524 1379
2145 1820
6783 1379
1379 6587
5195 3453
1379 2669
1379 6388
4405 1379
553 1379
6292 1379
1379 168
1379 7409
2303 8668
1379 5927
9021 1379
1379 710
1379 7788
1010 8568
509 1379
1379 9334
853 1379
1379 8854
974 1379
6489 1379
6623 1379
1379 8052
1379 4926
1379 1836
1379 8928
1379 1916
3637 1379
3565 1379
1379 1420
1379 5174
1379 648
8099 1379
1379 6150
9871 8938
9602 1379
1379 2424
8447 1379
7285 1379
1379 4517
1204 1379
1379 4404
1379 778
4003 763
1379 9246
1379 6553
1379 7525
1379 8022
2582 1379
1379 3777
1379 4043
2349 1379
74 1379
1379 907
1379 4950
5625 5694
1379 4328
1379 3080
991 1379
4080 1379
1379 5824
1379 1073
6559 243
8943 1379
8474 1379
2752 1379
7255 4331
1379 7605
1379 9939
889 7869
4054 1379
5878 1379
1767 1379
6065 1379
1379 2470
793 1379
1379 2730
1379 4073
7903 1379
3515 1379
6419 1379
2516 1379
1733 1379
8346 1379
8079 1379
62 9247
1379 4932
9557 1379
1379 4382
9693 1379
3810 1379
1379 2481
2861 1379
1379 5291
444 1379
517 1379
3554 1379
1379 1503
1379 2063
6333 1379
7344 1379
1379 5651
9748 1379
6352 1379
1379 6382
4139 6362
8179 1379
4092 1379
5557 1379
286 1379
3538 1379
2550 1379
1379 2425
5285 1379
1379 3502
7943 1379
1379 2705
2146 1379
1997 1379
1379 9889
8743 1379
1379 5272
845 1379
1379 1188
1379 4069
4543 1379
7082 1379
1379 5278
1379 4329
1379 7934
1379 2572
1379 5950
1421 1379
2957 1379
1379 8631
1379 270
1379 947
8062 4538
8059 1379
1379 1481
1379 8813
9182 1379
6812 5830
1379 6196
5966 1379
9504 5502
1379 8124
5133 1379
1379 9615
1379 7242
3511 1379
1379 9973
1379 5632
1379 1650
639 1379
1379 3282
1379 7787
2229 8921
1379 3970
3199 1379
9994 1379
1379 6337
1379 7551
1379 7025
5317 1379
8152 4816
9793 1379
7819 1379
6672 1379
1379 1192
1379 3068
1379 4132
475 1379
1379 5614
1379 6358
1379 3960
4200 1379
1778 1379
7089 1379
1379 1165
6495 1379
7835 1379
3752 1379
9204 1379
9298 1379
2668 1379
1379 5384
1379 4862
1379 6936
1582 1379
2650 5663
8855 1379
1379 4472
9320 1398
1379 3296
1379 3432
4051 1379
9261 1379
9534 1379
8173 2525
7792 1379
1379 6445
1379 8664
1379 5201
1379 3839
4475 4972
5343 1379
1379 3449
7604 1379
9982 6877
1379 506
1379 7410
6898 1379
1379 2197
1379 1041
1379 6676
1379 7982
2185 1379
1379 7119
1118 1379
6947 1379
1379 7369
1379 7006
1379 7311
2714 1379
3339 1379
3648 1379
8580 15
1379 4165
7137 1379
6514 1379
1379 3281
8171 1379
1379 2922
1379 2438
5781 1379
328 1379
1379 6460
7445 1379
2143 1379
4710 8776
9694 1379
3360 1379
7586 9096
7454 1379
537 8786
1379 6839
1379 9627
1379 347
1379 5803
1422 1712
1379 8064
5993 1379
7915 1379
9814 1379
1379 2785
1379 7162
1379 2367
1379 4762
1379 7329
4993 1379
5198 1379
1379 423
5454 1379
1379 9639
6544 5006
4976 1379
1379 5479
1379 4715
2205 1379
4685 1379
8839 1379
8252 1379
1379 2083
5018 1379
1379 1960
4477 1379
1379 5676
1379 3238
4678 1379
1379 3586
1379 9618
2881 7930
1379 8501
1379 9688
811 3676
1379 6718
1379 1654
5510 6534
1379 4465
1379 8229
1379 248
6528 1379
1379 455
1379 7016
5986 1379
435 1379
4766 1379
1379 7997
1379 1003
1379 8466
1379 3582
1379 6480
1379 8122
1379 5893
1379 4391
8056 1379
800 1379
1379 2645
1746 1379
8846 8032
1379 6807
3312 1379
5253 1379
1379 8531
1379 1284
8074 1379
1379 290
1379 5122
9130 1379
1379 3769
1462 1379
1379 6993
1379 3154
3818 1379
1379 5537
1379 1645
1379 8566
9314 1928
1379 5329
9274 1379
1379 1606
2223 9240
1379 1902
1379 884
2721 1379
1326 1379
1379 6622
7418 1379
1379 2902
1379 1243
5516 1379
7146 1379
1379 7085
1379 357
1379 2366
9166 1379
8277 1379
1379 2806
9587 1379
2790 1379
1379 2262
1379 5048
1379 5940
7107 1379
1379 1241
9976 1379
2169 1379
5647 1379
4355 1379
1379 9498
4400 1379
3034 3426
1302 8694
4785 1379
8686 1379
371 1379
1379 8955
8762 1379
1379 3491
7948 1379
1379 5653
7498 1379
1379 1769
1379 9838
1379 2530
1379 7842
1653 1379
3809 1379
5985 3408
263 1379
1379 2552
1379 2368
1379 2403
1379 9565
8324 1379
9411 1379
6398 1379
1379 2677
9483 1379
5163 1379
1379 4881
1379 2465
2859 1379
1544 1379
1379 9580
222 1379
2551 1379
9960 1379
1379 2989
636 1379
1199 1379
1379 8027
1379 4240
1379 1789
7053 1379
1379 5965
2427 1379
9641 1379
1379 295
882 1379
211 1379
6638 1379
216 6101
5283 1379
5990 1379
8614 1379
1379 9733
9955 1379
596 1379
587 1379
1379 7099
5152 1379
817 1379
5420 1379
1379 8628
6305 1379
9965 1379
4746 1379
743 1379
5138 5241
1379 4004
1379 5785
1379 6198
8811 3310
1379 5645
5113 1379
0 1379
2854 1379
6827 1379
8795 1379
8488 1379
8733 2685
5934 3608
1379 4174
8136 1379
5042 1379
9373 1379
1379 7703
1379 8354
1379 5531
1379 9352
9430 1379
1379 2180
9730 1379
2913 1379
6923 1379
4797 1379
1379 6897
2497 1379
1379 1818
9592 9030
1379 8103
6472 1379
1379 7385
1379 7704
1470 1379
4865 1379
3541 1379
6039 1379
5847 5294
8835 1379
1379 3055
1663 1379
5713 1379
6157 1379
1177 5776
1379 9600
1379 664
1379 5463
6835 1379
1379 8536
4356 1379
1379 3493
1379 6371
5698 1379
1379 4047
9088 1379
5895 1379
1379 2882
1379 10
1379 5779
3695 1379
1720 1379
1379 2348
3166 1379
7062 1506
1664 9883
3773 1379
1379 6633
1641 1379
6450 1379
1379 1893
8338 1379
162 1379
1379 7075
4520 1379
1379 6273
1379 8306
4116 1379
1379 6036
1379 9941
1379 2556
1379 406
2352 1379
1379 2842
7802 1379
9307 1379
9712 1379
5933 1379
1379 5987
1379 850
1917 1379
1379 2273
1094 1379
1379 1350
572 1379
2553 1379
1379 730
7472 9788
1515 1379
9354 1379
4945 1379
8184 1379
1379 6610
4247 1379
1379 8260
6552 1379
6129 1379
3758 1379
5308 1379
1379 8331
6186 2467
3876 1379
6446 1379
1379 917
4592 1379
6974 1379
4367 1379
1379 4318
6438 1379
1379 9761
5388 1379
3034 1379
1379 8485
9832 1379
1379 4498
335 1379
1379 7274
140 7331
5316 1379
1379 9456
6200 701
1379 5211
1379 8226
1379 7251
3085 1379
6781 1379
6502 1379
1379 447
9479 1379
4581 1379
1379 3202
1379 4028
1379 8893
1379 6847
1379 6249
1379 4008
1379 556
8916 1379
1379 8636
4836 5222
3487 1379
5142 1379
421 1379
5868 1379
4831 9367
7777 1379
4147 1379
1665 1379
2181 6031
4013 1379
4243 1379
5292 1379
4340 1379
6368 1379
9083 4854
1379 2758
1379 8824
1379 9148
9421 1379
1379 5353
1379 6987
8945 1379
638 1379
1379 4859
1379 1796
1379 7277
1520 4284
6643 1379
1379 8706
2542 1379
1379 3043
9752 1379
1379 8672
1379 9187
7970 1379
1379 9152
9990 1379
1379 7708
1379 731
7018 1379
7330 1379
1379 386
1379 6100
5071 8408
1379 6939
7109 1379
9882 1379
4010 1379
4753 1379
7555 1379
1379 9785
9063 739
1379 791
2052 1379
392 1379
1379 8343
1379 9066
9349 1379
5795 1379
1379 7621
1379 9336
1379 5782
1379 8886
4828 1379
1379 40
9330 1379
1379 3336
8936 1919
1379 7061
8845 3820
5621 1379
1379 3946
301 242
4935 1379
1379 4141
1683 1379
2422 1379
1379 1152
1379 2781
1379 723
8357 1379
1379 1797
1379 932
1379 7645
9296 9128
2925 1379
6433 1379
1379 5532
1379 6845
9706 1379
5426 8887
2316 1379
1379 8657
7647 1379
1379 1225
1379 983
2014 3525
1379 4847
1379 7439
8366 1379
1379 5763
1379 9351
1379 6013
1693 1379
5296 1379
1379 659
1379 8455
1379 3692
3512 1379
5215 1379
1379 6903
1379 1087
9831 1379
8932 1379
1379 7979
8722 1379
5104 1379
3664 1379
2249 1379
1379 8396
1379 2315
1379 2720
5136 1379
4627 7879
1379 3963
5396 1379
1379 8494
1379 846
8014 1379
1379 4097
1379 3077
118 1379
1379 1397
1379 6978
1379 577
1379 6688
1379 5697
4449 1379
1268 1379
319 7041
6941 1379
1379 6929
6115 1379
5457 1379
6145 1379
1379 8451
1197 1379
1379 3993
5519 1379
1379 3973
1379 669
1379 786
2588 1379
5908 1379
6213 1379
9703 1379
8676 1379
1379 6043
3983 1379
411 9710
473 1379
1379 1103
1379 8084
1379 6795
2480 1379
1379 8393
9447 1379
1379 6758
1379 6925
9263 1379
1379 8203
1379 3110
8962 1379
1379 3915
9310 1983
4455 1379
6437 1379
7754 1379
6301 1379
8253 7590
1379 9745
1379 9055
1379 7544
1379 7660
3874 1379
1379 8933
1379 9441
429 1379
1379 5565
1074 1379
427 1379
9482 1379
5451 1379
1379 4436
1083 1379
1379 2472
5765 1379
1379 4479
1379 8298
8057 5605
4066 1379
5426 1379
1379 1415
6267 1379
8729 1379
9385 1379
1379 6488
1379 8461
1379 5772
1379 7813
1379 9620
5024 1379
6426 1379
7237 1379
6277 1379
1379 4639
4003 1379
1379 1487
7069 1379
1379 3739
8656 1379
1379 1800
1379 4482
4773 1379
1379 8380
1379 9612
4691 1379
1379 5661
1379 7212
1379 3007
1379 3923
7954 1379
1379 7169
4343 1379
6755 1379
5687 1379
1379 1226
5735 1379
1379 2479
7569 1379
4667 1379
5138 1379
9335 1379
7918 1379
2917 1379
1379 3473
8009 1379
4361 1379
1379 3216
1379 7937
1379 2573
1379 7684
1379 8842
4657 1379
277 3198
9865 1379
2326 1819
1379 6230
1379 131
512 1379
1379 9192
9200 1379
4425 1379
7503 1379
5850 1379
1379 9450
702 9956
6453 1379
2380 1379
1379 2109
9665 1379
2745 1379
1379 4555
6298 6494
2416 1379
1510 1379
1379 5262
7807 1379
881 1379
7662 1379
1379 174
1379 698
8353 1379
1379 4820
1379 1455
1379 3658
8453 1379
8764 1379
1379 7600
3770 1379
1379 7628
4167 1379
1379 4551
1379 4917
2706 1379
1379 3497
4281 1379
1379 4090
1120 1379
1379 8008
1379 8910
1379 8815
1379 3606
1379 8972
1379 6990
1379 3921
1467 1379
1536 1379
6616 1379
1379 4902
1379 6161
1379 6512
1379 8176
1379 4352
1379 6837
6965 9719
8821 1379
2890 2599
6527 1379
3117 2885
2031 2234
1379 4070
2462 1379
8331 2953
1379 581
9039 1379
1379 2201
2514 617
2280 1379
1379 5906
1379 6604
7133 1379
5974 1379
3076 1379
6167 1566
1379 8832
1379 823
6779 1379
1379 2638
3402 1379
1379 96
1379 2082
7184 6762
1379 3932
1379 2504
7039 1379
1379 8125
2359 8267
1379 6241
1379 3598
5748 1379
1379 8504
1379 3596
3284 1379
1379 1831
1379 978
9506 1379
1185 1379
5349 1379
971 1379
1379 8373
5662 1379
4220 1379
2327 1379
1379 4898
1379 3246
8019 7576
1379 6280
1379 2344
1379 9058
1379 3328
1379 5338
1379 2114
1379 1032
1379 767
9060 1379
6080 1379
1379 1999
1379 8641
1379 2012
1379 2214
1379 5380
1379 7883
4416 1379
1379 9598
2490 1379
1379 5424
6461 5677
1379 8425
6504 1379
1379 8459
8108 1379
1379 4899
3277 1379
1379 6055
1633 1379
8120 1379
504 8348
6169 1379
190 9467
1379 6347
9682 1379
2923 1379
1379 4137
5216 1379
1379 1988
2049 1379
1379 2148
5730 2345
1335 1379
1379 7911
1379 4556
1379 2154
5121 1379
1379 8090
2909 1379
1379 7156
1379 1743
1379 655
31 1379
1379 8784
1379 5944
1379 6734
7853 1379
1379 9384
1134 1379
3795 1379
308 1379
1379 5597
1881 1379
1379 402
5284 1379
3642 1379
6383 4458
1379 1079
1379 5862
1379 9048
1173 1379
1379 451
1379 720
7152 1379
2332 1379
1379 7773
1379 5834
4158 1379
1379 2102
8809 1379
1379 2178
6886 1379
1611 3737
1379 3619
1379 806
9487 1379
1379 6748
4550 1379
9568 1379
1379 3075
9176 1379
1379 1528
1379 6328
1379 8281
8158 1379
1539 1379
6598 1379
4373 1379
1269 1379
6731 1379
7839 1379
1379 7952
1379 2268
1379 2475
1379 2566
8509 1379
2421 1379
1379 45
4954 1379
1379 5608
1379 8522
5657 1379
1379 1278
461 1379
1379 2503
5088 1379
1379 976
1379 5546
1379 9828
1379 1406
3528 1379
9571 1379
3727 1379
1379 1424
1676 3818
6031 1379
1379 4491
4264 1379
5858 1379
9495 1379
7400 1379
1379 646
1379 2734
1379 6508
4333 1379
5239 3442
7132 2753
1379 9596
2456 1379
3330 8615
3852 1379
7043 1379
1379 9107
1379 5938
1379 6943
4637 1379
469 1379
4287 8078
1379 7040
6755 3320
6666 1379
1379 2326
2879 1379
2891 1379
1379 201
1298 1379
1379 8552
3023 8956
1379 5992
1379 8384
1379 1044
1379 6864
1195 6701
7174 1379
1379 3461
3372 4721
1297 1379
36 1379
3853 1379
6985 8239
4205 1379
9393 1379
4521 1379
5365 1379
264 1379
1379 715
1379 8141
5105 1379
1379 1793
969 1379
7421 1379
1379 2451
6404 1379
192 1379
1379 6262
7296 1379
1379 2649
3505 8398
1379 5896
1379 224
1379 3628
1379 559
4113 1379
4907 6940
405 1379
5603 6927
1379 4748
1614 1379
4206 7064
1379 6861
1379 8576
9681 1379
1379 5298
1379 2846
2200 9198
898 1379
1379 7532
6459 1379
1379 3370
1379 1021
1379 7083
7580 1379
1379 7734
3995 1379
9028 1379
1379 931
1379 3629
1379 8803
2289 1379
9490 4027
7114 1379
8372 1379
7256 3608
4186 1379
2603 1379
1379 9514
1379 5222
1379 2924
1379 795
3681 1379
2589 9669
1379 8417
1379 3091
4929 1379
5069 1233
1379 1178
1379 7798
3099 1379
6108 1379
1379 7741
3748 1379
1211 1379
1379 8143
1379 2300
994 1379
1379 9357
1379 4851
9486 1379
8159 1379
479 1379
1379 1414
7433 1379
1379 7944
2464 1379
8064 5041
9484 2142
1379 1469
2463 1379
4795 1379
9452 1379
1379 8091
5917 1379
8252 326
1379 8175
1379 2554
1379 8505
2188 1379
1379 757
7953 1379
1379 6865
2509 1379
5169 9392
9904 1379
6119 1379
1379 4619
871 1605
1379 2873
1379 9896
1379 4419
1379 2593
3494 1379
1293 1379
2943 1379
6866 1379
1379 5920
1379 6707
9553 1379
1379 9253
1844 1379
3229 1379
6550 1379
6586 1379
1379 1017
961 1379
2651 1379
8749 2347
8139 9969
1379 8889
7073 1379
4103 1379
1379 1410
3757 1379
1379 7306
1379 5109
1379 3376
1096 9772
9221 1379
7583 1379
1379 7017
7452 1379
3804 1379
1379 2733
1379 6222
1379 2229
8478 1379
5981 2499
3451 9902
1379 6972
1379 3905
1379 3819
1379 3972
5306 2124
1379 7863
8556 1379
1379 9094
1379 8016
1379 3331
2044 1379
3051 1379
2571 1379
4822 3185
2021 1379
1379 49
1379 7077
6994 2746
1379 8970
1379 3287
6124 1379
127 1379
1283 1379
1379 9504
1379 1952
4034 1379
1379 3771
1688 1379
8507 1379
4301 1379
5313 1379
1834 7990
9913 7975
1379 9877
1379 7904
1379 410
4412 1379
690 1379
2738 1379
7106 1379
9624 1379
1379 4707
9742 1379
1379 9322
1379 1033
1694 1379
1379 125
1379 8397
8497 1379
1379 8871
1379 1904
113 1379
9035 1379
1379 5304
1379 6541
6094 1379
9397 1379
4144 5809
1144 1379
8112 1379
1379 9011
1379 4801
2699 1379
9700 1379
1379 4494
6726 1379
8011 1616
1379 9857
1379 7515
3691 1379
61 1379
706 1379
1379 2594
1379 4018
1379 6881
1379 7832
1310 1379
1379 8307
8498 1379
1977 1379
8351 1379
8974 1379
5013 8514
1379 9297
4882 1379
1764 1379
1379 2812
1379 1757
1379 5798
2255 1379
1379 3220
5070 1379
7722 1379
1379 3416
1379 1093
100 1379
814 1379
1379 3031
1379 5477
2679 1379
4856 1379
3219 1379
1379 369
5027 1379
7854 1379
4544 1379
8047 1379
5588 1379
1379 8550
1379 749
1767 3379
1379 6663
1379 3240
2395 1379
1379 6127
6046 1379
2883 1379
1379 2056
9374 1379
401 1379
1379 4154
8746 1379
1379 2016
1379 8398
1379 4248
1379 9550
6112 1379
1379 3215
6854 1379
1259 1379
2301 1379
2628 1379
1379 9593
2148 1124
892 1379
1379 9233
3732 8335
5631 1379
1379 4616
1379 3698
1379 228
3093 1379
59 1379
1379 4381
3965 1379
5750 5242
4300 1379
4144 4326
1126 1379
1379 3790
1379 9095
6341 1379
9416 1379
4363 1379
1379 2646
1379 6440
212 1379
8235 1379
1379 6942
5900 1379
184 1379
6141 1379
1379 1941
1379 1931
9422 1379
1379 502
1379 6815
3990 1379
1379 365
2375 1379
1100 1379
5503 1379
5865 1379
9463 1379
1379 1559
1379 8432
597 1379
5968 1379
3017 4823
1379 2796
4061 1379
1379 8271
1379 1944
1379 7612
1379 1947
2237 1379
1379 2589
501 1379
1379 188
1379 1325
2880 9742
1379 9594
1644 1379
2350 1379
4813 1379
9462 1379
128 502
1379 3799
1328 1379
9661 4670
1106 2895
5403 1379
9186 1379
7414 1379
1230 1379
7554 7482
4545 4353
6584 1379
7868 1379
9458 1379
175 1379
3192 1379
4786 151
1613 1379
6160 3286
1379 2291
6467 1379
1379 336
1379 2165
1756 1379
177 788
1379 6511
8487 1379
6576 1379
1379 3410
3171 1379
1379 9614
1063 1379
1379 3179
1379 9633
624 1379
4459 1379
5180 1379
1379 1866
1379 7511
3488 1379
1098 1379
1379 920
1379 7818
7578 1379
3880 1379
1379 7929
6417 8995
1379 9015
1379 618
5695 1379
5339 1379
8768 1379
632 1379
5346 1379
1739 1379
9251 1379
936 1379
8587 1379
7740 1379
3454 1379
1379 3172
7070 1379
2898 1379
1379 9751
5945 4749
9975 1379
1379 8885
7297 1379
678 1379
1379 1587
8590 1379
1379 1429
1379 2793
1379 9974
4044 3587
1379 4107
1379 6436
9530 1379
431 1379
1379 2976
498 1379
1379 1373
1379 6195
9541 1379
1379 7440
1379 5323
1527 1379
3003 1379
1379 7859
9280 1379
1379 2784
7958 1379
8781 1379
3239 1379
9705 1379
6556 1379
4943 1379
1379 9949
6264 1379
1379 3914
7673 9182
1379 4609
1379 9815
8849 1379
9114 9032
3133 1379
1379 5700
1516 1379
281 1379
1379 2321
1379 6811
1379 567
3385 1379
4192 1379
776 1379
1379 9863
1379 4396
1345 1379
9291 1379
387 1379
3537 1379
110 1379
1379 2429
5885 1379
1379 3226
198 1379
1379 4586
1379 4807
1379 8848
3325 1379
4492 1379
1379 2058
5747 3564
1379 6568
1379 389
1379 5815
2744 1379
1379 1245
5842 1379
1740 1379
7742 1379
5643 1379
1379 8419
6372 1379
1379 2163
7912 1379
7253 1379
7012 1379
9789 1379
1379 4977
8010 9817
1379 5774
7584 1379
1379 5518
1379 1838
1379 7977
1379 5541
1379 1920
8648 1379
1379 9409
1379 1168
5884 5818
2906 8946
8446 1379
4322 1379
4903 2983
7657 1379
1379 8925
1379 5533
1379 313
1379 164
1025 489
7378 1379
3489 1379
2737 1379
1379 5788
1379 6487
3904 1379
1379 4621
26 7214
1379 8183
1379 8078
2255 7801
2973 1379
7467 1402
4100 1379
1379 9836
642 1379
1379 2304
1379 6209
8865 1379
1379 5147
1379 2238
3257 1379
7848 1379
1071 1379
2471 1379
1379 4767
8489 1379
1379 3555
3014 1379
3504 1379
5303 1379
9970 1379
3858 1379
114 1379
9952 1379
1379 6644
5472 1379
3413 6367
1379 7750
8142 1379
9267 9444
1379 4169
9711 1379
2924 3865
1379 5969
7622 1379
9632 1379
1379 4641
1379 2196
391 1379
747 1379
1379 1008
2486 1379
1379 6009
4611 1379
9386 1379
1379 2678
6655 1379
7444 1379
1765 1379
5054 6299
9584 3375
5447 1379
5073 1379
1379 291
1379 2337
6833 1379
1379 3164
9269 1379
5849 1379
8720 1379
6817 1379
5047 811
2239 1379
1379 7091
3856 1379
531 1379
803 1379
6151 1379
5294 1379
1379 4065
7304 1379
7450 1379
6078 1379
9936 1379
1379 8315
1379 345
1379 8545
8952 1379
1379 4111
1379 955
1379 6207
1379 5023
1379 1496
1379 5738
2802 1379
868 934
1379 5372
1718 1379
1379 9469
2370 1379
1379 2709
1379 5110
1379 7205
1621 1379
4369 1379
8437 1379
1940 1379
1379 7280
9087 1379
1379 1249
1379 4437
6578 1379
1379 4800
2198 1379
8873 1379
2126 1379
8323 1379
3234 1379
1379 1766
1379 6270
551 1379
6729 1379
1379 9696
1379 1043
1379 7893
2285 1379
6477 1379
1379 8054
867 1379
9778 1379
1379 8168
7581 1379
1713 3492
4147 8404
8588 7419
1379 6517
8546 1379
1303 1379
1379 7988
1379 7747
1379 1508
1379 592
6047 1934
5871 1379
7785 1379
1758 1379
1379 5962
1379 3295
1379 4259
1379 9518
1379 8574
5217 1379
1379 1594
1379 5120
7463 1379
1822 1379
1379 7014
1379 4088
5548 1379
2267 1379
7477 1379
1379 9843
1908 1379
3556 1379
1379 6820
5671 1379
1700 1379
1953 5313
1379 2042
7782 1379
4722 1379
1379 9082
1379 5183
1379 1219
2272 1379
7466 1379
1379 5753
1379 520
8263 3095
1379 4869
1379 6548
1379 4742
2889 1379
2847 1379
5414 2684
9907 1379
480 3303
8697 1379
485 1379
8086 1379
1379 4108
1379 912
9666 1379
9985 1379
1379 8095
1379 4143
1191 1379
1379 9721
748 1379
1379 2457
191 1379
843 1379
859 7415
1379 6302
918 1379
9193 1379
7341 1379
7661 1379
1379 2045
7332 1379
1379 9866
2514 1379
1379 3195
1379 8038
1148 1379
1379 7380
7284 1379
3273 1379
1379 1333
9440 1379
8355 8608
1379 2410
2449 1379
4653 1379
5394 1379
9523 1379
3460 1379
298 1379
1379 3113
7547 1379
5008 5288
9910 5140
6519 1379
8828 1379
1379 8569
1379 3579
1875 1379
8001 1379
1379 8519
1379 1972
9025 1379
3413 1379
3442 1379
9978 1379
1379 7719
1379 6427
1996 1379
8645 1379
1379 5264
7795 9410
8264 1379
1379 4840
3578 1379
7518 1379
1379 4394
1620 1379
1379 2939
3551 1379
1379 9
7478 9198
5678 1379
1379 1034
2005 1379
2426 1379
1379 9112
8844 1379
4170 1379
1379 4811
1379 5290
1379 1279
1451 9828
2916 1379
1379 1048
1379 2283
6224 1379
1379 7170
1379 1180
1379 8785
1379 6030
8790 1379
1379 1703
1379 2263
1379 1368
1379 1311
2211 1379
5395 1379
7579 1379
1379 5413
4204 1379
1379 4775
5931 1379
5685 1379
2430 1379
1379 6828
1379 1982
1379 6095
5032 1379
93 1379
1379 68
1379 5484
1379 6491
1379 4152
3792 1379
6085 1247
1379 9001
3899 1379
1379 8292
1379 7407
8399 1379
9315 1379
1379 4484
9526 1379
299 1379
1379 4096
1379 2523
1379 9474
2007 1379
7476 1379
1137 1379
1379 4052
1379 7933
1379 1979
1379 7238
1379 9659
3173 1379
1242 9684
5261 1379
5129 1379
6531 1379
5093 1379
20 1379
1379 9856
4056 3646
6602 1379
670 5417
1379 360
4338 1379
7966 1379
6032 1379
8919 1379
1379 5926
1379 3534
1379 3341
1379 5370
8535 4378
1379 2256
2543 8023
4874 1604
1379 4747
8919 3618
1379 7427
1379 2959
3854 1379
1379 7408
9635 1379
7574 1379
5665 1379
22 1379
1491 2804
1379 2534
1379 3268
5855 1379
1379 5401
1379 5256
5807 9687
1379 5084
5734 1379
1379 2857
1379 8387
1511 1379
1379 9878
1379 3417
5497 1379
1379 5978
6186 1379
9508 1379
7577 1379
1379 5230
9230 1379
1379 7033
1379 6002
5658 3751
6572 1379
7221 1379
1379 7044
3441 1379
1379 3987
4755 1379
1790 1379
8526 1379
1486 1379
2626 1379
9532 1379
1379 8611
1379 8730
4036 1379
2140 1379
1379 1061
1379 741
4123 5332
1379 6674
9966 4711
1937 1379
1379 7685
1379 5468
6690 1379
1379 4743
1379 5305
4185 1379
1379 4713
1379 186
1379 3463
1379 8725
1379 7321
1379 4212
1379 9771
1379 8490
1038 1379
1379 3925
5125 1379
1648 5665
1379 1711
1379 526
8820 1379
6971 1379
1379 5014
5591 1379
4861 1379
4372 1379
1379 6375
9331 1379
1649 1379
1379 9917
1379 8115
6913 1379
3181 1379
8675 1379
6386 1379
1379 9736
1379 205
1379 2075
1379 1632
1706 1379
1280 1379
8863 1379
1379 4633
2328 1379
3407 9755
7608 1379
1379 5209
1568 1379
1379 945
1379 4503
1379 4809
1550 1379
9044 1379
1379 4985
8668 1379
7763 1379
4230 2642
1379 8199
1379 6363
1379 2546
1379 7271
7136 1379
6278 1379
1832 1379
4513 1379
1379 3186
1503 4659
3258 1379
6234 1379
1379 4654
1379 3749
5977 6410
1708 1379
4802 1379
1379 2839
3934 8918
927 1379
8217 1379
1379 6250
1379 9460
1379 4128
1379 3860
4379 1379
3907 1379
3388 1379
7827 1379
7828 1379
1379 4058
1379 8594
1379 705
1379 2574
1379 7984
9156 1379
6449 1379
1129 1379
1379 3666
4558 1379
1379 9984
1379 8411
1647 1379
1379 950
6104 1379
1379 1183
1379 1990
849 314
1379 3631
2770 1379
1379 7715
601 1379
1379 3602
1379 6308
2833 1379
4548 1379
1379 2518
9377 1379
6447 1379
6769 1379
190 1835
2666 1379
2819 1379
1379 4460
1379 789
7618 1379
8149 9031
3697 1379
8035 1379
1379 7240
2338 1379
7644 1379
3855 1379
8046 1379
9321 1379
1379 1276
324 1379
1379 3684
1379 8681
1379 2363
3266 1379
2780 8545
4628 1379
155 1379
6822 1379
1379 5400
3392 1379
1379 2608
1379 7786
1379 7213
7514 6085
200 1379
1379 6558
1379 2264
260 1379
2724 5092
9454 1379
2533 1379
1379 3445
1379 8110
1379 535
1379 547
6259 1379
909 1379
1379 2512
1379 3280
4151 1379
1379 2162
574 1379
5682 1379
1379 5718
2559 1379
5919 1379
1379 9545
8558 2780
1379 6591
770 699
4780 1379
1379 8067
2937 4559
4596 1379
3780 1379
1379 8187
1379 8719
8291 1379
7322 1203
8104 1379
1379 8290
1379 8996
1379 2281
1379 2975
1379 4671
1379 5058
1379 4681
1379 4181
2835 1379
8797 1379
9492 1379
1379 7432
8045 1379
6017 9637
1379 1799
1379 1852
1379 3423
2667 7571
7529 1379
1500 1379
2568 1379
1379 6418
5440 1379
5459 8773
4313 1379
1379 2862
1379 7035
1379 5972
1379 626
1379 8316
7724 1379
4229 974
6064 1379
1877 1379
1379 4675
1379 1861
1379 5153
3643 1379
4368 1379
2028 1379
1379 6875
4294 1379
1379 6006
8969 1379
1379 801
8202 1379
3465 156
9628 1379
1379 1327
5846 1379
9881 1379
1379 3950
5584 1379
6580 1379
1379 777
1379 5568
1379 3830
8278 1379
3664 8347
9045 1379
257 1379
1379 6049
2229 6977
4262 1379
1379 3377
1379 1343
1379 18
2986 1379
7559 1379
1379 2836
1379 6022
1379 5894
3844 1379
1379 234
3317 1379
2639 3810
1379 3594
3577 1379
1379 1657
1379 1701
2167 1379
8535 1379
4006 1379
3948 5791
1379 42
3639 5923
6989 1379
9680 1379
1379 9318
9575 1379
4636 1379
1379 7697
3307 1379
2139 1379
3241 2672
1379 179
2586 1379
1379 3593
1379 5739
1379 6946
5494 124
7725 5950
7153 1379
1379 4508
3756 1379
1379 2019
2153 1379
1379 9425
1379 8382
9774 1379
1379 8460
7784 1379
7152 6220
1379 924
1379 2377
176 4128
1379 7118
3615 1379
1379 7669
1379 7481
1379 6345
2655 1379
1379 9345
8233 1379
1379 6855
6792 1379
9264 1379
995 1067
1379 2047
2751 1379
7247 1379
1379 7074
1379 7696
9401 6311
4230 1379
1379 2927
1379 5805
3851 6211
1379 9190
1379 2074
5924 1379
1379 3693
1379 85
1379 8879
1379 8284
256 1379
4038 1379
1223 1379
7309 1379
8067 2210
1379 4888
1379 699
1249 8759
5759 1379
1801 1379
1138 1379
3939 1379
1379 153
8041 1379
833 2327
1379 1792
3119 1379
6390 8965
1379 9428
1379 6967
1379 7190
1379 8899
9459 1379
5743 1379
101 1379
549 3885
1379 3953
1379 433
3420 1379
1379 3532
414 1379
9834 1379
9848 1379
1379 5061
8896 1379
1379 5892
4420 1379
1379 8254
225 1379
1379 7250
1379 774
3223 1379
1379 5464
1379 2870
2679 7461
3421 1379
6266 1379
6303 1379
3032 1379
8462 2437
2099 1379
1379 230
1379 2920
1379 9813
1379 709
1379 5970
1379 478
1379 332
3944 1379
1379 3321
1379 3632
1379 6056
3152 1379
6644 147
2387 1379
1379 2732
4891 1379
1379 3425
1379 6251
1379 9378
293 5588
1379 744
7231 1379
1379 5149
1379 7112
463 5828
8767 5423
1379 8435
5367 1379
1379 214
1379 4866
6521 1379
1379 6300
1379 3082
1554 1379
3455 1379
1379 445
1379 3864
1379 7189
1088 1379
1379 654
1379 5161
1840 5011
3820 1379
9007 1379
6710 1379
1379 2647
1839 1379
6133 1379
9774 4525
6702 1379
94 4166
6679 1379
3776 1379
9621 1379
1379 5783
1379 4900
1379 1664
3175 1379
9940 1379
8976 1379
1379 9228
3486 452
3611 1379
725 1379
1379 4179
1379 627
8615 1379
1193 1306
1379 5135
5866 1379
3218 1379
1379 6952
1379 8237
5150 1379
1379 9749
1379 7128
2177 1379
1379 6846
2392 7333
518 1379
1379 4703
861 1379
6331 1379
6210 1379
6423 5696
1379 6061
1379 781
1379 5341
117 1379
1379 6121
3976 273
1379 9920
1012 3208
4779 1379
1379 2599
5041 4286
7820 1379
8595 1379
7365 8511
8340 1379
1379 2908
5376 1379
6179 1379
9919 1379
482 1379
6762 9255
1379 2333
1379 9606
1379 6296
1379 9900
1379 9394
8767 1379
8369 1379
2011 1379
1729 2183
1379 5469
8701 1379
5733 1379
5004 1379
2233 1379
8622 1379
4150 1379
1379 5589
1379 6253
2648 689
3863 1379
5052 1379
1379 9059
3012 1379
2423 1379
1379 207
1379 6435
5312 1379
1379 3260
1379 782
1379 5626
7313 8712
1379 5205
1379 984
9355 1379
2580 1379
1379 8066
1379 703
1379 5087
1174 1379
7682 1379
1379 536
8961 1379
1379 8422
1379 6456
1379 7718
1379 8783
1969 1379
9903 1379
1849 1379
1379 6999
1379 1056
6645 1379
1379 8920
1379 1927
5202 1379
1379 3072
5629 1379
1105 1379
9437 1379
4431 1379
1379 5409
9796 557
5408 1379
9400 1379
1379 7825
9180 1379
1379 6739
8699 1379
9858 1379
987 1379
1379 9770
6773 1379
1379 6759
1379 419
1379 7164
1379 492
2531 1379
8544 1379
9222 1379
2999 1379
1379 4500
7420 1379
2743 1379
682 3989
1379 4190
9800 1379
5991 1379
6225 1379
8452 1379
6379 1379
1379 2988
3111 1379
1379 9468
7504 1379
4269 1379
1287 1379
1379 9234
1379 7264
1216 1379
1379 7969
1379 9787
1379 3019
5869 5431
1379 310
1379 6589
9824 1379
1379 6567
6143 1379
1379 951
1379 5822
1379 3883
1379 3982
8156 1379
3934 1379
1379 6988
2892 1379
1379 7290
1379 5812
8123 8951
208 1379
7366 1379
6384 1379
1379 4473
1379 2224
1379 6154
995 1379
1379 8361
1140 1379
1379 808
1379 9191
1379 8238
1379 4969
1379 2595
9807 1379
1133 1245
3513 7126
3546 1379
1379 1784
4524 1379
7593 1379
6893 1379
1379 3254
1379 3161
1379 6559
7976 1379
1379 8241
1379 7572
8989 1379
1379 3653
1379 7793
2952 1379
1379 584
5715 1379
4523 1379
1379 9588
8092 159
6994 1379
8444 1379
1379 8715
2865 1379
1379 2621
1379 8401
1379 7546
9656 1379
1379 4697
2786 1379
1716 1379
1379 3323
1416 1379
3224 1379
1379 8211
9010 1379
8673 2297
9488 1379
1379 1386
2569 1379
1169 1379
1379 611
8073 1379
9122 1867
1379 508
1379 8274
1379 8993
9129 1379
2390 2362
1379 9577
1379 7406
1379 259
9945 1379
1379 8030
350 1379
1379 8166
5886 1379
102 1379
1379 6652
47 5501
1076 1379
2193 1379
2511 9762
1379 6979
1379 3201
1114 1379
1379 9090
1379 546
6690 1715
3318 1379
7059 1379
229 1379
1379 8793
1089 1379
5020 8010
5504 1412
1379 8571
1379 4218
1379 7352
5279 1379
9138 1379
1379 8752
1086 1379
1379 8102
1379 4250
8685 1379
1379 9061
1379 7113
6551 1379
3507 1379
1379 590
6608 1379
1379 4410
4561 1379
3547 1379
1379 8282
992 1379
1136 1379
4705 1379
4089 1379
1379 5963
1379 2773
8265 1379
1379 6814
3261 1379
1379 7301
105 1379
2754 1379
1379 3190
1379 4645
11 1379
6420 1379
6497 1379
8960 4821
4161 1379
9099 1379
1379 4055
1379 2160
1379 8412
8205 1379
1379 1998
1379 6166
2640 676
1379 1898
1379 375
2382 1379
1379 1273
1379 2006
5116 1379
1379 1391
7898 1379
51 1379
1379 9154
6023 9149
1379 4973
2217 1379
2199 1379
1379 4280
3814 1379
954 3607
8234 1379
1379 1401
2003 1379
8711 1379
1607 1379
1208 1379
1379 9342
1379 2123
1379 6808
1379 8173
1736 1379
7823 1379
428 1379
1379 7565
2155 9411
5165 1379
2946 1379
7842 7717
1379 7484
9699 1379
1379 8872
1379 6810
7393 1379
1627 6647
1379 3840
1379 6018
8925 1255
420 1379
1379 9477
7666 1379
2801 1379
1379 7036
5301 1379
6269 1379
3791 1379
1379 8794
7175 1379
687 1379
765 1379
1379 6505
1660 1379
971 5596
1379 879
977 9005
1379 8682
8207 1379
3230 1379
1379 1004
2420 1379
2232 1379
1379 28
5581 1379
7589 1379
499 9134
1379 9360
7862 1379
8508 1379
4211 1379
1379 5521
1379 637
1379 7638
5769 1379
1379 9993
1379 7557
4268 1379
1379 8609
6530 1379
1379 4608
1379 5090
9311 1379
1379 7891
1379 2996
5433 1379
6950 1379
1379 47
6191 1379
9317 1379
2483 2511
6933 1379
1379 8463
5915 7068
2417 1379
9867 1379
2294 1379
1540 1379
1379 6135
8107 381
6186 4756
1379 7324
9992 5382
8024 1379
2354 2951
1379 6329
7276 1379
6122 1379
1379 5297
1379 7720
1379 7487
1379 2227
1379 97
4411 1379
1379 2489
1379 3655
1379 342
1379 8940
7965 3004
2528 1379
1379 1551
7795 1379
8178 1379
3290 7731
4074 1379
1018 1379
5898 1379
1379 3165
4072 1379
8438 1379
1379 452
1365 3196
3060 1379
472 1379
3006 1379
7475 1379
7546 267
3322 1379
6971 6753
1379 8441
1379 8581
3225 1379
7167 1379
1379 8770
1379 3048
670 3104
3214 7026
1379 7267
8985 1379
1379 1950
6156 1379
1379 6354
330 1379
1379 2614
2729 8734
1964 6172
1379 9209
1379 9782
1379 9305
876 1379
2108 1379
4686 1379
4282 1379
1379 514
5221 7580
8250 1379
7150 1379
1379 8703
1379 4566
2696 1379
1379 1288
7342 1379
1379 6256
8228 73
1379 4215
1481 6780
5378 1379
7962 1379
1379 5777
9517 1379
3868 7396
1379 3802
4787 1379
1538 1379
1646 1379
1379 4760
1379 6705
1952 90
7714 1379
1379 9147
9943 1379
1379 8694
3723 1379
5383 1379
1007 9156
8486 1379
1379 1388
1379 7235
5882 1379
1379 4955
1285 1379
1379 3986
1379 398
523 1379
1250 1379
1379 1131
1379 4799
1379 7197
1379 9947
9424 1379
9412 1379
1379 3893
1379 8994
9583 1379
8898 1379
8259 1379
1379 1995
1619 1379
5941 1379
1379 1812
1379 9780
4506 1379
1379 4160
1 6035
1379 2637
1379 2948
9536 41
1379 4285
1379 4652
685 1379
1261 8981
5935 1379
1379 7776
1379 5419
2940 3603
854 1379
1379 8376
1379 8109
8491 2297
1379 6510
6413 1379
1190 6645
1379 1651
1379 2357
1379 7441
9296 1379
1379 6639
7686 5758
784 1379
1379 3548
5863 1379
7620 7389
1379 9791
9816 1379
1561 1379
1379 1737
1379 1576
5060 1379
1379 9652
522 1379
819 1379
6944 1379
1379 4002
6457 1379
1379 8227
1379 3144
1379 758
1379 693
79 1379
1379 6752
1379 9585
1379 5832
5270 1379
9491 1379
1379 4409
1379 3120
6144 1379
5056 1379
1379 1436
8222 1379
6953 1379
1379 2120
6805 1379
4187 1379
2149 134
849 1379
1379 5672
9356 1379
9358 1379
9737 1379
1379 7650
897 1379
2320 1379
1379 7527
8443 1379
1379 7355
1379 5572
1883 1379
9595 1379
1379 7486
1379 5435
2888 1379
1379 142
8040 1379
9098 1379
1379 1461
8339 1379
1379 2590
3657 142
608 1379
2485 1379
1379 1828
1379 8757
1379 5955
1379 6017
3414 7325
9065 3998
7838 1379
1379 6620
1379 9211
1379 9056
6343 1379
6129 8948
1379 1806
1379 2138
1379 5402
166 7570
1379 316
6761 1379
5210 1379
1379 4389
1379 8477
1379 4509
1379 9079
1379 7195
1379 1636
1379 1637
1379 2101
7534 288
1379 3806
2670 245
1379 9167
1780 1379
9611 1581
3527 1379
5015 1379
3025 1379
9304 1379
1379 6906
1379 7870
2937 1911
4661 430
1379 4376
1379 2446
1379 9722
63 1379
5293 1379
6335 1379
2104 1379
1379 3291
4364 1379
3303 1379
7935 1379
8230 1379
3646 1379
7460 1379
1379 6678
1379 1433
1379 8268
9395 1379
7895 1379
1379 5856
1379 3162
1379 6024
1379 7287
1379 4109
1485 1379
2933 1379
1379 8751
2979 1379
1379 2164
1379 2967
1379 6117
7652 1379
7758 1379
3768 1379
1379 9734
5306 9061
8936 1379
1379 2772
4062 1379
1379 9519
7607 1379
5282 1379
1379 8987
5063 1379
1379 2876
7171 1379
4302 1379
9801 1379
1379 3958
1379 3937
8999 1379
8511 1379
1379 4470
7379 1379
1379 7270
3434 1379
9453 1379
4704 1379
1379 893
1099 1379
1379 1892
1379 2246
1379 2070
5766 1379
5274 1379
1379 9350
1379 8983
3822 1379
1379 4890
7122 1379
1379 3550
1379 2576
1379 5143
2860 1379
1379 5583
1968 1379
1379 2547
1379 4380
9672 1379
3372 1379
1379 8684
1379 9115
6579 1379
1379 1773
8997 1379
1379 439
7642 1379
5391 1379
2020 4656
1668 1379
3815 1379
8269 1379
1379 6182
2763 1379
9691 1379
4903 1379
6932 1379
1379 3178
1783 1379
772 1379
1379 661
1379 300
4222 1379
2872 1379
9324 1379
5026 1379
1379 1454
1379 1037
6448 1379
5485 1379
2150 1379
6486 1379
5889 1379
6566 5036
6353 1379
5086 1379
5905 1379
1379 4732
1235 1379
1971 1379
1379 5137
1379 9038
9682 6355
9012 1379
1379 2445
4441 1379
1379 9043
6140 1379
1379 7707
1379 8765
2041 7961
244 7209
1379 2401
1379 562
8309 1379
5517 1379
1379 8633
1379 2186
1379 5263
1379 5001
1562 1379
3755 1379
8660 1379
6312 1379
2431 1379
1379 303
1379 1367
1379 5170
1379 6523
3213 5169
1379 9074
1379 6424
9494 1379
1379 2482
589 1379
6798 1379
2584 1379
1379 5838
1356 1379
318 1379
1363 1379
2023 1994
5280 1379
6414 1379
4788 1379
4763 1379
2390 60
1379 2881
1379 1331
1379 2830
4443 1379
6986 1379
1379 2033
1379 2119
1578 1379
8165 1379
9851 1654
1085 1379
5748 1984
9131 1652
7611 8280
1379 4913
1379 6299
1379 1595
8025 1379
1379 5033
1379 588
1379 1682
1379 2969
1379 4949
1379 4386
2311 2831
1379 7
3380 1379
1379 7474
9195 1379
1379 871
980 1379
1379 3069
7249 3182
3466 1379
666 1379
891 1616
1379 6332
1379 4095
2163 4810
1379 4798
1379 7806
4979 1379
1379 1220
2212 6593
1379 3078
5114 3745
7286 5069
2798 1379
1379 8042
1379 1537
3457 1379
1357 5469
5787 1379
1379 7002
1379 5146
7383 1379
1379 8429
1379 3074
3474 1379
5452 1379
2447 1379
7168 1379
6669 1379
1379 3871
3626 1379
6016 1379
1379 3206
1379 9741
1667 1379
9835 1379
1042 5520
9795 1379
5439 1379
8542 1379
7173 1379
1379 7202
1379 982
1379 422
4672 1379
2908 6569
9531 1379
516 1379
4442 1379
7766 1379
1379 870
1379 1549
1379 4271
1379 6204
2324 1379
5853 1379
1885 1014
1379 129
3378 1379
1379 6867
1379 2292
1423 1379
1379 9597
1379 8693
1379 2128
1477 1379
4527 1379
1379 1543
1379 8847
1379 6918
8242 1379
1379 6888
2345 1379
1379 2235
1379 6776
6473 1379
1379 4267
2683 1379
1379 5131
1379 8870
1379 91
1379 6057
1379 7805
9942 1379
1379 529
6025 1379
1379 9337
5606 1379
1170 1379
8903 9353
6671 1379
7890 2438
6949 6152
1379 729
5640 1379
1379 1752
1379 5374
1379 6605
2631 1379
2884 1379
1150 6908
1379 7258
1379 5112
8692 1379
7694 1379
3249 1379
202 1379
9218 1379
1379 1521
1379 5932
4634 1379
3879 1379
1379 3114
77 5760
1379 9768
1379 3088
9235 1379
1379 149
1379 3308
7594 1379
1072 1379
1379 1842
1379 7591
1379 1111
348 1379
1379 9590
1379 8362
7422 1379
1440 1379
1379 9379
1379 5827
1379 7401
7542 1379
1379 98
6712 9393
1379 7536
8288 1379
1379 6597
1379 9875
1379 2218
1379 5482
1379 481
9407 1379
5999 1379
9343 1379
1379 3572
1379 1
5027 9216
1662 1379
6984 1379
6730 1379
1379 8564
6279 1379
9077 1379
1379 7867
1379 3530
2112 1379
5874 1379
9389 1379
156 1379
1347 1379
6851 1379
1379 9086
1379 2850
1717 1379
7654 1379
1379 7443
8514 4912
7155 39
1488 1379
5022 1379
5747 1379
7446 1379
8077 1379
1379 9034
159 1379
1754 6200
5746 1379
7209 1379
2443 1379
86 1379
1379 8958
4994 1379
1379 773
1379 4305
2115 1379
1379 8400
1379 5288
1379 1399
1379 1030
1452 1379
8493 1379
1379 3408
5034 1379
1379 1575
4916 1379
1379 7822
6188 1379
9718 1379
6829 1379
1379 9327
3961 6155
2269 1379
544 1379
7771 1379
1679 3393
1379 8517
1379 2629
6699 1379
7932 1379
610 1379
1379 1547
1379 5686
1379 4423
1379 7049
1379 4701
1379 5342
4292 4093
7148 1379
1275 1379
8220 1379
4658 1379
1379 7115
975 1379
1379 7936
1379 4407
9591 1379
4975 1379
2172 1379
6005 1379
1379 6034
1379 7052
1379 3740
1379 1040
3662 1379
1379 507
6177 1379
887 1379
6 668
1379 6607
1379 9803
5764 1379
6084 1379
1320 1379
6164 1379
1379 7627
7222 1379
7674 1379
1379 7151
878 1379
1379 1301
8878 1313
1379 376
9808 1379
1379 7094
1379 721
6357 1379
6968 1379
1379 390
1379 6856
1379 3356
7816 1379
1379 2396
1379 2858
6100 6356
1379 8981
2106 5407
1379 7430
1379 1974
9827 1379
1379 2636
7434 1379
1379 467
1379 1965
1379 1936
1379 5600
1379 7648
1379 9849
1379 3891
1379 634
1379 6821
1286 1379
1379 1127
1821 1379
1876 1379
2253 1379
8215 1379
6834 1379
5595 7783
1545 1379
1379 1160
5754 7303
1379 8753
4415 1379
5356 1379
1379 9119
5560 1379
1379 413
1379 7691
2221 5752
7999 1379
1379 3733
5642 7051
7206 1379
6125 1379
1404 1379
4673 1379
1379 7602
1379 3742
6631 1379
3270 4017
1379 2864
797 7756
7748 1379
5373 1379
9265 1379
1379 1573
1379 5873
1379 1102
1097 1379
760 1379
137 1379
7729 1379
2722 1379
4776 1379
9601 1379
4060 1379
3724 1379
6627 1739
1379 4213
1379 6494
4583 1379
5520 1379
7840 1379
1379 9184
1379 1334
3974 1379
6824 1379
1408 1379
366 1379
1379 8802
1379 8713
1206 1379
1379 5821
7692 1379
2358 1379
17 1379
2609 1379
1379 8218
7117 1379
1020 1379
4919 890
6416 9962
1379 5564
8748 1379
1379 3062
1379 1956
1379 2564
1379 8877
8931 1379
1379 3900
5605 1379
2076 1379
1379 7429
1379 9248
7073 2657
1532 1379
9124 1379
206 5218
1379 9794
1983 1379
1379 7056
7470 1379
5009 1379
3689 1379
3886 1379
1379 5107
3356 6162
1379 8147
3389 1379
6167 1379
5634 1379
2838 1379
8716 1379
9133 1379
1379 2660
1379 169
8270 1379
4754 1959
7480 3125
3169 1379
5727 1379
2875 1379
5361 1379
7001 1379
4476 1379
2687 1379
3419 1379
9548 1379
4580 1379
993 1379
3022 1379
2561 1379
3518 1379
1379 3536
902 1379
1379 7940
1379 8410
1379 5512
1379 3705
3721 1379
1413 1379
4134 1379
1070 1379
9876 1379
1379 9475
1579 1379
9716 1379
9763 1379
6027 1379
1365 3675
2365 1379
1808 1379
3805 1379
3788 1379
8296 1379
3490 1379
4605 1379
2723 1379
3614 2757
2950 1379
1379 9750
1379 1938
5511 5939
3522 2682
611 8567
8482 1379
1379 5709
1207 1379
1379 1312
9872 1379
1379 8543
6884 1379
681 1379
2694 1379
1379 7291
3214 1379
1379 6390
1379 4191
4978 1379
1379 3688
1379 8457
1379 985
5257 1379
1379 2418
1379 2494
9092 1379
6869 1379
5664 1379
5716 1379
1379 1755
1012 1379
954 1379
1379 8665
6632 1379
1379 3289
2314 1379
1379 6490
6695 1379
1379 4086
3174 6916
1379 8170
1379 7663
5307 1379
7592 1379
2499 1379
1379 6376
9927 1379
4884 1379
855 1379
1379 5250
6720 1379
6007 1379
3778 1379
1379 8605
1281 1379
1379 8195
4414 1379
3002 1379
1379 4588
5371 6284
1379 1873
1379 2978
1379 7458
1379 2845
1379 7556
1882 1379
323 1379
7310 1379
676 1263
9860 1379
1379 1935
1379 266
1379 6075
2664 1379
1379 3462
1781 1379
1379 3797
1379 1499
1379 6176
1989 1379
1379 3978
1379 7617
6803 1379
9658 1379
1379 6212
1379 262
1379 5775
1379 3985
1379 6283
1379 1198
1379 6965
1379 9991
1379 5552
1631 1379
1379 4664
1379 3519
911 1379
1317 1379
4963 1610
4741 1379
3498 1379
4390 1379
5185 1379
5458 1379
9727 1379
4155 1379
9647 1379
7053 8792
1379 3845
580 1379
1379 6295
1379 3009
2827 1379
1379 4266
1379 8221
673 1379
1379 6892
1379 1546
3500 1379
1379 5984
1379 6882
1379 1112
1379 7967
1379 9759
1379 3690
7541 1379
1379 7992
1379 4182
2459 1379
1379 3236
7512 1379
1379 4454
8728 1379
1379 5843
1379 5582
1379 5638
2947 1379
1379 1427
9125 1528
1379 8476
949 1379
6711 1379
1379 7687
1379 6675
4626 1379
1379 4314
8053 1379
7319 1379
1379 7655
1379 883
3 1379
8433 1379
4519 1379
1379 5260
1379 5852
9891 1379
1379 4908
9167 4601
9089 1379
1379 7009
4867 2750
3816 1379
3415 1379
1379 5340
1379 3015
1336 1379
5371 7305
8355 1379
1379 1675
3610 1379
6105 9004
1379 9944
1379 4447
1379 7723
372 1379
622 1379
4462 1379
1096 1379
1379 4194
1379 586
1195 1379
2202 7325
3634 3443
1379 1267
1379 7620
1365 309
1379 381
3073 6456
2406 1379
1379 9926
3148 1379
1379 4526
1379 6538
8356 1379
7177 1379
2105 3952
1379 5449
1379 8923
2894 1379
1379 5315
1379 4614
2466 8996
1379 6624
9934 1379
1379 4048
1379 1162
1525 1379
1379 3729
8723 1379
1379 3861
2384 184
4148 9354
3306 1379
1379 8840
8043 1379
1379 4079
1379 7031
4239 1379
4245 1379
1379 3384
1379 5539
4022 151
8379 1379
1379 3027
6088 1379
6684 1379
2774 1379
1379 7947
1379 7101
1379 7672
2369 1379
1379 7313
1379 2665
4515 1379
1379 4529
1379 7526
6315 1379
1670 1379
9740 250
1379 9559
7689 4658
1379 724
1115 1379
9402 1379
4821 2010
2208 1379
9375 1379
1957 1379
1379 2855
1379 21
1379 1890
1379 9879
6590 1379
1379 5684
1379 3762
8189 1379
6982 1379
1379 9981
4117 471
1379 4255
1379 5688
1748 1379
1379 8236
8623 1379
1379 8371
1379 122
1379 5438
2000 1379
9404 1379
3448 1379
4261 1379
2816 9161
1379 8329
8911 4925
1379 4466
1379 697
1379 5134
7626 1379
1379 5522
4769 440
4914 4206
1379 9323
3149 1379
1379 1923
1379 6911
2254 1379
1379 7071
1379 3112
4604 1379
1379 7368
1409 1379
1379 737
6785 1379
6685 1379
1379 1393
1379 5411
6585 1379
7923 1379
554 1379
5030 1379
8349 1379
1379 5021
3918 1379
2298 1379
2928 1379
1379 4083
1379 6997
4974 1379
1379 7710
1379 6507
9027 1379
1379 3661
1379 7134
7295 1379
1379 2290
1889 1379
4388 6103
9236 1379
8483 1379
1379 8771
1379 7336
1379 4456
4319 1379
9798 1379
1321 1379
7179 1379
1379 5845
9603 1379
1379 3346
1379 860
1379 9225
3524 1379
4956 1379
1379 1153
1379 4471
1379 6146
6289 1379
5168 1379
9244 1379
1379 2159
1379 6081
1379 9915
866 1379
1379 3329
1379 8707
1379 2182
226 7878
3127 1379
1379 5580
1379 400
1379 7640
7 1630
1379 8328
1379 4867
1379 4039
1379 2849
1463 1379
1379 889
1379 7564
8874 1379
1379 2587
1379 3897
5359 1379
2376 1379
8017 1379
1379 4547
1379 3825
9961 1379
1379 1879
5092 4263
4752 1379
1379 8313
8924 1379
6093 1379
1379 9258
7678 1379
9880 1379
1379 9338
4316 1379
8245 1379
3053 1379
1379 6716
8219 1379
1379 7814
1379 9640
1379 2701
4665 2605
5937 1379
1379 7917
4504 1379
1379 4944
8071 1379
9102 8913
7799 1807
9764 1379
9309 1379
1379 1450
194 5041
5528 1379
1379 5883
1379 5098
1379 9964
957 1379
1966 1379
9925 1379
1379 713
2676 1379
1379 1785
1379 216
1379 4725
1379 8917
5585 1379
1379 4015
1379 6232
9846 1379
2136 1379
4560 3371
1379 3892
1379 533
1158 1379
4734 1379
1379 6961
437 1379
1379 3098
213 1379
4067 1379
6415 1379
7182 1379
2668 3969
8470 1379
1402 1379
6272 1379
4536 1379
3667 1379
1445 1379
1005 1379
5723 1379
2145 9457
1379 7230
1379 561
1379 9084
1891 1379
1379 3129
1379 8734
1379 5500
4359 1379
5055 1379
1379 5364
6089 1379
1210 1379
4830 657
1200 1379
1379 7086
1379 1689
1379 4193
1379 9423
1379 922
1379 5188
112 1379
8823 1086
2187 3609
1379 1591
1379 9873
1379 5393
837 1379
9329 1379
1841 6907
1379 6770
1379 9578
695 6649
6113 1379
5551 1379
6600 1379
8573 1379
1379 4133
8946 1379
4234 1379
4535 1379
6880 1379
1379 171
2282 1379
1379 7737
4576 1379
1379 4087
1379 2468
2444 3008
1379 4726
1305 1379
4336 1379
1379 144
1379 1304
926 1379
4320 1379
1379 7055
1379 7492
6405 1379
8666 1379
3386 1379
1379 4764
5427 1379
1975 1379
1379 4618
575 1379
1379 6434
3212 1379
247 2034
1379 9743
6747 1379
7616 1379
6098 6438
8286 1379
8032 4921
1379 7396
2054 1379
32 1379
1599 1379
525 1379
7733 1379
1379 8342
1379 3090
1195 7858
2526 1379
1379 3682
1028 1379
9325 9247
1379 1419
1379 8465
3478 1379
1600 2503
3094 1379
5082 1379
1379 4163
1379 4135
1379 3669
1379 1117
1379 9513
3049 1379
1379 851
4317 1379
4853 1379
1379 3743
1379 4461
1379 3496
4091 1379
1379 3452
1379 4428
6231 1379
1379 1809
1379 5000
1379 3406
2731 1379
3155 1379
9678 1379
1379 6118
9559 8367
1379 6069
1379 3612
1379 8431
1379 1862
1379 7216
2027 9335
9366 1379
3363 1379
2209 2434
1905 2787
1379 5691
7980 1379
4593 1379
1379 3597
3082 527
2407 1379
4606 1379
1379 1719
1379 1788
1379 5864
1379 7797
7196 1379
6410 1379
1379 5641
1379 6922
4324 1379
1379 374
1379 7424
1379 3663
1379 8523
1379 6539
139 1379
8140 8949
1379 4198
1585 1379
8817 1379
1574 1379
1379 3013
550 1379
1379 5031
1569 1379
9576 1379
1379 3924
8098 1379
1379 7667
3847 1379
1379 5103
1379 4370
2230 1379
4379 1909
1379 5208
1379 7028
1379 4502
6450 2362
794 1379
1379 3835
6862 1379
604 1379
1379 5489
8160 1379
8914 1379
1379 7790
857 1379
1379 66
6282 1379
5952 1379
9657 1379
1379 8739
4733 1379
3183 2999
1379 84
1379 2598
4629 1379
672 1379
1379 1014
2578 5791
1379 5139
8134 1379
1379 6697
1379 9451
9738 1379
4939 9801
5236 1379
7045 6189
4102 1379
1379 5951
5945 9654
9420 1379
5319 1379
1379 7847
1379 6037
3569 1379
1742 1379
7312 1379
6012 1379
848 1379
1379 9464
1379 7092
1379 7597
1379 269
2513 1379
4565 1379
1379 9840
2897 1379
4081 1379
8500 1379
6963 1379
8758 1379
1379 1830
1379 6422
1379 5848
1379 563
1555 1379
1379 9775
1379 1359
904 1379
1379 7851
6478 1379
141 1379
3061 1379
5079 1379
5773 1379
1379 4026
7712 1379
1113 1379
6219 4012
1379 1542
2428 1379
1635 1379
1379 4740
9663 1379
1379 1827
1379 6873
397 8971
8216 1379
9208 1379
1379 9792
4751 1379
1379 2493
5355 1379
1379 4794
1379 4483
183 1379
4214 1379
4124 1379
3784 1379
905 1379
7946 1379
5814 1379
1379 6799
476 1379
1379 3263
3472 1379
623 1379
4738 1379
1379 9302
4971 1379
2061 1379
5086 1712
1379 5836
1379 5616
3324 1379
7254 6868
6324 1379
9555 1379
1894 1379
1379 2062
769 1379
1379 5592
1865 1379
1379 1896
1379 6237
1379 3712
4821 6601
1379 5622
3687 1379
9704 1379
1379 5114
682 1379
50 1379
5043 1379
317 1379
1379 3198
1976 1379
1379 4638
2954 1379
2611 1379
1379 4579
1379 1814
1379 6863
1379 6377
1379 9674
1379 9026
446 1379
6033 1379
3343 1379
1379 5322
5475 1379
3779 1379
1379 5344
9019 1379
1533 1379
1379 5047
1441 617
1379 7646
1751 1379
9645 86
2050 143
1379 7670
6700 1379
1379 2473
1379 6194
233 8390
1379 3789
1369 1379
2662 1379
3967 1379
4325 1659
1379 6411
9536 1379
5067 4334
6910 1379
5251 1379
1379 3829
1379 6647
1379 3026
3135 1379
1379 2760
1379 8341
9165 1379
1379 3269
1643 1379
3699 1379
1379 9032
5075 1379
9116 1379
1379 19
1379 9470
4206 5248
1379 6008
1379 9839
2307 1379
6240 1379
1379 4875
6392 1379
9937 8082
1379 4850
1379 165
1379 8968
1379 1710
5266 4058
9493 1379
3157 1379
4076 1379
1379 1991
3030 1379
7849 1379
6326 1379
2652 1379
9174 1379
9380 1379
9677 1379
2524 1379
1691 1379
1400 1379
1379 2252
7778 1379
5410 1379
1725 1379
1379 1244
1379 5389
593 1379
7047 1379
1379 1993
3909 1379
1379 9080
1379 3933
3757 6254
1379 6044
7090 1379
2084 1379
1379 4
2437 1379
7346 1379
5817 1379
1379 3288
1379 8157
8975 1379
8754 1379
1379 6431
3624 1379
1379 5975
1379 4188
1379 8807
7743 1379
1379 1583
1379 6575
1379 8959
1379 9797
9876 4819
6751 1379
1379 8963
1379 8678
8213 1379
1379 6749
1379 8841
1379 9921
1379 5982
3398 1379
9199 1379
1379 6872
5287 1379
1379 8553
2974 1379
1379 3443
6035 6536
1379 6501
8995 1379
1379 671
3680 1379
6076 1379
2137 1379
4023 1379
2690 1379
7293 1379
1379 9439
1379 9953
2004 1379
1379 1677
1379 7024
1379 7097
1379 1031
1379 4027
1379 8378
4277 1379
1379 2041
1379 2322
1379 4694
836 1379
7072 1379
7874 1379
4254 1379
1379 4670
3916 1379
5 3271
1379 864
6221 1379
1379 4986
7601 1379
1379 7513
3848 1379
1379 8223
1379 8727
1707 1379
7298 1379
1379 8319
3064 1379
1379 8036
1379 5515
3475 1379
500 1379
1379 4895
1379 3894
2792 1816
1379 9673
8210 1379
4516 1379
3096 1379
821 1379
6746 1379
4719 4021
1379 5610
9905 1379
1379 8599
9842 1379
1379 785
5692 1379
1379 5184
1379 3038
1379 5636
1379 5196
1379 831
1442 1379
1379 1887
3831 1379
9676 1379
1379 1623
4308 1379
1379 7659
6806 1379
7138 1379
3125 1379
1379 4101
6782 1379
9081 1379
5800 1379
7905 1379
6955 1379
1379 3706
1379 5702
1779 1379
1379 8280
7959 1379
2477 1379
1379 5436
6657 1379
8180 144
8255 1379
1379 600
1379 1570
5953 1379
1379 591
1379 9933
8674 1379
1379 3738
6544 3590
3917 5552
1379 3878
16 1379
1379 2095
1379 6441
4569 1379
9806 1379
6359 1379
1379 8902
3366 1379
1379 7022
465 1379
1379 5654
1379 7809
7423 1379
1379 4348
933 1379
1379 2742
1379 6919
9293 739
4860 1379
1379 3979
5872 1379
6097 1379
454 1379
1379 2736
1379 635
1379 8852
1379 6362
6367 2086
5851 1379
1379 3920
9049 1379
1379 1713
7772 1379
3095 1379
1379 177
5633 8845
1379 8287
1379 6659
4880 1379
6878 1379
4421 1379
9340 1379
1379 6483
1379 6721
9489 1379
5227 1379
1379 868
3105 1379
1379 7878
3739 108
1379 519
3357 1379
5725 1379
4008 8950
4310 1379
7968 1379
7516 1379
1379 1603
2243 1379
7690 1379
1465 4999
7045 1379
7956 8953
1379 9417
8815 8903
1379 4889
2555 1379
1379 4577
7833 1379
1379 8427
1379 3837
1379 2693
1379 5880
7278 1379
6458 9363
1915 1379
5181 1379
7711 1379
1379 787
1379 2436
1379 5789
5745 1379
943 1379
1379 5318
1379 9608
1379 2562
9159 6362
6962 1379
7233 1379
4045 1379
839 1379
393 1379
1526 1379
9113 7807
1379 4931
1379 3046
5186 1379
6334 1379
7580 9983
9053 1379
2122 1379
1379 2755
1379 1344
1379 7671
1379 6412
1379 3143
6596 1379
1379 2905
5212 1379
8548 1379
8600 1379
1379 5511
3136 1379
3242 1379
1379 9294
1379 1685
8557 1379
1379 9969
4794 4988
1379 7804
1379 5156
1379 4730
5453 1379
302 1379
3315 1379
1379 7658
1379 9213
8391 1379
1379 3483
6857 4755
1379 998
1379 9472
1379 34
1519 1379
6520 1379
1482 1379
1379 7906
1379 2068
1379 1375
8934 1379
1379 4957
775 1379
552 1379
4871 1379
1379 5377
1379 8471
1379 4623
1379 2097
6255 1379
6818 1379
9528 4121
1379 462
7351 1379
1379 3134
1379 1858
6660 1379
1379 1095
1379 1732
459 1379
1379 6229
1379 5674
3464 1379
1878 1379
1379 2286
1379 667
1379 6819
1379 8882
1379 4940
1379 3813
1379 6350
1379 3456
1379 5167
2992 1379
1379 1437
1379 7845
1669 7409
1379 1945
1745 1379
1379 3371
4131 1379
7337 1379
2853 1934
1379 852
1379 9524
3539 8000
9723 1379
1379 5189
7500 1379
8076 5774
1379 1907
3412 1379
3233 1379
6715 6737
3542 1379
1379 315
4735 1379
1379 7957
4761 1379
1379 1237
4324 425
1379 9110
7144 7338
4562 1379
1692 1379
1379 8257
1379 5566
7273 9599
1379 3163
1379 6378
3708 4784
1379 5173
7483 1379
2093 1379
1379 8302
1379 8890
4666 1379
1379 7681
1379 7680
3849 1379
1379 2158
1379 2498
1379 869
1379 5646
8467 1379
8403 1379
1379 3936
1379 78
9427 1379
1379 8876
1379 3394
1379 2055
1379 2960
538 1379
1379 2265
8577 4625
1379 9582
7007 3572
1379 8582
1379 6629
1379 3066
6750 6744
1379 3278
1981 1385
9351 1299
2995 1379
466 1379
1379 278
64 1379
1379 9776
1379 1967
1379 6310
1379 4966
1379 5897
9823 1379
8777 1379
2949 1379
1379 7141
1379 4401
9445 1379
4122 1379
2096 1379
1379 5619
8998 4550
1516 7471
1379 9560
1565 1379
1379 4178
2496 1379
1379 9912
1379 89
1379 2644
4207 4459
8272 1379
1379 3156
1379 3919
1379 321
1379 4257
1379 7624
3711 1379
1379 4225
2381 1379
2748 1379
9636 1379
1379 2814
1379 5231
1130 1379
4059 1379
1379 1295
9967 1379
3431 1379
1166 1379
4534 1379
5823 1379
9651 1379
2206 1379
953 1379
1379 3433
1379 7736
1379 3187
4824 1379
5235 1379
1379 6543
25 1379
1379 1608
1379 3197
4823 1379
6680 1379
1379 9898
7701 381
107 1379
4157 1379
1379 199
4490 1379
6609 1379
5492 1379
1379 6158
1379 5909
1379 254
4005 1379
1379 645
1379 2116
2791 1379
8575 1379
1379 7415
6042 528
1379 6454
9897 1379
6336 1379
1379 1246
6396 1379
231 1379
3405 1379
1805 1379
6263 1379
503 1379
2118 979
3 7388
9527 1379
1379 732
1379 7582
7308 1379
5456 8730
1379 3959
1379 7588
1379 6617
6784 1379
7372 1379
1379 2170
57 1379
8773 1379
1379 2575
2896 1379
1379 4265
579 1407
1379 1763
8669 1379
9959 1379
4793 1379
7872 1379
1314 1379
1379 2129
1379 1082
1379 4718
1379 5960
1379 327
6175 8299
9401 1379
5064 1379
2863 1379
4203 1379
5177 1379
7955 1379
1379 7514
99 1379
1379 7998
1379 7374
1379 7651
7105 1379
1379 7093
1379 2977
3144 292
6738 1379
8128 1379
4450 1379
1379 5545
2476 1379
2818 1379
7118 6793
7186 1379
8232 1379
1379 4511
5780 1379
3204 1379
1379 4196
8742 1379
1379 5269
1379 9278
1379 5835
7087 1379
1379 6260
1379 6071
43 1379
5609 1379
1379 4948
1379 835
1379 7981
1379 8096
1379 8381
6484 1379
7746 1379
4365 1379
1379 4905
1068 9012
1379 7225
1379 9185
8626 1379
1058 1379
1379 4009
5397 1379
2783 1379
9284 1379
2222 1379
1379 6894
1428 1379
1052 1379
1379 2764
1379 1380
4496 6937
6496 1379
1379 6914
9662 1379
7830 1379
4275 1379
1379 2361
8026 1379
8646 1379
1379 3589
1379 7924
1379 3024
1379 4714
1379 2856
6537 8558
6896 1379
9245 1379
7354 1379
7193 1379
1501 1379
1379 6640
2105 5245
1379 4980
7767 4925
2103 1379
5652 1379
2460 4490
1379 5010
1379 5628
1379 6868
8320 1379
1379 2852
1379 7951
1379 4467
1856 1379
5422 1379
1379 3686
181 1379
1173 5309
4053 1379
1379 7781
1379 2653
1379 2656
3253 601
1379 1011
7282 1379
8613 1379
1379 3581
1379 2364
1379 5448
2166 1379
8153 7184
3922 1379
913 1379
2453 1379
6743 1379
5562 1379
5623 1379
1379 2567
1379 1265
4542 1618
1379 3812
1001 1379
1379 8691
3562 1379
973 1379
1379 9497
1673 309
1379 1382
1379 3930
1379 1430
1379 7994
1379 4817
6444 1379
8737 1379
1379 5320
5175 1379
1379 7636
6621 1379
2962 1379
1379 6242
1379 1081
6802 1379
6708 2216
1379 6996
1379 3293
1379 4834
1379 7248
1379 5017
1379 5218
9319 1379
1524 1379
1379 4689
1379 2596
6931 1888
2022 1379
1379 7545
1379 1201
6916 1379
1484 1379
1379 3955
1379 3469
643 1379
2984 3590
3477 5197
2173 1379
1379 9854
1379 2487
5659 1379
4312 1379
1379 4035
7899 1379
6561 1379
1379 6954
9572 1379
1379 8922
5946 2043
8101 1379
6397 1379
1379 6871
3940 1379
1782 1379
1379 754
1379 921
1379 8163
8472 2760
1379 7172
2519 1379
8858 1379
1379 7991
7783 1379
1379 5679
1379 988
2 3872
2789 1379
1379 8812
5989 1379
3560 1379
1379 6915
1379 9033
5608 5703
3070 1379
5736 1379
5559 1379
1379 4020
1379 7364
900 1379
1379 8726
1379 8811
8617 1379
1379 9157
1379 7294
2869 4438
5614 9855
1379 9607
359 1379
1379 9735
1379 7469
1502 1379
8468 1379
416 1379
8201 1379
1379 3700
1379 3717
1379 4719
1379 1290
1379 6429
5182 1379
1379 2474
2059 1379
1379 4123
6391 6771
1379 4870
2399 1379
1379 8473
1699 1379
5819 1379
4864 1379
1379 1577
3092 1379
1379 8188
1379 8359
1379 712
1379 367
4970 1379
5179 1379
7010 1379
5072 1379
1379 9405
2634 1379
1379 7065
3100 1379
1379 1517
1379 3044
1379 3535
7517 1379
8106 1379
1379 7800
1379 8212
5896 1340
1379 106
399 1379
1379 6593
1379 9829
1379 8135
1833 1379
8406 1379
2117 1393
7665 1379
154 1379
5983 1379
8327 1379
80 1379
1379 4906
9243 1379
2026 1379
1379 2213
9181 1379
2037 1970
8200 793
6346 1379
7145 1379
2278 1379
7111 1379
8799 1379
1379 1348
1379 4274
1379 1970
1379 3941
1379 827
1379 7630
3750 2341
9314 1379
6462 1379
6019 1379
1379 1946
1379 5826
1379 708
1379 2386
3228 1379
1379 8480
1379 9188
1379 545
1379 4960
1379 5732
3487 4806
1379 829
2627 1379
1379 9660
1727 1379
3311 1379
568 1379
3314 1379
1379 6432
1379 7519
1379 6271
1379 4635
1379 1060
1379 4845
1379 1330
1379 8791
3106 1379
1379 6714
8449 1379
1379 3221
1379 3227
1534 3477
7728 1379
1379 6401
916 1379
1379 5644
6461 1379
9783 1379
4629 8700
258 1379
1379 2538
1379 167
4510 1379
1379 2848
1379 9017
3407 1379
8629 1379
4961 7894
6442 1379
1379 2820
1379 3345
1379 6825
8695 1379
9957 1379
1379 9271
1379 3058
1379 2107
1379 6876
1379 4692
1379 9547
1379 652
9998 1379
1379 8856
163 1379
1379 7269
8640 1379
1379 5876
1379 1378
7865 1379
1379 7283
1379 1365
1379 4933
1379 1358
1258 1379
6185 1379
1379 9390
3200 3671
1955 1379
1379 2936
1379 6665
1379 2106
1379 7217
9619 1379
1379 5714
3330 2725
1379 8063
6641 1379
8538 1379
1760 1379
1379 2560
1379 4422
1379 530
2577 1379
1092 1379
8977 1379
1187 1379
3335 1379
5680 1379
172 1379
2824 1379
9810 1379
6319 1379
7796 5814
9145 1379
686 1379
583 1379
1379 4594
9556 1379
1910 1379
1379 8710
1379 7395
1379 4199
1379 9804
7803 1379
1379 9496
1379 6003
1379 5162
3533 3313
1379 537
9509 1287
352 1379
5771 1379
8639 1379
5443 1379
4625 1379
1379 2394
1379 2610
1379 3833
8688 7236
1379 1342
5302 62
5894 4925
1379 5881
1379 7882
8766 1379
513 1379
1379 5791
1379 4682
1379 227
8655 1176
3823 1379
9163 417
1379 7881
1379 6288
1379 8028
1634 1379
9529 1379
1370 1379
1379 7227
2885 2379
2118 1379
1379 9687
5795 5255
9743 558
4924 1379
351 1379
1926 1379
2149 1379
1379 1563
1379 2632
7160 1379
1449 1379
1379 6294
1379 2085
7753 1379
8740 1379
1379 505
1379 5575
1379 8554
2440 1379
1379 3313
9069 1379
1379 6723
1379 1978
2327 5995
6126 1379
6760 1379
4143 5019
1379 9140
2964 1379
4632 1379
9589 1379
751 1379
1379 1271
1009 1379
2901 1379
4384 1379
9120 1379
700 1379
1379 9018
595 6948
3294 1379
9168 1379
1379 8481
1379 2535
753 1379
714 1379
1379 249
6226 1379
1379 2759
1379 9525
8503 1379
339 1379
9398 1379
1379 7281
4451 1379
6694 1379
1179 1379
3945 1379
9861 1379
1379 4303
4029 1379
1379 7038
9852 1379
4164 1379
1379 9252
2240 1337
5223 1379
1217 1379
5710 1379
1379 8816
6360 5474
1379 1721
261 4114
1379 4495
3101 1379
1379 6722
1379 5431
1448 9642
1379 7004
9207 5429
1379 8708
1379 4655
1379 8559
3350 6233
1379 6696
8673 1379
1379 7417
4159 4013
1379 3929
2943 5648
4597 1379
8830 1379
1379 3526
8853 2733
6190 1379
1379 9546
1379 8276
1379 1046
189 1379
1772 1379
2597 1379
1348 8214
1379 2389
9383 2711
1379 283
981 1379
1379 2563
8055 1379
4825 1379
1379 4403
1379 3052
1379 3803
6637 1379
5861 383
1379 3722
7639 1379
5003 1379
2991 1379
9538 1379
7749 1379
7631 1379
1300 1379
8088 1379
1379 3760
504 4650
1859 8756
6611 1379
7348 1379
7760 1379
1379 4887
1379 3450
6964 1379
6976 6000
1379 3276
1379 6339
9473 1379
1379 5899
1379 1964
1379 4119
8395 1379
7328 1379
2707 1379
1379 8335
7986 1379
1379 6745
3467 1379
7924 1289
1379 2766
6571 4418
1379 4001
8833 1379
2716 1379
1379 4553
2537 1379
5246 1379
2340 1379
1379 2147
7811 1379
1379 268
1379 2654
9622 1379
6257 1379
3028 9318
4808 1379
1379 5141
6953 9931
1379 4792
1379 4968
1379 9073
1379 8649
1379 3447
1379 9930
7127 1379
1379 1686
1379 1022
4270 1379
1379 8303
4983 1379
6900 1379
8585 1379
1379 3367
1379 1149
1379 6764
4731 1379
1379 6777
173 1379
8760 1379
4712 1379
1379 2982
9686 1379
1379 2195
1379 9266
7048 1379
750 1379
4874 1379
1379 2823
5598 1379
1379 1132
160 1379
7495 3323
8714 1379
4344 1379
105 7050
1379 7166
1379 9962
1379 8864
1379 2484
6658 1379
2782 1379
1379 1387
1379 6625
1379 2071
9313 1379
39 4896
7699 1379
6252 1379
3862 1379
7870 6187
8527 1379
1379 7273
4371 1379
9231 1379
3906 1379
1379 4448
1728 1379
2841 1379
1379 361
1379 2053
3079 1379
1379 4244
5639 1379
1379 1696
1379 9825
1379 2674
1379 3910
4554 1379
2675 1379
1379 1205
8181 1379
1379 4772
1379 8424
2643 1379
6686 1379
8541 1379
6767 5879
1753 1379
9153 5460
6307 8241
2619 1379
1379 2769
1379 3873
1379 109
7900 1379
1379 497
7076 1379
3383 1379
111 1379
7074 5187
2963 1379
4744 1379
1379 7791
1379 7598
1379 2808
233 1379
170 1379
1379 8831
8492 1379
1379 1870
8804 1379
4995 1379
4702 1379
215 1379
1379 1116
8677 1379
4728 1379
8808 1379
1379 7837
1379 6614
2191 1379
1379 273
1379 9388
5644 8058
104 1379
8370 1379
1754 1379
1379 4710
6823 1379
1379 7381
5039 1379
1379 5724
7005 1379
9295 1379
5117 1379
1379 3623
5542 1379
1379 2296
1379 4446
7359 1379
1379 5461
3045 1379
8570 3230
1379 3231
1379 2515
2994 1379
1379 3411
1379 719
1379 745
5608 5425
1411 1379
7677 1379
1379 9268
2261 1379
1379 7679
1379 8530
5956 1379
1379 5007
1379 9758
1379 606
1379 8679
820 1379
3650 1379
4841 1379
7275 1379
1379 5199
5587 1379
1062 1379
5207 1379
1379 5910
1379 3117
9210 1379
5442 1379
5704 1072
676 1379
1379 5059
1379 524
1107 1379
1379 1221
6050 1379
3168 7571
1379 363
1379 7506
759 1379
1471 248
972 1379
5954 1379
1379 8905
6099 1379
1379 7268
1379 6901
1379 4468
3409 1379
9415 341
1379 3065
1379 4478
1726 3610
1379 4276
1379 2378
1379 52
5271 852
6421 1379
4057 1379
8721 1379
394 1379
377 1379
9438 1379
9520 1379
6843 1379
1379 1798
9348 1379
1457 1379
9977 1379
1379 4480
349 1379
1379 3121
7963 1379
1379 4533
1379 5213
5155 1379
3108 1379
1379 6635
1379 7568
1379 818
3118 1379
33 1379
1379 9968
1379 4231
3554 3552
501 6463
8029 1379
4413 1379
2692 1379
1379 7334
5573 1379
1379 6673
1379 6040
1379 289
2020 1379
809 1379
1379 1146
1379 4358
5778 1379
1379 4589
5328 1379
1308 2051
1379 9540
7219 1379
1379 2492
1379 9788
6683 1379
1379 9289
1379 219
3794 1379
7706 1379
1379 8690
1379 609
7436 1379
2887 1379
6285 1379
5193 1379
1426 1379
6132 1379
8560 1379
2127 1379
1379 6038
1379 6775
6789 625
1958 1379
1379 4260
8964 1379
75 1379
9250 3298
2002 2856
1379 3656
4941 557
1379 5740
1379 9399
1379 1189
1379 6560
656 1379
5071 1379
477 1379
1379 3828
1379 7079
1379 6045
7331 1379
8409 1379
9697 1379
1587 8440
1379 6244
903 1379
2413 1379
1379 2209
6689 1379
1379 3890
1379 3514
1507 1379
2189 1379
4928 1379
1379 9465
1379 6314
1379 6344
1379 2184
9391 1379
1379 3931
4535 1084
919 1379
9690 1379
5324 1379
1379 1229
6047 1379
8801 1654
1379 4540
1379 5601
1379 3870
1379 5784
8196 1379
4613 1379
1379 3774
1379 3177
1379 1051
7029 1379
1379 5496
1238 1379
5860 15
8591 1379
1379 3353
6168 1379
1379 1552
1379 4967
6540 7350
1379 9670
7638 1961
2697 64
3103 1379
44 1379
3393 5868
8140 1379
2354 1379
1379 5690
5742 1379
1379 704
1864 1379
5350 1379
4339 1379
1257 5709
1379 7241
3811 1379
1379 1872
4630 1379
7655 2257
1379 2157
1783 7861
1379 124
1379 1567
1379 6316
1379 560
5879 1379
5314 1379
2591 1379
1379 647
6493 1379
1379 5498
5062 1379
1379 1384
1379 7768
1379 69
5135 2600
5607 1379
1379 6592
1379 6193
5214 1379
1379 3016
1379 8083
6214 1379
1379 9285
1379 8031
2501 1379
1379 3481
6297 897
9767 1379
7537 1379
9830 1379
6588 1379
1379 2907
1379 7201
1379 9406
1379 9418
3772 1379
7587 1379
6832 1379
4197 1379
3018 1379
1379 2767
2624 1379
1379 9481
1379 9256
2570 1379
4000 1379
1379 2245
3029 1379
3132 1379
8880 1379
1379 4345
1379 4291
4111 4432
3145 1379
1379 7755
532 1379
1379 6891
6921 511
1903 9272
2970 9238
3241 1379
3036 1379
1379 716
3081 1379
1379 3520
1379 4683
1379 680
1379 4826
1444 1379
6529 1379
1379 5666
1379 6928
1379 1026
2156 1379
3763 1379
1379 5792
6015 1379
1379 8825
4138 1379
3943 1379
3898 1826
4627 1379
1520 1379
6599 1379
966 3460
1379 2899
1379 5351
1379 5663
3714 1379
7362 1379
1379 378
1379 2077
4815 1379
1379 2266
1379 990
1750 1379
5957 1379
8810 1379
1379 9709
3867 1379
1379 4307
1379 7431
9117 1379
5891 1379
9982 1379
4736 1379
6525 1379
473 2702
3622 6594
1930 1379
7188 1379
7143 1379
4399 1379
7972 1379
1379 4571
1379 6725
8469 1379
1492 1379
2708 1379
8093 1379
1379 2613
1296 1379
1379 9194
1379 7204
2522 1379
190 8627
8293 1379
5354 1379
1379 2414
7852 1379
1379 2259
1379 217
3898 1379
1379 6938
1966 4457
1379 5345
1379 2081
6276 1379
1379 6274
1379 180
8363 1379
1379 1234
9515 1379
4195 1379
1379 6051
274 1379
1379 4897
6742 1379
1379 2121
8352 1379
6471 8879
1379 7539
1379 1292
1101 1379
1379 1240
1379 5656
9046 1379
1379 3715
1379 1091
1379 470
2319 1379
8518 1379
1379 5818
6163 3353
1379 6041
1379 6499
1379 4684
5509 1379
1379 4337
6615 1379
717 1379
2633 1379
119 1379
1379 8818
9899 1379
4176 1379
8717 1379
1379 2832
1379 9013
4907 1379
1379 6476
1379 3570
1379 4202
1379 9895
2023 1379
5901 2685
1379 3440
1231 1379
2234 5953
1379 1154
1379 2171
5911 1379
5040 1379
9516 1379
2912 1379
8982 1379
1379 6995
1379 7095
1379 7320
1379 6889
1379 4607
1379 5386
9376 1379
4628 928
9224 560
1379 4911
1379 8144
1379 9629
923 1379
9457 5806
1379 7335
4992 1379
1379 2355
4435 1379
5051 3176
1379 7398
872 1379
8325 1379
2089 1379
1379 9387
8051 1175
3387 1379
5277 4074
2961 1379
1379 2306
1379 4998
8089 1379
5918 957
6613 1379
5336 1379
4789 1379
7625 1379
1379 3783
5247 1379
1379 4078
9958 1379
3225 5219
1379 8224
8782 9025
1379 8732
1379 7606
9790 1379
3446 1379
1379 9369
1379 6874
2682 1379
8344 1379
1652 2054
3194 1379
2918 1379
1379 71
1379 7873
5669 1379
8318 1379
1379 1392
1379 1181
5675 1262
3903 1379
1379 5101
755 1379
1274 1379
4235 1379
8407 1379
8365 1379
5195 3235
178 1379
3513 2192
1379 1466
4362 1379
5098 7116
1379 4223
457 1379
5757 1379
1379 9570
1379 7187
9363 1379
1379 1857
873 1379
3250 1379
5796 1379
1379 5994
9382 1379
353 1379
3265 1379
1379 8283
4573 1379
2581 1379
1714 1379
6662 1379
2048 1379
6170 1379
6103 1379
1379 8145
1379 3399
1147 4681
3211 2965
3439 1379
4465 6813
4837 1379
1379 1899
8805 1379
1379 3654
1379 7524
9542 1274
2409 1379
9203 1379
8586 1379
2972 5642
4210 1379
1379 9242
6073 1379
1379 8161
1379 1110
2804 1379
1379 3428
1379 3354
2779 1379
1379 5369
1379 844
6247 1379
1379 7907
6509 1379
9679 1379
1379 5586
2747 7218
3659 7080
1379 4512
4831 3059
1379 4574
612 1379
828 1379
1379 4249
1379 7376
675 1379
5381 1379
3344 1379
1379 9956
1379 726
1379 4934
1379 4893
3736 1379
5167 4602
1379 7675
1379 7067
1379 7356
1379 1251
3600 1379
1379 487
6474 1379
2778 9552
235 1379
5875 1379
2293 1379
2179 1379
368 1379
1379 4575
1730 1379
2810 1379
1379 1724
762 1379
1379 968
88 1379
1379 5650
1379 9544
1379 956
3248 1379
1379 8131
1379 2215
3636 1379
1214 1379
4857 1379
1379 2620
1379 1848
8779 1379
1379 4398
8704 1379
1379 2985
1379 3665
1379 6518
1880 1379
5808 1379
1379 7964
7125 1379
1379 4142
135 1379
4832 8163
5749 1379
1379 3975
1379 4025
5761 9015
1379 3151
1379 5510
1379 566
5786 1379
5481 1379
9567 1379
2017 1379
1379 2405
5751 1379
6693 3496
7191 1379
334 1379
2955 1379
1629 1379
4843 1379
1379 2851
1379 8702
1379 5249
1379 1361
1888 1379
1379 1611
1379 8421
1379 2335
1379 7558
5547 6021
1379 7843
1379 2202
6546 415
3374 1379
779 1379
1379 4930
6566 1379
1379 1264
2287 1379
1202 1379
1379 6268
1379 5604
1379 2288
8301 1379
251 1379
8033 1379
2625 1379
4542 1379
5154 1379
5100 1379
346 1379
67 1379
1379 9239
1379 7995
1379 7224
9845 1379
1379 3859
1379 5799
5988 1379
1379 5921
3159 1379
7021 1379
1379 9664
3821 5749
2527 1379
2548 1379
6757 1379
6761 4106
2260 8385
1379 3083
1379 9500
9649 9264
2930 7822
1379 5829
2680 6119
1379 3817
1379 3746
6768 1379
7726 1379
8582 7989
6762 1379
3495 1379
1379 1874
6245 1379
8119 1379
4669 1379
3351 1379
1379 1847
1379 3587
1850 1379
1379 9811
1379 6571
1379 2030
1379 5126
6149 1379
1379 2938
7713 1379
1379 3747
1379 9301
7259 1379
1518 1379
7877 1379
8285 6847
1379 986
1379 7149
1379 5067
733 1379
1379 4844
2313 1379
1379 2583
1379 2837
9826 1379
8111 1379
8072 1379
1379 148
1379 5529
1379 1139
1379 3938
1379 2762
55 1379
3704 1379
1379 1256
761 1379
8775 1379
960 9293
1379 5554
3545 1379
9336 81
1379 3834
1379 2719
5828 1379
1379 4077
1379 9270
3857 1379
3485 1379
5368 1480
8593 1379
7108 1379
2840 5558
1354 1379
9809 1107
9408 5432
1379 5513
4068 1379
1379 237
1379 7889
9276 1379
7973 1379
7139 1379
1379 9650
1379 2216
5085 1379
4323 836
1379 6246
1379 5708
6325 1379
8908 1379
9911 1379
8939 1379
5352 1379
7066 1379
1379 4790
8456 1379
1379 1859
798 1379
9521 1379
8642 1379
1379 4298
1379 4758
1379 4252
7508 1379
2125 2301
1379 3011
5508 1379
1379 1478
5119 1379
2187 1379
5574 1379
2176 1379
1379 24
1379 9935
1379 2312
9884 1379
1379 8601
3935 1379
1379 4094
4549 1379
1379 3369
4321 1379
1379 4662
1379 7327
2700 1379
1379 9372
9108 1379
807 1379
1811 1379
6349 1379
1379 8087
5307 7730
1379 1064
8289 1379
6744 1379
6992 1379
1379 4603
3635 1379
9076 1379
1379 4153
1379 7949
1379 3544
6650 1379
1379 5620
3184 1379
7453 1379
1379 6628
37 1379
1379 3942
1379 1640
1379 4434
1379 5190
5790 1379
7183 1379
1379 8350
7619 1379
9892 1379
1379 9847
2204 8293
3054 5147
6465 1379
1379 1435
3509 1379
1379 499
5959 1379
1379 7032
1379 6091
4242 1379
7288 1379
1379 1453
6842 1379
1379 616
1379 3730
810 1379
3838 1379
1747 6976
1379 6114
4587 1379
1379 7272
1379 5997
1379 8416
5123 1379
1379 3926
7502 5825
1379 7721
1379 3037
325 1379
3232 1379
5382 1379
1379 6291
1379 7405
486 1379
3980 1379
3994 1379
1379 3138
1379 2432
1379 9841
2502 1379
9126 1379
842 1379
1379 989
5486 1379
1379 5366
2993 1379
1379 6464
1379 3122
4745 2402
9415 1379
6724 1379
9476 1379
7003 1379
7254 6309
9625 1379
1379 7990
8662 1379
7887 1379
1379 1277
1379 2226
46 1379
1379 1050
1379 9685
1379 9740
1379 2670
5720 1379
2990 1379
8317 1379
5760 1379
1379 1771
1379 9449
4362 9003
2141 1379
5741 3616
1379 5480
1379 7223
8510 1379
653 1379
1379 5462
3720 1379
1379 7817
1379 6506
3170 1379
9908 1379
1379 7370
1379 2419
1379 3896
1379 3971
3252 1379
3316 1379
3998 1379
4505 1379
1379 4531
1379 7739
1379 885
1379 5076
1379 856
1379 3510
8986 1379
1379 8935
6138 1379
3022 3786
7456 45
1379 8121
7165 1379
1379 1913
1379 6791
1379 9442
790 1379
1379 2765
1379 718
9996 1379
1379 2602
8385 3486
1379 7857
1379 6199
1379 7367
1379 813
1379 9149
5348 1379
2113 1379
6983 1379
2658 1379
1151 1379
1379 7698
1379 1615
1379 5929
1379 1155
4648 1379
1379 5159
1379 5295
130 1379
1586 2005
6756 1379
161 1379
4209 1379
3604 1379
8240 1379
1260 1379
1379 4518
6564 1379
764 1379
1379 1145
1379 3501
8562 1379
1379 1509
510 1379
1379 1332
5979 1379
6727 1379
7553 1379
937 1379
1379 1212
2715 1379
1863 1379
9499 1379
1379 3205
1590 1379
1379 1002
4279 1379
1379 6248
1379 9610
865 1379
3516 7206
1379 8625
1379 6885
1379 7345
6123 1379
5286 9870
1163 1379
3617 1379
935 1379
2914 1379
1270 1439
1379 9630
8941 1379
1379 8304
1227 1379
7653 1379
1379 4440
2929 1379
8647 1379
4706 1379
1379 3422
7812 5859
5273 1379
1379 126
4951 1379
8151 1379
1379 5194
6667 1379
9715 1379
5797 1379
5553 1379
8796 1379
8528 1379
7938 1379
5078 1379
1379 1475
1379 621
1379 6455
4532 1089
3836 1379
1379 8683
3140 1379
7034 1379
136 1379
1379 6000
1379 9146
1379 6370
1379 915
1379 4236
1379 1680
1379 4878
6048 1379
1379 4996
1379 3327
1678 1379
1379 633
9946 1379
1379 3057
5097 1379
548 1379
8405 1379
2035 1379
1379 9864
1379 157
9008 1379
1598 1379
6975 1379
4965 9969
1379 2100
343 1379
7228 1379
1379 6261
6905 1379
1379 9109
1379 9573
1379 8251
8912 343
252 1379
9820 1379
1948 1379
8420 1379
1379 8990
1379 4910
614 9304
1379 3553
1813 1379
1379 4921
1379 6816
1379 5912
3561 1379
3700 2874
1379 7910
4700 1379
1379 4680
1379 4953
4233 3057
4445 1379
2018 1379
1379 8888
2909 1464
1379 2142
6998 1379
1379 3334
2069 1379
1379 395
1379 3086
1522 4445
8851 1379
1379 1341
1379 5045
1379 8926
6498 6951
7834 1379
1379 1843
5717 1379
1379 7161
26 1379
1379 2295
458 1379
3008 1379
9083 1379
1379 7939
1379 5593
7178 1379
4717 1379
952 1379
1379 115
1379 804
1379 2038
3274 1379
1379 7375
1438 1379
1379 2956
4327 7968
1379 4650
1355 1379
9171 1379
1379 847
1379 594
338 1379
9287 1379
1379 388
1379 3881
1379 3559
8364 1379
1379 8774
1379 7180
1379 8606
1379 6736
1379 2688
7716 5092
1379 9566
1379 4429
1379 9346
1379 6959
1553 1379
7794 1379
1379 1924
4304 1379
1764 607
1379 6083
1379 1377
9448 1379
7904 8434
1379 1460
578 1379
1379 9868
1379 7314
3284 9446
5976 26
8529 1379
1379 6323
1379 6281
1379 8525
56 1379
2374 1379
2250 1379
1379 3902
5224 1379
1379 515
1379 7200
1379 7163
1379 1080
1379 925
1379 8332
9581 1379
1379 6215
1379 5226
1379 2373
1172 1379
1379 3203
1379 944
1379 4530
1379 4335
1379 5942
3300 5147
1379 7892
1379 6070
1379 9067
6985 1379
1918 1379
1379 7210
4757 1379
1379 4251
1283 8267
1379 1911
9644 1379
1959 4171
9066 3403
1379 7449
1379 4765
1379 4497
1379 2941
1659 1379
1379 7576
8512 1379
1339 1379
1379 8944
7523 1379
9433 1379
8861 1379
838 1379
7154 1379
5612 3908
2544 3683
3827 1379
1379 4033
5689 1379
1379 942
5488 1379
3039 1379
6287 1379
5176 1379
1379 6853
2795 1379
1379 691
2088 1379
1379 9031
3176 1379
3267 1379
1379 9979
3767 1379
1379 8772
2886 1379
640 1379
1729 1379
1379 441
1379 6074
1379 5466
5465 1379
7062 1379
1379 9206
1379 5232
1379 9901
1379 2622
5229 3840
1379 1490
6184 1379
1376 1379
120 1379
7361 1379
1379 2270
1379 4855
1379 8308
1379 1770
1379 9219
1379 6053
1655 1379
8231 824
5321 1379
1379 4342
1379 6228
4973 6087
1379 6469
3264 1379
1379 5002
1379 4981
6582 1379
1379 2452
311 5774
1379 8049
1379 5536
2279 1379
1379 9344
1379 7637
9122 1379
1027 1379
5450 1379
58 8264
8209 1379
3583 1379
426 1379
1379 9141
1379 8979
9918 1379
1458 1379
1379 5437
3448 2090
4590 1379
6026 1379
1379 1057
1379 8930
1379 9747
1379 9986
6709 1379
1379 9158
1379 9091
1379 4784
9118 1379
1379 493
2339 1379
1504 1379
1379 4385
1329 1379
5065 1379
9052 1379
1379 7510
9689 1379
1472 1807
2461 1379
576 1379
1379 6763
1379 1143
1379 7683
1379 7144
203 829
1379 1055
4402 1379
166 1379
3884 1134
1379 2997
1379 3451
9359 1379
1379 9528
450 6522
6357 771
1379 2910
1379 1810
7632 1379
1959 1379
1379 1625
5964 1379
2299 1379
2545 1379
1379 5331
631 1379
1379 3004
7084 7121
3480 1379
1379 204
4622 1379
1379 6109
1379 8004
1379 7318
7956 1379
1379 2346
4842 1379
1731 1379
1379 5816
5813 1379
1962 1379
4894 1379
1884 1379
7186 5432
1379 1161
2098 8822
1379 5750
1379 9196
1379 3800
1379 4347
94 1379
3182 1379
3130 1379
1379 8185
1379 5844
895 1379
1379 471
6797 1379
4128 8061
239 1379
2728 1379
379 1379
1379 3647
909 4964
1379 7157
3672 1379
1379 9739
1379 5195
1379 2478
4514 1379
1379 4649
8146 6953
7023 1379
8513 1379
1379 7103
2536 1379
1379 9282
1066 1379
6409 1379
2816 3211
1379 4350
8836 1379
8100 1379
2241 1379
6086 7206
7130 1379
2274 1379
1379 8506
1379 103
385 1379
6912 9061
483 6089
4232 1379
9085 1379
1379 3977
7926 1379
6654 1379
2079 5044
6001 1379
1379 8819
8834 1379
6330 1379
1379 9106
1571 1379
5057 1379
1379 6682
8597 1379
1379 959
1213 1379
5118 7729
8279 1379
1171 1379
1379 8650
1379 5347
1379 6293
1379 2506
5660 1379
5615 1379
1379 1581
9744 1379
9893 1379
4375 1379
7363 1379
9653 1379
1379 8394
5132 1379
6175 1379
1379 573
2454 1379
1840 1379
1196 1379
9396 1379
1379 5948
1379 9300
48 1379
7058 1379
5240 1379
1379 4297
1860 3830
8942 1379
5390 1379
5945 3316
1379 9950
2433 1379
1379 8838
9413 1379
1379 6849
7232 1379
1379 8198
7263 1379
1684 1379
4617 9508
739 1379
2130 1379
6651 1379
6399 1379
5429 1379
8191 1379
6790 1379
1379 2828
2834 1379
7371 1379
2110 1379
370 1379
3160 6314
8687 1379
1624 1379
1379 456
4175 3463
4646 1379
1379 9558
1379 2
4674 1379
1379 272
1379 3382
910 1379
1379 2400
6010 1379
1379 5590
9132 1379
3679 1379
727 9571
4610 1379
1379 276
6395 1379
2565 1379
1379 5300
894 1379
4676 1379
1379 9068
2014 1379
9419 1379
1379 7411
4226 1379
3429 1379
1379 2867
9909 1379
1379 2866
2385 1379
1379 1394
1379 9432
7732 1379
8735 8996
3765 1379
1379 2008
5754 1379
2717 1379
8521 1379
679 1379
7562 1379
1379 8578
8069 1379
1379 9989
3759 1379
1379 1851
151 1379
1379 5914
3056 1379
5793 1379
1379 3071
1379 9988
1379 9143
4173 1379
1379 3089
9972 1379
740 1379
7993 1379
1794 1379
7447 1379
1358 6485
1379 7761
2844 1379
6656 1379
5157 3162
1379 5124
1379 9564
7019 1379
3506 1379
5870 1379
1379 432
1379 7875
7461 4474
8094 1379
5658 1379
4031 1379
1379 7413
2057 1379
1379 9217
4223 2325
1379 8875
825 1379
1564 1379
1379 5594
3988 1379
1379 8137
1379 7102
1379 73
3362 1379
6096 1379
1379 1425
3660 1379
1379 275
4818 1379
1379 8616
8867 1379
8129 1379
435 6201
5029 1379
1379 2659
1379 4084
9963 1379
1379 555
6668 1379
5145 1379
615 1379
1379 1065
4564 1379
4873 1379
2137 464
9732 1379
1379 964
2944 1379
1379 7347
1656 1379
1379 6594
8978 1379
145 1379
3928 1379
1379 4353
3477 1379
1379 908
5264 5555
1379 7494
4848 9472
1379 5368
1379 1572
1379 585
4563 1379
8334 1379
1379 4522
1379 6788
1379 8006
1379 9178
1379 816
9308 1379
1379 4241
7448 9248
1379 644
1379 8637
1379 3141
1232 1379
1379 9819
1379 7908
1379 5166
4366 1379
4546 1379
1379 337
1379 2311
1379 7455
1379 9818
1379 4644
1379 5363
5392 1379
1379 9938
1379 8034
9135 5276
4383 1379
4217 7815
1379 2329
5916 1379
1379 7088
4273 1379
1379 5890
8070 1379
2822 1379
8705 1379
5556 1379
1379 9805
8068 1379
1845 1379
6227 1379
3709 1379
8050 1379
1379 1236
1379 6841
1047 1379
1379 5949
9717 1379
5467 7238
9731 1379
1379 8130
1379 1895
1379 6235
1379 9821
1379 4488
7343 9388
4180 1379
4105 1379
1379 3625
1472 1379
1379 9214
4584 1379
8249 1379
1379 3568
9093 1379
1379 5902
3247 1379
7192 7608
6704 1379
2623 1379
8225 1379
1379 8744
5673 1379
9443 1379
1379 6351
1379 6068
1379 6348
9037 1379
7260 1379
2718 1379
6265 1379
1379 4814
9009 9812
7633 1379
1379 4042
1379 4452
1379 6515
1379 4901
3999 1379
1379 8430
1379 5025
1379 6028
2980 1379
1379 5744
1379 4387
1379 2757
1379 1381
1379 8630
1379 1313
1468 1379
1379 4858
4292 1379
9561 1379
7497 1379
4082 896
8117 1379
1379 2926
7000 1379
2691 1379
331 1379
1379 495
4699 1379
1266 1379
7855 1379
3529 1379
1379 4075
1379 356
5099 1379
8262 1379
1379 2968
1379 3033
6 1379
5067 3540
9101 1379
5430 1379
880 1379
5576 1379
7403 1379
9429 1379
840 1379
1379 8392
5762 1379
8698 1379
5630 1379
1379 9144
1379 3299
2826 1379
5825 1379
1379 6646
1379 613
7614 1379
5237 1379
1817 1379
1398 1379
1379 6206
9485 1379
1379 5491
7757 1379
4778 1379
9799 1379
8479 1379
1379 3685
9910 1379
7041 1379
9850 1379
358 1379
4463 1379
1379 4299
5712 1379
1530 1379
1379 8484
1379 999
3245 1379
5649 1379
8736 1379
3271 1379
3319 1379
1639 1379
3042 1379
3436 1379
1379 9667
6060 1379
5488 9773
1379 7246
5053 8895
2753 1379
8516 1537
1379 7649
4172 1379
1379 4677
1379 4115
4290 1379
1379 4295
1379 5360
3404 1379
1379 6844
1379 6902
1379 1837
1379 4397
1379 9288
1379 2040
1379 8114
8374 1379
4098 1379
5627 1379
7615 1379
1379 6612
1379 2768
1824 1379
1379 2491
1379 7866
1379 9303
1379 2815
333 1379
1379 3613
1379 2015
5728 1379
9511 1379
1609 1379
1379 6439
1379 3630
1379 8116
1379 9361
7356 6475
213 6973
9259 1379
1379 7987
1379 3283
1954 1379
2240 1379
1379 1738
5178 7757
1379 196
7517 2404
1379 6883
8654 1379
4031 3275
3471 1379
1379 2797
4427 1379
1379 1556
8186 1379
1379 3116
1379 2161
3773 9966
1379 8164
8549 1379
2799 1379
1379 8247
9922 1379
1379 8172
722 1379
1379 197
1075 1379
1379 9987
938 1379
7876 9926
3558 1374
9162 1379
8653 1379
738 1379
2043 1379
133 1379
1379 5737
1379 6670
7226 1379
1379 5514
5996 7752
3991 1379
1379 6907
92 1379
6957 1379
1215 1379
1379 9164
316 1901
1379 8750
3128 4101
1379 3023
9237 1379
8021 1379
2393 1379
70 1379
3304 2719
1379 6468
1379 1735
4927 1379
5358 1379
1379 150
2585 1379
1379 1900
5068 1379
1379 2934
7599 1379
1379 287
8458 1379
6321 1379
1379 3549
1379 2050
1379 977
1379 2133
2207 1379
1379 3574
805 1379
3210 1379
1379 6719
1379 3123
1379 4849
2641 1379
3237 1379
1383 1379
8884 1379
1379 6513
1379 6192
1379 2871
2539 5734
1379 5379
1379 3479
4168 1379
2175 1379
1379 4258
4014 152
4904 1379
1379 8414
2777 1379
1379 448
1379 8048
6197 1379
9549 1379
4289 1379
2532 1379
7054 1379
1379 5191
3996 1379
2247 3803
6217 1379
9655 1379
1379 7438
9205 1379
1379 4129
1589 1379
3796 1379
1379 2276
1379 5473
6454 9041
1379 1447
2710 8560
1992 1379
1128 1379
1379 1446
7528 1379
1379 4263
1379 5325
2813 1379
8085 1379
9201 1379
7239 1379
6687 1379
1379 6481
3468 1379
1379 2878
1379 1316
9643 1379
1403 1379
1379 6981
127 6664
1592 514
1379 195
