10000 9999 1026629181953595108 532 4
459 9221
142 8515
5631 9739
1390 2009
5723 8788
174 2425
3322 2012
2211 8676
7661 8559
239 8069
5227 2459
3789 5203
7129 7197
3835 1310
8163 5982
9573 5084
4270 6346
5073 7047
6706 6321
5998 9131
2480 1072
5494 7751
5132 4582
4460 915
7995 8063
2396 3566
9075 8402
2699 5333
3681 3901
2486 3783
2898 3637
4935 649
5439 9474
8395 680
3629 6172
3742 3614
1345 8500
2428 4600
7178 4270
9234 2801
4013 5954
8454 7410
3608 4954
8636 9657
5086 8179
6220 6389
4435 3804
2368 8009
5471 8593
3640 7228
2800 2393
5400 5608
9605 8300
9996 5252
693 6846
1041 4813
3877 7660
2147 6254
5021 7715
1874 7510
7489 4201
5697 7513
1673 6739
4196 5060
4321 9705
1509 2219
3116 5961
538 3221
3916 8269
4585 5541
4283 2139
359 1633
5686 9295
1853 5599
4045 9302
4622 3246
4336 4332
8915 4746
2829 5956
2211 6345
8705 4774
7941 8018
4528 2702
4826 3088
6680 3499
3551 7377
9296 6849
6418 6218
3355 3295
6664 6024
2646 7987
9275 5283
7839 4697
2617 9258
1009 4551
4631 6077
8090 3218
9477 58
3116 5506
6312 8679
6684 9
8516 3820
9293 3755
6979 9119
877 7943
4438 1018
62 354
3670 3596
7754 1146
3053 9274
9649 3116
112 3167
8309 5348
2285 1797
9039 3722
6136 407
2263 6136
6826 6668
5853 2753
262 8982
1240 5840
3386 5235
5149 3009
1877 161
2945 6604
2465 4281
9679 2821
1436 6733
2440 8757
1 7035
3730 1723
7843 4406
6652 3239
1206 7166
193 4012
7601 4655
6153 3178
6517 4636
5135 2010
1318 3340
3611 919
4582 1839
7127 1553
9693 9162
8683 446
689 4102
4868 120
5168 5642
3306 4516
2728 8146
1136 5888
9006 531
8078 3116
5163 9690
1985 5921
1330 7712
7903 2866
6702 6639
7177 9270
6467 1510
3913 6982
1768 2473
6035 546
5960 1369
5849 2203
8067 6211
7145 7735
2870 4802
3307 2702
1892 1883
6439 7226
1943 4264
6599 612
8484 6486
7093 9911
3882 4878
9080 4005
3958 9307
5478 3440
1018 5862
6235 5408
5818 5586
8099 2417
2579 5773
4543 9624
6763 2029
5725 4285
9017 8432
6555 6624
507 3973
6283 796
9760 7297
4933 7757
8258 6575
3999 4728
2394 6172
4533 4418
7118 3974
8168 6069
7576 2061
3026 3141
6047 4857
2730 2337
4062 1209
9798 2300
969 6304
5353 9506
1041 3157
5637 675
7820 9460
6969 1113
5524 4008
3386 2808
7560 4796
4570 8789
2508 1087
3605 2447
2478 5951
9262 8854
217 6379
1424 7905
7458 1361
4232 8832
3116 6201
402 3509
9647 774
6358 3392
6925 3341
2146 581
3849 6652
669 9320
1367 8464
6698 4140
9774 4103
7799 8963
2919 1135
3806 563
1129 7665
1369 8562
7817 7201
2310 2353
9901 9150
399 604
2073 9716
497 4401
9570 3256
5518 901
7056 8984
1954 1176
126 9220
1287 6693
5525 6350
2791 7793
7602 157
3944 4609
3480 5096
9983 4750
4872 9781
3228 8881
4866 8359
4167 6411
7150 277
7490 1046
4376 1456
1933 3949
9433 9897
11 3824
7240 1628
3939 9323
9804 5669
9120 2911
1196 7322
9417 235
4756 2296
3627 5490
4829 2548
8752 5469
1048 1974
8122 2167
1063 7023
7953 1954
4085 1824
5122 1474
2115 2532
4759 8528
445 410
6704 6768
5682 2969
341 31
3575 3146
3116 3378
9858 9709
6155 7650
7785 58
4839 7906
4219 1251
4502 4565
4638 4108
1135 3089
9135 9376
5305 7978
9003 8436
9529 2486
2834 7303
8282 1776
3001 7548
249 6833
1611 2703
5429 9589
8237 6450
8276 7053
8104 512
6091 9876
4395 733
2275 4355
2279 5313
2483 826
7766 1455
8093 8006
4732 552
9022 5377
3375 8680
547 859
1005 7093
6304 1254
2503 7307
7652 4919
873 723
3854 3836
2209 1691
8522 6535
8226 601
5677 3038
5350 3099
4511 1361
9391 9767
5406 4982
3116 2927
2233 7526
3110 1891
8911 9641
6649 9085
2348 9736
5966 7614
9779 2942
2818 2902
504 5438
6622 4962
2874 1349
6355 6230
5565 3847
5196 4269
5882 5037
2227 1494
420 4704
727 833
3061 8803
4436 3172
1972 3804
4897 7055
9882 4217
4920 7668
7308 301
5909 7543
4484 4324
2249 3433
8651 9517
2484 8635
6017 7128
6314 9500
6256 6578
9695 9649
5371 2376
7331 9771
4310 2463
7791 6491
4628 6484
5621 3496
721 3910
6126 5190
7892 5884
1817 5790
3352 7534
5608 8084
6029 8085
7929 1544
7972 9211
2886 5285
4123 5803
9885 8518
4391 550
6289 2025
1363 3482
9894 7784
3575 8077
3422 9230
4540 3391
7033 128
1709 3286
1333 1796
1938 7796
1315 1425
6307 3940
8797 8815
4730 7144
5530 9330
3833 1135
97 4642
9760 4136
8466 7629
9317 3821
4210 3322
8238 111
6646 3249
2882 8746
9356 3862
2163 1116
3627 866
1021 6824
7038 3116
647 5511
8725 1288
9382 9160
509 7427
9314 8062
1344 7440
2633 9209
8413 3550
4631 1279
8272 1220
6344 7462
7318 1095
1303 9092
8113 8760
6810 8695
5120 6348
9654 758
7919 561
8818 9558
8604 6045
7212 1689
6077 8992
3253 1655
3116 6461
278 617
2143 5070
2768 9295
7488 9118
782 4644
6495 1925
5522 6163
2780 3459
6150 8832
7797 5461
4405 4760
7100 1500
734 3513
915 4038
8940 3383
4121 4875
5702 2468
5021 1688
2453 178
5295 379
6827 9823
7444 7272
5039 4226
9928 8734
8425 6371
4184 3190
6253 7018
1082 3005
6394 5353
160 3116
6848 468
7725 167
1435 2576
5850 9514
8276 7274
9186 5361
6616 2915
8369 8414
5663 597
5670 1366
6517 6117
8697 3052
4333 3807
1486 3642
2562 8433
7629 8251
6770 2110
6044 6464
3192 406
3707 6983
295 9087
6788 8854
2012 4753
2901 2590
5175 3336
9079 5516
6271 7493
6545 7325
806 1601
3391 2357
9759 887
9564 2179
4941 2123
9002 7188
9292 4402
3425 3116
4857 1700
7503 6159
5384 3737
2008 8868
9523 7281
889 6446
7398 8035
6255 1947
5278 9229
1148 7680
7765 6597
1034 5846
1567 8943
6554 6027
4389 8610
9870 4112
4080 3116
2378 8687
8823 6918
3275 7096
6823 1953
8813 2450
466 6018
6080 6911
8151 3993
4667 6695
1777 169
65 4662
5218 5317
6144 8145
5733 854
7876 3788
6519 6401
6815 2741
9501 1140
6769 4981
6790 9053
7527 9764
3330 6491
1017 9905
3443 6902
431 6987
4361 8244
2264 2037
1885 6031
4576 1289
9531 5661
3068 2596
4603 8317
8756 428
7147 9311
6304 8088
7187 2724
8849 225
5540 5131
4592 1202
9650 7349
1602 4706
376 1365
1380 5512
7025 312
2919 1881
9153 1403
3063 3823
9020 5798
8583 3404
1915 8918
5130 451
309 8195
6023 9780
8941 5928
3144 13
3492 3805
4815 7851
4232 4912
3133 3812
2582 5890
1062 589
1483 7500
6160 7838
2632 2081
5913 2473
3506 4001
2004 4033
8295 8678
5041 9533
1263 8473
5768 3550
5000 2630
8958 4175
3473 3161
895 8417
6639 7601
5855 1891
8235 3720
6865 2946
4768 333
5976 1758
8606 6343
8480 2324
4576 5012
3736 7625
5324 8287
6940 6229
6388 3715
5176 2128
513 5062
2836 4741
8429 2375
956 1754
1058 3166
5416 7487
8633 3116
9237 6839
3336 9563
3622 3039
4122 6930
3903 2563
2779 1950
4964 4171
3858 3054
4598 75
7574 9842
844 1808
3157 1186
6276 6195
9653 1639
9147 9915
4060 5726
1574 3890
9288 4964
6025 1739
5635 8514
5974 5067
58 5461
7908 8301
8915 2476
7438 5386
913 7467
8924 9887
7294 8125
1302 6243
3578 6653
7509 9019
7853 4083
9879 8946
6251 3210
3056 3077
943 3921
1414 5670
3998 763
916 3314
9573 2287
6754 8076
2920 2239
1235 8125
3444 6187
8228 9351
3897 1467
8044 9875
1015 3677
8965 2410
2470 7197
4516 26
4175 5041
3150 6290
5792 9176
2916 4122
775 3116
7730 6251
175 4946
4135 5989
2589 6116
417 1199
2754 3267
9279 9481
8571 8040
4662 3939
4684 5241
2394 7472
737 7386
1044 7632
5876 3033
3366 3071
375 3718
6455 1831
2587 4196
5774 2125
6964 1556
1517 9431
7803 8653
8834 2075
9199 3934
6427 9950
5773 4313
5810 9407
4599 2854
3908 2664
4788 1755
7759 2702
1170 7104
3639 5114
9338 8265
7347 2831
3046 301
8448 5653
9770 9064
1460 7044
7300 4459
9797 4057
3367 5939
1373 8380
138 6183
1014 2050
1487 4181
4125 7717
7058 5803
8544 2456
9482 6460
9917 1066
6231 5507
4510 8298
9535 815
2287 4277
5809 3464
515 5689
6275 620
960 2661
4892 9877
6453 7181
3155 6163
3424 4843
1075 951
5199 56
7069 7983
6613 8030
4048 2214
5264 2274
4243 1702
3918 240
2578 2842
2868 3109
1718 6573
3426 2375
1582 1971
9756 5093
7000 5514
9471 5804
7210 4994
7716 2904
9097 8765
3190 7923
130 5687
959 658
8387 8139
631 952
2886 4117
6511 8386
3604 139
3805 5240
9353 9107
5749 8524
4375 6245
2131 9268
7155 110
9598 1753
6602 8671
9783 9570
7792 2443
4536 9418
1208 1719
7800 9364
5452 261
6488 1754
1355 6838
3803 382
4070 2333
3160 9752
1926 4210
4684 4286
7042 1492
2378 140
2536 2117
509 564
1505 1902
1973 372
6809 8281
4240 1867
9308 1442
2755 7200
9808 9256
1029 6611
5651 159
2153 5921
897 1890
6483 1649
4204 834
7319 2902
6718 6606
2459 2585
4383 9101
4599 5122
8050 5954
2897 6110
7107 2564
3556 2999
3218 2387
1067 3868
3442 7310
6823 2495
8324 5300
1657 1353
2702 5433
6528 9082
3490 7531
9426 7571
1564 8128
7927 8058
5966 2738
5342 170
4148 3319
1670 835
7462 4971
8458 3193
1711 952
5286 6437
9017 394
3590 3276
8591 1139
7101 6851
8712 1289
8283 2114
5512 6598
6264 1652
1267 8420
5245 8910
7299 8590
6880 7718
4050 8190
180 3811
6909 8821
3169 2567
9309 8081
4452 5609
6589 8401
1903 7554
6925 9729
9582 3090
1725 9999
8404 1150
209 7156
9726 53
586 5975
4280 365
6058 5818
6605 3780
3163 6703
9666 3787
7689 6447
7900 2661
8234 5495
8382 1236
7317 2466
2041 5460
9082 9481
3914 1381
2641 8250
8896 4343
7649 8456
7482 9902
4660 9496
7569 7954
4346 2906
9218 3335
4846 9003
7141 258
1100 8581
2884 1910
6823 5889
6265 5891
3119 6057
7551 1131
7307 6380
1945 2684
1461 408
4453 8414
7229 6334
5311 7272
8590 4662
3116 6292
6431 4367
2847 4121
4094 8586
7256 317
9823 4444
1807 7481
2540 5126
8286 3845
2628 6130
5554 3991
5231 7669
6505 8454
3210 1026
7842 131
7611 4183
5972 6095
5046 9849
6657 7067
7008 2916
5354 9640
3111 658
1025 1338
4264 2255
355 3332
8991 8098
5723 374
2103 6737
3071 8407
5977 6385
7189 3816
1179 5179
3965 972
3854 5597
7905 748
4835 8285
5182 5456
371 5529
8343 8536
9680 7415
1750 4313
5086 6177
868 4766
6656 973
8504 3116
4659 6819
173 8044
7857 9959
790 7726
3084 1389
2226 4076
5367 350
5676 4294
7457 6942
2424 830
9790 5908
6112 9791
9881 8474
8365 8858
5683 8291
3243 2749
1533 8875
5877 7422
5311 645
959 5109
8855 9947
3116 8215
2843 782
5345 670
3510 595
8598 6021
7645 2302
4342 7633
4490 7591
3028 7631
798 7973
4125 6502
2824 6565
3300 1632
8444 7026
7613 8603
7370 4266
1340 3815
2268 1209
467 8084
7277 3663
3809 1084
8654 6900
9909 2501
3050 4537
3116 4391
646 174
5124 7785
951 4652
8889 6183
3948 6958
9670 8802
8839 2438
6023 5023
7072 3560
8246 9363
2763 4889
3485 9513
6592 9350
1012 5601
3023 8528
8387 6043
1620 4762
5666 1750
2461 7524
578 7209
571 4906
4296 9816
4470 8369
9692 7302
1879 4005
2726 1482
6179 5313
3828 5375
3319 1641
7193 5672
4681 693
4127 5239
371 214
7113 4705
5849 3468
4140 4583
5764 4204
5139 42
9289 4477
1340 7047
6147 9823
7307 3875
4658 7647
314 7896
6483 1427
8720 7085
3116 9893
8078 3543
3503 6352
4429 2904
195 916
6227 5979
1171 9069
4257 7976
9377 3820
2192 1347
6152 7549
1997 6751
5780 5494
1807 3015
1180 8717
9698 1024
9744 8247
2212 1991
9326 6555
8773 667
5670 9614
4638 1429
4563 2932
4377 702
7089 3569
6653 8090
7343 1948
1638 5252
1765 6523
5888 3640
1300 8573
5566 3690
3569 193
7897 9504
7689 1656
7493 9303
4825 413
8615 4017
3915 7124
7101 6275
7249 9611
4082 5886
2940 8618
6664 241
4079 627
6123 749
7518 5908
2795 5387
7511 7413
610 9574
3555 801
4338 2243
6554 8192
7875 7011
2815 5966
1284 2180
2917 7578
6217 5893
885 6353
828 3371
4731 4929
3343 8452
6654 1624
5311 2579
1079 6180
5288 2350
2356 2575
1843 1595
6971 8661
9935 1795
3750 2970
3905 3603
3305 7932
9841 5559
9278 4355
8144 8420
9583 2708
3279 5962
944 2484
8740 7403
51 9793
3351 1111
9148 3116
3381 7823
2779 982
3942 1390
6885 3176
1473 3672
8435 898
5592 9640
3975 1980
8338 3947
8247 2080
4196 2219
340 4395
9152 6081
6158 9309
4684 704
7335 5689
862 7058
6463 3370
494 5660
8433 9481
9692 4407
1429 9833
2503 9711
8513 1045
709 2687
7503 4869
78 4028
6496 7898
4745 7332
9441 5187
7411 6437
656 6457
7431 6030
4459 5394
651 7741
4959 9819
3134 9261
2656 1833
5143 4146
3088 2904
3550 9309
9010 6877
4079 2692
897 7685
3789 7865
8107 7009
8889 9342
5359 5660
4838 6119
2758 6606
1419 7726
781 7889
7614 190
1733 9663
1426 9320
3128 746
7636 8555
2336 32
1088 369
6376 3552
7207 5273
396 311
3087 6316
6410 1430
3367 3459
3695 9951
1869 634
8995 3067
7893 2362
2033 2578
7778 3116
8830 830
2890 3459
894 1548
1735 2415
7028 1107
3807 5039
9655 2492
2317 6669
9582 1818
7186 4500
1891 2187
2384 2315
2967 7703
9890 5422
1169 2396
3345 4695
8565 6323
8755 9054
4835 3452
7881 8549
9372 409
7811 3086
7533 1538
9384 635
8568 9277
2981 6974
7491 148
7620 6369
9355 4095
2439 3152
9386 9259
9551 3467
6915 6174
2878 7407
4506 9809
8528 1427
7249 3820
9388 4229
268 6316
6470 552
8061 2779
6501 4907
3550 9049
6313 9494
2675 8558
3647 3701
8957 2889
92 7297
1709 5471
4435 681
5366 9145
18 6625
2505 3116
58 7746
8006 8434
2780 3542
2045 2442
6131 4002
6936 6926
9986 9587
3927 1066
3212 4194
9762 7306
7760 5858
7246 7609
3660 4501
2846 3952
8235 9630
2794 8323
6325 3194
8372 3723
8489 5583
1817 6504
1217 1685
4884 7947
9720 8863
1336 7599
4361 1834
552 3648
166 846
7291 8111
3455 9881
4589 2119
6678 3586
7548 5080
8349 5309
5592 8185
3463 9680
7700 7066
8710 6120
8690 1905
7698 5654
1532 1345
3241 5793
5809 3963
6645 3871
2367 8151
3307 4126
4777 3895
7681 3034
9907 1770
9231 6049
1382 4858
9784 1637
6826 7716
2645 2169
7008 9379
9824 9395
5595 40
1706 1613
7955 3088
2993 8933
8451 2473
4530 1193
8015 9932
4624 4342
929 4562
9761 9336
8723 5227
8172 1816
9957 4164
1576 8129
5798 9256
4544 8751
1303 7449
321 9417
7665 168
3251 7951
7155 2301
3755 7663
5407 2838
3707 9694
1829 6433
1122 908
3472 5322
1051 6734
637 6468
5795 1083
8886 8922
1519 474
8758 739
6483 7430
2130 1314
4149 3600
3835 7747
5082 7560
1795 1558
7072 9696
9815 8937
7983 9865
8125 8936
4948 9745
4402 818
1427 8929
3395 4984
8110 7679
6732 7816
5652 5018
2585 5916
6539 7867
9593 3971
3865 5080
3056 8595
1658 9095
1657 1857
7712 7911
7631 2293
512 6840
4092 3911
1488 6594
2235 4814
750 2536
2211 1949
5256 5305
7241 6957
8768 3676
8888 7202
3116 6781
9152 8320
7392 341
6182 5835
3111 3541
9567 9232
6367 2984
3664 9701
9685 8887
7952 9179
2023 9604
5837 5011
4251 5757
1347 5651
5879 7745
1442 9977
1783 231
6250 4881
192 5331
9926 2168
6856 6778
4935 2125
5480 8064
1755 1554
8875 7315
9936 3116
2990 4244
220 4447
4306 9244
3116 9164
8523 1585
8099 7779
143 1302
3149 7680
6664 5613
4736 7284
8605 5160
4 9971
9247 177
8279 1683
740 7766
2020 4655
6624 4369
4735 9531
73 2651
1117 4477
9617 3624
577 3210
7697 7909
5022 8465
5838 5969
6583 2891
612 3116
2397 8884
65 6836
4716 9687
4338 5257
5615 2959
1193 2297
2261 7571
5912 1835
2459 3824
6522 5335
3145 9412
3176 7761
9944 7461
6043 3134
8881 5078
9187 6583
1313 2896
5018 4000
1571 672
5419 3220
2109 1054
6805 3078
7918 5743
5379 7627
4719 9481
1958 9494
5951 8977
1974 1950
3307 5773
4077 1266
7800 7484
4062 7858
4584 8033
5832 9540
9043 5495
9683 9344
2577 6601
9646 5150
6666 9114
8596 5360
1856 4500
5249 7017
7642 1325
3495 963
2318 2819
7833 254
7737 9205
676 4768
3909 6086
6179 7
8803 3116
699 1579
7901 8851
9670 4620
3719 7048
5494 5151
5804 5751
9153 5799
5881 1481
6042 3116
8645 3663
7544 2458
55 3209
5918 794
7141 5304
2989 2033
9169 850
5308 8421
5427 6003
8422 7013
2649 3418
4441 6012
1618 2975
2011 2576
4269 7116
9414 6628
2503 6345
9895 265
3625 9690
8280 7475
5274 8125
1219 5921
2027 3927
1501 63
3484 9985
1503 106
9960 8311
5895 4397
5176 6502
9671 7329
5252 2663
323 4880
361 7554
3390 8431
8637 960
3177 6658
5623 6073
4769 3602
3488 9026
9521 1153
7618 4009
6338 8799
6042 8742
7655 1352
2299 2706
3116 2672
2136 87
1631 2548
3632 1618
7226 8125
2265 2033
784 2786
6641 9940
8009 9579
986 8512
6673 5921
2721 8296
6925 9116
129 4623
4297 3361
7969 3204
1009 7732
242 6699
2389 9839
9488 1415
4700 6403
3849 8089
3031 587
8237 4020
3161 1124
6038 5395
1394 1071
3092 2835
200 7078
1557 8704
2663 9127
6293 7323
7634 7358
3116 3388
6794 6855
368 1744
6384 4907
3771 2106
5789 2916
7678 565
3905 5506
4230 4499
7129 2224
5681 886
4428 21
1774 1209
3418 3220
7421 7872
18 8881
6346 657
84 4739
8324 1687
5008 1833
7170 1096
1992 3913
3405 9250
7608 3849
2038 3130
4625 1484
2058 9550
1232 9936
1118 6252
8143 626
9322 9055
1897 8362
6128 2361
6228 5882
8177 3031
1653 2652
9120 7337
2322 1453
2820 517
5211 8592
8862 1398
7809 8230
3290 9805
9276 150
8341 569
6877 2126
375 8421
5377 9491
7928 3989
515 9803
6145 5211
5592 939
285 7350
6525 4357
409 3562
7377 2496
8116 7889
4916 7489
445 1561
9085 5549
4220 1668
5381 5493
2988 5794
4497 3116
8572 7317
9256 710
1402 6173
9484 6352
5250 7222
9237 543
1194 8542
291 5107
8838 8832
2954 8264
4651 9749
3847 4355
1896 7964
9142 2998
5538 1406
6185 8938
2251 269
2894 2526
5587 3825
224 6925
8768 4492
1995 4943
650 29
4093 2883
2131 1241
4553 5559
5221 597
7902 3827
8283 1216
1007 830
3663 5798
8791 825
283 3116
2368 2500
7784 741
9928 7020
216 5713
6172 4251
434 6646
9679 5629
2865 5185
7041 760
6090 2238
7316 8153
9722 1854
8035 6133
6973 4362
3697 2731
1119 5151
6420 3048
3101 5794
590 1840
4781 4015
9419 1097
8843 5657
4162 1058
4860 5425
2067 2843
872 5800
5370 421
7480 674
2524 1633
5298 3350
9224 1481
8045 4843
6114 2053
7259 1380
8117 2510
2886 6195
928 2275
9339 408
1279 503
905 1974
6521 7873
6038 350
9197 8634
7798 1623
1877 454
9082 1056
7666 8857
6212 2450
101 6245
9070 97
4818 1183
1246 8795
1404 255
9172 5620
8184 4105
1727 2289
3003 7510
34 7915
7110 2733
6538 3969
4974 5187
7006 8930
4266 9800
835 729
4855 9637
9513 8738
526 5290
9065 1236
3844 8516
2221 6866
5173 3894
9496 9084
6575 4841
5461 5899
4143 7052
3473 1631
2520 4297
4984 3673
9801 2740
5329 8046
6487 1136
7350 6949
7924 2887
9384 5511
371 8875
7778 2865
2521 2072
7460 7784
8788 4412
9923 4966
3675 4017
2746 3089
4411 1659
4205 6258
3164 2124
9367 4294
9376 1537
3200 8217
2936 4382
5995 8336
3066 1879
2340 1555
2499 6891
6609 8859
8770 7296
5786 5955
7879 7044
1324 2707
6398 3023
8207 6314
3974 5993
2384 4713
2352 1928
7252 6874
4972 7977
7529 1177
6443 7188
2215 6858
8641 8071
3866 1559
1168 3029
3139 2548
2297 5390
348 2407
3209 8937
4493 326
3813 7827
436 8514
8160 5228
2127 9033
4279 180
5577 4666
2112 9161
4363 5286
2344 7064
1298 5544
7180 9048
1800 1017
1319 384
8121 7391
224 9212
3070 6330
5378 664
5078 3432
2942 4079
6507 5921
3923 363
8374 3087
7389 8322
9863 3550
7010 731
1767 3597
9633 1366
2089 1498
8464 4612
668 4103
4623 2653
3311 6065
8273 8249
9426 3288
6870 3116
358 4957
2620 2680
3307 3323
4843 5734
3535 5395
9309 1268
5958 6276
5870 1927
1687 1142
3360 4333
8923 426
580 5233
2727 5841
1452 7944
1302 9748
7111 8296
6313 9739
5294 7474
6524 4248
8415 5976
9142 7124
6316 9067
7945 1625
6052 9025
2159 9746
3576 7607
3866 9667
4564 7635
3705 3434
9808 3407
4829 6648
8009 3182
8376 4159
5936 4275
3760 4134
9708 7616
9294 3251
9094 511
8516 9828
5673 1150
2491 1846
8313 8513
6792 9174
3900 2788
5213 8506
1477 3851
7372 9776
4868 6674
4585 441
6293 4029
208 9231
4789 9579
2819 5496
8995 2365
8607 2917
8135 3779
5753 3446
6569 8903
1571 1566
3586 4259
3940 2993
7716 8125
1450 4657
9584 482
4561 521
9250 5204
4412 5779
2319 7974
3919 8442
4665 4340
1359 320
1375 803
5023 2632
9004 3539
4956 4829
9312 7855
137 1507
1719 5297
5255 882
4705 5739
8871 5124
678 3980
2981 3761
480 8287
7296 4599
940 299
8542 8829
8133 7801
350 9295
8300 6165
8616 9056
8623 4097
5623 1056
3274 7230
2957 8098
9010 4250
581 4633
2761 8949
4438 559
6442 4725
3698 9023
7184 3538
1205 8429
4005 8801
4648 151
7152 1126
2734 1168
5380 1621
6196 1536
8060 4797
422 114
6597 3945
9289 93
7270 2406
1846 7546
9027 1042
2688 2549
5389 7684
6365 5527
2311 9826
1520 1812
1620 6092
6084 5944
6866 2302
8459 4710
2134 7716
2637 4942
1172 2518
3668 9525
2552 9549
9726 2213
7789 7371
9222 1600
7040 6912
3872 7032
6175 6008
8828 8884
2491 2050
2937 2151
9044 529
7308 8855
6555 3109
1919 6425
9299 8085
3834 8548
1293 5843
7755 269
8174 8550
1570 6038
5703 8768
3292 7137
150 1300
6741 7770
3102 9082
2720 9781
6918 655
1289 8411
1984 2712
5728 1233
4101 2881
3116 10
4695 3703
970 248
6893 9490
3098 6140
5134 1979
3664 3285
4383 705
1514 4406
2380 902
3996 4998
1112 4448
5402 5443
950 986
6648 5339
1894 3886
7655 1726
4853 5873
2544 9324
9837 8603
8680 8219
9674 3116
1161 6257
507 4325
6747 7097
2053 4910
274 7799
7930 5691
204 1636
8516 8558
7155 5465
2264 6140
5271 3143
1146 7058
1555 8656
6723 4819
4656 2822
5263 9122
4150 6368
9254 8935
6378 4350
9742 9290
291 8622
3283 4545
5819 827
3353 5004
7395 952
542 2584
527 1470
4802 8400
3645 6474
4051 7663
3834 996
9554 33
2477 180
3185 8183
7513 6419
9501 2552
7432 9373
4752 5082
8602 8067
2383 3357
2961 7094
3380 2485
8500 1577
8170 759
9831 7769
6145 4686
9482 651
568 1674
2371 4303
115 7765
7054 4540
7938 663
1644 6298
9700 6088
7324 6757
2613 1857
9849 7610
9213 4077
9432 3100
9924 5891
52 4672
2422 5837
308 6249
8369 4661
4362 8487
9023 2613
147 2726
9279 446
5502 8814
6983 8991
2375 3521
792 4204
9782 5725
1724 5289
5074 6154
9596 2655
2699 9396
4885 6593
7658 3650
790 8623
4617 7340
7234 3785
9193 5385
8579 7655
2083 2481
9024 6435
8471 1772
7939 9226
5300 8242
2103 6861
3116 3987
2619 9033
3116 3412
7669 4616
8787 8406
165 3700
5440 1510
6728 1656
2427 9354
3727 4567
9514 3610
8999 9264
5144 4708
908 2076
3920 3191
6951 7054
3173 1524
3338 986
541 2933
7477 9737
9453 2692
1068 3199
2252 5811
4272 6974
8836 8412
9839 7258
2102 2099
5631 9125
8091 1985
827 8131
5602 6923
4358 5913
2061 1558
1227 9957
9062 4750
7138 8971
7936 2513
1202 1556
7969 2074
300 9545
5788 1219
7115 5706
7423 5584
8127 997
5877 2630
5966 7331
5177 5952
5554 3648
3636 7101
5686 4047
8309 9998
171 3131
1770 1806
4689 3116
7913 6638
5205 6406
3073 4445
3327 7911
1937 220
2073 8539
8175 9190
884 2741
3728 8169
7535 2349
1608 456
4012 457
8954 9340
8762 3762
1220 3057
8425 2161
8855 8706
3726 1191
7507 2502
3210 821
5047 9044
7289 1226
339 7841
4624 153
1512 9688
2728 3349
1506 665
373 8012
6339 3236
4306 8993
6012 4487
2051 3215
7002 9645
6432 2855
793 6963
1754 3628
5367 6830
8213 5780
7542 9042
7431 3660
9003 5527
4003 1845
5278 9104
5818 4917
8003 4380
2418 6878
8358 4203
8267 8319
1871 8266
6079 7761
7931 8978
5246 6396
8343 330
1736 4399
8709 871
9686 3214
7364 9355
7037 4283
9287 7023
1114 7280
2751 8303
6380 9600
9633 3932
2143 6764
7380 4307
960 6261
4120 1460
4887 800
8848 2804
8336 1849
4472 6632
3403 5482
8798 6542
3007 8422
9330 1801
123 3116
2 3559
29 3879
2242 1906
3115 4894
4704 5004
9045 6787
9010 5392
1440 6516
2435 8714
7083 8716
4372 1125
4368 9537
6914 7289
7758 2138
4955 5596
5374 9867
8728 2370
4161 187
1992 5351
9415 7948
3895 6007
8010 9599
9353 3655
6077 2140
1152 7462
5808 191
4064 6604
1207 5899
58 8243
1699 6569
7095 8620
8724 4970
6048 9466
9780 1893
7210 3189
5413 661
8733 2479
5943 5111
9167 7510
8077 9273
2630 58
5056 6330
2301 7268
5019 414
4997 5333
6245 2544
6346 5797
778 4211
8448 5583
5931 7155
7503 823
9378 7240
3168 830
5407 8748
1518 6675
1777 8315
1384 7975
8491 5181
9412 9726
4970 5593
9707 4547
5621 325
459 4061
4261 937
7584 8701
2697 8617
4650 6554
1139 5894
3116 721
9739 2690
2860 1449
121 5332
3747 1
9648 3487
9258 3411
3744 12
660 3836
5081 6121
2276 6590
4898 2077
856 8008
9236 8880
7386 3208
8477 9180
2579 8674
8528 7017
6716 926
5852 8694
9531 2483
6099 5682
2607 5836
6249 9519
9455 261
852 9929
872 3207
4534 622
397 6415
7165 4916
3277 9578
2815 6301
8021 2511
8590 192
3342 6946
1794 3291
4980 6071
4938 7866
8112 4314
6074 7426
8498 8689
9917 2803
2980 4807
4601 6331
6387 1349
1718 4944
3116 7192
6263 8255
8792 5760
3294 9804
6354 5328
4692 7886
7716 7866
102 3275
1238 5338
5816 7403
3567 1230
4943 1727
1188 1463
133 1120
7542 8417
9588 875
4071 1596
7791 6759
7299 3508
4588 7783
735 6427
5843 3739
40 6623
3688 7275
998 5174
5998 2702
9959 8209
7346 2943
9940 8048
7594 6106
3796 5854
5398 6594
122 7390
9983 5990
9660 6437
6259 4603
8708 3799
1335 8775
9664 5809
1597 1489
2508 2631
4879 7128
6180 1316
7224 1222
1569 4622
8441 7977
9752 5241
2178 286
507 8666
1759 8089
6920 1842
9676 3132
5858 1906
535 5311
8506 6917
2247 5303
199 243
753 3847
1057 4821
3811 6345
2796 7812
2673 2787
4471 2103
1093 3882
2907 1012
5371 6640
6279 6407
3571 6605
4932 8286
1152 6498
8994 5202
6199 8422
8670 6988
5275 594
4886 4066
3247 5472
4248 3254
2181 9799
4745 8239
7866 9938
5096 6188
7445 8951
6574 3384
5851 6603
1977 6633
7321 6867
6500 9947
2150 1548
6346 6723
7560 5798
7063 9295
9537 8776
324 4156
4797 610
5165 6125
6339 1572
9697 7842
7233 4901
8715 7216
282 6731
5337 1959
9526 3813
182 4493
9500 6650
8820 3895
7529 8988
5078 634
7230 6280
1416 585
1514 3342
9409 321
394 4011
9182 5236
1906 7433
1614 4000
587 9337
1969 9218
1873 7503
1850 814
9425 9081
1752 161
3533 8694
9039 5779
8605 9507
6832 439
1418 4743
2918 5624
7928 5312
9462 7489
5461 4887
8790 2924
2784 8563
5943 8732
3116 2910
2577 7671
9629 5030
7814 6197
5966 5356
1224 810
912 1650
9421 5168
3883 1855
5248 9053
4422 4823
734 1080
3702 7218
4987 3797
4580 8565
1998 3416
3073 854
3435 5486
7819 6876
4705 2270
8325 7496
6834 1647
727 5562
7138 2868
851 1364
6028 2972
5970 6609
7288 8131
5665 9662
5856 2421
9852 2544
2527 3648
191 1418
2061 9481
2938 6610
2905 8415
2368 6920
4374 9983
9835 1261
8439 1105
1423 8066
6519 9753
9905 8759
7503 179
8081 6819
9862 1378
910 5098
50 7887
5216 9420
3674 3302
2986 1110
9075 4858
2512 1781
6697 636
9929 475
3732 558
7744 3112
4346 9642
6261 5845
2981 199
8957 5848
6899 4319
6191 7263
8468 9941
4462 8752
1035 7097
3975 9207
2125 2460
2132 3702
5151 8412
9966 2366
8759 5299
5259 8540
2054 2945
2182 53
3116 918
3942 4668
7400 4491
1184 1047
7097 7526
91 3092
5626 326
5355 929
3506 8225
6766 5449
4224 8424
4836 3621
4591 7391
3739 6066
9695 7645
2510 2850
1914 5569
5113 7984
7682 6809
5166 655
6837 8032
7856 2649
3943 572
83 8605
8353 9822
7501 122
3434 5967
4448 3278
7500 587
3116 7284
9698 1560
2536 6452
3908 3213
7290 523
2465 9679
7160 2556
8278 6549
267 465
8450 2201
1302 7796
8103 2861
216 1574
5457 2204
1691 3116
7899 5853
9398 1564
5023 9799
1260 9514
5609 6136
264 9513
5274 2743
7257 5627
9405 9880
7418 3116
5057 3997
2304 2925
9232 2333
7977 2002
377 6634
1748 3807
6305 731
267 5287
2258 3116
2220 9960
8529 122
9216 591
8042 5462
7068 1109
5041 7128
5644 8312
6075 1248
4981 9143
8250 3304
1663 1470
4595 2279
962 8546
9060 7973
1563 2993
4232 477
6131 1170
5624 8699
8981 4460
5206 3606
8259 6525
3461 4987
3510 7016
7687 767
5817 6471
2198 3231
8209 9316
7683 1375
2465 6899
435 2368
2578 5392
8145 550
5753 8123
7556 6859
5323 7601
427 8847
8541 1777
3836 6174
7740 3020
44 5963
3039 363
5009 4882
4355 2547
3012 7897
6167 2503
3434 6917
8653 7270
5592 8886
6732 4520
5548 809
8328 3385
6546 7213
2763 2144
6539 8329
4451 6664
623 1215
5078 8363
1123 4501
95 9194
2162 1442
2980 22
2091 2877
2520 8956
4656 5135
4876 6526
5601 2128
7738 9800
758 6341
38 9786
3171 1680
767 4506
3166 7149
0 4604
8440 9261
8012 9204
6427 5112
2811 9123
7034 7501
3974 5082
5346 8804
2434 2949
4322 1628
5049 122
7452 8519
693 1761
8481 1472
6466 9014
5384 6087
4044 1728
756 7858
4077 4087
7326 7321
3030 17
1324 2667
9439 9100
8976 4116
6150 7043
7835 7283
3153 2941
7775 9974
1475 7590
3075 8883
4707 5024
1413 4697
3962 5777
5527 7222
4621 2929
1683 5924
6080 9412
6393 896
3373 2632
746 6809
8012 8286
9121 9498
5823 2557
7418 1331
8953 1526
7029 915
2215 4953
8659 26
3333 5189
9250 2298
1774 1282
3685 3140
4566 3864
5031 4536
4624 1005
3281 9539
5114 7275
8405 9557
3433 3713
5671 5648
8034 1311
621 7141
8004 7345
921 7436
923 5852
9094 4469
5534 9590
8997 6792
8260 1529
3406 1060
2971 9881
9864 8193
4844 6121
4896 8051
8036 2402
4873 8752
4109 9388
1659 5461
7179 3416
1636 8219
9521 4609
7112 2731
5460 3908
2571 6394
8054 420
2330 571
9137 2595
4601 716
5322 8556
4669 6934
5408 5185
4030 6184
9897 2127
8619 6786
8114 7492
404 3936
8539 1358
9431 7419
3131 4853
779 2477
3116 5963
5029 3292
5374 1466
8839 4168
3766 76
5284 6357
8449 6697
6357 4720
3568 2733
3449 7547
438 5023
3119 60
8204 6526
5433 56
516 9355
2410 67
1548 8412
7088 6265
9 6315
805 7497
9962 2936
1363 7453
3344 9345
7749 7402
2339 7485
2003 8843
173 3072
4328 2342
5297 4660
4207 9158
9475 35
2736 234
1420 4100
5600 3932
3116 12
35 4708
5050 2225
8891 1291
3972 4382
9018 8198
1688 8722
9702 4665
426 6625
1863 7542
9225 2994
3907 4670
2660 3130
1866 7500
7838 3500
7637 9739
3967 8464
3896 5644
9750 7273
7153 6316
5059 6668
5791 8729
3917 7369
5129 9478
6883 9445
3137 4500
9572 8495
3250 8629
1476 4256
6365 9185
8897 9681
1823 3963
2845 2685
6051 9087
4730 9392
6190 1757
389 1737
9620 7654
2357 7912
4622 8313
6533 9170
259 4965
7286 9
2878 959
8591 2762
9731 1962
6755 6284
5151 97
8587 6534
6676 3356
4963 9122
3768 3116
3038 7944
6046 2626
7687 4310
632 2491
9426 3093
3739 4346
331 2544
6550 4708
3398 4200
3138 1927
188 7373
47 5011
8328 8330
5752 6708
6532 4433
8745 9563
2704 1438
5814 3862
7283 1336
4672 6548
1277 1140
602 4903
1185 6775
6727 9279
2990 807
9422 1781
7540 3401
7228 4424
2068 6570
8578 6419
6570 1581
4988 1352
3801 3100
248 405
9305 2806
1401 9698
9376 8341
1720 3718
9945 1033
6354 4152
8995 8919
679 338
3116 8123
5356 4276
2904 3782
1280 342
7958 7843
1252 2021
679 5372
1894 8878
703 858
4943 2446
7710 7715
5418 810
9514 79
2037 3530
6090 6996
1943 4372
8107 4824
1274 4393
7716 347
6130 5246
540 5569
8086 8524
2074 3691
9355 5590
64 5697
214 7372
3969 9780
7424 5716
9544 7783
6756 5634
6312 3880
2843 2476
3590 7958
1106 860
1825 4688
2370 6572
141 3116
579 3838
9045 8805
2567 8642
487 6207
2064 84
1540 6882
2689 9764
2405 5400
585 2956
5685 4507
4049 3509
3646 7684
1662 3321
9182 9238
8459 2262
5003 8555
6000 1535
859 5387
8166 5681
7108 1799
8509 1453
9390 4008
1244 8645
7093 5594
2256 2055
2880 256
4543 941
1618 7812
3196 3522
9365 1660
37 9760
9884 3663
7003 423
4841 4509
3553 591
3129 4348
881 3933
6694 9481
1980 6537
2564 7793
2049 6643
1558 6136
782 4408
1479 3809
9057 1159
9751 9707
8511 5337
9225 8539
3116 6458
5088 9209
1286 765
1908 7695
1345 8809
7840 1864
3690 9538
1453 9115
9630 5940
3822 3516
351 5460
7242 5369
9248 3116
1241 6102
7927 5108
5434 5423
5564 6203
642 801
9883 8828
6139 8511
2648 8291
6648 286
8522 628
6167 5190
4675 2544
7015 3006
7703 5358
4154 9807
452 7685
3540 2560
9691 3265
5011 2364
5237 3953
1787 951
6389 9313
5199 339
2411 9698
9873 5937
7973 2543
3993 8074
9983 6432
2902 3870
7232 5393
6453 6682
4614 9209
2871 8662
7383 6505
1081 8923
9428 2761
1619 9866
4794 6948
8846 8987
2328 7878
5663 1126
4077 4535
479 6891
109 6202
3651 6929
5199 8070
394 7767
5127 6057
3007 5092
1686 2803
9588 84
6227 9265
1180 5246
5101 7772
9823 1122
6205 8967
2210 5961
1447 9586
29 4129
2748 8216
5708 841
3380 6894
3030 5191
8211 4437
6606 5387
2451 5081
9773 2050
3954 6538
8841 7767
7918 1787
9025 4828
2372 3812
6572 8859
294 3010
8096 4487
3885 5288
8701 7330
3829 7796
2443 8612
7716 9082
8241 5573
8513 6618
5945 3116
693 6253
973 6961
5579 2856
3153 2207
9634 4478
6001 6900
5829 2604
2546 4069
1555 4040
3691 8206
2401 1025
6739 4311
2157 9295
9106 6555
7824 2949
2375 5515
2284 559
5647 1033
5813 3354
2749 318
4761 3218
8939 771
5714 2145
8904 1200
695 9207
2514 5768
5085 4512
6628 8043
9509 8551
5587 9453
3301 4823
4404 1378
3116 1553
6175 1272
7883 4765
8418 1566
2817 8920
3221 9528
5731 447
8595 7017
4341 7569
6991 3419
4150 6545
9338 5844
8994 9727
1590 336
9688 7923
4317 4235
4568 5042
8520 4167
8881 2904
8117 7237
9574 9676
8476 161
8500 71
6933 8068
9480 5865
5460 6991
3227 5938
3302 9435
3082 3561
7394 3270
9837 5250
5397 1864
9050 4504
7108 1070
6582 4149
1101 6227
8275 8114
9636 8091
2601 347
1065 5451
9794 4036
6206 3174
6336 498
2515 7520
6481 962
9126 7462
4913 3478
3298 1165
6277 8945
3068 6937
5087 3752
4116 5214
3557 5537
8734 7382
1861 3600
4355 4352
2929 5007
1214 449
9242 3459
869 4345
8528 6432
8095 795
548 613
9693 1539
9933 2340
1362 8772
6552 3545
398 2383
8507 1597
6161 2624
8881 3153
9099 1759
6777 9545
8457 3198
4141 9592
7960 9786
2047 8223
3489 1010
2754 2203
637 7500
7655 3106
8964 505
8164 1895
7117 7279
6758 522
2061 6270
9301 69
6927 4811
9089 3221
9351 213
7457 4871
537 8555
7807 4520
880 4398
9895 7093
8997 9437
5015 8077
2700 4550
1592 6909
192 346
5208 4645
8495 2073
7657 9689
3958 7674
2826 9466
7465 3153
6928 4273
3820 6314
1497 1991
688 7614
4941 6510
733 5959
8895 485
3067 5912
3848 876
9916 2028
3326 574
2739 3383
7795 1228
8186 6771
1696 6653
3127 6655
5951 4851
1427 1502
2894 2514
5247 8574
2936 4945
1197 2868
3746 5365
8724 5373
4503 5118
8238 3671
2050 573
4619 2550
5433 8508
616 9383
3023 4924
9102 6318
513 4624
7169 5435
1368 9900
1310 2451
9765 968
222 3244
7049 3762
3331 3260
6957 6443
7754 8693
1999 9508
8696 4006
6472 4114
7732 5089
2580 2968
8902 1788
9510 6061
2635 9407
7880 8742
1042 4213
5568 9742
3445 7235
9220 5838
7139 8346
8852 3883
2913 5436
4783 9577
9222 903
7025 1204
2602 4402
4135 6047
8539 6362
1659 1897
4951 2074
96 6680
7317 7375
9671 3760
468 7994
4190 8232
6594 7785
2219 3641
5617 1439
7005 4143
7230 4256
2113 7668
4668 9775
20 9188
7194 7522
4691 3109
915 1243
6720 8256
692 1047
5399 5135
9084 4199
924 3437
9574 6314
343 6665
731 258
6023 7307
7353 1365
9800 2983
2366 6166
7279 3878
4884 5527
1557 5605
1928 4574
1876 3218
3139 6966
9138 1463
4920 1329
5391 9658
9305 3230
1055 498
7361 3014
6360 8210
4271 3623
6889 6434
3695 8253
9596 2517
1094 8621
2625 7854
3123 5242
1405 8475
8887 473
553 6087
4356 134
6696 8191
8241 1912
4601 3278
1555 6214
739 3116
6855 9760
1124 5645
9221 6421
7746 1941
7831 1155
7608 7775
9485 922
1382 502
5289 4771
3638 4968
677 7832
9166 9031
2770 718
1050 6153
9908 7708
91 6772
5197 6437
5832 4569
3428 4747
6588 5515
9369 2089
8846 1211
3116 1490
2072 722
5376 9780
1984 2792
945 5356
7351 4388
8475 6708
8254 7961
4887 7230
8176 9203
3841 2859
7416 4451
2121 9091
8135 4457
2642 4640
6306 1909
840 168
6115 7077
4118 1912
1077 1783
7489 1769
5885 4931
9890 7672
8463 3116
3387 3897
5625 5904
3116 728
9766 6439
3718 5192
7363 2991
4209 2194
4977 2608
6512 7207
6427 5996
6364 1450
1341 2207
8747 9385
5950 4298
4823 3275
8317 2008
30 8781
9248 4666
7699 5076
2115 1503
7505 3071
4915 960
9817 8562
8372 7584
7913 6468
5798 8941
1550 8127
1810 9814
3779 3257
5853 9708
2669 6505
7726 3655
5904 7259
4222 5031
8162 4528
9532 1155
7834 9910
638 2706
8990 5054
8355 9394
2093 5376
7202 8959
8122 218
759 9009
1725 1423
7136 8850
4841 8869
678 3150
282 8448
9177 4619
3251 8611
309 245
5928 345
6977 7112
9677 7316
9090 3312
2369 8489
2663 3962
5448 9833
5414 2000
5258 7468
6793 7458
172 6330
5369 4431
9141 3181
9344 8367
2534 1230
9050 7002
5243 2880
5935 177
8427 4082
4004 9679
6967 3318
7554 247
2177 2399
2040 1949
7923 5769
255 4707
6564 9766
7810 5222
5172 724
3951 9089
3961 5767
3715 7045
6968 4736
1324 2841
3176 878
9482 4429
192 4614
4576 7307
2564 4079
7790 7631
5887 2671
2320 9442
8571 6841
6800 8076
6381 5655
755 8556
3116 780
1583 7404
9109 5389
8030 4922
3631 420
9816 476
6148 8575
7012 9296
7922 4685
9140 5241
4579 3654
1837 9515
9135 5717
5281 7504
7681 5138
2014 3074
4390 6384
8486 1778
448 3518
4402 9913
3438 4419
7992 3620
55 9451
3399 8700
450 2424
9206 6401
4729 7493
9987 6633
8602 9799
994 5310
569 5570
7158 7352
4895 3177
7625 9487
5424 4599
5538 7945
2721 7558
8437 1919
2542 9735
6519 1775
8012 3881
1317 2968
7513 3682
4564 5897
3242 1811
2424 6527
3723 4727
3297 6120
3966 5418
4589 3707
1209 9902
6898 6494
4922 9813
496 6780
1565 263
6791 4740
4867 6224
7923 320
9605 3822
9536 6311
6107 3116
6266 8839
9082 6619
7569 4590
7317 8500
5718 9362
75 3897
4289 6243
6288 798
5678 8538
2903 5733
6519 2552
8312 6041
5454 3116
3594 6907
1905 9975
9346 1799
2907 3494
6739 2655
2955 5733
3750 3877
2529 1920
4132 2681
7219 5087
6347 1035
6096 199
9819 8328
7230 8192
1362 3654
6383 2757
8268 9975
3865 4092
9974 8199
3116 4860
3795 5796
9338 5135
2216 6330
7564 8523
2203 1266
8359 9350
5141 6048
9285 2975
3365 3395
7706 3899
9530 4763
2309 4197
8158 4059
390 3492
1867 3196
2401 8376
1927 6975
8750 3434
6428 8778
3694 1391
4656 2196
6631 1342
800 395
2036 6941
1190 2960
7506 6901
7365 7477
4262 9929
5946 8339
2487 4674
5706 9417
3725 183
7399 6390
839 4157
3223 8027
7990 6637
3258 1652
5877 7935
9012 9256
3700 4946
3644 1799
1804 4281
7435 846
4587 1567
3023 9978
2179 3736
5517 5841
8682 4382
9373 2656
5778 3295
7080 6233
9443 4009
1941 370
2458 9204
4347 3116
3339 5545
9921 6550
8039 1113
4316 182
4843 4400
1142 8690
4407 1340
8843 7403
2640 2259
4743 9960
1269 8409
8399 4056
8519 8152
5711 1752
2304 5446
3952 6039
9361 6980
5727 8246
7392 8991
4377 5124
8950 9194
6439 961
4147 1210
7794 6805
4046 840
4103 8881
8597 6546
8203 6031
8947 3116
6060 6687
4494 8186
6850 7779
3489 2273
3291 2819
6287 9363
2895 8431
1830 5763
3532 3076
3771 6953
7155 8874
8006 9699
9841 8493
8263 7172
843 2739
5414 3228
2142 2896
6611 5641
408 161
2658 6959
86 6755
1206 1721
1328 5459
3915 5533
9897 3236
1637 5341
1450 7651
9611 2771
6 83
3116 4785
7007 5837
9288 5560
5474 7071
4359 9503
4058 2523
7552 144
8578 3534
2135 804
4410 5979
7948 1805
4053 4282
1337 9217
4473 1576
3780 2417
7653 8994
1957 9576
764 2120
5735 1630
7647 5857
9971 885
3627 2548
6832 2359
3071 849
7991 6616
3292 2727
4829 529
6828 4679
2080 8277
4693 3012
1343 8613
3170 7628
5664 5335
5933 9850
6361 800
6287 545
6995 1979
5971 2766
991 8844
6061 4132
8289 8438
5064 7694
6833 5377
5166 8663
6091 8618
9586 280
1523 9239
230 2046
9220 6327
3882 6696
2513 5552
7792 3116
902 1059
1997 2733
2572 2766
8943 8417
9418 5812
8126 4332
8665 3284
7001 7837
3379 1892
7219 9329
8698 9521
6970 194
7538 4353
7293 7965
3122 9461
7306 8314
9291 7064
6015 7501
4456 5236
94 5790
928 61
3116 521
4426 9899
3116 5191
6703 2961
1107 1313
5581 7537
6935 5348
4075 7378
3116 5149
3529 7207
3586 7154
1221 4772
7387 9520
1387 7047
6798 1246
984 4841
4607 573
2890 4557
8069 8757
518 6326
2689 4335
9571 683
3992 1294
7299 4487
9495 2225
2266 8255
5997 8682
2057 6801
202 3875
6813 5649
5984 9752
5999 6053
697 7851
9505 4167
3136 8573
321 2521
6744 3153
4649 5331
9300 1386
7445 2656
7754 3830
5032 5062
3393 1620
3680 9230
3494 3116
4349 9267
6234 3067
1104 2202
1589 1701
4576 9263
1295 7163
9446 235
2253 375
6054 4347
8610 9816
1168 7206
8489 4429
8057 4052
6859 2120
5869 6603
3654 5859
2012 6275
3659 8971
1190 2396
4373 303
4579 4630
7336 9012
4251 6891
8012 7785
1405 8609
9501 2218
4901 9146
5041 4288
7890 7933
2847 5037
6591 4161
1931 9281
3114 3860
5477 4775
3121 3307
9103 9407
4015 1575
7546 7653
1383 8660
3683 9078
8983 4563
7447 7708
2923 6496
5621 2592
9870 972
9829 3838
4239 9032
1073 8882
5103 1626
1215 5360
8239 3116
6456 6419
144 2312
5745 738
6821 6477
4779 3568
7408 7718
4682 1776
8448 5807
7474 1046
1723 1355
9459 3139
392 4481
8979 7241
8998 4894
5787 7379
8126 3403
6855 6597
8437 1195
8171 7008
9898 223
3369 7511
2259 8951
9687 6783
5871 9220
9184 2599
7805 1684
8638 3534
3956 7635
5744 7229
4865 7144
4582 1597
676 5380
3649 3638
7087 6499
2401 7153
7874 7982
2335 8191
1385 6443
3041 6629
6369 3520
3222 9199
9619 4033
9680 2292
6387 5549
5593 3846
8931 7354
2588 3766
4238 135
7456 9030
6343 8022
6008 6437
1379 6183
2024 8001
3650 82
9754 1354
9614 5571
2374 9364
71 4025
4035 7913
2364 3507
4439 5529
4430 9175
444 9303
6488 7250
3608 4073
6179 6198
4464 9469
5170 6236
9908 7722
328 9734
8093 8864
8124 7090
2712 971
7109 9483
4419 5747
2580 5219
2050 9434
9669 920
3834 4167
1121 4634
3604 5947
8847 2005
4077 608
1422 5530
6385 4562
9110 5833
7496 8188
4062 757
2657 122
2471 6292
4193 105
489 2278
7723 2630
800 6478
8448 7275
9631 7672
1944 1197
7613 1535
4624 2271
6723 2519
8064 9003
7491 6123
2327 6571
301 9350
6736 3482
2666 7624
6392 8602
3198 3954
1090 8542
1325 6854
5878 3691
1923 3538
7675 633
1306 9752
2691 4278
5282 3389
1816 1678
3116 2250
7754 7212
8219 5688
3949 8672
1521 8825
8253 6858
5473 7597
6362 5140
9518 2497
4326 3147
5281 7861
2735 6268
3635 8281
3743 3863
636 2802
6059 302
2183 3011
4767 8905
1624 5325
1266 3109
4847 9854
8160 4660
1209 2174
313 8667
3908 5805
789 1900
2778 1891
2603 1056
2639 9819
3604 4975
2996 3792
1423 127
7688 2453
6634 1967
98 4091
5679 2455
5813 3116
8263 6720
9468 2262
4976 1444
3049 8153
2171 1617
7822 5636
7241 9939
2540 6048
5193 3023
2760 1584
4616 7008
4348 829
3087 186
7101 7079
1918 9009
58 101
942 3663
2286 7554
9610 5575
119 3678
1482 5320
2416 1522
5885 9001
276 9652
2745 734
3454 2281
6121 4251
9345 210
2550 2684
8610 628
4437 8602
6146 3060
9593 1255
4126 3611
2953 2838
5337 1790
5256 6089
1112 1374
1897 252
8351 124
7566 9168
9585 1316
3415 8570
3808 7840
8576 1880
2108 9357
4516 5039
2682 758
944 6821
646 6920
4438 7153
9321 1542
7539 3496
155 9851
7470 3051
3128 6883
8080 3202
9291 2028
9022 6847
3857 259
8870 1348
1127 4772
1472 9700
242 4289
5531 5399
4360 6592
8922 8189
685 7945
4738 7604
4640 5726
5007 6412
5523 8826
5128 2625
9900 788
6308 8153
8738 5357
2751 925
2494 3319
8636 9932
9095 101
7881 1525
1657 5230
4852 5774
8233 4039
7059 6286
9872 1313
7244 8644
898 6981
6519 1352
5949 4653
3177 6645
362 8475
2555 7791
2100 5105
7282 6377
8304 7783
2426 3116
8796 5400
3185 1151
7681 6346
3345 9347
5704 7159
4560 3805
7513 7180
38 4548
4043 2898
8138 7984
845 3080
7083 2680
2064 6586
8292 1329
1266 8777
86 8608
1999 5224
1091 7797
1455 1972
4311 2160
9929 782
3340 9247
1481 8636
9266 6303
7504 770
5677 2672
6219 332
5981 1906
7304 8580
4958 6360
3659 2864
5146 1167
8344 244
4602 2984
7470 3409
5161 8641
5562 6626
8331 7226
7762 8984
5443 2476
2030 3825
4467 4020
6297 1395
4191 4318
3649 1222
8113 2650
6525 429
300 1377
4326 1914
2876 7810
383 1531
2997 8653
4034 9355
5643 9001
8673 470
6978 7065
955 8802
3050 3699
2044 332
3417 957
733 1192
2252 3356
58 6429
1802 6125
6216 1478
6242 5484
3116 5346
472 6454
5651 7337
1124 696
8412 8023
3095 8509
8935 4095
6438 4289
7220 7892
8817 4041
5475 2775
870 3116
5444 1911
5250 2476
5589 6992
4085 4984
2462 1523
8425 3665
6055 4507
8636 8187
4568 9919
8203 9082
6035 1113
334 227
7922 4711
310 1323
6934 762
9629 5281
5026 9463
3220 6646
7082 3176
1827 3228
6205 2448
9496 4940
6976 6807
22 2503
5945 9655
4987 934
2238 6185
1532 430
3506 2795
8806 782
4689 7261
6636 1492
5448 3975
2836 3903
1654 3142
7312 9690
737 4992
1160 1155
3116 5648
4742 4300
7012 1529
9332 5067
4846 7966
1376 8396
9186 3925
5098 4900
5978 6086
8369 3692
2581 700
5764 4722
5317 6339
2705 2366
6984 8368
4986 1924
1679 7038
7926 2313
9387 9176
5105 4768
3873 9853
3122 8870
8125 9743
1958 6239
7262 759
2250 8356
4861 5318
3924 9188
3526 7277
4323 8784
3458 8705
1784 3206
6618 1764
1266 6121
6325 7869
9454 5946
9501 3971
2376 9376
8528 35
3293 5317
9376 8077
1402 4874
6761 3693
9040 6356
7592 1318
6505 263
7026 3160
1429 5798
6338 9924
2492 2824
6683 8009
3183 29
6024 7627
5526 9880
6829 9075
5023 1533
4383 5831
2652 5644
1516 5521
46 5251
6740 9980
1052 1498
8094 644
7007 8203
7441 1451
2594 7969
6842 1973
1328 1812
3233 7329
4122 2630
3132 6289
1247 1386
4965 3948
9832 2839
3717 6282
3860 9300
3960 9272
6312 6298
4743 5722
5048 2496
3216 7963
2325 2122
1803 8794
6238 1850
6137 2748
6968 4608
8726 2165
8651 8194
6436 1399
5656 9593
6583 1635
3341 6255
9447 7828
2155 9626
7002 6189
8838 1710
3563 9710
6417 861
5730 7773
5452 3116
5775 5339
948 9889
1322 9439
3901 8823
8779 9867
5532 8877
7949 8915
1850 2248
6817 1380
5746 4273
3027 8881
5738 9293
1798 4178
2282 2781
3151 7863
9707 9926
1364 5028
2493 6508
7436 2965
2360 7249
8221 1639
6061 9240
3163 8905
8726 6972
8161 7985
8331 6644
2109 6626
5681 4988
700 8534
9927 60
5375 1940
300 6631
5588 8852
7493 3711
557 8605
9186 8822
5091 8106
5147 9653
1949 979
1168 6314
8840 9825
3827 8768
8334 6857
6469 5744
3116 9436
3329 7910
2278 4463
7071 5621
3574 56
4376 5875
7122 4804
2095 3823
2605 8428
4715 4751
1276 9571
7463 5842
2934 8386
5005 6420
9184 9162
1716 8198
6009 7352
2478 5207
7146 5486
6932 3068
6034 4046
6013 6569
4730 9060
3475 5071
2161 6193
5250 4825
7868 9962
4214 1429
9482 3484
7019 3174
4529 1900
2177 1468
7081 9448
5244 5100
8196 3299
1393 5755
6748 3374
2873 2962
1453 1859
5953 205
3441 8533
7509 5018
872 1025
3023 6520
1899 3878
7014 3116
6006 201
1337 8115
8917 1478
8495 1975
1223 8240
9850 6286
4334 8093
1799 9400
8445 7110
3893 866
9857 5685
9111 4301
6677 5537
1002 6531
5051 1301
8340 6070
4677 6256
8970 1411
9228 6314
888 8931
6906 9136
2210 7959
136 4415
9094 5643
3019 8364
6867 9217
1927 5574
8051 9483
733 4476
1683 1477
7538 3199
8280 2081
2602 2431
1952 9156
1058 8453
5672 4850
7780 3152
3570 2244
6309 432
1881 7254
9697 3474
1132 4764
4786 636
9754 4220
3655 784
2701 5401
4801 5771
5097 7221
3351 1898
1733 6954
9277 7319
4624 2325
4426 9672
8661 6913
8906 6196
8039 2230
2761 496
717 7304
6151 9353
8595 8455
4693 5533
7716 7285
5837 8725
8658 2185
7617 7006
9616 4870
6879 4348
6491 3845
8933 6194
7656 7286
8343 9592
6774 3745
320 8462
8000 4840
5748 1154
5378 6495
7649 777
2726 6186
3981 7785
7593 2449
5443 7381
7077 8669
9559 347
9271 9169
8764 2325
6393 1036
2318 9256
3610 3815
5002 1116
8704 1900
2221 8277
351 7844
9225 1747
4634 1396
7649 3109
7501 3524
5907 8423
3898 1824
6408 3769
4855 5590
5834 4776
1850 9720
7672 5443
9551 3283
2169 7017
3706 6767
6093 9625
3687 7823
9573 8307
881 2709
4627 943
1714 7962
9061 260
8369 3873
1933 3116
7435 149
9551 5071
8697 3023
5940 8686
9007 7853
8649 9159
7690 2085
2660 1964
9524 8139
7940 5921
9280 3292
1843 6440
1593 1916
6135 7731
5790 4366
9980 678
3946 5134
1377 4714
4261 6187
9337 2811
9552 5262
1453 7239
9218 9728
5250 8237
5187 822
5488 3898
3071 4041
360 2802
2596 9502
2974 2808
1299 8149
1458 82
7956 2693
5270 8953
525 2613
9012 6963
4643 6323
7830 4499
9195 3286
5082 2236
5554 3010
4755 8497
9210 4321
9307 1170
5534 8144
9305 3747
8419 6051
4708 8291
691 1994
2398 4152
6367 5411
6384 9739
1932 199
1229 9817
3573 72
8989 8500
6155 4888
8767 111
2400 539
3 4676
6767 6766
802 8550
2345 9759
5579 5290
1931 6765
1781 3391
530 5809
4629 5463
6153 1742
4830 9566
2578 4210
6542 9516
7065 3116
1376 8975
6361 6782
7863 5802
5022 9696
9255 8261
4142 4858
9353 1119
8478 9718
2652 9691
7769 2121
1579 7906
1834 2283
1008 8771
3466 7793
6750 6291
5186 7884
946 298
2676 634
9146 9542
1053 3015
1854 5110
271 624
2033 4320
4837 2800
4014 45
1463 6747
7888 9240
505 4295
489 5874
2120 9028
1824 5417
6095 7333
5539 5899
751 1762
9802 2247
7794 9455
8134 3173
8911 5774
8176 8707
5027 883
8668 7497
4945 534
5159 4744
5606 5025
1400 5752
4096 2789
7793 6596
8478 3042
2084 9597
5987 3897
8899 2761
6062 9168
5466 291
736 9388
1834 5920
662 7234
1237 6941
5923 2191
1051 6649
8371 3098
6156 482
2439 8692
3218 9016
2303 4104
1117 7697
786 2262
1071 3183
1357 6630
1069 4103
2077 3879
7046 7189
5654 2015
1992 874
6230 6095
2220 4625
349 9452
1356 8240
7492 2618
8953 3836
7834 5299
7675 9157
4468 194
5953 8178
5299 4267
1035 4065
9770 4440
5183 8178
5411 6160
358 7919
4373 4615
9948 9497
4108 8632
7739 7221
6123 6881
9979 1433
4979 7165
7992 3280
5639 1167
352 366
1291 3266
7114 5148
6261 742
9082 4970
4231 2222
1851 2742
1807 3702
3266 5145
8284 5403
3970 1668
1901 6983
499 7572
127 344
7612 6175
575 5951
4210 246
725 3702
9797 5068
3116 8791
6402 4331
7031 9618
7934 9035
7559 7002
5305 9034
4007 71
9219 8498
7608 2773
4985 3704
3986 9196
1203 3178
1491 3993
2415 9001
9375 6113
5992 1704
8553 1941
1970 7282
3363 4544
6520 5532
390 4037
7534 2312
678 3436
8396 6427
3287 1290
911 7310
6074 4972
9471 6381
3757 3441
5123 2288
4936 6467
5023 8542
272 2593
9501 5700
4970 5097
7885 8845
2737 2473
2075 9355
8232 5316
4102 6479
9240 6068
4059 3378
6612 9522
8126 9557
2272 3925
3865 6536
3572 1615
1841 2516
5856 8232
8650 2730
2656 6302
288 7446
2829 1917
8631 8799
5023 155
2937 4516
8336 700
7716 7608
6580 5839
856 6394
1922 9678
7052 5561
3840 9211
5902 8843
2812 9266
4003 4583
705 1110
6260 9842
3347 1023
2750 6215
6399 2991
778 2211
6694 2464
8354 3414
9337 6168
1854 5689
8793 5087
1579 8315
3609 5558
9745 4334
4450 3116
4098 8643
7266 4883
1987 5396
8446 58
13 2326
7161 9785
9141 2593
3116 2222
7084 7573
5148 3987
1255 9512
301 7635
8665 4343
2985 6948
8475 9152
4237 8153
1786 6762
358 6121
3051 4943
7868 6695
7074 2324
9533 4020
2374 1287
1144 1772
6091 7613
1569 5180
1034 8468
1749 6153
1591 1996
4365 1552
1360 1755
8361 8481
3688 8127
6144 1296
3386 6257
2738 9476
8195 2470
4918 5472
955 5606
6715 8558
1345 8973
492 8151
2923 2617
751 7235
809 1877
7667 8057
3307 1175
8492 3141
8030 321
5883 1332
935 2634
6833 3691
3982 8811
4103 13
1546 7301
1702 9157
3413 4166
2836 4349
5967 3096
7570 8019
1817 4507
8489 498
1452 7971
54 7563
2528 754
9279 2949
3242 3235
3772 2190
2207 1743
6964 9843
623 8167
7332 3042
3116 9648
7141 8326
5104 4004
9415 1042
1753 6483
3973 1515
4291 4322
7721 2404
2129 6273
4662 8617
3874 8744
7813 308
7153 2233
7143 4954
7337 8941
4705 6275
8313 2709
6530 1902
4222 4260
2476 959
4335 1622
4690 4028
1407 239
9493 5283
7224 3147
7190 4000
5546 1411
8377 9030
3354 4172
9627 99
9995 9042
2336 6723
1434 9377
8768 1097
8540 1223
8055 6437
8772 4495
3073 9589
6911 6983
3284 9893
2922 1613
3290 3996
5489 8101
1466 8927
8967 507
6665 3117
5194 6229
4863 4124
1619 8581
3710 5694
9978 6004
8526 9641
4660 566
123 4099
238 1485
5917 1264
9410 6486
6380 8906
3959 729
6603 6704
8008 2154
1446 3218
1345 1817
8093 3621
4480 8672
6165 1229
9781 6907
782 3644
7462 2161
6473 2398
7021 6387
1511 4630
7644 3471
2538 1338
4078 253
5662 2160
7891 2589
3696 331
3931 6681
2454 465
8496 9547
5233 9845
2750 2440
7766 8846
4505 432
3543 7660
5714 6443
388 7505
3116 6050
8143 4515
7516 6700
1504 4991
9983 5636
9809 5052
9216 3749
127 9865
5652 6506
8293 4581
6833 9585
4930 8331
9941 648
7746 5748
2991 7549
7367 2518
6943 8682
393 2489
9610 1189
4023 2616
2736 9690
2530 351
8933 824
7393 3820
4023 2001
2475 3159
4241 2570
8494 6242
4126 6755
1840 8496
6662 4636
1137 2330
6589 684
8843 9531
7698 8597
3810 8016
3335 1972
4754 7263
4523 3010
6816 6557
1729 2631
8639 2094
8305 1935
8197 7622
9193 4488
1177 6804
5489 9025
18 2920
9162 1787
5115 8348
4216 3304
4221 9577
6285 92
1108 522
1661 6202
1945 4273
751 8733
7530 34
9741 2390
1164 3345
1064 4988
2420 9303
81 9478
2093 3384
5635 5315
7428 9098
2348 4572
3392 1693
4934 9256
3433 7360
9038 7834
7192 9174
916 1783
2931 1260
9555 9730
2408 1084
6686 3430
426 2840
8556 3820
1487 26
3116 5020
2079 8150
6845 3761
2444 1096
2264 1950
9537 105
3449 8962
5619 8198
9451 3670
1848 2810
654 5915
2692 726
3292 835
7632 8677
3481 4286
44 9659
6056 761
2012 3261
9724 6833
2504 799
9057 6203
6176 6846
3116 7325
6582 9661
1489 5732
794 2282
36 5106
7042 4589
1978 8973
2881 5279
292 1270
3977 4897
1048 5162
864 9878
4613 3122
2223 5196
9962 3321
9933 4995
800 8122
1879 5930
2966 1843
8714 4704
5951 6122
6887 173
5621 5598
4022 578
2609 1141
5296 7980
3904 3168
631 8107
9799 2758
5195 9881
9707 8727
584 8767
7100 224
3473 8378
194 3685
6061 9525
2973 4225
2693 1586
5663 7878
6674 3666
8297 23
3626 8664
4923 614
8288 5810
2685 8539
3415 7969
2316 1131
4009 7688
1985 4247
1516 8666
2338 3707
197 3565
7478 7590
6323 9388
5698 6002
8530 565
1534 8326
3116 2021
8430 3643
5167 9185
43 6162
6040 4543
1385 4902
1935 5454
1939 6886
2774 8668
178 857
4806 2169
2005 4677
3701 95
7517 8408
2886 6268
2598 1874
3125 5357
3076 4020
8454 8233
1040 3116
799 3116
8983 368
1183 7141
2816 181
1307 2542
1263 3296
5742 4394
2814 6654
7196 8582
1682 2042
6204 9881
3127 3117
57 789
6875 7479
3192 9058
4685 5473
2981 6463
6696 1248
9660 5771
394 595
4403 9807
6976 3051
9891 6904
5860 2016
6484 6940
7798 2719
1208 5991
1392 4561
4364 7653
5500 1
8348 4113
8375 2371
8340 4730
9457 3700
8598 6340
4554 9929
2511 1206
866 4086
1700 3116
2414 2916
6416 3595
576 1852
1246 6534
8479 1912
782 4116
1563 5152
2576 4777
9792 7673
5821 3312
1814 6833
9847 844
1707 6576
8140 3895
8648 1191
9781 9827
3640 6477
5980 221
2926 7678
3431 8679
2116 6631
8273 4517
6744 1437
1724 1256
3313 2695
3270 7306
7699 757
7509 4093
1201 3620
8759 9481
2485 5547
6150 8762
1734 4648
6779 7738
1139 3809
9949 456
510 4467
6295 3116
5782 2921
7890 6462
3218 8257
6444 2848
3315 2566
2091 7236
714 9117
4321 8753
8567 1456
4837 4831
7214 6878
5206 6631
5950 6908
7176 9468
6721 2627
9297 3166
8824 681
7989 8486
2228 4953
3116 9065
3876 5054
3878 6686
4771 9375
9755 6344
9569 5055
3154 1717
5212 733
5867 3758
9354 8745
4599 1588
6280 274
5866 8489
8018 5460
419 197
6692 1723
1320 9303
8883 7557
7256 5105
9400 8566
1246 2698
5278 9801
5362 6723
5614 6810
5370 4452
5955 8736
789 8681
8971 1704
1411 3113
7265 2161
2010 2189
7824 6351
6513 6575
7746 2476
8391 7800
6509 7665
5248 1506
2856 1445
1295 9500
1944 3934
4787 7959
2729 1332
1780 2637
9819 4218
4394 9812
9211 3539
3179 5529
7566 4939
7647 2804
191 7259
6282 7603
9404 4525
6039 4478
5914 8187
7100 4678
7476 1753
6134 5929
1787 2450
1661 2060
5781 9489
15 6461
9832 1604
9982 5299
9067 4386
3760 6380
8603 4593
5951 2628
2430 7956
7278 8012
9018 2281
9318 9499
2967 7363
5367 6929
5174 5937
4411 6579
983 3753
9575 7589
1868 5711
9207 7203
2067 9950
6654 7977
9784 3852
940 189
7746 9399
8416 4930
8475 9320
5299 4798
9496 2331
2141 6823
7376 2357
3938 9241
1032 8653
4508 212
3116 3104
8380 1578
1313 1713
1083 9980
7624 4302
3226 5386
9076 4928
4022 9718
8876 4684
1534 6177
4148 7950
2646 4431
9685 870
8254 5172
1175 9601
2484 1495
6150 27
1212 594
1450 3023
7346 8419
3116 7781
9063 4133
5790 8913
9682 7654
1585 2828
9109 3671
7088 9634
5117 8237
2737 3107
3965 4785
4344 9205
7836 229
4637 8172
2848 5023
1930 9008
6201 7111
8540 7785
2134 8025
2737 9032
9968 2106
960 9135
3180 6086
9658 3727
9895 2016
8966 5498
781 5665
7656 1411
6505 567
5898 8009
4943 3550
621 9166
6066 85
9290 1159
7502 422
8614 8440
3229 9088
7767 342
7864 267
7859 2651
9876 2978
3647 5702
2772 8700
3691 2628
6549 5849
6635 4443
7276 499
7414 8229
5320 1015
2166 9402
5712 2453
5752 2488
1292 5117
4340 7786
7103 7308
3986 9362
3523 4741
738 9545
6770 2919
2346 8255
6896 3632
5994 9222
1357 5774
266 9698
1363 1549
4498 7566
711 1411
7293 8306
6648 9059
1731 1973
8217 2423
3328 6652
4284 641
6271 9366
7209 6197
5568 8892
8332 2024
9154 3206
5425 8917
9438 9102
8471 4355
9470 3270
532 981
711 418
5798 4221
3391 8640
5510 3047
2805 3652
9934 4754
3910 3033
9124 2459
3339 1792
9678 1936
8839 3120
4254 7834
8163 2836
5394 8473
2834 621
2622 5388
3644 3172
7423 163
816 6758
2219 6151
6331 5442
8052 9980
5772 3305
1821 4875
7311 1024
1722 3405
7226 4883
8986 3819
2868 887
7748 8569
5053 9526
2375 5895
3299 8255
6110 6459
6655 2468
6664 350
5477 7726
7444 3091
508 1988
863 6505
2232 8654
7144 3902
9673 9536
8612 9689
8974 695
216 7883
5630 1582
4446 9250
513 6010
2914 6846
7008 6675
935 3172
2858 8273
8017 3632
7713 5556
1959 9546
1787 2267
6095 8832
3415 2650
6155 16
7882 1097
7716 3393
8347 8630
8561 6419
399 8786
109 4455
7141 8012
1503 8602
5883 8721
1439 2147
8340 3563
7571 9237
7171 6055
9112 9858
7575 9129
7692 9759
841 9610
3009 6059
8737 7134
8188 3836
5822 6253
2849 8424
2741 2937
5403 602
9837 8831
5435 2863
5142 3881
9765 4976
6363 9982
1985 2659
3396 9211
6820 7385
5046 1984
6868 3116
6525 5786
7576 6679
2509 1035
5072 8003
8969 9548
9607 6374
3249 3748
2548 3778
850 2358
7773 7865
3460 1523
5687 3823
196 6258
8205 1183
5826 7868
3105 4014
35 1592
8510 6726
5330 4840
1859 4800
6670 4777
977 8308
4922 1562
2996 9972
5655 8765
7626 9902
4754 6846
1119 3160
539 9724
3369 842
1294 6720
771 225
6656 3721
3116 5727
3100 81
8310 6880
9349 5983
5083 3797
6466 3171
6178 601
3764 5146
7823 8034
6011 4515
6675 7903
2036 9659
5186 1889
490 9108
97 7240
5610 4567
4475 3727
7182 4359
3116 6447
8138 1490
7307 1134
5336 7569
4610 6403
5704 7780
4383 7865
1062 8073
3514 8350
2872 1685
9282 6587
2062 5548
3855 4913
3116 3657
1230 7170
9435 9081
1157 7566
6651 2042
9341 6139
9758 9523
375 3770
576 9988
8662 7914
9284 2827
9661 667
2678 7775
6925 8590
7230 3260
198 7581
7000 3116
1057 4023
6767 8495
1625 9176
1481 2637
6688 7695
3654 3993
513 5461
1524 3679
7471 4038
1841 7253
7849 5433
9815 4574
7199 2170
1147 4314
2727 1371
2387 3054
3801 6748
9496 6739
8724 6960
4608 3791
4271 5643
2065 4339
1773 9434
2099 6329
8386 6376
2869 2467
3820 6225
5133 6672
7724 9403
5672 3777
9821 2711
629 989
2319 7845
4961 1262
8419 4698
3819 5868
4810 6072
494 3423
2432 7529
8159 4400
8262 3800
5393 2078
9441 4188
8951 930
2666 7937
9677 6119
9376 7075
8369 5750
7329 4683
5254 3212
7998 2744
7601 3579
8321 120
2847 3278
4641 9266
7696 964
7795 942
3748 8109
4977 9832
9245 2328
3850 3662
8755 5877
2624 8326
2833 2613
6485 1679
9110 9047
1488 8639
4448 4726
201 8369
4631 4969
3741 2816
9668 9615
1474 3769
1425 5828
7600 6072
6635 1544
2600 9916
5364 7399
5453 8346
6547 7567
5830 5433
970 9942
3221 8407
5420 3948
953 4192
6413 6895
9674 5271
6276 4432
178 2844
8167 487
7554 4383
4591 1726
954 4729
3789 8647
5216 3713
4523 7962
1527 565
8670 6876
1005 3196
4155 6076
6926 804
8823 89
2797 7676
4230 1616
7120 5848
9309 8978
7559 8220
5033 2632
8691 4803
2876 1751
694 4024
1788 1677
8019 8307
7606 7355
1199 7222
7619 3846
7034 2391
9989 6320
3236 3579
2661 8934
8653 7396
7196 3615
4579 732
1166 4872
5699 5433
6986 1475
2525 8674
6318 3124
456 9953
8335 7052
8521 7453
7538 621
9390 236
5900 7342
3512 8482
6889 6615
3749 4792
2805 1225
7615 8755
3722 3116
7269 5905
4113 269
2375 3827
966 7098
1289 8921
6592 1364
6874 4275
7858 6149
9538 7557
4967 1097
2759 7451
6154 2055
1560 8450
4715 1698
5525 9993
4575 5798
6081 7585
2736 2469
6109 1798
3021 7202
2289 3376
7977 1812
2836 9481
9222 7802
7355 3881
355 8033
8267 6167
1039 2552
9222 7616
7805 7469
4346 6617
2165 3791
1224 7245
1145 674
3195 1822
2234 6694
2647 1398
8439 1946
8003 2385
9925 8812
5690 3712
8302 3550
4968 3309
9155 913
7755 3786
5591 5652
4670 9096
5204 6570
9024 4856
3656 738
9627 5224
4861 7849
8590 2233
4724 9151
7011 8500
514 6960
3862 3871
2379 8016
9550 8938
2559 5168
3837 3116
2561 8728
8475 8945
882 6881
7750 7641
8918 1232
9973 4602
5703 605
8472 759
2574 6558
1955 2393
2890 1173
8886 4362
8479 8083
3017 9168
3642 7669
4604 9015
8173 1847
5390 437
6280 3489
4091 3069
2434 8137
8951 2266
2725 510
8197 6516
911 7114
974 1791
7450 5026
7486 8995
5530 948
461 9743
281 9259
4433 3663
3135 6058
433 9916
7084 3320
4378 1944
9604 4782
6939 969
9381 6041
3116 3470
8590 2319
6580 8105
2533 7608
7650 5048
3116 7051
1239 9041
775 9332
7942 2332
4586 7162
3876 2416
134 8580
3997 4507
1396 9394
7750 3051
2890 8904
3423 3116
1912 6668
8351 2018
5527 4992
3704 8967
9443 8679
6378 5538
3739 7771
9256 7485
8842 9474
8155 5036
2059 7076
9798 6795
8898 6646
8940 4596
8281 3537
4104 8955
5867 4787
6340 4420
3519 3044
2169 9768
9866 743
5703 2101
1214 5647
9151 4921
6485 9410
2314 6680
1218 4609
9958 1670
5216 932
3834 7535
3116 2742
2744 3957
4444 2290
8011 7275
4800 424
324 5299
1811 488
6987 5910
9974 958
9549 197
6681 4472
3438 3592
2897 3310
5692 2599
1738 8100
7763 9021
8518 1532
2796 207
8775 9780
4259 6223
2412 3810
3731 4027
2155 5926
985 5997
3740 5120
7608 4306
3083 8092
8558 8086
3067 7230
7526 9589
5075 4005
7515 5024
3496 4126
7927 3141
1596 6465
2177 7481
8442 7975
3491 427
6333 6010
6671 7060
712 2790
8808 3061
900 7373
6217 8637
4077 6654
9583 5051
3116 1073
4769 6313
3078 116
1635 1893
3432 3149
101 9621
7051 6320
9627 3215
5632 7946
6983 9225
6121 4621
1981 893
769 3016
5365 5715
296 6324
9334 7397
4672 8339
7552 3116
5858 287
5721 3116
5499 1499
3292 2692
9201 5329
2785 2782
833 7938
3712 7661
9191 9458
9340 7764
5981 2682
5428 1488
4292 5575
4432 4050
8147 9081
1568 3190
4361 1253
9353 185
4479 2578
3429 4085
1730 973
8020 3660
2606 3116
6499 8564
2709 4964
6560 9722
4321 8749
1133 6696
9803 7483
8919 769
5986 3760
5074 7045
4999 2782
3318 7960
1896 1625
87 6683
6580 9594
7230 6645
125 3536
1832 9006
6410 4773
6656 6392
8408 2843
4518 8538
8448 9456
4943 1156
25 7686
2656 9473
4418 301
6026 2456
2305 9001
2042 2689
7474 1409
5524 3528
5768 4887
160 9541
1055 2381
1412 7433
469 203
4905 656
3000 5337
5055 441
6635 848
1119 5198
9436 2662
15 6164
6890 1424
9492 2610
4139 4847
1416 7833
9750 3116
3116 7233
2088 1728
4184 6290
3116 3740
3262 4669
1861 1986
4236 8464
5774 1448
2197 1766
3153 8073
2085 3116
7917 7516
3796 5882
6557 5581
8331 4204
7650 6774
8438 9452
5340 9259
8366 9430
286 6945
2835 6242
6964 346
379 2694
7936 1271
1899 5326
9330 3684
1575 2828
6170 9879
2944 4016
6433 1249
6652 7748
4943 6020
1836 7369
4621 8519
1950 3556
1834 7102
1726 2490
8844 8146
1593 4682
2377 1719
4269 70
6445 8814
1546 2430
4523 7464
9130 6919
6088 237
3759 2265
8307 8027
356 6384
1713 2694
3341 250
5412 2048
6233 6573
3812 4438
5461 2596
6894 5970
7598 6241
9480 7385
5135 4624
1936 7704
5277 5563
5695 2474
974 6192
2705 1627
4658 3225
7514 2148
3116 8722
6339 5107
3220 4194
7231 1099
2429 975
1286 5570
1753 4859
9681 7237
3765 4538
6837 7523
8901 5053
8186 2837
1238 6283
883 1561
3069 9535
9559 3558
5878 2130
1456 5558
7261 8833
9009 5347
3774 670
5089 5900
838 8190
1503 3019
1432 9614
8155 8332
298 4428
4200 3116
2450 6469
4349 907
5456 555
8357 9443
1728 6646
4911 4837
3126 3329
1058 9855
6984 6833
1605 9553
5576 3244
1050 8574
3887 4952
9442 5815
8466 5634
5169 720
9698 7099
2807 6443
2958 7954
6140 697
3002 3452
1888 7596
8255 8421
4669 1673
798 5225
9624 3875
7241 7244
7623 9424
6949 5229
3346 970
9955 1587
1809 8762
3118 2927
3116 3540
3884 5773
5756 7473
772 9897
7183 5832
778 2459
4947 6690
3183 4755
83 9376
3334 117
6931 7277
4741 7548
524 7238
404 6623
9789 3544
1836 5949
7709 3079
9350 6873
4986 5623
4338 5402
9165 500
4480 9824
8914 3473
168 9303
5443 2177
6191 3037
3610 9283
3234 7218
2920 1357
4198 6608
5620 4285
7241 680
2197 8305
8107 7140
4799 2564
7061 4756
8148 5090
9898 3405
3548 165
9018 2799
570 8286
5361 4189
2818 4429
5216 4342
4717 3394
8584 4371
8089 7522
6924 3665
9336 6948
7670 4595
8024 9691
5861 6998
9458 1808
8627 1906
1636 9110
7439 3003
8936 5770
5272 2987
5596 5171
4429 4632
537 6826
1781 1902
2836 7617
4330 2330
8286 7241
7744 7138
3429 8390
9437 5468
5006 4500
1378 155
8264 8483
6742 9741
2291 4760
7516 2180
7495 4398
9562 8439
1781 2859
9001 6326
9932 7320
3205 711
4795 8581
6913 2719
8324 5522
9547 3116
3589 2770
5724 5178
2014 4825
6522 1530
5427 4280
2906 8214
9202 1405
7840 7205
7493 9116
5105 4218
9558 4767
8235 8401
898 9252
6070 7003
6814 556
4278 4457
9481 1266
1198 9447
7393 7175
9974 4100
2702 7590
2207 1102
9177 7243
3815 401
176 6760
3555 701
8292 7515
6003 3116
3427 1378
1651 9406
4524 1889
3359 8248
6916 7883
1099 3116
1970 9923
3978 5588
6222 8718
4121 1213
9323 5942
3000 6724
8262 4128
1639 9197
9169 8832
240 2749
1737 8495
3264 9769
1726 4949
3511 3116
8678 2419
4422 9926
3221 2074
797 4383
6772 8485
490 2138
6523 416
6926 448
6979 4305
9214 5892
3387 9785
7876 8916
5014 984
9279 3979
1360 9515
2810 882
9997 1330
5865 9749
7994 310
8134 9931
1290 5527
3622 3285
6108 2832
3844 7632
8469 3924
3364 7504
4066 5669
408 9317
9603 6140
3929 517
9496 1140
7757 8052
9612 3862
14 6973
6911 4754
8503 254
5783 4808
1615 3906
5890 7561
9816 2937
8971 962
8236 5840
9335 5974
3224 8680
4430 1013
3964 6859
7693 5041
35 5511
5279 9951
273 8942
4151 8388
6181 7628
247 7545
4654 1942
4893 3510
2710 1622
260 1264
8679 6743
6464 359
8773 2794
3570 3116
7921 1955
810 9452
9243 8708
1715 387
156 9409
152 1785
978 8639
922 1239
4246 583
7756 7768
9211 669
2280 1308
5418 4255
9019 7818
8048 6631
1998 6272
2951 3522
6106 8663
8695 8398
9369 4265
9348 8849
9342 9037
3116 6608
6505 5487
2173 531
4248 1426
3566 1313
686 167
6082 3914
5925 350
750 62
9926 3372
9910 7313
4558 4345
8687 9118
1334 1135
1331 9553
9724 8036
9516 5119
9033 6871
8347 9156
5431 1865
2689 8397
2146 7400
6370 3831
4631 4235
7259 2936
8141 8255
1736 3603
3474 8545
8993 7271
1819 7656
7550 418
4182 5737
8950 6221
4809 2905
9140 8270
7216 5588
7196 3862
2937 4455
3047 4606
9575 742
6785 8409
5164 7458
9781 508
3307 1481
3645 5236
9740 7639
7949 6921
8751 8535
6752 7777
8467 3761
2647 211
8589 8427
9250 7259
1392 474
6627 2321
3659 5985
3116 1067
8029 4789
5392 200
8602 2958
3143 664
915 6889
278 7516
8207 4409
8053 3248
7024 4393
3614 4252
5539 219
951 8942
4900 1408
1576 3617
5450 6432
5485 9835
1076 6304
2071 2684
304 8200
8873 6279
2910 3479
8337 3845
1701 3607
4879 2767
7900 6404
3401 4704
8281 6009
791 6979
6668 2445
1162 2575
4944 3733
7214 7607
2022 5850
8932 613
7658 7354
6901 2873
9627 6241
5299 3320
6321 7513
1908 9260
3714 7677
9200 3550
7272 4348
34 113
6567 9178
9918 2079
6863 7506
8857 97
3438 306
6264 4628
3332 6515
7448 1321
1467 2531
1988 5501
9466 8807
6244 4964
4926 3691
9108 9829
2031 7681
4016 7706
1576 3097
8679 7499
2551 2582
400 8255
4111 4093
9192 1506
7916 966
1822 3450
9503 1132
3425 7643
5492 7491
6657 7800
9529 4290
7549 8130
5711 6128
8287 7501
9850 5773
7608 5043
22 2809
8581 4512
9796 7405
5960 6561
6628 3229
8667 5392
1312 5214
2900 5151
3116 8893
1655 4079
7520 2111
3116 2925
5020 343
1029 3686
1094 2656
3104 5458
8597 6646
8107 2817
4289 4104
2937 5356
9025 3874
9799 1637
1844 4797
5623 9086
4684 2185
5374 9928
8460 1713
98 1751
8228 9092
8310 9846
2539 5201
6360 300
3418 3148
1324 3563
7607 813
3753 9331
4723 6441
829 4309
876 3737
4503 7043
5144 9772
2765 4023
1789 4700
6112 1563
7106 7595
9591 6146
5458 7620
8418 4249
6460 9906
3821 2199
4960 8645
4105 7883
9848 9273
3202 8947
2118 2035
7276 2170
3116 4606
827 4278
2692 6374
449 5887
2795 6476
2975 8960
1415 9279
9912 7158
1440 9395
4127 555
4600 8928
7892 9295
8076 6359
86 8235
9952 18
5767 5885
1321 4778
3866 9093
8007 8862
4917 5705
2692 9737
5767 3869
4038 6518
4997 6135
7122 2260
1616 90
7992 9189
1808 9365
7163 431
348 9196
7227 3669
735 6799
6065 563
1083 6103
4646 7477
9680 7812
154 5626
7316 328
4790 2268
9781 6826
7181 9040
4748 5924
8406 1002
4996 4180
3281 7489
9976 4107
5992 4106
1930 7437
1782 2680
1675 3050
9256 3101
1373 7201
5026 22
9009 6121
3116 2671
1663 18
4176 882
6458 3633
8702 7608
588 2046
9841 9971
1976 7365
301 9946
6208 8421
1434 2950
2522 4080
9732 6456
5038 8159
2017 8968
8012 6116
3729 7474
5783 9731
5785 9896
7967 405
6092 1085
8343 7821
7609 4868
5714 337
4262 9647
9546 7027
5650 1979
7368 3478
3024 7981
2164 2463
3598 7001
1506 6324
9837 8290
8379 9918
5315 7621
75 9896
7140 1163
7039 1386
4885 3422
7825 7076
3101 9355
8441 6340
2436 5650
9467 4043
1760 2384
4636 5951
1203 3211
226 7416
1596 4945
7580 672
6892 5369
4965 6374
68 8674
9658 1219
1269 458
1888 2155
2936 2476
7014 5079
5964 3189
5763 4904
3116 9997
1603 5703
7857 279
4290 8161
6758 1886
9335 896
4469 2654
7334 1387
6024 2553
189 9929
8156 3978
6427 6332
8389 4071
9737 5101
4454 4507
5875 1631
7110 8501
1547 9128
3161 3738
5611 5979
8149 2919
3085 496
7586 8229
677 8252
3119 7439
2919 9071
9881 5511
4221 173
7964 9956
9389 3215
155 7504
4019 9846
3876 7463
7994 9780
3743 2245
5837 9255
3818 6362
3420 4697
9499 4174
520 5331
8679 5798
3368 5849
4622 263
4314 4072
2019 464
1436 7871
5923 8880
3714 284
1429 6886
2618 2843
162 9528
1528 1488
5301 1041
3597 4323
3034 1715
9696 3215
473 4904
3322 1740
2887 4992
7339 3139
6240 1949
2759 5400
2390 6314
9901 5439
6844 1418
6698 9464
892 5798
3462 6633
8125 9465
7634 3183
2597 6455
5467 3434
515 6714
1564 4476
2097 9440
6279 915
8012 4434
969 4731
6763 688
7421 5948
5433 1368
7592 9903
9867 3303
5937 5467
1831 1695
270 6580
2148 2704
342 8890
2560 7040
8670 6002
2465 132
9495 4749
3240 3497
7920 7988
5392 8606
4030 7462
6804 8885
7097 5181
9325 4120
5522 4031
8437 8228
1477 6121
5604 5210
5144 8952
4726 8907
2240 815
564 3116
5876 8781
9046 1090
6441 7650
1927 4154
216 3614
6664 6660
2053 1418
3176 1049
7241 9551
5173 4145
1624 1171
2204 6206
8027 4950
6620 8269
4180 2457
1809 6663
9665 5689
7471 6831
7538 4928
7631 3007
8090 7664
4667 2995
3716 8948
5624 8065
5255 3661
7870 3458
2374 2447
5096 5135
5356 1158
3402 2159
1144 8118
2474 723
3412 9859
3345 8585
1663 7531
2790 1666
8563 1384
5760 3837
3878 6625
6382 6517
9950 1167
6492 8542
4099 6629
6998 6933
5386 7420
6140 7521
6475 3886
8826 9273
2049 3225
8397 5293
5023 8832
2507 2979
5576 7880
8679 9460
1808 5508
6076 8586
4752 670
9739 8843
5383 5286
3610 856
8945 2652
8867 8345
6374 7501
4734 9571
3116 9055
6965 8752
2992 1929
7522 6705
6314 1846
7406 6512
4437 2329
4173 8972
8262 2067
9537 5313
9790 2461
698 8505
3116 4781
5243 8729
6683 496
4552 3598
9590 3982
524 500
8163 7970
312 4483
4319 4701
8452 7347
6996 8900
1184 168
5382 7425
1043 3322
1050 1517
9153 1027
4885 6455
6926 1322
2870 2294
9412 7385
9349 8865
9838 2380
6231 6517
1006 6093
7244 1372
8193 8688
5058 5223
2228 3116
6803 4492
5801 5206
5205 5380
8461 6587
9704 5929
8361 9937
7385 1931
8754 6566
9929 2597
2589 6857
9787 9780
2026 162
9244 6063
6237 6400
2127 544
4098 8385
3758 2658
4170 5508
5210 1052
2798 6719
3262 4054
7727 7621
5441 5241
3394 4601
4402 2851
7409 8490
558 8281
3398 1968
5483 609
5470 1487
1098 6069
8308 9343
5209 3225
7532 7644
9257 8995
322 504
1793 5446
8062 5886
9819 9871
8026 6687
7165 6653
9832 6061
8094 707
6156 1407
8342 5530
6841 7132
1036 4502
9082 9215
1065 4429
2611 6152
3564 4598
4673 5284
4670 9929
347 4233
1643 2124
7440 163
8027 4728
2044 5013
2859 6387
7185 9357
3772 2278
9479 8855
2539 9372
7157 119
4566 5013
3119 4623
6865 4510
5571 3498
7624 9806
589 1283
7172 6562
1 180
9502 2306
4464 4131
8704 4020
6780 7247
2694 8703
9608 3685
4618 2945
2962 8819
9556 9413
4332 5709
1947 7783
2118 9725
9869 3728
4647 9439
4639 8983
2347 8287
1694 5326
9177 2456
1873 6391
1004 4704
5680 9713
2120 2433
4177 1105
1611 9140
5 6529
7551 5434
3592 5402
29 5412
568 9137
1612 6949
1022 9696
8038 4092
7307 8733
3468 4854
2885 4475
7503 8599
3847 951
9168 3319
6302 963
9013 5154
7720 975
6621 7424
8670 9669
2503 2749
3731 3064
2290 9397
1390 5823
5674 7733
1722 3582
3707 5964
5741 4954
1038 2579
3083 4138
8973 734
6127 7046
5266 4359
4243 7342
7292 1858
2706 4708
6789 1114
7593 3118
8535 1128
8192 6903
1728 6310
8620 7916
6758 4138
9416 6153
5909 2567
170 4373
4323 6982
2237 829
6759 8783
8670 4413
2836 187
4284 7198
6083 2641
7927 7289
5847 8208
9587 4306
5927 1454
6193 1841
7123 1872
6330 2307
3346 505
7459 378
2539 4119
1901 943
701 5721
6747 3559
6891 3458
8414 8996
8894 4219
4020 9599
9425 4982
5888 2830
9180 720
9227 1216
2339 1187
9628 6972
1838 1338
9330 7148
9519 3765
8755 9214
6849 7401
7384 6284
7281 2084
1908 2414
659 2231
9861 4370
9380 83
1307 9844
4370 4782
5863 5510
7725 8815
3691 9074
428 3768
2038 7112
855 1996
5076 5001
9330 787
3776 5356
8624 143
3554 9259
9060 4153
5633 3975
7156 7754
8158 6134
8926 5399
8248 3525
7066 9370
9673 7260
2195 456
1391 9481
8954 1040
2218 4674
4293 6361
2764 1882
1540 1698
2747 7884
2342 3364
2973 934
5366 6493
9831 4525
224 9409
9011 1406
208 6704
9429 7796
2069 1509
904 2126
8747 8231
4507 9222
7879 5535
4584 7777
3593 7474
3116 6908
8528 4573
7952 5641
6569 6378
2324 2586
3185 7142
8686 1966
1787 4126
3476 8850
8141 2278
2339 4733
7399 9037
7371 9425
4981 835
4614 2673
9067 7536
2610 1957
5934 9743
8515 1271
783 4943
7628 7946
1721 7299
9960 6635
8969 2318
596 1997
4396 9914
4970 6490
1894 5241
9884 5272
5005 3919
4804 5302
3277 1634
7705 9823
4565 9644
4070 1793
9132 9640
2566 6280
7226 4114
7287 9626
617 3219
6422 5421
7459 1537
2107 6682
3956 3985
7343 8846
4434 4676
4664 6511
4361 5659
542 6277
8326 2183
9249 6691
8782 5447
7201 2823
2500 84
229 4632
1523 6232
3439 6187
8486 2501
7130 8473
8710 1591
8602 4050
6828 8180
2790 5250
3561 5022
4297 346
1467 9443
6302 7829
8661 4321
8030 1982
4718 1170
3267 5094
1832 9164
7151 9691
9319 6355
498 7048
8352 4383
4253 1395
1213 9944
6451 5845
4062 8388
574 6448
3325 4122
7443 538
443 4258
1437 6522
4079 7214
1820 2287
2623 2609
9396 3116
402 3333
1242 488
4355 7883
3974 2714
5232 9420
7547 9878
2424 9350
6998 4130
6428 5786
4033 9105
5594 4993
8881 2937
1056 7927
8724 2388
4069 6281
8805 8538
4421 4646
9489 5596
1763 952
6172 2614
7478 4427
6397 4966
1754 8336
1086 4051
1021 7971
8550 9709
9372 7277
1739 9971
7948 1442
8002 6837
4737 3433
6316 5670
6357 8413
2921 3116
408 814
151 4706
6422 411
8581 6884
9837 5880
843 5572
8550 7548
3793 3136
7702 7152
37 6664
8142 7365
4847 2284
6994 6706
3116 7080
842 5499
2013 2948
4550 3479
8992 4644
9341 6581
2904 4221
3320 1234
8908 4094
3232 180
7127 4686
6339 3640
5583 1179
947 7259
8426 707
9582 4329
7501 9499
5451 7349
4423 9458
3845 9568
4843 6290
3935 6554
8735 6834
3168 4242
2143 1826
4318 3962
8227 660
6877 8370
2853 4187
906 1006
6880 3045
3434 9353
9352 130
3556 8447
1543 3158
5386 4302
2416 5455
1900 9144
8044 8165
7225 9240
6862 4144
8126 2507
3064 8554
4017 9609
9721 6759
1143 3116
754 7554
9524 7848
5710 5
4751 2231
8181 7785
1738 8095
7791 2355
9444 940
9397 607
6515 3900
2070 8606
8971 9182
7021 993
1513 7920
6060 3442
4206 1687
2269 4517
1899 9113
6368 7428
4337 8833
6102 9851
2046 3489
1639 1601
493 1050
7977 8688
3612 7793
8511 613
6614 4594
8499 8935
8583 7131
6423 5114
3190 7729
3821 7646
5428 4665
4930 5612
1729 4996
733 7397
3889 1252
3231 3894
1884 590
8577 5964
37 9082
5761 8850
7572 9275
1669 6016
5197 1609
9072 1351
5802 2152
2980 2175
4548 4450
8281 4500
3939 4043
6269 6761
4972 3599
5696 2363
1686 9712
5547 2695
6823 124
7123 8595
8108 8494
9965 7749
4604 2893
1725 173
6424 6627
6460 747
3116 3075
2203 2825
6061 6006
8373 19
5327 54
7785 7503
5971 6050
8846 4514
8081 54
6259 719
6328 3116
3983 7191
7957 5825
3784 3278
3116 9735
8973 4241
6314 6713
8682 3443
9998 5989
7503 108
9063 2052
4619 5765
2708 8800
4294 7307
6905 3139
7125 5502
7097 8403
980 9545
8386 5443
1110 8600
8090 3830
7577 4769
8557 9807
7549 7999
3814 7852
4127 6730
6949 7728
2624 9874
4392 4766
7168 2936
2319 6748
988 2675
5768 393
9730 8031
1182 1201
7746 7832
1016 1078
4513 3843
5112 6776
936 3278
3116 5153
2643 5213
9110 7277
5319 1003
2130 6146
7662 6836
9249 1115
6415 7004
3504 4434
4417 3948
9571 7497
4210 3020
7734 3805
7308 5023
4605 5849
5278 3531
7270 3988
2793 2329
927 9610
7231 3686
6139 1219
145 7992
3116 5296
327 7112
406 1266
7312 9746
1250 3339
6822 7503
8739 571
5253 6571
9327 6140
1121 4461
7638 9943
7240 9717
995 7335
5444 436
9082 6322
4249 9868
8482 3726
3876 6131
7927 21
4833 452
3194 4556
6067 3459
5756 8674
1910 149
7612 5430
9975 6746
8740 5820
8630 4809
611 8000
4098 7141
9795 1463
1278 975
2435 5983
1729 9256
8068 8626
4908 633
6997 7042
9503 7075
1421 3343
380 6063
8086 3187
6140 1115
276 9868
8196 7436
7993 2930
8850 7403
7774 5103
5415 8141
9116 2118
5667 2082
7514 9168
1664 4750
3116 989
6614 9097
43 825
3248 3099
8893 600
9832 4946
7808 5878
9210 3391
3022 8680
1113 6796
1063 4654
8049 9070
3834 9443
2588 5467
234 9888
2256 2426
8147 4036
124 8879
3496 103
3584 1202
3116 1898
3654 4771
4165 1448
7341 4680
3160 3220
5952 9178
3382 1423
5200 6538
800 8559
9416 4947
2043 5127
5826 8713
2149 4144
1951 192
2094 1480
7489 6659
1178 6069
1386 7328
9971 6645
5317 6542
8441 7280
5151 9949
3781 8550
1828 6206
9060 9581
7327 7888
7887 6508
8811 63
6427 452
5798 4603
7795 334
625 2402
3616 3162
8217 289
7858 1332
9403 7942
3116 1185
135 8818
3116 1251
4198 386
8671 9577
6526 9691
3347 4263
4990 1980
1127 2083
7815 2995
1746 8708
486 5335
8550 5155
891 3711
8488 7247
5540 1807
2351 132
275 9640
9244 3666
9423 7631
4939 4299
6776 6405
2964 4973
5691 9301
6448 5782
1581 9792
1482 5367
583 6129
2879 1465
6080 327
4014 4042
3081 7661
4431 994
300 1663
6397 9035
5141 9851
9672 5002
2572 5264
6999 7008
7583 4277
49 3408
3610 7785
4533 3055
6463 4791
4663 8212
2688 7976
8951 376
6563 5460
2432 1535
1645 1552
7676 5029
9810 6681
1060 5252
6480 7121
1808 5650
6956 8809
8946 7782
7926 642
2501 7387
3109 4987
1798 1535
6167 2857
7782 3116
6685 8141
4416 4644
4631 7860
1707 104
9179 675
3596 8215
2535 8036
3116 8282
440 6991
1245 84
8454 9000
9920 2447
340 8810
6386 3493
2424 909
600 2353
4848 9954
5502 3510
9860 9327
7874 5374
9988 7564
9873 1632
4829 4258
6717 58
8666 6628
9690 4425
4385 7441
5658 100
9797 6653
3784 6667
1477 5230
7050 3454
321 1138
5009 5405
2565 2356
4780 9375
9551 425
5965 7494
7788 1091
5625 2384
5052 4112
3853 8933
8554 6781
2176 8535
6696 3196
1973 5634
6809 139
9623 5239
9009 3613
8255 7145
7894 1401
3984 9555
9987 8143
1906 7457
4287 170
6661 8702
3131 7429
6413 267
4184 9838
8012 9060
7640 9122
6991 8925
3667 2412
375 399
3116 6033
9937 3448
1443 8619
7850 6093
9405 3357
8428 5417
8896 7575
1072 118
4696 1035
7528 7943
6624 9498
9704 9208
6460 6352
6318 7639
3040 9807
5972 7862
7804 5979
6672 1089
3057 4227
1696 5234
9816 4531
4158 2702
8670 3003
3887 2471
3803 2404
7292 7392
9690 9489
6654 6094
9627 4507
4609 9543
8348 3591
8490 9510
7661 3013
1967 6604
6716 4210
1238 9408
859 5674
8273 1482
7826 9711
4542 4886
7286 7417
7146 5023
924 8047
8157 7199
9698 3828
5091 629
9481 6140
4319 7640
4017 3998
8413 9635
6840 6138
4466 8125
9496 3940
2106 2827
3116 3276
6216 3936
4414 6587
1130 24
2869 3269
2732 2469
3116 580
163 1838
184 9892
7165 1802
7549 2935
2254 6433
4768 2536
9945 7830
1983 2332
2146 2498
5352 65
637 9756
1014 4805
951 3597
2058 3469
7514 3947
7403 1464
880 571
1701 9105
6169 4459
5809 8475
2094 2419
8655 7640
7211 7128
9739 9050
6235 5526
109 5260
4591 8037
8528 4121
5145 3970
6922 6709
9441 7691
4743 2567
8369 3724
5697 5464
8850 3099
8650 6664
1859 2498
8382 236
7406 652
6568 2416
7041 2214
9063 6317
9351 2092
2590 7680
8411 9441
1302 7015
2785 24
5863 4049
245 141
8324 18
6391 1741
6501 2137
8593 5159
5364 6141
5456 2896
2809 8594
2404 4754
5606 9646
2375 4881
6053 3386
5623 7162
5644 3053
4503 9066
1314 808
6512 1433
1630 5040
766 7140
7716 6008
3193 2936
2506 1433
5621 2208
873 8962
4915 6497
4754 9439
6307 466
987 3508
8704 820
5461 6580
9632 9083
4577 2324
7562 6753
738 1808
8075 7581
1155 5249
5735 3868
715 9978
2920 1309
4332 3710
3258 6599
1104 615
9922 4840
2074 6085
8769 116
9836 9864
6350 1287
4957 7719
4223 1426
9214 3416
3317 9693
773 1015
2520 2996
4228 9693
7701 9525
6383 7910
5106 2920
3861 6340
7412 7582
691 4965
4998 7997
9444 7713
6706 7223
5116 3526
4126 3619
7159 9148
35 2644
1267 9859
4130 5238
9778 6819
797 1000
9188 1931
8110 2662
8128 6791
2211 9149
5066 9869
8813 1654
4662 6990
2507 6642
3103 170
9603 8707
6372 7406
416 3116
7229 2982
621 5123
2424 9788
6057 2810
3086 8477
3326 1145
5292 2631
7359 9692
9171 4251
6246 9082
2385 5314
6576 166
7457 7840
6164 7809
6385 7766
1877 9105
6422 1594
8510 8428
5035 1781
3400 3948
6430 3610
4694 1635
5152 1298
8035 4152
3493 5184
1788 3307
9823 8335
7478 2716
2205 3377
7008 3465
8774 7262
5758 6172
5787 7923
3116 5731
724 6046
7643 4637
2543 5034
7816 7480
1489 6339
9768 28
8180 8425
6818 5514
993 1552
4175 4160
5938 6721
8410 8759
5440 5125
5643 4741
5519 4269
964 7710
5061 5384
5461 2578
800 5479
3116 238
6587 4685
2776 1453
2032 8836
4879 9158
5798 7656
4186 1708
225 9116
4440 7558
4038 621
549 7767
784 206
7167 3149
2752 5715
7579 9303
8421 2389
5693 752
2573 1240
2428 17
3528 9970
4056 3116
5463 924
8030 353
6108 4163
8232 8933
335 4798
7008 5220
2536 8679
7612 967
592 1654
3173 5368
6806 6132
6760 3044
7957 2424
1309 1892
4314 137
8843 8345
6174 3186
9145 7854
2217 3711
4731 5491
6624 8943
3993 3823
297 7123
3116 237
5566 713
6783 5832
1779 2842
6872 7877
2028 7581
2578 2610
8227 5302
5127 8837
3788 7119
3839 9459
9959 8540
3297 8758
5949 4253
6454 5748
5919 6632
2050 7442
7580 3371
8397 9426
2007 3501
1531 2502
7121 9981
7859 5175
6099 2976
374 9195
1921 5162
2946 5618
3109 5944
8040 5125
4988 5696
3550 4088
6121 2800
5689 8421
5372 1560
4339 2003
265 9315
2112 9741
5265 9949
1493 8489
836 5512
5671 4052
1417 1181
7042 687
6985 5588
8895 9256
6543 9555
7568 2500
2280 90
9147 8378
2758 1598
3309 9914
6584 8869
3632 7514
659 6162
395 7895
7109 6421
4126 2476
1537 9063
5932 9714
1756 168
369 9546
1590 8115
3817 6192
1647 8527
9677 5413
4702 8730
8684 1315
5494 5776
955 3581
18 3190
8335 7024
3255 3691
8700 703
8889 4278
4325 1583
7953 3116
8870 37
1791 8552
5528 1465
4568 5520
3487 2086
1663 6431
8579 5009
4018 4971
9246 2731
1355 2194
1963 9840
5778 6707
8961 8404
3847 8763
7145 6773
8103 8149
6802 6378
5622 8371
5684 9256
1576 1667
598 1772
1659 9312
4175 1606
2918 4014
334 8393
3116 6677
4055 8216
7007 367
8743 7093
1558 366
6236 196
6482 7205
3583 1701
9018 5925
3698 794
34 5291
2007 4621
3289 7454
8629 5259
6539 5258
9383 8775
7105 2323
6923 3355
9361 1091
694 3175
5767 2102
6595 748
5461 9376
9053 7230
5737 1538
4507 3866
2200 9416
7837 3116
1216 214
4880 5658
2618 6319
2311 2244
3410 2561
8012 312
8136 7185
8093 8212
9971 8751
3811 1681
3691 3830
1326 9939
1327 7537
5255 4816
2091 673
7508 367
7776 868
5642 8290
5818 6273
316 1544
4573 4102
8162 4527
2537 7505
5376 6540
4573 556
3477 4089
8731 560
4521 9128
3116 8892
2674 8525
957 3557
8733 986
5906 1319
2118 6226
4373 5241
384 6775
3041 5262
1092 4497
9266 9084
7709 9090
2146 9573
6906 5118
2090 7796
9960 7738
9374 7571
8583 4302
2409 8176
1309 2569
3116 3787
9116 7060
1586 4172
7062 5675
1055 8646
5602 7979
7425 210
4302 2317
2120 1410
4516 3210
5673 5276
8035 5684
5222 3238
501 143
6949 610
463 8162
8 6762
3644 3348
2713 8152
5637 8685
6243 3799
2257 2939
2192 3525
9801 1516
8014 7337
8346 6411
1617 1277
882 3488
636 6860
8071 9154
6843 6225
6960 1613
9622 9375
2380 8082
584 2852
8148 6270
4286 4747
1001 3515
6768 1265
6783 3685
2889 5153
6531 8013
1891 7268
5158 3734
2034 9851
1755 9082
7152 7906
4513 6511
603 2923
6491 9077
8080 9903
3499 1233
3788 4454
9155 1469
4511 9802
2296 7977
2551 4173
5915 4474
4381 9452
8413 3004
1973 3632
7524 3446
9110 8922
540 3116
4221 4414
107 143
1134 3185
6312 2580
5599 3337
7644 1357
9263 1078
6036 6121
152 6606
4917 5494
9850 8531
4829 6933
8327 4519
6957 4546
7736 2077
533 4296
6590 5010
9840 4346
7642 3116
2760 7565
7340 5270
8856 7885
8202 5981
7121 7513
3335 6607
7068 3346
4379 1091
536 6253
4157 1305
290 7526
9919 4442
6721 3836
2074 3814
4303 2985
5307 9904
7258 1542
3618 7270
4930 5343
8201 9192
2063 8678
2479 8715
6960 4074
6436 4551
1304 7967
321 8547
6499 6008
1104 9910
9603 7388
1082 5682
6491 8537
785 1654
9444 1672
948 5774
4431 4161
9310 2458
6132 4778
883 8828
412 1393
8237 3830
5679 2219
1862 7317
9680 5244
2395 2318
7745 7427
7581 5077
6148 2851
3116 5738
1011 9749
7567 7220
696 7525
3794 2538
1024 4541
3289 9320
3116 8503
3624 2908
6167 4239
7669 2717
1105 3252
4256 9886
8385 6098
5481 9657
483 9831
9506 9719
8104 5932
4284 8340
1313 7222
4509 6856
6534 7716
1106 892
1383 9012
8278 2636
1637 1388
1692 7968
7943 3799
4909 4488
599 383
6454 3272
9013 1749
8041 4821
4111 7295
8186 8379
6895 6290
3990 5959
1627 3166
888 4265
7600 470
8443 3634
6153 2981
9353 7581
6061 8212
1911 222
4142 1780
9393 6721
4324 8813
4482 7655
5543 5019
8206 19
4090 2703
8953 5680
3767 1578
6037 3504
2752 8787
4449 1174
8720 1393
7881 9586
4392 3937
2086 2852
1920 8043
201 3998
6227 6887
1176 7174
1110 8366
1006 1134
4853 1424
5803 6056
6870 25
6683 6277
841 7591
7554 4184
3656 8076
4849 6559
824 1113
8607 1784
7806 9559
8286 1888
9680 593
968 2801
9502 3687
9977 1538
4811 7535
3215 2009
918 80
8922 6603
6005 8775
300 1685
4626 7500
5317 2390
3116 3491
713 2944
2722 7923
5896 6721
7890 3968
8828 3616
2362 4644
8518 917
3586 3059
4812 5991
6825 6962
4203 2023
1639 7433
1417 8134
9987 5917
2392 7140
548 3451
1989 5920
9072 8881
1297 3921
4862 4988
2853 6886
6813 6262
6585 1143
8853 51
7627 3798
6210 27
8498 6124
5041 3201
2393 1061
1851 114
1197 2554
3486 7542
9353 9279
4367 5426
665 8271
4597 7003
1071 7366
1399 3116
23 9158
6314 6764
3116 6370
9303 9450
75 4185
5099 1227
1836 288
3218 9025
8018 9298
2452 4788
9459 4973
9 39
5319 8163
7345 6808
4147 2330
2449 8648
4186 2862
1132 7553
8394 1618
4923 4964
4312 6587
6051 1451
7356 4818
1496 8875
7993 2992
6374 1363
4298 7106
6712 8592
455 8948
8380 3544
5105 5087
4373 9328
5911 5670
6933 9264
1457 6294
1227 5682
3775 6631
8399 9234
3116 3311
3035 5245
1058 2963
1646 2277
7932 6893
367 2172
2435 1357
8840 3459
7939 1913
6044 10
447 1626
9411 538
1349 5784
5384 5849
4294 2668
3859 9813
9276 7835
4256 1754
7032 5561
2141 4507
6342 7125
5394 1573
3116 2107
2683 1436
6550 329
3181 6899
4304 6422
4534 7590
5460 6628
5163 2158
6864 3966
5618 4027
9434 2888
2985 7439
6483 9961
5543 5627
7070 2686
6247 7460
327 7083
7587 6815
717 7781
2441 5443
2618 924
5791 253
9687 6683
9757 5823
1410 5903
1368 9351
1446 1895
1987 1602
5445 742
8097 5818
9312 1050
5583 9867
9768 4671
2888 6521
7671 6374
5719 538
1001 1429
1048 8794
5016 655
9510 3549
3116 3793
3460 6373
1441 3443
5608 5299
1261 9658
5160 7251
9569 7322
7512 1266
2169 6797
9677 9044
5418 4081
1391 9527
9044 4089
1106 9008
6758 4599
7487 7716
453 8255
9675 2868
9225 112
1149 386
5911 1671
1349 4217
9160 191
9036 6503
324 4000
5603 2933
2386 311
7090 8785
6295 7828
9845 6552
180 8154
3888 6463
4563 3483
5136 671
6950 9010
1845 1485
3653 5270
5975 4867
9597 5036
4954 2958
6514 2264
6219 4399
1431 5906
6550 1370
7164 1324
4053 8211
9518 2365
7050 2783
9991 5527
8294 5982
962 7520
7611 2405
1056 8985
2631 462
3094 6974
9767 1287
3747 6616
4084 1090
2545 4167
9007 3830
5157 1648
8813 4344
3761 3165
268 5136
3116 3923
4802 3980
5608 6683
6952 9021
7722 7330
9284 1225
1624 9877
3912 1411
9214 8966
9306 5461
8628 5132
2206 3505
5922 725
5580 3418
931 3536
1999 3863
9925 3183
4757 6123
6097 4433
7961 8804
3963 3036
4460 1875
8590 2006
5007 5306
9199 6426
4770 5880
9169 4496
738 137
1676 8143
251 2790
7470 2039
7067 4021
3003 4462
8314 3184
7076 1298
5177 2715
1745 8531
5093 9723
5869 9814
6764 3643
1551 9706
1042 2321
3345 5456
5112 9964
5762 8707
124 990
6534 8141
1627 6105
3116 1458
1223 4212
3339 7632
5583 3855
4559 298
1725 975
5157 3827
5181 8560
8601 4839
2227 7232
3218 2188
1089 323
6357 6719
7241 9052
3891 3969
7347 969
4268 4386
9758 6854
4069 6701
5555 6178
6729 6150
2934 4827
8353 4248
9826 6707
9818 6620
7604 8111
7955 933
3836 949
8921 8182
947 2948
3499 6460
1450 1074
403 970
6107 176
4810 4927
3928 6942
3116 9682
2354 8464
48 2108
2875 4321
2615 8904
8102 530
4897 6023
7836 4208
9014 8483
2696 1414
2706 5280
6100 9956
5321 7972
7896 3116
4137 6431
8831 4124
9595 185
470 481
3116 1162
6071 2748
3397 1860
4079 2733
9322 6459
4342 6710
9116 7456
3976 7341
1503 9565
3953 6118
442 4195
5116 4465
5740 6379
3836 4539
9684 9939
2142 5668
7814 618
5615 9242
6172 7344
3392 9116
8579 6218
7591 9627
4489 2874
8431 1231
8141 439
7174 5396
3725 5035
4179 9282
7519 9957
8578 5363
3278 7270
3628 3577
3116 1680
6300 9517
4570 3496
6825 7965
8581 8266
3476 6600
7963 9960
9128 5786
9796 6476
5226 4729
5707 7491
879 5423
4603 3018
6753 2035
5269 9383
7512 7298
5513 4256
2596 9930
6142 6223
9496 624
5888 6349
5557 6752
7904 9603
912 2151
7627 4354
2952 7308
8603 7362
2953 3116
955 7307
9489 6989
8512 1397
8269 7296
5431 1414
8839 2098
2741 1889
6282 6529
6283 8331
7985 780
2423 7193
5684 6548
3062 6926
1733 7711
3197 3433
3443 4914
9910 867
9313 7513
562 5614
3995 631
3669 7218
3930 2014
6121 7306
6140 6080
1942 2078
1457 7448
7373 7531
7980 2549
2258 8327
2482 307
3045 7189
3203 7030
8652 1830
2835 8619
4885 5551
3803 6299
5237 2047
1019 9684
819 2161
8828 6140
4946 5783
8120 817
4834 6780
9990 9399
83 3926
3294 3447
7056 5603
1708 5317
4355 8538
9251 8953
4430 5582
7301 1786
2501 9043
2554 6101
8564 6111
2442 2131
9501 5317
9344 6821
6806 9314
1467 9358
8042 3876
8204 7877
9493 714
5223 5267
1560 8991
5412 3440
6446 3684
3116 437
1444 1965
1797 3660
9984 4741
7187 4216
5092 4234
2016 5968
1230 4942
861 6055
8008 2066
7264 9025
9133 894
83 9681
2535 2341
5920 1611
9223 9221
7812 7217
3116 2379
8761 7505
3763 6371
5332 9533
9834 113
8360 763
8218 1581
4103 8694
5744 164
3088 3263
5267 1273
7291 5716
5652 7135
1334 776
6172 2621
9325 3667
4526 5565
8284 93
1884 9907
6455 8709
7285 1692
5614 9675
50 8692
1915 211
9793 5879
7037 2606
8528 5563
8365 7994
9602 2394
5754 8411
6213 7026
2954 3080
6442 5316
882 6386
5904 1227
1683 6725
7840 6337
3116 67
7083 3024
1610 2127
2756 7177
9253 5966
2904 3116
4079 3620
7086 1629
9394 3273
5846 9666
9983 6330
3139 1582
3291 831
7519 5827
1221 3116
8894 3571
8257 3709
3108 9759
484 507
1906 4294
7847 7963
5998 5183
9677 9592
1815 5128
5695 4227
4315 9020
372 1825
5643 7363
2016 6489
9992 3958
4645 1574
8302 9130
4163 6978
9566 549
4500 1703
1477 970
1275 1459
855 9490
5059 3994
4658 2229
8214 215
7565 4952
517 301
324 5472
8604 125
7153 1020
1517 5965
2790 5835
9736 6546
6952 5010
2616 7881
7872 8700
3324 8731
5607 8392
4699 9582
9965 8998
8730 3806
965 1402
7348 4264
2726 4842
8379 9001
8448 2407
8464 8768
3036 1471
6433 7270
9987 2836
8063 9169
3217 8475
2642 8173
812 1921
2684 7070
292 4691
529 9511
1643 9198
8383 2945
6215 5044
5766 6722
7640 4604
4522 287
7986 5798
3329 9366
2607 1812
5985 6014
4231 1913
8052 1428
8175 8065
4507 5495
4481 5557
2017 184
9964 5017
6938 2252
4655 391
640 1054
8176 8299
9379 8424
1712 5826
7655 9359
7787 3453
4817 7095
2522 5275
8079 174
7132 7690
8616 2505
8502 7948
7915 9312
3831 5170
2266 3157
9777 1196
2438 1427
4864 4798
1960 1487
1386 77
88 1493
4568 3101
142 6757
1934 1110
2465 3836
8107 8889
8856 4351
3790 3502
4464 5748
3634 8055
2376 4308
6944 7764
2836 8380
7015 3245
8290 3836
7290 8473
8910 6816
35 4154
1694 5334
117 9549
385 6009
1842 7605
5939 6254
9273 3264
1095 6099
1445 6935
7677 3874
6078 6647
3961 976
3941 7727
7462 9181
4975 4581
6200 5875
8223 49
9984 4962
5248 7678
6138 5404
5412 203
5113 2604
8872 6817
6993 2814
8035 7036
9715 6274
7742 621
3517 1771
4228 9703
2143 4760
8346 611
5949 8651
7714 6034
6644 4925
9657 606
6195 9449
4017 6738
4335 1541
9259 4284
882 2665
3238 8072
9258 9304
6666 7616
1589 3180
8664 2802
8448 1733
2789 5786
1599 6024
7638 7488
6833 8880
7150 7092
9337 9613
3149 899
5298 8697
4307 742
8224 1641
768 4302
6071 4576
3116 1354
6036 6022
6533 9584
7350 8087
41 4239
6078 9856
8790 2512
7447 315
9201 4769
4777 3023
759 182
2136 3527
3724 1339
9342 9738
4063 8328
7474 2531
7455 4418
9110 3251
2186 4881
9368 4492
29 2161
8059 6281
3658 5114
2723 143
7881 2718
6205 5063
3643 4563
9620 662
5542 1944
1378 5509
4998 9665
2241 4486
8132 1743
3751 1031
3736 6594
3538 7462
1605 5447
7504 8909
3683 4077
7250 3547
6929 8222
8666 3827
3589 371
458 5385
2057 101
1146 6861
9134 8258
4435 5616
5359 3408
5483 4977
2909 8278
3468 7659
7756 1645
5409 3566
2763 8634
6339 5223
4616 3754
9733 8733
6104 9269
1822 7378
6922 4029
2548 58
2692 4121
9019 1642
3580 5335
5982 3065
3023 9036
7426 415
6542 9442
924 6171
1262 8756
8203 4387
232 1140
3499 5941
3861 2629
8882 7930
8675 7406
1190 9235
9838 6064
5786 3827
3308 8141
8922 1172
922 2892
8384 7425
5536 9510
3153 1543
7255 7679
9468 1732
283 5133
240 3922
2373 8249
3633 7413
201 1822
9226 6567
1607 9077
2324 778
9561 7041
1289 6104
7888 914
6440 1689
3957 1263
1204 2403
4978 113
155 5235
1739 293
3358 6929
6243 8738
8188 643
9881 9286
1640 7128
1766 9782
6143 5768
3367 1813
8263 7881
7812 1465
6125 7126
1257 761
3588 4314
471 3313
9305 519
6153 8654
2846 5577
128 7503
173 1836
6328 9287
3116 228
2595 8965
2173 6785
1146 2332
8944 259
8652 9899
7743 9785
2479 5196
9780 1627
3264 6735
4703 8257
3832 5901
6284 8766
4983 4816
2638 2081
2295 7756
2424 4984
3176 34
7286 2343
7202 6095
2523 6302
8307 8473
6032 365
139 9549
265 8588
3804 6577
651 2609
4274 1881
5012 5504
8768 8924
9582 6770
5196 5624
7285 2583
7523 1618
4351 3203
1350 1917
3013 1771
828 3116
9082 9501
811 3089
554 648
8543 1807
910 8732
7990 2147
3182 7886
2683 2692
6948 4941
8712 3842
9541 5607
8860 8368
3585 8335
4571 5404
7357 6133
1121 2087
3325 6282
3101 3459
8245 7308
8443 7215
6818 4820
3453 8596
8126 6758
9823 7299
1198 6029
3116 7758
6974 9233
5807 4845
6722 8421
7474 2899
35 3421
9165 9079
6784 6877
8298 6278
411 3438
8408 3457
3754 7753
1113 8003
9694 2813
1781 1477
191 5102
1246 2947
5872 860
7661 7004
5550 6365
707 9409
5121 2885
8666 4121
9331 3955
847 2438
2541 7205
3586 4180
6147 305
5587 1103
2058 7588
9153 4221
1174 6494
3832 2435
5628 2528
75 9005
9132 5864
4823 6206
1880 7774
4398 8056
7374 9984
5495 6252
5313 4814
772 898
6664 4169
6020 2308
5564 8961
2262 9256
5254 1459
2178 2882
7505 4202
6296 4814
6222 3851
8972 3116
4345 273
6224 6910
7498 3413
9919 9311
2113 3116
5824 8891
3939 8613
8808 4013
3183 3662
1178 7265
6715 4890
2056 216
4472 8702
5197 158
6139 2904
1979 4690
4371 5460
8272 8633
9823 2019
460 8603
495 2340
7739 9994
7763 3389
6312 2105
4067 8185
837 4930
6033 4727
4622 9851
6431 5759
7177 8439
6449 96
2161 9060
1287 4048
630 3150
1961 4260
2885 5268
9129 1961
630 1853
5236 9639
1678 3014
2464 1346
5394 4793
5685 2382
7268 1796
865 4483
9303 890
2902 5215
9374 9413
6559 6335
1499 8819
9345 2552
4555 430
3349 4552
5802 1687
6129 3751
8720 8499
4848 9861
6551 1674
319 3116
495 83
6886 5669
5835 3826
9498 7700
6080 3510
4068 6636
6749 1488
575 7752
5065 2652
5341 9371
4841 537
653 2864
8676 1717
7501 4144
6309 8322
2527 381
5675 8439
9636 1990
3156 940
1725 3914
3735 8927
1135 9427
304 7915
1969 8005
883 7497
8028 6907
1629 3403
3657 8072
8835 1050
1817 5130
5649 6967
9873 1285
9163 4127
9820 3821
5045 7737
6083 6728
8089 571
3310 1408
8816 6701
6559 8617
335 9606
5962 993
9749 217
118 3746
2310 3601
4062 1025
9932 1425
7865 3654
9068 1672
3920 4917
6729 6745
3950 6647
4349 269
9530 3995
8851 444
5497 7834
7343 745
4758 7624
2884 3511
6439 9830
5542 938
8439 3177
7150 7195
3640 2108
6185 9351
7842 1520
2274 7578
5905 9643
4635 56
4721 9117
5907 8548
7559 9302
4126 9481
694 7168
4444 5436
2147 1545
2684 3101
4647 4384
2074 4742
8229 9534
2193 7099
1937 2027
7474 8662
2133 7445
8436 1943
6812 8365
8982 4034
9134 1882
1957 2482
6869 5640
6811 8645
8401 6544
9577 4026
3220 6918
2670 7315
80 1815
3390 8090
7811 7273
8463 8589
2104 8023
3116 3516
5293 6875
3944 2141
3084 9113
9392 6269
3595 2594
1787 9690
4530 9241
3889 9424
5724 3660
5821 9542
709 3225
4244 3525
4975 7022
1870 880
4331 5832
1242 8504
8143 2277
3116 3410
6278 9198
5468 4776
7043 3876
4006 2262
7507 1149
8498 9684
8422 3298
2491 5217
9509 7252
2450 2792
6553 3102
2985 1239
4611 3116
5847 4519
5503 6427
9536 4210
4877 4559
7248 3254
3624 7309
8532 9797
1651 6010
5944 1891
6992 4296
3601 1580
1259 4145
3716 4820
663 7686
5638 5086
4246 1111
9567 6045
9409 7152
4822 6136
3960 7910
8301 5824
33 9377
3374 1587
375 2226
1853 1037
5432 8229
233 3063
770 5344
6888 4409
808 4937
5186 5381
708 5505
1430 5806
6365 4402
2578 7650
916 1419
9980 619
8559 2206
7346 7305
6345 9407
136 3448
1057 1878
1521 8669
6248 8287
8875 9313
620 5567
8470 3779
3988 7434
5895 9360
554 6016
8552 3116
6477 9963
5803 7648
2568 961
2775 8790
8842 1965
7770 4817
1327 3417
4930 9051
4724 5829
1808 2674
7628 263
999 290
5871 9603
2626 3259
6897 4251
6004 5156
6664 4115
9514 3241
5554 8331
506 1772
7436 7683
6095 4346
5137 7473
7681 9686
4095 7555
478 7703
4594 8928
7656 9739
9254 2612
3778 572
7637 7204
9741 6187
6955 9481
6984 2334
2591 560
9811 3825
5729 8032
4750 1281
3514 8203
7225 7031
7030 3733
4702 7869
1806 4474
8980 1516
3573 1533
3937 2386
8686 4107
7934 3116
8408 9284
9643 1993
9401 7928
3193 1028
5736 5924
2252 4313
983 4903
8657 6534
9333 4045
2097 6175
8517 8869
8670 4401
9989 8157
2219 7500
1035 1936
2790 7978
1697 2275
1413 6061
7323 8484
3572 35
4425 8381
4359 6414
693 5307
4507 1135
7973 9969
4501 9279
3023 2877
1051 6209
4238 302
6741 3388
2437 4516
4327 2103
6758 7226
6373 646
8149 4032
9486 4103
5998 2689
8047 682
7238 7667
1246 5720
9627 8303
3043 4734
9679 119
7402 1705
1944 5386
9221 3790
3037 832
3955 3116
7541 9176
3470 8116
3773 5741
7788 6366
698 6477
9810 2677
5299 7460
2538 9638
2481 1497
9570 1696
5402 6939
9173 6542
8606 8815
5392 3123
752 4567
1765 7848
2156 72
2504 6621
146 7635
3744 8901
257 9113
2192 8827
7566 6571
5249 3819
2096 7373
8029 6157
2213 2835
901 9905
3032 2375
9873 5095
3630 5703
310 3188
6959 140
2769 1377
9034 4870
4010 3196
5250 5188
1488 8861
4511 3322
6104 1258
3553 1968
6246 9948
6868 5044
221 8394
6032 8100
1473 8184
319 2788
1637 7053
9662 4571
5529 3240
3025 4212
4634 6375
2042 2663
6712 5282
5877 7988
3414 2423
639 2600
4356 5438
7881 6080
9110 9763
3150 6078
8912 1838
3316 9091
414 4549
8281 2777
8230 5646
4270 8816
9869 5798
6054 4680
1852 7105
9024 4887
4503 5251
6947 1086
9221 6534
8711 4376
9192 4110
5701 1309
1551 1001
1508 845
7153 9627
7466 2643
9001 6979
853 9910
7048 5585
8333 9799
4516 5927
7371 4501
9842 105
5012 9747
7633 2972
7905 3708
4382 4832
7937 6689
9176 5762
8006 5388
5039 2423
8107 4843
6583 9560
2413 5017
4537 4043
7716 8832
6155 1634
4841 5957
4816 2574
8719 1226
817 8719
1808 3983
9249 1904
7008 8780
4263 2259
66 2323
2923 1543
8800 5079
7324 3976
105 2450
350 5288
8031 1313
8124 1584
541 8106
6869 8133
4244 6556
2679 5939
5069 9488
730 5054
2863 7632
6758 2049
7957 4508
7279 2867
3802 6327
2705 7160
7801 3377
5587 6306
7498 579
8308 1801
8968 4611
3980 4245
73 3116
1757 5982
9139 9681
199 8318
2939 8835
3237 6010
1809 3587
4891 1544
3645 5261
7338 4740
7473 1887
981 6348
1413 8422
9668 4687
8133 9984
1259 9844
2977 4703
9056 7089
7933 7165
8196 1174
1462 6279
8229 7237
560 5798
8356 1469
1899 1805
4458 1922
6255 8349
1647 7264
656 9113
4919 1415
1985 7602
9528 690
4928 5505
8748 2701
992 9991
9668 5927
6915 4197
9111 6356
6237 5583
4485 1733
2209 7389
364 4965
6910 9464
2928 8392
3878 7267
7141 4289
9223 666
2184 2928
9496 4270
1030 2637
2242 4476
6151 1451
8691 9353
5489 582
2219 7630
2348 3795
4205 1847
3452 719
1174 1907
6808 4257
8266 2920
1981 6561
9651 3161
59 8919
1376 4709
5158 2313
6409 3997
9967 8023
6310 8741
6384 5410
5905 2482
2819 9472
8737 4754
1136 7996
5578 3081
7556 8779
5852 7925
8591 6172
7460 4532
9080 248
7905 1223
8586 8009
88 7582
7590 5423
1276 1690
7707 3702
7595 5572
4185 5476
2396 9402
1144 8119
6019 8132
8921 9798
4971 7846
1504 6430
314 8358
744 8458
5059 3689
2930 8792
3756 7724
5437 7591
4989 1542
9580 2875
2700 7776
2028 2558
2225 2130
3088 1287
1967 3173
2784 1092
9186 9803
1892 6267
7188 8866
2565 6788
5461 4461
8625 3278
7612 7293
1950 5667
6323 4250
9007 3624
6512 7093
5988 1019
6566 704
7208 7964
9416 4157
809 2006
5224 278
7133 7813
8724 7057
9350 7091
7150 3229
2785 2737
2393 3892
9690 9300
8323 6912
1667 4979
6585 3500
835 7805
2146 4126
528 4644
8771 1705
360 4712
6471 5239
3441 1950
2860 2982
2241 6346
7657 5143
6852 2691
5550 9183
4700 6891
9159 3764
3008 6713
551 7121
3116 5541
1857 9632
1231 2472
8825 3116
2548 1618
1713 7173
4394 8141
6388 7401
6860 1174
4708 2816
706 29
9712 728
3856 9038
1613 5349
4121 8012
8679 2912
1240 2968
4386 2869
3945 4578
3123 442
1908 3546
5964 953
6057 7785
2139 9504
3271 1713
1246 7867
4275 1902
4064 4103
4 1120
74 9007
3805 4501
692 491
7081 8647
3966 8331
8922 4874
889 6853
7907 6768
2033 6395
6835 7202
8310 4516
4079 3362
3799 4430
7314 6575
8316 7893
4447 6711
1355 7614
7439 2755
9929 2711
4899 6081
3268 2389
8278 3456
2324 3058
1455 9355
8013 228
4784 7128
6061 6057
7133 30
7694 3901
823 2475
4078 6170
42 6729
9073 8605
9098 8226
7257 1519
5553 6683
2319 4126
1047 9656
4282 244
5798 5806
9029 5920
8274 2365
7974 5973
2628 6291
1877 7600
6140 6904
2246 8693
1008 2832
2772 7189
693 1956
9522 6432
4215 9531
6944 6207
2703 8231
6290 3282
6541 6542
3397 8220
9831 5643
1929 1350
1025 4823
6610 9139
7928 3620
3827 9715
9603 357
1572 6318
336 4505
8212 7073
1952 4337
3867 7994
1665 9267
3550 7351
