10000 9999 179060316400361822 6760 4
321 5933
5125 7039
7857 5250
3103 4674
3072 2527
2984 1163
2984 8016
3420 396
8053 270
7399 2723
8575 4569
2191 3174
5160 2364
7050 2141
7932 7420
2164 4057
8478 1251
8676 4335
2049 2167
3564 9059
3974 3751
2074 8193
6364 3652
6858 3670
8111 6488
7361 9400
5928 3438
9751 49
8602 6357
9422 502
2520 996
9335 6433
3959 6022
8948 7341
2415 1466
7817 2972
5255 4772
6100 2152
208 1204
8469 7191
9974 7051
2058 2394
8204 352
7249 2671
2322 1293
2128 4206
2611 9244
7505 637
3464 4952
722 5302
2093 5939
8460 4052
4156 2239
1675 1924
7380 9777
327 4973
812 4511
7681 9362
695 7586
4247 8360
2374 1520
8562 71
6647 5392
4575 1594
4352 6251
4558 7058
5813 9697
2121 8103
9628 3018
376 578
2461 621
5106 1742
9689 6079
9416 2815
6773 22
6531 796
5948 2284
7427 8785
3924 5194
1534 7737
3956 6148
1400 3884
2568 2492
8542 3523
5618 5284
3432 8210
3401 5903
6808 1260
4069 3403
9546 2173
9904 7316
1489 1984
9785 9373
5935 8367
7801 917
9952 1485
9309 6555
6132 1950
1382 7552
8626 4340
998 1689
6511 7825
9165 7164
5232 7071
968 6692
819 4519
6475 6325
8192 4667
3948 2919
5150 2601
8532 4893
8578 4946
5001 1930
2450 5264
4709 9792
3586 6546
2605 3713
4194 7051
2978 1358
1083 7253
9695 7577
6986 5725
5346 6013
2977 4096
7807 5704
6579 9364
6713 3459
2361 9127
7199 2466
6323 3471
7942 4622
8064 8900
5343 6053
3691 3184
2020 9397
3899 3797
2869 1669
2685 5112
3932 1712
6336 9580
9551 5444
3850 4425
6711 9893
8155 7529
9588 1271
5718 2342
8118 6679
6099 3199
7061 2194
4772 5439
4646 8687
5110 5053
4012 5917
3138 8768
9257 2367
4689 7440
9287 2530
4558 4815
3184 831
612 7420
3661 133
3577 791
1810 5746
9563 7815
5973 485
2283 929
8299 221
1712 3942
8462 6902
2704 691
5370 4679
2408 8490
3221 8663
1913 5902
3622 2069
7710 8833
9752 9497
4417 2403
84 7801
6863 3614
7661 752
8081 9905
7695 3276
8479 5944
5999 5276
859 3824
3045 6531
8111 9368
4095 1261
8160 162
3263 4998
9949 7798
1964 6670
2999 1610
8248 3499
3088 8587
6414 2770
9032 960
4049 5915
6948 7205
2033 9010
122 6199
983 4211
2769 1170
3189 5887
8133 3688
4465 8203
5848 9507
2851 1474
7693 8062
3405 4388
402 7284
2411 8204
4383 6950
9934 3518
2613 5807
4594 5283
2912 1992
299 4757
8071 817
9082 228
8120 9235
3366 9782
2200 9653
6961 6106
6294 490
8284 6560
5957 607
6822 1422
2549 8020
207 7947
7105 2834
5573 8059
1212 976
6733 6203
8922 4068
2096 7211
4264 447
7376 76
2238 8017
1476 9245
4219 5158
4975 1574
4664 9038
503 8475
2130 8322
3116 3508
4701 9983
3552 9450
943 9687
2078 2022
369 1420
3052 7597
6668 532
7608 4397
7612 9441
7625 1190
5998 3617
1595 9942
8283 5368
2013 388
6269 3517
5464 5447
3467 422
3871 3339
4173 460
9409 6935
4227 6325
1616 3153
9241 3015
4748 9073
2135 7283
6561 2827
3840 699
904 7317
4912 1780
2892 7769
3918 2592
9461 6406
4338 9021
8034 3520
5356 5367
6522 7592
514 4282
682 7102
3128 5040
8277 8645
5609 2610
5187 7843
1439 7184
9989 2727
7345 4962
681 1138
5369 7606
8141 4284
5301 2735
8470 6637
7414 7900
7858 1017
111 6486
1226 8391
7160 2197
9667 9796
8796 2541
3935 1209
9672 2723
8723 7744
4119 2966
6880 3533
8674 3955
4818 1448
4758 4272
279 5877
2956 1023
2477 5716
5130 4430
9440 855
1612 8075
3044 1497
4401 3239
1956 4534
3167 1471
6339 2379
4386 2001
6072 1793
6614 9086
7811 1014
8566 8835
5220 9407
3412 5545
5829 6269
8956 8399
1877 1232
6060 728
4166 5704
7703 2788
7682 7901
4128 8363
3943 8654
6787 27
6696 577
7683 1618
1644 5605
5521 7511
3934 8538
4003 4586
7122 8536
4023 2309
9744 1379
6961 491
5212 6101
3733 2324
2404 4553
1058 5067
7917 7893
5072 2473
419 9483
1875 3807
1888 6875
5873 1270
6362 1859
2222 5542
9852 1117
3936 4581
7801 3260
8515 4898
9973 8518
3825 8636
3720 5821
7874 9589
8707 1849
5647 4625
2834 7811
1303 5405
2796 4651
7072 4459
2030 9403
5578 8745
5051 1352
8543 5933
3561 7758
6363 9870
7446 649
2422 5230
4277 712
57 9189
5744 6959
867 5653
1685 3228
1550 1927
8558 1286
2352 3479
8289 8214
6634 6579
7481 8213
7816 6246
847 9625
6849 8612
95 4342
4742 8485
2270 4280
5539 1471
1886 938
6853 4695
5568 2442
9223 8982
20 7820
9592 9868
3805 2161
1901 407
3673 7810
5902 2453
800 1671
2858 3253
9711 3676
1648 9571
5285 7324
5077 7709
856 2996
9635 4262
6596 6493
1566 2720
4574 834
9601 2561
1154 4345
3761 9799
8236 5691
28 8404
5982 4467
2558 5865
8784 8259
689 3946
2648 6193
9661 3578
3613 5621
1452 4648
7008 6329
1940 7784
2135 146
7889 7337
5223 1175
1411 2963
4535 4630
9956 8976
1527 2798
3802 8773
6410 7174
7349 7003
5390 7010
5522 7551
689 4508
7971 3507
9649 1483
1039 8548
1719 924
9922 1194
941 6468
5466 5043
4729 3114
865 6905
577 8308
1352 2476
7266 6853
6482 8528
5231 1713
3808 71
2197 9594
1421 5833
5158 3155
1727 8984
7620 2894
953 5500
560 6366
2384 555
7676 5097
5158 1403
3853 5637
7774 4651
411 2645
8827 164
3121 6489
6187 5689
2905 4335
9577 5949
6067 8669
7658 6933
1056 1790
5801 9639
5064 550
9939 4090
3785 9193
112 1110
3417 8025
8650 1381
4424 1812
7958 7400
7881 4157
973 9508
2192 9060
4500 3983
9702 966
8611 5766
9868 6279
7347 7626
9846 5164
7610 9306
5182 8974
7711 3680
1667 1848
370 1212
3214 3457
2358 1542
2972 6419
4869 8068
3317 7814
2009 8065
1750 7017
4982 3648
9297 2512
2741 4750
9600 4444
3588 9980
4389 8918
8350 5507
4989 5970
1898 9261
6055 8701
3016 6152
4766 3427
2018 1416
1947 4044
9231 4780
3343 1134
720 7033
4 8075
69 7719
2581 6790
9623 3316
3143 6138
4769 9813
5690 8014
947 8144
5414 4172
3755 4621
1374 7442
8468 6579
5021 6878
5562 4585
1346 293
9573 653
2337 768
8287 366
9727 8800
9728 9349
4441 474
8010 8498
2305 8577
6437 1817
373 4087
9424 4557
2760 5658
6568 9354
2847 6571
6451 38
9743 198
42 7729
6560 6651
6170 7521
8459 9907
4255 6783
5231 3111
9437 6628
6621 1174
3803 2511
7025 1596
2128 4079
9222 1688
2784 8605
8811 2300
6280 8290
5510 3591
5405 5193
1638 6904
8380 9345
1749 2064
9119 6500
3088 1564
6084 763
4606 721
1218 1147
9081 4894
1640 2297
7681 9628
3249 6852
3328 5314
9389 3903
230 5009
7011 3138
9714 1184
2570 9403
2877 4711
1708 2428
7404 3901
9673 1589
1807 3690
9472 2513
9735 4941
3270 7228
1487 7190
3616 6919
268 9351
64 9635
1031 8405
5906 5318
3981 8055
6622 3224
1897 8699
2918 3964
5971 980
2020 6321
740 222
3495 9496
2943 9030
5386 5483
6099 500
7930 9614
8227 759
2286 4905
6811 5169
7231 5272
4840 3504
9741 6325
718 7265
4291 1523
1573 7004
9526 4896
3065 920
4528 1453
6247 5015
8344 3083
6377 101
2364 4961
4165 8435
7966 3547
3765 3238
3571 4151
7715 4881
5332 7037
5715 7448
6432 5187
9878 654
1390 4877
7046 444
3700 4717
7942 2554
869 966
9259 6707
7624 979
5150 1214
2292 8675
3334 2576
7704 1527
5746 7693
7159 3748
988 6995
9258 1316
2119 8403
6809 5059
6645 9479
6846 9507
6134 9835
4965 7381
5119 4254
434 4885
9764 2207
5474 5352
8278 4747
6081 741
1220 3180
4612 3333
7927 2218
1244 8796
8031 1633
9799 1160
6741 2176
3831 7119
5398 4733
8478 5225
9293 8663
3204 1431
2297 7445
4024 4130
2421 7149
1191 5645
7118 5899
3570 7092
5273 5277
7437 1625
3730 3921
1659 9053
3119 7165
1621 6678
7013 5635
6530 3891
9563 9564
2683 8855
3045 6921
562 5470
9671 8849
5532 8355
4408 1068
309 8839
6925 3813
8050 6717
1588 2477
4482 9718
9028 4613
8825 9983
1857 6006
9134 2543
3775 6602
2746 9228
7376 4986
7677 1288
9879 179
4119 137
9692 308
789 7579
1326 4464
4534 5564
9480 9211
741 462
4125 7703
8901 5072
2223 3136
9047 406
4547 6007
1146 8477
3073 8585
9109 3172
2799 3472
2054 3515
7464 8323
5240 9039
255 859
6507 9489
9707 9374
2604 3397
9968 3493
2406 7316
2400 564
9609 372
9169 7137
1330 398
2615 9656
4763 6405
4719 1162
4856 5056
4954 7172
9433 87
3793 6420
7458 5910
4924 4459
7433 2223
6075 3550
2921 8919
8906 4683
8268 7504
3717 8405
8732 872
618 9536
3024 7192
7576 6682
4793 8777
5064 8044
9918 2677
2732 5428
2800 5184
1623 7563
391 4561
3596 7328
2615 8801
2615 2699
7000 9223
9146 8493
1949 6807
4181 5698
2371 4690
6125 9669
7630 3763
3667 5796
114 5324
7972 7216
835 291
2624 5162
7063 2041
5378 9339
8518 2799
4037 4074
8171 2928
8431 9465
3643 336
7272 1739
405 1941
7518 3877
4484 8034
1309 6509
2280 398
9575 4083
3529 6219
7932 891
1325 5342
6649 9499
8309 2525
2707 6786
5008 3116
4778 580
2702 558
6416 2888
8041 977
4659 4822
3813 848
349 8371
3897 750
4288 3553
7830 1086
1650 9646
9428 4760
3986 1819
8320 9582
7126 5712
6317 702
3639 1524
2461 2857
6 1403
8232 7235
6626 7848
7144 6308
9488 3500
7287 5496
4093 1416
7079 1483
782 7724
5198 9989
2941 7058
2452 9883
6026 4478
3725 2294
591 9581
3134 4446
5230 8234
2482 5093
3460 9005
8968 8538
5697 8593
952 1809
5395 3223
1518 9703
1007 3814
6236 8994
565 778
4532 3574
2312 3598
739 4429
3729 8161
6341 8256
9128 2139
3763 84
4848 1502
8011 9301
880 5284
573 5003
7286 5441
1406 4794
8988 3959
2436 2489
5915 1373
1012 8208
8673 5314
7029 1010
7084 900
7654 9241
1687 8195
932 5715
456 2942
2345 8153
7959 1571
5563 1984
9651 6911
1985 166
6282 925
7513 9699
2120 5760
9782 2900
7559 6035
9439 1986
2915 7044
7710 7357
6672 1883
3899 20
5412 584
2084 2335
5267 9516
8007 497
9160 4726
8159 2905
630 8359
4447 7871
8301 6516
9865 4527
7695 2225
559 2000
2420 3042
5199 434
9203 6184
3731 474
2890 4795
2760 2864
5856 982
5367 10
9484 6792
2327 9169
8963 3951
3999 76
7881 8864
112 2802
9494 9534
8713 4619
933 7673
9212 2818
4682 3630
8562 2045
7092 6201
6524 7802
81 9085
4371 8962
8315 4344
1090 7521
7343 70
8263 8113
244 5348
8836 4326
9788 4902
6625 9300
8920 4592
3904 3695
4665 3710
8903 2110
8326 563
2369 7063
1206 678
5641 3800
3855 1161
2140 3055
1161 1481
8307 6537
5967 9397
6186 9100
539 4658
6202 8123
9173 815
5804 7670
8018 3063
696 2433
5728 7776
1916 8098
6903 7129
6470 9424
111 8603
4660 8170
1150 638
840 1047
2767 6882
8213 5046
7256 6150
4593 8860
2202 9490
7223 8902
5818 7128
9916 1636
7277 9861
9426 9498
5724 238
2865 5302
3950 3433
6794 3619
1172 661
671 2157
4864 147
9040 5105
9236 7159
8354 6749
4225 9554
1892 8286
2848 9375
1977 818
2037 5808
611 9116
9679 7262
7660 434
490 2670
9086 6988
1558 9410
3987 5684
8445 8748
9117 2954
6642 5070
3397 5116
883 9462
9515 9024
7248 881
4518 6915
3106 9505
6851 9944
8777 32
5335 5014
5508 3100
4075 4933
5904 8715
7794 7763
2341 5038
839 7351
1195 4325
2612 4928
1503 8866
2199 6468
5772 8646
3558 627
3445 6936
6772 9231
4893 8105
7686 6513
1558 6853
7046 4678
9317 1754
876 3182
2136 7435
2808 2904
1865 8872
458 893
8727 6618
1844 4096
2813 9352
8088 4692
8915 1326
6391 203
8781 7227
5749 3838
3906 547
4870 1392
7550 6867
2371 6170
7847 9839
2485 8332
2589 6082
6788 7310
2652 4420
2124 2360
9676 1361
9837 8530
6180 5793
8207 7234
7304 217
9783 6991
6376 1106
2659 7754
4014 7758
9593 9202
502 9163
5697 8184
6827 8579
6799 7739
4768 6421
9130 9930
5305 5289
5472 5190
1630 8800
9175 8096
3600 3329
5800 865
2739 5053
7289 8527
9553 7633
5834 5914
5669 2607
1324 8358
1868 9254
5390 375
3 7723
2291 5415
2966 8823
283 9683
2346 4247
3800 147
1251 5666
9859 7685
632 9412
21 4947
2038 5856
3399 1140
6303 4384
8739 2526
3301 9135
9903 334
554 2215
3247 8224
3078 5391
4103 6502
1087 8417
9524 7952
3576 8023
6814 1907
6027 7652
8290 5288
7221 6425
7494 2177
4152 8056
5643 9558
4747 6274
1079 56
4787 5559
7540 3878
821 8262
869 6290
3531 9751
6684 694
3293 4143
3443 5369
339 8608
4170 2756
7618 4607
5364 8635
2430 1930
1699 1457
6541 1965
7920 2460
359 5706
8377 1239
157 8318
4158 84
6250 6364
6382 6552
257 4939
4574 3536
8395 6266
3907 2537
3443 6641
3082 6710
3465 694
1038 1351
3857 543
2200 5448
4058 695
8603 8318
3861 8076
9200 8143
4640 765
9513 82
1032 9901
7350 4950
9658 5281
4317 5232
2453 1410
6599 9217
5509 7342
1778 9225
4836 6406
5438 5838
3503 2063
8413 182
2995 4772
8974 3825
5569 9297
9892 1710
6895 5401
7558 4722
7731 9369
3202 1416
2810 666
3196 4895
5058 9380
2936 6434
1249 4909
4631 3130
1425 7478
2654 2399
2583 6368
7657 8092
1813 4059
4718 9719
7967 3299
3668 1668
4230 4981
6029 3635
8763 3961
3150 8451
4111 7926
6887 1500
9843 5077
9500 1512
165 8833
7099 9856
9487 6623
3328 2047
5943 5510
6802 104
1602 4794
4472 1570
1997 1711
8186 4647
4712 6849
5175 1790
8617 4350
3924 4462
3102 6398
6674 653
3248 1929
7925 7415
8806 1289
6183 3954
5126 5063
8167 9551
3266 7935
4766 4692
6238 8101
2863 1991
192 3207
6333 6823
9024 2520
4951 1415
2498 8731
9232 6358
6539 9825
9185 3434
4521 2387
7141 6380
8069 2418
6505 3444
5966 8573
729 9176
2696 7362
7676 3061
9314 2234
4910 5588
4589 6280
1978 1365
5813 9328
5278 186
8977 3305
1675 7224
3032 8428
4709 5549
9462 5131
3939 1819
7101 7583
5897 4683
9999 4027
7531 9853
5411 6492
9264 2512
5393 3378
280 7365
1905 8141
6374 839
6956 7391
2967 5232
8907 3466
2768 9370
9512 2690
7450 6931
3569 4384
7719 9144
1231 5919
3096 9636
9372 9316
55 3721
8396 8691
5503 7962
1374 5540
4395 2736
3985 9894
7971 7425
9265 1320
4975 6146
1288 3147
2228 7274
645 3731
2023 6709
3866 9198
2796 8389
325 9794
1297 7569
6053 9096
9423 1024
984 521
696 9804
7593 3434
3846 937
4343 4549
1759 1536
3731 3192
271 5973
9754 1635
5467 1320
6155 4945
2911 7002
8761 8891
5804 1268
129 36
7428 4601
1648 2179
7084 5275
2298 4773
4937 5303
2253 6680
1475 1019
1872 1359
8528 3247
3842 1152
2762 4545
2136 3927
4135 2088
4506 6550
4122 5119
7110 2264
5174 3468
5139 2013
302 365
8832 8377
6658 3704
5334 7379
3940 5181
7738 2262
8635 5046
8226 1200
7350 9329
8065 5167
1006 3510
6971 8614
6037 4720
9738 2281
9944 5704
4149 7163
6896 6557
4813 4659
5210 9234
2467 6524
931 1051
6148 579
2402 3276
2974 8000
8892 6213
4971 604
6163 7600
6513 5119
4084 7875
7961 5300
4260 9533
8700 123
5140 6274
3105 3678
6997 361
4463 5503
680 6621
7562 4095
1606 7257
2865 1765
9065 8575
5040 89
1242 8973
8111 3404
910 7739
6502 6147
3945 5106
6913 1257
7582 6237
9260 2626
2646 7225
2740 6629
9223 1954
6809 2413
4208 1007
1129 8841
9954 9896
3658 9568
3361 9379
8175 7475
7603 9544
6108 1706
9624 3943
7108 152
6746 8655
6284 2757
908 8250
6087 5227
2565 6473
3317 3787
1266 872
6738 4347
5797 5887
2127 4621
6527 4791
7995 9216
7864 1022
7544 2611
2852 7839
401 8820
4468 4106
2288 9682
4758 3732
9226 1833
4602 6511
4802 8458
8357 9619
5499 1540
9719 5902
9761 1690
8345 5392
2300 6564
944 2966
8992 3521
5154 4390
4113 8131
8999 9394
1919 8590
6088 7372
3753 7970
2091 5863
52 2185
1292 2727
3581 1509
6493 4932
9355 973
4808 1346
5149 5434
2893 5893
8774 9123
9391 1242
4196 577
9355 5988
4122 8534
9706 2956
9398 5482
3253 9741
4262 5725
4658 9974
1016 7428
9163 832
9019 7474
4908 6169
3324 1198
9813 3686
4891 5570
2420 325
4033 6874
8446 9313
1266 3235
829 438
9 791
556 8278
3346 892
7496 4118
9191 5490
1319 8199
2469 8438
1379 2111
6775 1249
9020 6724
2913 5326
6655 2078
4181 5789
6077 4423
8532 1332
487 179
2617 2139
3226 9699
504 7813
2349 3286
6765 4231
7076 1453
1199 5620
4300 4704
5502 6687
2681 1838
6487 3086
7294 7182
7879 1485
2276 706
6655 2727
3726 9388
911 957
5179 6133
4036 5420
1756 5742
8380 2746
2192 7850
8531 9503
2165 1231
1699 2616
559 847
5122 2150
344 8195
5878 2122
6793 7898
6940 7546
8301 4298
2414 3183
5751 1087
1081 9994
2051 6405
7583 4730
1919 6013
2348 7938
9669 8594
1404 8917
7129 9969
7022 5473
6589 3581
1061 8115
9351 9608
3866 4541
9606 4318
2815 8032
6284 1272
5062 2881
7860 6183
7123 2730
2310 776
7830 3751
9042 653
7010 8066
4381 1421
1469 2313
5783 9669
3165 3138
3573 4773
4165 866
1492 7789
1383 6613
1580 3381
4611 1551
503 2458
7478 8480
5543 4172
5926 2339
4802 5708
4443 2491
1546 5499
5130 6039
488 8792
453 2457
9693 5162
1219 3484
1287 8554
5872 9820
7355 1659
8175 1213
6002 3903
1143 172
782 599
3155 1764
5260 4134
2534 5760
2616 8240
775 1403
1566 5668
9167 4076
7193 1523
4881 4651
8454 2443
2338 6690
8564 2296
4585 4944
6477 885
3080 7043
4639 4048
2486 2167
5724 5105
8055 3125
4364 281
4517 5933
2508 1853
3571 1794
3272 2226
6212 431
6678 7262
1801 4444
4941 7438
5246 4846
4686 1668
4537 8282
101 5847
1107 2295
6965 1401
690 4848
7952 1569
4130 420
9671 4339
7945 6006
6850 2340
688 7866
5791 7319
9644 5644
4156 1842
1355 2694
8038 2534
2669 9538
6750 3801
3835 2384
395 4577
9511 2198
8117 5133
5489 3279
2647 50
7243 9190
5456 6033
3494 240
5141 3770
3253 26
1108 1450
3486 600
2742 5168
5835 8351
3493 5753
692 7787
3330 7456
6365 9023
7291 1677
446 4943
7056 7953
3931 870
893 8427
9785 4544
945 3372
5247 3318
6521 5839
1223 3980
7275 2737
9448 4175
9258 2815
9828 823
2602 5001
7953 6039
2736 8781
3877 550
3141 1119
5214 9515
166 276
3456 9564
1397 3962
6164 7648
7831 5013
5120 990
9123 169
8467 1285
1935 7856
1122 2353
3215 9511
1078 9312
8851 9095
3430 3613
6756 5181
3169 8650
5793 1830
2475 5566
11 7632
6842 3314
2448 2601
1894 2536
8889 8322
1836 4370
5465 4790
3166 3040
5069 9156
5773 6453
5778 9642
1620 9454
258 5805
7965 813
6446 5791
9625 2230
2367 4288
4057 4694
5323 9097
3908 8650
832 3407
4433 5271
4267 1111
419 4375
9012 7488
3409 1307
5866 1767
5018 7755
9176 1299
3841 4046
3626 5102
8339 9902
8886 6550
5110 3229
7500 29
6291 1717
2806 2512
6755 62
6845 954
914 1467
6828 5728
6217 7465
2483 4295
5467 2783
4593 869
494 6819
3799 9627
2388 8715
1715 551
555 6490
4252 2702
381 1752
2958 6520
88 182
6714 1639
5831 4990
4826 559
3871 9276
6056 5388
3993 7790
6608 1543
3098 8722
2443 7525
2046 6161
6130 9888
2316 7777
8781 9542
7974 9141
5435 785
2634 9145
2569 8615
5958 414
1791 5854
9578 4059
5362 278
8800 5517
9687 225
9143 5730
5087 2437
3312 9150
7157 3154
9779 3000
4569 7091
6511 8369
6450 5207
3903 5608
4817 921
1837 3144
1357 3064
3704 5431
7872 1412
59 9513
6754 3854
1157 97
328 3590
9189 9028
3603 8003
3914 2274
8972 4341
4003 450
6858 2778
6815 7222
4674 5153
2232 9748
5332 8007
4271 7742
5672 7623
5801 6310
8896 1478
6770 4971
9786 4933
6805 1473
339 121
2043 4619
7538 459
1959 4111
1927 3769
4981 5176
2100 2191
6599 4153
5884 1195
8187 4796
486 53
3491 8279
7685 3209
1324 256
553 3871
8008 1857
9162 6274
7227 1785
824 1662
7378 5151
1273 9752
4540 204
2333 3041
5963 8116
3845 1626
1252 8692
6017 1741
8633 4730
3628 7371
2855 3049
6346 7383
1703 2347
3055 7238
8971 899
9876 6793
7387 2574
923 558
2331 1577
3098 3333
6271 4116
7175 4299
2794 871
2547 6585
1881 9464
4029 8968
5796 9130
2637 5927
6108 1628
1780 449
6065 1157
9070 3759
16 2025
624 3005
3316 4040
2992 5638
4614 6208
1456 8995
7518 2419
2947 7677
1900 7911
8258 6891
3964 3863
3457 6212
6328 462
7832 6571
6644 4071
3779 4868
1764 5941
7678 3886
1065 6434
1215 3886
8674 9818
1561 3289
6016 5800
5477 245
6179 3847
18 3179
8142 9492
7454 8979
3792 3014
2145 7179
4964 289
1969 3375
5790 4733
5631 1404
2761 3793
6390 2781
1626 6313
2577 9691
7932 9668
8563 3767
6835 7377
3529 186
4447 5743
2629 4307
7772 4617
4580 9008
4165 7496
5851 6718
2227 8013
4437 7963
9379 1089
2334 810
440 7773
7295 3994
1196 8260
4131 5880
7193 770
4654 7950
4050 6893
5588 8254
7631 833
6389 5107
1791 361
9549 9111
7891 5497
1630 8492
1064 1531
8822 624
1821 2964
9450 9363
7439 933
3621 5885
9200 9966
3231 112
9473 5062
305 3895
2117 5002
8265 4044
3010 623
3121 153
2757 882
3850 2630
7543 3107
2143 744
7624 1674
6870 4874
1479 23
5208 2699
7838 7298
7222 2949
4847 4456
5400 3644
6031 4170
7860 7865
5945 784
6892 3366
8183 8164
5045 2357
2779 8738
3324 5471
4758 659
1948 2171
332 5623
1308 5883
4853 6191
7809 7203
2387 4812
8342 5659
6994 6187
9770 9374
387 8912
1693 9808
8617 4101
8197 634
3966 3873
3197 5830
8201 7423
7850 8975
2153 4860
3709 3960
3093 9233
8292 3834
6669 7501
5350 2881
8354 774
7165 3233
3904 8643
6417 3974
788 863
9811 3642
4374 2531
2432 9173
2853 6648
3916 1891
2929 647
2233 1975
5616 6167
5139 2749
9918 8006
2987 2800
536 4419
3942 1632
2583 3251
9862 9247
7189 6407
3392 3971
7289 1270
4312 2184
8895 9405
7244 537
568 9018
7654 8647
7178 8015
7738 7663
6896 7770
5202 7161
8830 7884
1494 7552
517 515
5994 5910
6635 7991
903 9180
3075 8860
9935 555
1153 6835
3330 306
9598 5460
1592 4048
9103 4805
7026 9272
6570 6491
3909 4735
6517 8823
9448 2393
7914 1430
4945 6882
6448 5141
7148 8949
1937 934
3527 2515
7441 632
1430 3234
650 1178
2957 80
7921 9928
9432 6470
1564 6658
6547 2010
9478 592
5955 8842
7398 7791
5044 4081
18 4010
2551 5610
1856 8482
1583 4624
3342 6189
9508 5923
1341 4934
2160 9572
9857 1636
4852 260
251 4683
4916 8120
1290 1550
300 525
919 9773
544 5913
2979 6198
7629 4461
4877 9920
349 368
1232 1983
5497 2376
447 8364
6533 8703
2474 7859
6423 6134
2332 6125
5101 2829
2883 2587
4584 2172
2237 6732
573 1056
9033 2626
8021 301
191 5748
9093 9456
9949 7106
6800 4641
2867 4020
376 4247
5757 6685
5123 4133
1753 3801
6594 8394
1570 6122
9941 5422
2830 7495
8806 4659
2765 1238
5834 9562
7880 6960
5361 2117
8799 1029
313 8927
764 4127
6759 1246
2486 3651
7162 5169
5542 8524
7819 3837
8363 824
7185 6239
3864 2072
6690 1165
3554 9749
4580 8561
7307 2555
3505 3743
2964 6915
2150 4752
6478 1642
7509 7630
9471 7633
1284 9687
4706 3736
4483 4761
2641 2255
7148 8951
4238 397
3308 3370
5253 1947
8242 3016
9242 1069
4054 9252
7086 8427
8074 1895
2152 6686
5031 3252
3009 8878
7971 5073
9122 7087
1736 8392
7519 9068
1516 5149
9658 9710
5497 7550
4755 9545
1061 4217
3889 7791
6551 4698
2650 7637
4746 4060
1228 2590
31 6432
291 108
9883 4779
9586 5205
9626 1644
3181 5292
3568 3290
3646 1096
9294 907
8336 557
1483 8783
2840 3648
793 4856
5306 4787
3327 1584
7667 3055
428 2826
9857 8893
8954 5164
4776 8179
5353 2996
6459 2972
2479 561
5327 9825
5384 1612
1387 1374
2934 4637
6487 4774
7920 6393
8645 6697
2039 6408
4418 6693
9696 9381
8720 9299
4492 3884
4998 3307
1337 275
4056 159
128 98
5176 2366
9924 2315
6704 1927
3426 5193
1730 6279
1396 4652
3052 9996
460 1098
2330 248
8779 9965
9190 6015
3326 1408
868 1995
2042 3761
3418 1055
3422 1876
1521 4765
9208 418
7486 7769
8263 4597
4862 7442
6886 131
3763 6548
7759 3963
4363 88
2840 6989
1747 6744
9401 1713
171 8774
6623 6639
5037 7569
6023 292
9104 4676
1097 9721
7203 2484
5888 1888
4699 737
8554 3506
2644 8226
6392 2989
7703 7466
7909 6718
2144 5000
6987 8654
9340 4317
5383 1056
718 4085
8757 4149
472 4713
8139 1233
8031 7485
7421 2720
6572 3379
2495 4769
2624 4185
697 5293
4345 8780
6532 7015
1054 839
734 6199
286 6553
2558 5049
8237 6993
399 1337
9866 8658
1343 8053
8808 5601
9527 4374
5274 942
3611 7850
509 8156
7924 4409
3723 429
6576 601
5021 808
2306 2351
2344 5830
8310 6316
6297 2398
6924 3727
8451 5923
5861 3606
5354 2885
8727 8481
9025 7463
7035 4627
7662 2243
79 2059
4675 450
1013 7327
2920 3452
4459 1595
8291 2540
412 7638
7683 8593
2536 2057
4662 6034
2759 2623
1351 2399
7384 900
5780 6354
3552 1864
4065 3605
4148 5944
5228 4570
5414 4028
8466 4090
1729 4727
8628 7375
1208 9867
3071 1126
1575 9913
3947 3923
4426 3829
5146 4103
5253 8162
3599 8741
1617 9435
8056 7969
7360 2634
2952 8383
9359 8
9222 6004
6713 2841
7520 7107
8046 2169
1300 3973
1734 274
217 2505
5339 2723
316 7230
8307 7958
800 7245
9618 6161
6771 3942
5943 5869
1761 4066
8890 5647
3979 2402
4031 2347
1557 5898
1181 8685
1393 369
8407 5028
9873 7993
7647 8706
61 5580
3785 6196
6716 4431
5270 9488
187 7688
5543 2776
7345 7470
9649 8677
296 8801
9611 6572
3304 7847
8078 486
7878 5589
7218 5320
1141 6703
5332 6079
1949 7795
5520 4898
8524 2076
4476 4075
1428 4026
5166 9456
1607 7405
2956 3162
267 2819
2724 1418
7662 2148
814 8113
5965 6504
4686 4014
8611 1705
693 1443
2797 5318
3318 716
8670 2481
8640 5730
8015 9854
1091 102
3827 8285
441 1773
2753 5172
8506 7522
185 587
1950 1635
7700 8325
683 7093
2696 2646
1567 5491
6976 6168
4852 3524
7951 4570
5573 9758
6219 218
6207 6359
8545 8336
7662 299
8437 887
7258 933
2753 4969
2156 8982
8362 5604
204 6248
7908 5236
5270 7440
8060 8039
307 4052
242 5844
6395 9747
5734 384
1183 3995
6226 2716
9677 1303
1472 223
7430 3129
9477 5631
9141 3907
841 874
6469 5049
8397 8403
1428 1116
5911 8862
4188 5488
5648 4002
2929 6400
3402 8389
4465 1987
4832 5649
8935 8014
9149 8255
310 1461
8125 562
178 6203
3966 5474
682 981
3910 9263
8992 3420
8343 4694
8658 4837
1902 2726
5029 2609
3352 3264
5037 2250
6235 3553
203 5390
660 8212
4334 3310
3066 7467
3516 849
8598 2
4972 7916
1653 5802
8566 827
1619 7063
6940 986
6243 1190
1577 8383
2955 3631
7964 3967
9613 9528
1657 3922
5519 9106
2497 879
4084 2918
4293 7818
2724 4616
4781 794
3050 7602
5462 3754
2669 2653
4744 9729
7941 287
8470 2024
7470 6916
5510 6361
4642 1878
7812 8124
4522 1892
9147 2743
6793 7391
8880 2948
9960 7946
5527 7450
718 4829
5024 7566
5591 9242
8432 5682
82 7894
9526 9565
9932 4946
5605 5279
2712 2085
7439 3300
1680 7767
8411 7096
3887 7468
1610 7374
1113 5547
0 2625
8756 1122
8486 363
8632 5209
4813 4901
3419 9709
9712 8036
9911 3725
9003 8065
6202 1534
2433 6727
4113 1579
1344 5718
934 5553
9478 7015
5308 557
9325 3534
7562 6930
2532 927
7158 68
5238 7326
6676 2277
5160 1036
6871 7111
7324 4617
487 2758
7113 8493
8522 1967
1239 7348
9797 6479
970 298
1803 8423
4920 8902
7980 5055
8588 2531
7452 7497
1079 1658
1728 2968
142 4691
441 9828
6817 5356
9451 3667
5732 3883
8594 4195
9770 4622
3498 6943
1648 1992
9705 4014
5523 6583
8840 8717
7125 1000
3509 2666
6078 3628
183 1204
7811 4944
4233 8471
3498 9875
1544 2569
1276 12
9095 9444
9634 9203
3768 8253
5769 447
5216 5845
5761 3252
3821 2628
7812 9199
4492 8013
4910 3579
9615 4133
9342 7191
7950 8150
331 4826
8096 9718
2588 9623
2665 2035
7192 9820
479 9121
472 2892
2514 5485
5818 4454
805 8108
7131 8663
3419 4477
9855 1643
6009 6873
7697 3928
5657 1068
8820 5924
6299 8280
6794 3490
5556 664
5943 2326
6287 9497
1007 6790
3676 361
8552 7693
4935 8187
3881 9648
3730 2711
7543 7535
8400 8870
1363 7738
8558 6266
1125 8448
2154 4054
321 8085
4501 4367
8736 5650
5061 7072
5448 97
1383 6079
167 6626
1061 210
2290 6415
4702 3970
8706 4206
1508 6466
7235 240
8368 4748
8807 3941
5395 2349
7869 7293
294 7384
2657 3949
8840 1955
5036 4746
4266 5665
3200 4931
7613 3074
1411 8974
1723 9825
9869 5574
7743 3908
8272 7038
2073 8945
4883 8349
4073 957
1777 1518
6946 6831
8812 2892
4067 4578
5595 3328
1786 6242
1135 512
5358 4806
5386 4859
2764 5739
1656 1875
4321 3863
9732 1179
9284 8458
609 3280
8387 4687
1284 3442
259 3993
9227 4112
6090 2105
3406 3955
9812 6790
7147 7429
5263 3850
2585 1894
5553 3608
1561 6544
9457 6588
2980 1364
4135 6649
6877 1490
3855 6732
5996 7147
8362 7139
5886 2006
2157 8361
1701 3004
8937 407
9607 369
8379 3451
8024 4695
4827 3992
2011 1920
490 885
389 803
7325 5094
6289 3580
4258 7378
6757 9647
6498 9986
7385 158
6445 7136
8304 8058
1912 6167
6415 4342
3275 6691
8180 6412
5051 9950
1277 9336
9261 6991
2870 2071
9002 1285
941 8297
4548 3015
1861 1219
3947 1216
5556 5586
3210 7205
7990 1596
8931 7610
8763 860
1089 6160
8723 9126
5407 1571
1844 5594
3346 6941
2416 4867
6329 5024
9378 9923
156 8857
6170 9447
3606 3479
5627 5655
526 1789
4440 2662
6691 1226
9720 2888
796 2909
3971 9255
9106 3985
9360 1827
1494 6296
30 1054
3087 2527
3584 3770
5321 3420
364 6959
3056 6422
7273 3816
4326 2541
9390 6286
2066 7921
7855 1222
1005 2339
7171 6299
289 6262
9926 5573
8252 8590
2680 5936
1602 5081
9943 2631
6516 598
9785 219
9848 3773
9698 5552
2194 7842
1015 6841
6837 4485
4824 5341
1891 5063
290 814
7308 4599
2556 5240
9292 29
5099 8676
2094 5093
4296 639
2144 3957
2544 9873
9246 4803
3492 773
5078 3766
7721 1163
1603 1917
5595 4644
3217 6961
1253 5842
1940 8755
1575 5400
4934 5857
8938 752
7908 7354
7868 9064
9558 8790
8985 7794
2664 3175
8007 5040
3980 5782
1159 6462
3259 5924
9291 3398
3117 3367
4255 3807
4529 4898
7600 2938
7385 356
5842 9861
5435 5534
2598 9462
4177 7951
6889 7661
2973 5735
8544 2097
2705 916
4684 4077
6491 6672
7332 3114
4167 557
7033 232
5959 961
6944 973
3651 8871
1792 7201
1681 8710
4050 7050
8061 7041
4781 6150
9657 5215
1224 6056
9684 868
7731 4897
5134 7720
9346 2955
8388 1180
1215 9802
1281 9136
8789 8176
8612 6625
8822 1989
289 7351
9553 3698
1578 4261
9766 4891
9275 8307
7005 5012
5908 5989
6915 4246
5181 1611
3523 205
664 725
4707 8777
1073 9596
2023 8549
3304 3122
3083 4530
4936 9915
3288 2504
610 6926
1166 8640
6700 9628
1284 7222
7321 3901
2239 9105
7973 6248
8347 7626
7214 4136
4486 6213
2913 8627
8050 8555
424 9792
1262 3158
3274 6891
7454 200
5984 2878
3011 5372
2116 7690
1077 368
3930 7020
7070 614
8533 8638
2511 8150
6874 3597
5022 1350
4840 7016
2034 710
7068 222
6652 601
7210 2432
3272 5668
1442 3711
2800 3243
1404 5245
7913 3488
5120 9115
8020 2421
5827 129
7517 8960
1525 8489
6233 6139
8283 2954
569 4826
6816 6061
5798 1225
8308 3168
7411 3665
9455 8385
3730 8765
5050 5501
8890 9287
1077 586
4684 254
8215 6040
1545 3071
7745 1794
4450 8921
8747 60
8597 4828
8049 5500
5166 1736
8852 5550
1909 2375
7915 6368
9618 5607
943 5136
4139 1633
9041 1063
1738 5622
9357 2478
4201 7108
3517 3772
2088 2548
2674 8154
4609 9326
7545 7232
8782 8274
8258 3560
5932 4273
1464 8219
1660 4313
2433 896
3603 7167
9824 4140
1780 7935
9817 6786
5914 1918
9634 2885
163 5093
7622 4403
1096 3149
3789 8719
8712 8488
8462 7325
2099 952
2757 964
7633 4280
7163 7042
9296 9127
5758 7871
2014 1687
5714 8598
3987 3935
678 5719
5895 3762
9803 19
3633 2377
7595 6143
2499 9935
5525 2057
6254 1178
9506 7386
995 1470
4223 6592
5206 8178
7221 7312
7767 1577
4908 1936
2787 7680
4715 51
6653 1640
3848 5163
7763 6922
5905 3508
9981 804
2868 4380
2576 5416
5544 2222
2651 706
1639 5359
8667 7072
2552 8910
2004 3786
3032 1479
6823 7764
700 5818
8854 4285
9360 2914
573 456
7360 8702
1883 4199
3144 8845
4964 5429
8953 5273
1185 1436
7208 8431
2572 2774
8940 5130
2576 3241
4445 2354
9018 5347
1503 7337
2086 5472
8097 3381
2692 1321
8043 7534
6174 5229
5599 3748
8355 4638
8005 5592
6964 1607
952 100
6533 3264
4894 3713
1122 6370
3300 7180
1619 4200
7960 7726
7083 2118
9807 1121
9443 3029
6041 3948
5176 6460
8930 1898
194 9650
9229 3939
9013 4026
6129 5316
572 1883
2151 5142
2718 4319
3602 2396
9519 388
5940 4670
3349 3583
6699 1151
7741 5043
3513 4957
2317 579
9041 8535
7536 9221
2529 2791
7089 4922
5479 3237
4920 5196
5445 3630
6675 1468
2096 6037
3656 3176
3907 4398
8242 2061
6034 143
6751 4116
4024 2114
7212 6858
2540 7378
3537 2664
2003 3672
1711 4507
3026 5657
4227 8502
3227 4687
7996 61
354 4638
5899 7295
5454 5321
438 3685
7828 437
2351 9885
4000 3512
1004 2896
6291 767
4952 150
9868 8434
1018 8588
2244 6816
6724 5684
7030 6736
4743 2051
9016 963
20 8639
2617 3638
428 9270
9613 9381
7232 5435
5007 5200
1510 5304
1755 2082
7 6438
3890 3611
630 7902
9032 3826
6440 207
8597 2835
9244 6221
5020 2028
7887 9361
5323 6661
7814 8277
8315 7737
1866 1965
9685 9727
6408 1654
5633 8433
9481 1777
7962 8688
1892 4785
181 4217
2224 8092
7844 4
368 1676
2061 510
7057 5513
6281 2457
3794 7837
7562 8424
2160 719
4018 135
1600 352
3228 6452
7240 4073
390 6549
5245 1442
3318 5065
8844 2848
7203 7059
8147 48
4674 2870
4031 460
4214 3749
1369 6580
5586 6258
4777 2260
1435 3282
8476 1936
4088 1500
6256 2903
7944 5986
2265 3792
940 7375
4295 9017
2497 5114
6441 6458
5960 6789
9170 8750
3269 3260
3112 633
9474 5716
9397 9886
5102 4132
6108 3195
5484 7066
4841 1087
7616 2999
5864 9684
3481 6888
2518 6138
4495 5812
3878 3481
2554 7664
2904 4910
9125 80
1849 7230
9964 4770
2369 488
1616 7314
2020 8708
9056 4951
9185 4235
887 2251
506 2091
2319 2174
1819 2171
7612 2729
9769 1250
4872 7910
7711 9647
6002 5837
8385 7901
2916 826
7592 297
7696 5614
9522 7207
2509 2327
3646 7028
5498 221
9333 2358
3946 5025
44 7190
6862 2962
3827 5633
6861 4379
2166 8725
6011 9629
5715 4742
2022 2196
3170 2048
258 7290
9846 6611
8197 9505
2374 8952
7684 731
5549 5980
7078 1156
3860 4850
594 5801
8313 6273
1956 1709
2746 8939
9694 730
3757 7603
8183 2953
5211 6887
5190 9052
8166 6955
6753 2224
4338 8038
9740 5806
9765 7826
7175 8343
1446 583
5892 6010
660 1226
2257 998
3162 5776
4807 2675
2643 6700
5620 6689
1901 6650
8850 6519
4385 5259
5360 4226
664 4451
9381 5501
6345 674
7619 3797
6975 1258
1074 7754
9983 2705
566 4663
7964 4154
443 854
4872 4815
3376 5869
6843 4650
6350 7411
5466 3707
6312 9405
7030 2145
9723 1265
3629 6349
9112 282
5518 661
4468 3734
9254 4495
528 4390
6826 9540
3593 4951
3735 6909
5928 1150
6821 9975
9922 6707
5478 1529
3229 4467
7552 8169
9952 7410
6393 7702
8289 6008
7465 4244
8843 6704
1725 6379
7382 3192
1081 1133
1373 9038
2340 9335
72 357
3857 5057
6413 8967
6864 2598
7620 2266
9776 9069
8518 9327
5044 2868
2487 5871
6305 3212
1 7070
2032 6562
8064 5689
8096 4723
7413 5282
7542 2899
3078 8531
9415 7115
7150 7281
2231 547
6953 1482
7023 5923
9648 3073
7082 972
4602 1976
2239 7055
8177 2541
8955 6729
3241 1795
5347 6829
8656 3179
2960 2380
6220 7987
9383 4085
9449 5710
1223 9475
1951 4567
1702 3856
3977 9421
9442 7803
4466 958
4213 1248
319 3684
4989 9551
9454 7004
2833 7626
4425 7823
2235 2130
5560 3565
3812 464
104 5623
5518 4765
7532 834
8379 9941
1119 8271
9484 4174
6666 4724
4289 1312
4645 2109
3200 5440
14 3251
7559 6462
4176 8232
6738 9765
9485 6309
4479 5722
6737 1851
6059 2303
173 5828
9561 1103
3201 2493
6612 6216
85 7706
8664 7873
4204 9947
7276 5184
5076 2951
6565 1162
740 3664
2633 2823
1534 1059
4650 7549
4064 4072
4443 8959
3422 2998
8749 4551
2805 1435
6139 379
6156 1960
4913 4498
9680 8097
3583 2401
4461 846
3554 7968
6515 995
5301 1576
1735 1436
8850 7204
8787 5128
7683 8030
4993 1071
532 4947
1484 9161
4126 8722
1257 8751
6556 8898
1146 6365
5788 3733
1987 1275
3848 8056
8287 6044
1069 2850
2300 1955
8077 8422
1766 7729
863 4626
7851 8656
691 2845
7089 7156
5946 6958
7946 2212
4220 5295
570 4630
1739 2409
9268 8678
5461 8485
7353 1811
734 8465
3764 7768
9736 9643
7010 5203
2350 6582
8550 7556
4661 4593
8463 9639
7857 6427
613 4865
3611 8453
5844 7006
5259 9170
2659 2415
5963 8303
351 1150
7757 8412
6578 3519
3345 2523
5317 526
1543 6127
3148 7550
3912 7405
3952 3098
5548 4153
4999 4271
3308 7754
905 26
5089 6568
5342 4766
2949 9794
6525 4952
7105 7989
8029 5897
984 6645
4241 9129
8202 7531
1754 4970
3033 955
6730 1107
8375 9052
3847 120
1641 9692
3547 5303
7343 2698
4245 9906
4056 6707
6354 9220
2875 972
5092 1624
151 3412
9607 4405
4214 8398
9817 9495
1262 9933
4529 6407
7411 4342
5542 9567
9039 6784
4919 9163
9229 1764
1383 8702
9677 3212
5733 9764
8199 3519
5697 735
3923 5985
4226 2148
7201 2473
811 4212
3944 5747
643 7687
9100 6193
7111 1322
3639 251
3446 6862
901 414
5676 1354
2006 9230
2506 2221
6210 4918
3403 2813
9999 7316
6061 4810
6818 7701
5900 9395
1698 8606
7309 6317
3637 7681
8012 2133
404 3618
3823 7105
9951 9126
4469 3953
7083 7153
7051 816
2813 7109
8146 2717
7896 7847
5731 4736
141 150
2342 128
9448 9759
5521 7680
7127 6724
9298 2687
5108 7271
7506 825
1194 6161
8794 8552
9632 499
2665 4050
6149 9437
7749 1713
6163 5918
3000 316
2528 6252
8570 529
7296 1690
9681 6798
8715 2163
2412 7264
8584 2459
2112 6192
1771 2178
4288 545
3379 741
345 8772
687 630
7365 4099
5643 6234
4053 9060
5349 5732
4858 2546
8862 8614
6257 2233
6437 1882
8228 6698
4019 2072
9409 3882
6716 7048
3490 3355
1804 379
6818 4027
3277 774
7779 3689
249 4296
6744 8398
6918 4867
3733 2735
436 2668
8644 6767
7531 5117
6687 1268
8261 875
8675 384
8092 4287
7514 6526
2318 2716
6395 1304
1006 9563
7560 849
8766 5929
2139 3204
2079 8051
2989 3954
4441 127
101 6595
8396 9231
9137 3108
6275 4359
6327 9686
8031 8259
6191 5197
7234 3988
7568 1306
694 1754
7491 6068
1926 2465
7638 1306
576 4768
8321 5858
3185 393
1885 7445
8725 2276
4108 3174
7164 2329
3979 4189
4374 6372
7186 7712
356 5862
9966 6157
6288 6360
9869 8221
2131 3904
9483 7877
2777 1184
1300 9400
1500 6835
9314 8328
5676 1665
9833 1441
2090 7471
4389 2092
9147 7880
8589 7048
5447 9853
2718 4487
1222 7838
7831 3281
6859 2957
3378 9373
4834 9191
9432 6396
8473 6695
6244 2051
1594 2314
6365 6603
1417 1903
117 3755
9321 705
9836 1520
787 9773
7328 7121
3320 9273
7152 9467
3483 924
3556 2748
211 575
6538 7120
4542 6289
1131 6369
7476 3335
5566 78
8407 9518
7830 3117
8008 7128
7804 4346
3858 2937
6337 619
3332 8913
1091 9247
8314 8991
5746 4795
9829 5595
9061 3808
4272 7884
4549 9460
8255 3577
4864 5514
7069 5536
7584 4529
2564 1273
3845 7011
2562 500
5740 2221
6563 1682
2552 1324
5068 1357
2077 8537
9969 1140
5183 4891
4587 1662
8443 1263
8579 621
8583 4978
8200 1801
924 8640
1300 356
7736 3520
9886 1507
8166 7601
4347 786
886 2651
6577 8002
2958 304
671 6869
3080 9842
3047 5635
8318 506
711 8315
3372 3148
1699 8006
9341 738
4154 4412
2329 6373
9198 5105
4244 1813
5504 9293
6517 4942
4032 4830
8496 1268
8789 1881
4967 9117
4355 430
4900 7625
2022 3989
7119 6854
5170 1654
5581 5036
2009 8869
9126 8347
6355 7457
6465 8797
1627 6967
6796 8728
9671 264
104 9620
284 8309
8839 5252
3554 4329
4797 7373
1657 3758
7371 3727
3895 3613
3559 6074
7247 3357
8374 4680
433 3034
5616 9988
5762 6122
7215 1011
3951 1189
3199 6650
2763 7020
1749 4225
4415 6176
2510 7052
9928 6805
4704 7043
5413 9423
2592 7293
9087 5727
7465 8977
1013 9197
2245 6687
4904 9159
9559 4350
9222 8011
759 9857
6651 345
9948 9586
2493 7558
9612 1795
6245 1671
4152 93
9874 986
8102 3432
7354 4867
9708 590
886 9168
5824 274
1522 641
9994 6810
9610 2418
8081 4715
2902 2173
3150 9088
8262 7275
3408 3043
7639 487
1147 5044
4497 6004
7787 3344
3786 5063
8824 7243
8431 6144
8247 871
5000 1424
7987 1120
8523 663
8488 9355
764 7840
6664 2100
2939 5421
6012 56
7779 6698
7412 3326
1250 1720
3528 4364
6975 6993
6795 441
3149 6571
2366 2162
7389 1809
6633 4402
3059 8210
2797 45
7107 5469
2059 4764
360 8246
8630 8445
3128 4333
4903 5458
2898 9815
847 549
543 8264
2726 5675
1708 5468
5646 6134
2298 8373
3690 2682
7021 5836
6277 3632
4032 8261
2151 7145
217 1390
583 8719
5374 5329
8804 1722
9899 5138
1382 6948
9494 827
9219 306
9203 9759
8964 8157
326 4516
5295 3054
6660 7086
5372 3089
3236 3058
5643 2403
5241 2098
4007 8541
8766 1788
5129 2447
5603 2385
1253 2988
2616 6299
9815 3897
6130 3524
2278 1628
8535 6373
1078 8352
4909 3704
5052 1168
3135 391
5993 3954
4945 930
6064 2666
1051 6807
5494 6620
6479 9084
4064 4913
9819 5547
7175 4087
178 1994
6866 853
9751 1307
6433 5528
8484 3247
5366 2230
435 239
2119 4275
5161 4719
2479 4377
2526 4507
2198 6600
9763 1420
3677 3935
599 7956
6907 3153
153 6569
9927 6060
8595 4790
1484 5585
5094 5890
8368 205
2550 139
6855 4141
211 4576
4506 6597
1788 519
5586 5763
9270 4250
4492 5017
6704 4804
5720 1452
4460 333
6438 7945
1309 2657
67 2456
4070 7988
9012 3335
5860 3989
8641 4912
6648 8390
5527 4949
1760 5705
8192 9595
1514 4410
616 8907
2212 4365
254 2900
2824 684
1490 595
5784 3778
6526 6195
8581 4447
3601 3254
5664 4872
3132 2490
7576 9287
572 857
3196 6654
1882 7477
806 4495
5781 8986
288 7196
2068 2085
667 2848
1130 2327
625 8211
8390 7642
3383 6871
4413 7095
711 2518
9068 2011
9180 1909
7747 5686
6800 6634
5969 9678
184 359
4007 4937
560 5227
2640 1722
2737 1655
8380 6680
2595 8514
8436 4339
4490 4475
4705 6261
9344 7123
3679 4667
9349 5695
6628 7908
1477 2994
416 1959
9574 9429
5817 4411
1617 7933
17 8859
8400 5095
8682 9335
8530 1519
899 8215
7439 8281
6676 2357
2785 4801
2405 3483
4784 7842
9948 4190
9170 4744
9560 6377
8145 1798
1468 5978
1770 1560
1204 7426
7931 5524
3322 2711
3822 3832
3773 9377
7367 1040
5468 3650
4349 552
1529 2762
3552 7036
8977 789
8340 2650
7708 6252
4484 3630
6242 8921
919 948
5529 58
9701 4569
11 3381
5398 9052
1915 3229
2812 5926
1563 9957
6758 8156
2863 1988
7635 9973
1692 946
5365 768
4932 8366
471 956
3780 9485
8909 6063
2377 7709
3107 4588
6316 3412
9827 7128
6101 2932
9125 7052
1456 7129
7533 9433
8649 4157
6768 9140
605 1960
2214 976
3360 3796
1600 4092
2241 3940
8734 4465
8381 7881
955 7697
2341 5763
3230 2021
8858 7972
9716 1801
4990 9678
7905 5955
9064 6597
5287 3673
7115 4733
3812 6322
9771 1209
6614 193
2954 8306
6142 7536
9173 9098
1885 1240
5218 1619
2997 4800
7409 8758
9712 8137
2908 1548
5793 6249
7530 3517
7115 8472
384 9848
324 4175
4943 9665
8149 4325
701 7878
5139 1670
8082 6005
3091 3249
5315 9962
1638 7476
5488 3131
3394 1456
4956 3511
4485 7986
1177 4013
248 1750
3972 3947
3233 2775
7273 2458
8406 4134
4094 8450
4695 5285
484 840
6885 9422
7797 1929
8225 5673
7980 4652
7274 3820
2343 5824
299 3135
6043 3441
2697 5098
4223 4106
8439 724
2217 7535
7363 2238
8776 3343
8194 9039
274 3970
2314 3555
1444 3386
7999 9872
9871 2055
4227 5466
3893 957
1281 9225
9476 7174
527 2029
9952 2182
3068 8853
7328 1202
9469 793
2242 2043
8025 5502
916 3548
5314 8370
8178 3408
7775 1555
3708 7412
8698 7044
1421 4116
8494 8966
6420 180
8960 8903
3888 1830
6177 7844
9350 9264
4095 1825
7326 6848
7675 754
2438 8903
4113 9467
4021 479
2842 9725
2651 8521
550 5382
6227 9140
8190 7125
3038 9589
9844 7434
5730 8637
4840 228
321 8470
4922 3302
9468 7919
1651 5487
8501 2228
5512 6279
7691 5084
33 8971
5699 9726
185 8422
2740 5315
1769 4944
7211 530
3151 9557
797 4878
9433 8669
5870 9348
4786 3062
8645 5626
3857 7430
5343 6348
2786 4146
6218 202
6230 2572
8621 7648
9048 1804
4665 4129
649 8163
546 1842
635 1582
547 5631
1183 7247
4086 6297
4844 7278
6651 9285
9003 9832
2040 558
8806 772
3583 1583
1797 2948
6171 5406
817 5289
1098 8387
1288 154
4183 7264
1872 4669
654 5889
4102 5549
7459 1572
6908 5171
9484 1739
566 9512
119 3590
9831 6822
9055 6993
8927 8628
1949 2314
8950 1921
9247 2162
8548 6354
4850 866
1420 8888
400 5603
5672 6432
7934 3687
6411 7229
9746 2691
9746 9141
2593 5047
1264 5487
8447 3395
6519 2703
7692 2096
4855 714
6419 456
564 2172
8339 1489
2407 7672
6366 6598
3093 9998
1098 7651
948 5751
614 644
3304 9821
494 9051
7888 8888
585 8167
966 3067
3770 3003
3774 2366
7549 4243
9708 1823
6165 426
5342 5883
4276 7064
8239 6935
7146 6535
1715 2921
8183 4561
123 3775
6171 8320
8901 6720
2451 1141
3165 8353
4734 4781
5942 2720
5498 3706
4853 6283
7494 5693
1208 1216
5888 7012
4516 9681
1358 7826
6744 9992
7060 3861
5090 5324
5323 4142
4771 3902
298 7705
8032 3834
4009 1980
7261 1569
9593 5204
1745 9908
8776 8191
8752 1381
2622 2292
863 7364
604 4090
3049 2355
3419 4163
8076 9425
4429 7130
3532 7657
2773 7235
8567 7177
1145 3930
9847 1438
965 2617
74 2918
7645 5877
1180 9967
3788 6566
7656 8212
4805 2666
9556 2267
9587 6056
3753 3817
9579 97
1601 1414
1215 7799
5672 4187
7300 7342
3161 7751
3953 7257
77 2101
463 7942
407 8488
692 2016
6942 6656
4972 2334
5324 5735
7589 1002
9580 7536
3514 6364
7458 4456
5778 6908
3786 2991
6830 6913
4225 7050
956 5281
2953 8108
2339 4977
3766 3454
2456 7184
6342 727
7394 6552
9343 6836
8037 1902
6267 9769
2493 1386
8157 2288
6700 7383
3365 9931
1824 4583
7689 5262
2736 1967
2131 9470
9218 1089
9305 8333
1353 8094
5027 7935
6779 2659
6938 4922
9164 2865
5031 5006
9588 2628
9011 5160
7752 3148
5789 8172
1730 1621
5789 1834
8011 2759
4348 7883
6263 794
8890 7882
4387 9904
7073 8378
3508 201
7510 8213
2754 4404
7863 9749
9276 708
6928 5638
7732 3197
2456 4972
8403 1009
3195 5916
5526 7257
5018 641
3646 2005
8172 9655
9324 776
1584 8326
6383 176
1504 8015
4449 4892
54 2304
802 4542
5556 6739
9032 175
5827 4435
7765 3019
5601 5653
8847 6743
4714 8692
9215 1742
6232 3908
3615 3899
2608 9066
1980 6552
6232 3712
6375 3688
2847 5032
7495 3429
6851 1559
5808 8853
4889 8359
8198 3020
9541 8357
1772 3074
6865 8266
4843 6395
3010 6343
4193 3656
6537 5378
1230 2444
5052 3079
5770 8326
1790 5206
352 1102
4265 6582
1491 7446
8423 2725
2641 1158
9798 9959
1126 7198
8813 1905
4963 4331
8846 4419
3503 4969
7628 124
1733 2179
2445 3019
2158 6542
1929 8283
7768 602
6375 7757
652 5299
1651 3746
9295 4564
7094 6197
3849 1360
4785 2636
5026 1040
3317 317
6407 8809
5029 1867
8063 6394
9166 454
366 5186
8162 6211
6445 3315
8004 6004
4939 3124
4599 4892
4265 5535
4281 3862
6400 1526
229 783
7508 9959
1481 1881
461 2275
2743 5601
8471 985
8029 6494
4305 9144
2984 8560
7685 2170
3108 6167
6991 4814
264 8569
9093 1840
1469 4623
8084 5608
4618 9833
4832 7381
9210 4368
7671 3374
7028 8416
4814 1845
4750 8697
8657 6876
5315 1519
570 8376
9541 8124
4434 1891
1663 5721
1307 244
1432 5712
4362 951
2795 7793
4186 9701
4901 8346
3371 9177
8599 8672
4516 4213
8489 144
7165 4493
6128 47
828 2807
37 5059
3849 8018
3257 8185
678 5883
2721 1574
5529 7262
5802 3161
1137 6578
6897 6647
3482 5246
2921 2645
7022 8055
9621 3988
4295 42
8051 6599
1328 5593
8304 7495
6909 1129
4337 5210
5432 2355
1427 4870
5317 5463
2382 6927
7461 6884
4736 2631
7954 40
1955 6646
2038 7981
8408 8350
8338 5495
5335 5597
7122 2731
1532 5830
3003 1860
7490 3287
7093 3156
659 2939
1354 1775
3296 4252
769 6397
5441 8745
6973 1269
2936 47
754 7273
9402 1399
5084 309
1276 2706
7212 8600
8885 5075
8753 7318
6886 2291
5496 6093
8816 8787
1406 2002
2527 8554
3072 6816
3370 5489
6654 6192
7313 1671
9190 3700
3539 3823
108 1366
3567 6032
1093 824
1400 3361
1827 7119
2647 3271
3869 3546
2356 3930
8573 1243
9186 5156
6667 7806
9458 9028
3886 5678
2558 262
2500 3307
2793 7282
1222 4517
6626 6649
8527 3960
4932 9744
1371 5640
4386 5531
4137 7016
9043 2367
9031 5773
8252 6324
5501 9968
6302 9072
2971 3828
7468 1583
2397 1212
7993 5295
7921 3737
9157 5751
852 9997
9451 2747
2523 8280
5145 7499
5230 5410
5439 4559
6247 5266
3147 5840
214 282
4626 9262
8324 8449
6168 1727
1143 1085
4439 6711
6970 3878
8862 5070
1731 5834
3370 1515
7208 7712
4162 7258
4142 8080
425 1757
6741 2228
6105 5537
2769 3974
8557 2962
7961 2714
1299 5019
2008 5088
9682 967
3708 3557
2559 4719
7515 5740
8424 7621
5116 6711
4371 614
9947 9635
7740 6947
1309 5426
9354 8665
6040 1259
1768 5748
1342 3241
5749 9809
4065 6515
6119 9169
572 2946
773 1492
4420 3268
2078 5459
8982 6101
2423 9865
7812 8582
7794 9686
3898 4191
144 5912
6879 8277
92 342
8218 3629
4071 3377
3107 1942
9568 9479
6297 6922
7150 4018
8838 7059
365 2461
2900 3425
3576 9750
142 5058
1835 2252
38 7099
7215 9587
1733 2017
8798 2002
5404 7540
8440 6207
8084 2674
8964 8052
4198 1459
4316 5764
8661 5491
7799 1379
7564 692
5533 2570
5763 9014
4799 8730
5106 3534
4696 6800
5649 8250
1991 1956
8591 8069
8718 3818
9118 8209
4117 9419
7557 1597
5144 7885
4524 3486
2320 1985
1380 9840
7833 5611
1127 5092
9463 6436
6012 73
8220 6339
3982 4351
7876 2402
3488 8605
6288 9386
4671 162
1079 9631
4261 7012
8137 5391
5485 9482
7490 4315
8943 9311
3413 7466
3283 597
6310 5048
1039 1377
5603 2675
8529 1540
7325 6293
5572 7965
1618 8246
8168 5083
1311 7231
3335 8568
8081 253
7080 5806
2189 1549
4044 4032
6727 8409
7284 2571
1652 8456
9801 5381
6601 8544
2487 6433
797 3181
3371 6689
7661 1234
6900 3609
8560 1146
5745 5939
792 2213
9853 9089
448 6249
175 2368
2943 5685
9878 7624
9352 4803
3993 6165
8747 5022
2712 8799
9552 5165
1886 404
4311 3853
8172 4167
330 1072
8374 6083
5604 9543
5476 199
6621 5171
9921 5398
7614 5480
8173 1247
3309 2206
4609 3408
2502 6077
5347 1341
4106 757
3284 727
2994 1252
2812 5765
2756 8144
4610 394
8539 9504
345 6316
8088 1527
740 2184
3394 7928
6951 9985
7657 9408
242 3697
9634 6021
913 920
9937 9004
2580 5387
9557 4243
8887 480
4205 1502
4394 9965
8200 9181
3113 5852
6369 2275
518 5567
5455 2247
9186 8727
4292 6706
6488 6378
2624 5596
554 6400
147 4268
2620 919
7031 6355
5237 6414
5600 6757
8052 4939
1407 8909
9176 6953
5713 1246
1139 8642
415 6635
7243 6403
6006 3255
8979 9194
7008 2814
9409 7958
7307 6343
6181 7925
8771 6538
7087 1938
7553 2519
7872 7538
9272 6752
978 1841
3183 2062
8355 5417
6643 583
5690 5633
1261 6957
803 7805
1052 4084
4748 6868
2915 6046
7084 4414
189 9595
4787 9807
9420 6758
8597 3066
7173 4829
2762 9282
8038 3410
7506 5554
9024 6619
5282 6801
3470 323
7254 6609
383 4598
5349 8448
7950 3127
276 2301
7337 2198
9189 173
2582 7548
4775 6231
890 1478
252 5742
2183 1806
3382 901
7015 9362
9379 8958
1660 6037
6347 1426
5018 8027
4953 3790
6709 2931
4206 8054
7870 9057
7078 2389
5530 4359
5658 7625
8000 8396
268 2308
7860 8632
36 3273
3950 7241
3351 3793
8838 303
6137 3748
4715 4605
7226 5104
9932 3023
3739 389
3488 2387
7219 7780
9570 3192
7505 5981
622 3382
2985 6193
8483 6489
9376 2743
8314 6928
8418 252
7040 7288
5468 2937
7658 6627
256 1922
1315 8911
4727 432
2965 3256
8061 1574
3977 3064
5244 7275
2785 5499
9404 5397
8049 8035
3937 5133
6331 9200
1040 7556
2863 6718
8354 8940
7833 633
8474 6157
529 2434
4964 6473
5848 9182
3021 4216
4017 7466
2697 8782
1188 2679
8471 3326
7979 1198
8223 4711
617 7551
6655 4992
5168 1197
3123 398
2032 9347
993 8205
5998 7343
1738 8133
4957 1315
465 3940
8945 5282
1134 133
2867 1510
4923 3119
4329 191
8897 493
9273 7368
9133 2925
1361 4320
8067 1487
9858 3348
3902 3306
3773 5271
4121 4455
8262 3194
7755 185
6443 1057
4322 7182
9452 8184
6409 3147
9738 5560
7778 1402
1157 7601
649 3353
5805 8520
7643 8653
5686 3154
9625 7183
6237 8145
1142 7503
4274 4595
4506 1999
5676 8831
5131 7771
7728 7671
6225 438
8453 1217
6318 6638
6203 912
5070 3325
3279 1907
4224 8187
2682 608
4960 4021
8371 1043
7996 2771
9537 8447
8276 8006
3022 8897
9931 8704
7207 265
1012 5164
3832 8402
5692 8892
3262 457
1808 7306
6058 5605
383 9872
8788 9255
4918 8956
4725 4491
2649 3293
9104 1832
7558 6239
7201 6500
433 717
3361 8100
271 5925
7723 8219
9352 231
1326 6036
2751 8824
3095 9675
7534 8378
8080 6231
4467 2700
4869 8389
7985 6897
2416 3051
6408 6201
5074 2192
1141 8492
3542 3440
9762 5375
7635 4604
2163 1957
360 8762
7954 2931
8548 1874
6240 616
6000 7792
749 4354
8370 7796
1315 8493
9274 5891
9388 3069
7282 8971
9093 4277
1181 609
4327 5260
8510 6973
9414 6320
6386 5927
8113 5385
1262 9809
5882 4410
7176 2749
1721 2180
4034 5709
5394 9232
470 9331
4373 2271
9486 7746
6175 7130
8929 830
6483 8019
194 1106
257 6584
3248 6680
1707 358
2764 7982
2295 1072
9221 6950
7776 6278
8235 4003
5142 1596
7927 4045
1011 1105
7229 1511
6273 3358
7395 9023
476 9677
8613 722
9431 2729
1480 364
723 7537
4806 5400
1966 7851
2692 5674
9080 9155
5128 9586
1715 5294
6087 3363
8146 8312
9908 3609
516 2719
5351 5608
1553 4895
1782 7461
7689 4796
4019 1952
443 48
1428 6505
6414 9211
9700 7246
5670 2256
9205 392
5896 9112
3497 6625
3657 5363
1487 727
1760 8860
1571 1283
3950 2010
3662 8466
1220 3285
3325 742
9172 7522
1198 2492
482 4164
6251 1397
6825 118
861 2080
7008 5735
6137 6606
1356 2712
170 637
8984 3145
488 6612
7380 4184
6230 6980
6295 7131
5973 2275
8487 2968
8152 1085
4769 5174
4756 7526
3325 761
582 4667
840 161
6487 1217
4847 8423
1875 3563
7586 7172
271 5516
6556 790
1343 1296
7360 5041
6058 2788
429 46
755 7112
7302 593
1827 105
5326 2062
4849 9904
878 5464
2824 3599
6594 2641
187 9406
3181 3117
7035 8226
8913 4888
2899 3788
1946 8127
1625 8101
5975 1248
6227 2194
2552 8206
2930 209
7317 9102
9990 4899
8417 4236
523 5658
4479 8180
4145 6520
3476 9414
2346 1336
310 1848
2021 9180
3153 5749
9852 2934
9953 1931
582 4941
5491 2565
3012 2967
4259 3892
4381 9003
623 699
2640 2828
5025 4415
2238 4736
1285 9712
1000 1528
7873 9404
7641 6939
9273 9824
4625 8592
4577 5441
4752 830
174 5307
183 4861
4201 5541
3450 7421
7174 6115
3922 1338
477 8121
9997 3564
4582 7305
8255 3958
8530 445
8280 1974
1705 1020
8671 42
9612 4539
9135 8014
2769 3027
5409 9460
5098 763
6271 2933
4176 6725
864 9576
9727 7387
8857 167
6055 669
3542 7784
786 4034
6353 8529
9813 5540
8243 8019
2801 8575
8367 6331
2934 4887
8408 2732
6462 6886
8899 5118
6990 3764
2449 6064
1674 6761
1967 6985
7529 4688
1109 6568
4169 2785
4684 1155
8720 6639
9899 7280
2891 533
747 1052
1838 3844
5293 7729
7808 8649
3634 1287
7094 3007
1946 2885
9017 7069
6355 4068
6683 7357
6964 8834
2219 3224
121 7706
4301 1152
1954 6640
1419 254
2083 3574
3094 2915
1208 5185
859 8383
6118 2526
2695 2223
2546 8639
9320 457
6521 2084
9912 8041
6424 8952
4582 4877
5311 2013
3636 8615
7284 1656
8572 948
2874 8949
5319 8931
8667 3429
744 817
4854 6179
7336 4289
7352 7571
2908 4761
8087 3195
4360 5266
7219 2021
9069 8163
3926 1761
390 6341
6984 6584
1303 7462
9871 2962
3522 3916
3455 2150
1762 2758
8230 6225
4756 3400
1357 1311
1925 1964
4136 7833
2254 5312
8303 799
6698 7374
3083 4074
5257 3198
3336 7869
1034 8080
4692 999
4874 7468
5015 8327
2131 7057
5 5540
4215 9748
4907 6103
2907 8584
716 4296
9210 107
54 800
7934 8537
248 5597
6553 1922
5720 4005
6508 2983
4309 8037
9196 4478
1572 1148
75 1254
9860 2932
8544 9732
2274 9909
997 415
1485 8040
9993 8648
6761 4911
3319 6389
9493 9491
592 9814
4312 263
3779 1761
3867 563
7534 4148
3158 9124
9850 5823
4832 3385
9605 7345
9069 9396
8559 6378
531 6283
4770 2523
1104 1947
5881 6697
5220 3953
7915 3925
6820 5339
2470 8204
1128 1078
1898 1446
9341 2754
243 8596
6951 1838
6962 2109
6881 3439
2373 87
3085 9987
3261 7834
989 6459
5837 6206
9895 6419
5263 4544
2981 6149
9254 3342
1945 9834
1263 3042
1312 574
3208 9803
2950 5597
8203 766
4670 3898
9757 8331
8323 7620
5740 1001
1608 7666
6058 9062
5418 6185
6439 8487
4755 7615
8786 55
6676 6130
395 7816
4890 2953
3923 3625
4063 4912
2446 5480
4649 3135
6782 7707
5680 7572
1095 3911
7150 4253
4159 9081
3575 9298
5229 3752
5280 1775
2593 1935
8944 2796
5602 3514
2463 7432
5433 9955
8422 8899
3511 8446
4280 6219
1355 7650
277 9513
6746 32
8764 443
1467 7449
6164 5036
6402 2057
4700 7982
8328 6496
5647 8461
9936 7260
102 224
246 9733
8352 1066
7046 3062
9121 202
2884 2780
5930 7654
8253 3145
4984 6045
7581 266
3441 2945
5811 8594
365 3258
3430 5301
988 4679
177 667
7775 7189
457 6765
9427 5576
2542 3837
3243 1249
3913 6658
730 3319
9374 6513
4710 7390
5534 7019
9300 6356
7226 705
5903 92
4179 215
6286 4865
8876 4664
4502 1934
3334 3193
6503 1154
652 626
3880 1413
2979 9323
5266 6285
6759 7407
3276 2993
5826 6509
8091 8600
3771 6674
3266 468
4620 8581
9889 4723
6920 2093
603 5367
6029 1107
2321 6278
9804 4985
646 8193
1678 5926
4942 4422
8756 4638
6326 2119
1049 293
2688 9307
5330 4517
2981 1124
5042 4847
618 5905
8181 6153
7297 1946
439 3743
6423 2129
9108 9804
4438 5816
7014 4085
8934 7331
2509 5786
1627 6323
8884 2841
5483 8528
1140 2229
9966 9188
1283 8921
4160 5419
8826 8880
9196 9371
5267 5412
5353 2610
8397 8335
43 7660
1941 1635
8596 5379
9111 970
3699 1503
7897 4053
7254 6553
6062 606
4256 1375
4616 5678
5781 2938
1863 6770
9660 1938
7007 1099
3856 8486
4606 9600
4022 1088
632 7828
7460 8738
679 2889
3928 7244
9038 2917
1899 5637
273 2649
1876 7134
7555 914
478 4650
1298 8527
6264 3172
3597 8302
1467 3115
7659 7323
4097 9116
3299 9812
1153 3212
8775 6497
5465 7845
1512 5524
9760 7250
2147 5440
419 7717
9539 4555
3754 1770
3745 143
8599 404
8771 4542
8570 4927
3858 8344
8186 9299
1718 8632
2225 3597
687 6702
5724 6044
5516 2854
6750 6209
6715 3429
9701 561
5681 2018
4253 8363
2839 8945
4700 8690
7167 4744
3312 950
7871 2169
9443 7715
298 9419
4602 9080
5411 3642
2064 7557
4848 4655
9992 9343
255 4762
7144 9870
8248 9263
8925 7349
8136 4622
3142 7103
8648 4245
7962 6794
8950 3574
9418 8590
5575 4069
748 4519
5968 9047
8625 1163
8140 7251
2097 5771
136 8881
8610 894
8168 2646
4762 3483
5726 113
2886 7471
167 5920
6538 415
7570 1837
7687 4567
4444 8740
3045 5355
1372 1833
353 5785
7005 8365
6832 6985
7762 3373
7143 4490
6080 4
2085 4281
7914 3173
4473 8343
8879 2590
3703 6864
7246 2589
7766 6509
6033 5870
5835 9094
7588 4551
5671 3720
4355 9031
5033 6679
6587 8639
6530 5819
6855 9771
24 9665
1363 9432
4884 8916
7525 3869
8737 6784
1586 1195
2607 5067
4586 9844
4289 3585
2274 5859
7252 6413
6270 78
2230 4917
4172 8729
4940 1174
4537 1808
6705 2631
4878 3716
4284 3416
5799 5520
656 7697
1720 6478
7840 5962
9844 8731
981 7631
6076 3312
8199 8460
8855 2291
7135 6763
358 8218
236 6672
3428 540
5924 7296
5986 6693
6289 2222
1628 9545
6721 179
7591 8460
3515 609
1842 1758
8753 860
4705 7301
6576 7929
8661 5900
7503 1004
4267 9965
4742 2959
3077 696
822 8238
8135 2459
8504 2875
4829 1361
5523 6966
8609 6678
771 3271
5886 541
1998 9956
3853 2043
928 8420
6506 6357
8570 4549
5455 7761
9709 8320
937 4066
5921 4586
5490 2441
6948 7904
9614 819
926 3519
4809 2819
6083 7740
4211 1392
8761 5134
9697 7964
4599 7849
1069 1123
2975 8492
2177 4271
8965 9861
4200 1463
5858 413
9027 486
2140 1280
9138 4154
6876 5814
9929 4196
9457 7483
4501 6863
6773 7943
4249 2204
4983 1744
9082 7123
2166 4996
9214 9945
1659 1865
769 3003
7894 9557
6762 7781
1070 2936
1629 516
8775 2294
72 3676
4788 2777
6059 6100
2395 2088
3761 1681
2573 344
7366 7894
6351 6051
1103 3309
895 7313
8836 4494
9178 3188
3648 9142
4065 3726
954 5659
2567 9372
8248 1980
9373 3362
3109 7079
792 9134
3631 197
1683 5861
9027 496
9438 6410
8619 3894
1938 5774
6622 3541
5732 9864
123 5757
563 8466
1400 4192
6223 8625
2571 8430
2122 4595
9595 4146
822 9276
4025 4360
5137 3726
9871 5154
8411 3236
9973 3728
1712 3299
3465 2792
636 8230
2443 2675
1340 4077
4935 5957
7315 4408
8912 9208
7213 2157
4711 9402
5298 2352
779 2596
6935 8002
2711 7722
8586 3173
3568 102
7455 8051
3654 2369
582 745
3641 3651
2929 6277
7104 6298
9546 2220
6842 6307
3653 918
5649 7713
7665 9228
3216 313
6443 5394
1476 674
4437 9738
7218 4230
5446 2772
4969 1554
5729 3186
1346 1484
249 4259
4474 1289
1518 9392
7162 733
3302 2012
2335 7861
8010 5480
7161 1910
7449 9494
4372 9291
4835 6801
756 7127
3722 6446
6470 4168
4002 7539
6706 8996
8880 8115
8148 8851
6765 9858
6332 9007
4670 2717
6499 8898
7530 5662
4588 9791
9800 4110
6357 2201
8193 1005
257 9393
8894 3877
304 9590
1077 5010
2054 2579
9007 9316
2621 4604
2968 6138
2092 4354
1106 3366
8365 8815
7610 4438
974 1784
5365 9793
4115 6476
2944 2507
8996 9310
1803 6740
5722 1062
2104 5449
2093 3532
2539 599
8023 6857
6008 5296
7104 3293
7068 1398
5338 5087
5582 4491
8934 320
6556 955
1695 3752
7725 3079
8942 5985
6250 7528
3016 380
8525 4974
4526 184
6204 2181
8324 7521
1388 2066
2376 9946
1826 2852
1562 3011
8271 5934
1082 8837
492 5188
5096 8818
2868 1496
3884 6769
8370 4164
8209 5861
8243 7081
3951 1826
4553 9507
7350 2684
4334 4511
2476 174
6637 7132
8950 7937
2949 7573
6315 5145
8052 3461
6230 2642
9658 5750
4672 9864
275 7523
5691 1932
2831 7911
1002 9120
7151 4958
4594 7925
8598 9721
1804 3685
4753 6796
1429 9454
4604 9343
4335 6774
3032 3290
4978 9269
736 758
5265 5361
2931 2410
192 9576
2514 1622
9481 4833
139 9414
4252 5375
9940 2284
1685 5103
8480 3723
3767 2117
7810 9585
5750 2844
7026 215
7018 3833
2569 8119
3284 6497
3717 8854
2420 483
8057 9812
207 1865
3458 1997
5251 2128
9908 886
9080 5588
9473 2961
6697 4880
8969 1832
393 2282
7491 7496
9806 9792
7058 1000
2397 1186
8796 758
7131 283
8716 1311
958 5188
1718 7090
5778 7893
8552 991
8390 7386
7143 3469
2477 6046
3231 8189
3164 130
202 5931
4419 5299
4360 1858
1631 8829
3204 5561
8814 9302
9034 6731
4303 3628
7368 5402
8455 7045
9747 2445
9018 2136
7912 731
2118 3167
9399 6778
4966 1696
9023 4579
6003 8072
3350 1889
9925 3688
2503 4976
3779 4800
6241 10
3681 8220
5180 4544
5725 7246
4844 8182
6466 7178
3374 1950
5674 2696
5013 1313
9602 6807
778 701
2884 4806
6106 168
7759 4266
2810 9805
2498 6027
8877 9999
9515 6951
3941 8184
1235 6639
7242 451
6692 5960
8589 4218
3599 8979
8112 351
2496 1519
910 6443
4188 2124
9284 918
3436 4197
9344 3729
2 8829
9105 2960
4918 1497
7112 8482
2789 5172
5446 8357
4332 7003
5165 8878
3925 2676
7340 348
4034 245
1349 4793
7085 1452
520 5443
4012 7873
3191 324
6954 9329
6153 7435
2671 809
9831 3208
3826 3384
364 4091
7363 2983
9905 3452
230 1220
3969 6467
4625 3355
734 1371
7261 6268
8802 9120
1763 2644
5161 8897
6131 2231
8231 6943
5822 2798
4614 1757
4572 3964
3341 4795
7274 5091
5346 3865
8928 4935
5660 7757
6429 451
9850 6077
3220 6589
3983 5722
811 3544
1033 3374
8415 1682
7334 5335
1658 7159
2006 9289
7776 8576
9718 2996
927 8915
4470 2130
5752 6393
2976 2937
2889 9063
1919 6992
346 1541
2188 6243
5464 2351
8082 3917
1413 5226
8319 2531
2733 4098
5312 9748
6671 7714
2452 6162
6067 2107
4821 1313
6311 4238
7504 3134
4275 5345
1367 7125
7005 8622
8121 5001
1963 3516
2788 2123
5628 7778
5051 9670
9067 2409
615 1593
2269 8829
3675 1608
2050 814
2025 3863
5794 6540
4524 698
956 2766
2008 882
969 2231
838 9660
8467 6174
2791 6983
3065 9553
1714 8019
4079 3001
1926 7098
8040 4161
2155 5227
8573 1684
3607 7074
2391 4664
4637 9980
462 4038
8887 4564
4783 7244
1260 5765
5439 1425
809 9691
9179 1276
1092 7030
8957 7677
5853 2342
9954 8857
2065 7666
9328 2895
7824 6624
2740 8814
959 7160
7660 2535
5045 8660
3894 1744
1781 8198
635 8635
247 9894
7285 7229
1666 7435
7510 4895
3465 2554
7972 5316
1112 965
8638 340
3184 9480
6939 2629
1663 3454
2867 3713
1110 8452
7003 1814
6320 6708
1458 7948
6624 8636
9706 5987
5425 3985
9539 6269
9286 2513
2686 5405
1190 3046
8233 3170
6074 4229
6493 8824
3047 1205
2889 8653
7342 2957
2618 2529
4390 1633
752 4006
9044 7290
4607 3157
5169 5913
6722 4903
580 1469
6933 4857
8892 8614
8275 8395
5270 9385
937 26
3764 8125
5788 3245
205 5615
4793 3759
1771 1933
3823 710
1654 1206
4820 2458
6927 8981
5243 6584
9267 6100
7744 8168
4632 9422
4222 6812
8694 1024
8888 1479
932 9574
6181 5568
8803 9150
1877 4888
6199 4588
3893 888
2741 6366
2439 71
6153 6034
2373 2728
1506 9292
3501 4213
9249 8163
6758 1480
3805 4136
7480 7416
2316 7442
4240 620
5767 700
4046 7522
2924 5559
204 2871
5791 4041
4490 6386
9407 6251
6372 2881
7512 2678
279 8797
1513 2
9993 8686
9079 4991
7742 5634
5875 7549
3778 3771
5800 2767
7399 9446
9517 276
3767 4409
9581 9278
8427 5565
3158 597
8132 3023
9731 2370
8432 4440
9022 7514
5841 9839
751 9193
1459 4388
934 328
6410 4594
6772 8333
6202 492
91 8156
5321 2158
7715 3369
1369 4149
360 3893
8420 9584
5961 3665
340 9548
2282 132
8041 2684
9660 5946
8885 606
9605 7840
651 6528
9568 9439
5423 1968
8175 7206
5506 9154
843 2578
5387 8247
6525 580
2505 4503
6200 6654
4723 8220
9025 9264
5371 6848
3035 9429
4824 9900
6464 6819
4886 9922
7940 7231
5579 6472
691 6284
163 1997
1138 521
4244 7393
7018 9629
6536 5191
5399 4209
159 8837
7032 9732
499 2628
553 3842
1341 7299
4259 8372
6688 8395
7081 2639
9924 8127
52 8602
4423 9029
7998 5433
3531 5016
688 538
2151 8622
3447 4996
3399 5553
4382 2356
4812 8499
3084 6972
3146 272
8425 1788
7122 3776
4061 9474
3215 3079
5531 7750
5254 7986
2224 8810
602 4043
2678 7734
3989 6529
2418 2650
7581 5919
2184 8330
8378 6291
8246 5976
8028 2839
3738 2798
7472 1494
9241 9501
9368 9864
9123 685
4379 5196
828 9481
216 8285
2431 1673
311 2401
3298 3666
8966 9468
3693 9121
2053 2265
7892 4053
7571 2607
615 7995
3201 6457
4630 7381
9204 6107
980 4174
8789 4022
6984 597
2731 9467
1041 3316
1441 4358
36 1135
1437 468
8669 2363
8603 4369
1241 1877
8405 8905
6706 1232
6001 1440
3914 4461
8341 1581
3492 9958
7192 4457
2639 2080
2383 9752
8966 5058
7474 5726
7779 4783
4768 338
1444 9398
8989 3577
7074 9897
3025 1746
479 335
9662 6773
4893 6085
252 3182
2566 6843
5206 4643
1823 6409
2249 1996
9923 7893
1129 2344
2888 2766
4275 1846
9979 8601
8915 367
8561 6043
5872 5547
7168 6225
1977 4320
3313 9284
9268 7057
2893 8839
6087 3359
8468 6019
3297 4677
7253 2837
5744 4789
4040 820
4146 9824
5909 4970
3166 3569
4514 2177
5995 7784
7586 8932
1746 2144
8868 6854
7124 6275
5609 2985
9446 743
6009 8094
3102 6693
1310 8510
5079 9474
8429 2276
5073 3413
2479 4018
2594 2664
2801 4485
9116 3081
2060 9412
1501 5727
3571 6871
8165 5147
507 1813
269 1180
1746 7884
9768 5026
4098 2760
3482 9737
9869 3575
3189 1337
4882 9423
2768 7846
5022 2334
2480 4286
336 9815
2584 819
8180 3969
4442 7287
7340 6529
6450 2394
4412 4392
6415 2029
1844 8606
4767 4675
2679 4540
4082 9894
728 4428
4068 2235
4725 4239
9271 6187
5015 7819
9398 5433
5959 9915
4811 5375
2505 851
469 4580
9564 1859
233 1112
3695 9591
1847 7993
5345 2027
7480 2066
3781 2280
9299 5768
5408 4853
2540 4760
5267 7674
9509 251
6224 2731
1529 4646
4754 8926
2371 8325
9976 7285
8854 7818
5357 8612
4318 3493
1592 6734
890 3874
5215 1162
9054 9665
2985 4823
3760 8704
3031 9691
4518 9520
8904 5716
9819 9383
2349 2978
8284 5117
3236 5974
9424 7553
5222 1837
4256 5053
351 9046
8153 3142
4256 5775
2067 4558
3346 186
8483 8512
7450 7716
9338 1632
4401 8606
1879 5905
7412 4740
7253 229
8881 6623
6950 3557
5184 850
8095 6611
5898 5663
1320 5133
5123 5309
1914 6427
9298 7641
2413 1787
9992 3190
3116 3240
3530 9208
7160 171
2328 5138
5606 2805
9898 3723
6839 7197
6605 5457
4866 9858
951 1312
5020 9728
9539 8063
3101 5073
9838 9434
47 8761
9532 249
7672 3642
7895 7737
7679 9084
3725 3257
9734 5951
5263 7217
9106 8670
1017 8577
9692 3233
3228 9526
397 1433
8760 1796
9090 5650
9730 690
8173 3526
9989 2333
620 2742
1558 1196
9202 9291
2216 6926
6943 3805
9987 1799
9549 2750
950 3475
5511 1802
5356 6069
1194 8634
8668 3880
2497 5635
3090 4873
1961 6753
5165 2126
4269 1884
2981 175
5434 2424
54 7867
9172 1006
7668 1924
35 1044
4773 9490
8805 9917
9816 920
5637 929
4571 163
4975 8162
6302 9307
1282 5086
7016 5376
5617 1406
2059 9498
7098 5109
6968 164
5299 7418
6647 7187
8299 6545
8450 4814
3463 9104
5403 2679
9316 90
2859 3453
452 1681
3368 2258
8472 3132
7323 5007
907 2098
4082 7044
8517 6409
3415 1410
5211 5951
5888 4356
6320 2910
2492 2164
7301 7027
4743 3694
1600 8601
3518 5089
1490 6277
8667 9092
2174 9917
2094 7357
6723 1458
3757 7694
2462 5929
6112 5117
6919 7430
3955 945
2212 2298
2172 8607
3766 454
48 8040
1693 243
5150 9232
1909 3919
9698 9218
3892 4735
8902 4439
3636 1887
1959 2870
2201 6503
3655 9083
5440 3034
8034 5654
8206 7770
3164 427
4059 1431
6051 9636
646 1080
8776 9307
4040 1265
8646 3333
9841 2470
7572 2695
2494 4732
6777 212
4726 5614
1815 2551
2608 1414
6523 5065
5240 6472
7419 8242
6878 7035
1331 5118
3162 3443
6143 5000
2225 5177
9027 9150
8619 9293
8296 9031
1773 336
6953 889
1977 5802
1512 2121
1446 362
6671 4212
6248 4699
6939 4703
1911 8215
440 6321
5475 9737
7384 1112
7361 8858
9972 836
4080 4546
3917 2587
1192 4399
8334 5632
6524 8321
1587 5884
5531 1293
9845 3532
4915 9633
4471 6044
7585 4537
7745 4959
4801 3268
504 6965
3342 1718
268 3621
2555 4147
272 244
5729 7038
1187 9932
6283 8625
3459 4387
8828 3939
4990 4899
4565 7806
1549 333
2672 8165
1371 9522
152 9213
2583 3097
6515 844
9912 4505
821 6471
6741 611
450 3036
9329 552
2440 7949
4681 8555
1217 1164
7154 521
1894 9347
1260 8523
9620 5242
8317 1888
5337 1910
7719 9309
7047 2445
4016 5825
4596 7755
1831 2841
3203 82
6194 5727
1306 6383
795 621
3916 302
2431 5508
5196 4480
7361 5437
9193 9525
6826 4331
5140 6047
1245 9436
5629 21
209 5646
9870 640
9034 1270
2859 6049
7852 7248
9274 6276
7874 7070
1517 5748
8234 5159
8914 5302
6980 9684
7009 7363
6427 6522
3073 7939
2876 6483
5717 2803
6388 9261
6729 2551
8212 4415
6117 7644
5537 7341
9417 1189
9961 969
6086 5072
5249 422
9769 836
3295 1139
2267 4328
5947 5407
5737 775
6747 6428
1228 152
2904 5939
9867 9617
2311 9794
6910 935
7269 7790
2927 8739
7404 3460
2890 1435
6422 7353
9831 801
8997 4332
8579 3924
6905 4728
4174 5124
5300 5052
2162 6334
7864 3729
1196 562
9475 6125
3891 6237
3702 575
2023 1623
2335 7672
5029 8965
3434 3378
5273 1442
3072 7436
969 9274
3822 8332
7885 9081
605 6681
255 9251
5805 9263
3400 7282
1239 3105
949 7108
4076 1380
8468 125
8473 9277
5814 3172
8002 3765
229 7883
7722 5297
1177 6946
5420 7575
7684 6401
366 8485
4708 7744
4176 7553
325 8109
1897 2980
8856 505
5769 7295
1321 2963
2426 1363
9957 958
8134 2037
7372 1966
261 182
6074 6729
9228 8457
1495 208
3720 8523
8039 8558
6423 635
3754 5476
9010 3492
4325 2391
9954 2152
3017 7170
5686 4478
38 7278
9686 1960
6120 5814
5636 8884
9919 2645
3375 4048
512 9037
9466 9149
4054 4426
1923 161
6411 5836
9348 7111
9139 4025
5102 6498
337 9746
1083 7977
1037 1482
6025 8398
300 4164
8604 2297
3521 2715
6250 4579
2011 6479
2518 5436
791 5515
3337 3455
3796 4179
7260 3710
2849 3921
543 4277
581 1542
2761 4115
222 6259
5985 4109
3892 6657
1598 444
9158 6984
9395 6228
779 7045
1202 2777
8884 552
8313 4666
4421 6608
5432 9250
9147 138
9651 5757
7344 3379
7268 8722
3705 2099
2846 9010
822 2025
9300 7901
6061 3788
9900 6126
9442 3017
827 8743
8451 2102
6121 228
1067 602
1036 8617
815 6760
6809 4055
118 9613
1392 4270
6387 4153
9720 763
5388 5034
5516 227
5661 1727
2091 9646
2347 7766
841 212
9382 3682
2385 1103
4626 5543
149 773
3639 6466
8580 4243
7945 6145
6229 1566
2833 9789
153 7373
4336 7854
2040 8507
7510 9863
9688 391
6402 220
8437 454
8901 2658
2163 7745
7938 8229
7194 5147
7424 8351
3826 6977
7025 987
9478 9240
4427 4129
4930 9518
5049 7064
1096 9991
75 6710
8004 837
6441 4802
4326 4668
9164 1076
1149 8127
2062 5755
410 7036
2668 928
2269 9164
9493 4202
8546 395
5691 9100
906 7674
5955 2827
4022 2729
3663 3685
3545 3037
6089 8413
6854 7778
1037 484
2572 6052
5213 475
6597 3791
5673 6520
3498 2749
7603 7699
1352 5039
9823 895
2494 6875
5858 4966
9053 2095
611 3804
4334 2124
9838 2373
6885 8490
1405 8656
8447 9289
2269 1028
8452 3589
9668 2390
6564 6103
5689 1385
6607 1390
6656 4897
7490 7457
1126 1052
7370 4765
2101 7460
241 4002
5760 6667
1692 6017
7472 378
6505 7312
9401 8179
5312 4322
1055 758
8999 5559
6819 3174
5262 5832
8059 4306
2293 4713
1418 4221
8401 3817
209 4023
9344 631
9755 4660
2052 2094
15 5893
4971 655
8745 8442
4166 1934
7587 6164
4396 9353
2114 7965
5234 4616
9332 2724
4937 8107
8999 9260
3771 9637
8160 4160
2546 5785
8661 9597
9153 8593
2818 8596
6405 4613
8336 3249
5810 5842
9453 8224
6925 2279
4864 4642
4440 2489
6000 914
9486 2459
3166 6746
7285 3182
3363 3925
6928 8695
4870 8674
7543 63
3350 4505
8620 9417
3463 7849
316 3423
2182 1085
2854 6319
8 178
1561 422
6660 1679
3647 7135
3538 965
7457 5389
6716 5537
188 5401
6446 505
1895 6521
3039 5221
1125 6949
8838 2543
9288 4111
9510 5487
2778 8980
8010 3091
8489 8537
7336 5728
2999 5374
8214 9790
190 6614
2437 500
5336 9866
690 470
8293 8347
9314 110
9743 5151
7506 5237
279 8651
9834 9978
4696 8241
3752 1255
7718 513
5399 4799
1264 804
6328 1008
8842 8045
5529 3154
6372 7236
8419 5255
1253 544
5411 5944
1453 9733
2464 8114
8507 7583
4282 4308
854 2752
5593 9938
3294 6226
4543 5865
2693 6529
3125 4777
1658 760
5005 5174
6559 2506
970 6116
4617 3673
4554 269
3347 506
8658 495
4308 334
5239 4563
3114 7184
4613 9547
5533 5088
467 9146
7663 5761
5670 3979
2069 284
7394 9772
5901 6013
7561 2862
9054 6472
9225 8881
2805 564
950 4202
8647 8907
5532 3965
8943 963
3394 3982
6527 4075
4183 5135
5895 2873
7359 8192
8577 6179
3178 8364
5378 2538
9363 5820
9330 895
1607 5953
3872 5966
2471 56
8382 2707
5399 3941
8093 8287
7329 1504
3008 3872
9030 7594
6908 1979
3900 4201
9959 3023
2271 803
9648 9546
2352 2842
1123 6111
392 1015
6117 2810
3757 7500
702 2474
809 1050
8931 5422
8257 3021
6632 2056
8348 3372
5769 3645
208 323
9076 5394
3977 683
992 1411
7261 2600
1693 3132
8421 8801
1944 6674
8873 2845
4234 9347
5089 4361
1851 3440
3243 9334
4394 4371
2906 9082
3589 8374
7098 7717
3000 5522
7941 3551
3380 7613
7025 8439
1664 6340
4726 3027
2484 382
7049 2947
4567 8097
4705 6702
5566 5852
9396 1645
3659 7263
5328 1302
8469 3562
9552 8843
6525 1547
778 7202
5197 870
3591 6104
9248 6940
1795 4279
9358 3324
1250 7617
3446 5855
1990 472
6255 3430
7828 4491
5310 3240
9829 6610
4269 190
4175 2838
5485 8863
6539 7836
6558 4777
3601 8438
8021 4628
3030 8595
2489 6030
6386 524
6192 885
7163 350
230 7909
774 6053
1468 6231
6122 3246
206 5623
2695 4324
4507 5178
2391 2533
8421 8070
2682 6137
1068 1822
7570 5268
9401 9550
2098 4698
4611 5885
1293 601
5475 5024
3340 1773
8782 5824
1890 3248
8145 376
3165 9533
2560 4031
776 8719
8286 7938
7540 9255
9699 1597
2632 2257
9638 8450
7514 6085
1852 5796
9682 4261
5114 1640
3066 6612
6677 8117
0 2145
6699 2146
7059 3159
9239 3529
8990 4212
857 1083
4536 1128
346 6232
8540 9782
1206 8269
6045 440
5452 1465
1396 1535
2388 2986
7356 4337
4735 318
9196 2755
8018 6318
3343 9035
9475 4566
8483 4019
4094 2836
1514 619
9115 5143
7303 406
3891 2210
5322 5307
8140 4472
7068 3775
2079 8574
3321 5885
7237 6337
6115 5876
3817 9135
9834 5865
5223 3980
8970 3306
2673 7043
2416 4388
5094 880
6359 8126
5787 7770
6050 1209
6630 1591
9620 4074
3403 5656
5576 5021
3453 5155
6728 6936
3271 7857
629 928
7961 3969
3949 8196
8725 8249
4704 9784
3813 890
7735 3034
2338 6095
5638 5545
4989 1120
1501 8128
5451 8144
4631 9591
9211 715
3478 7814
646 5365
7763 2261
2549 2633
821 7064
6110 9717
2208 8020
4379 2417
139 2310
6323 3278
108 2633
2834 2897
4881 1144
8116 7821
8728 5452
765 7775
4155 9269
3167 6593
8295 713
5838 3684
2260 9915
3880 5376
2069 5645
1543 7937
815 6876
4729 9629
4817 5183
8005 435
5908 5328
439 1767
1365 3911
3382 6378
1365 4809
505 3533
9788 1476
6035 3140
7995 43
9649 2567
2135 1964
7790 1968
7600 9075
4730 4250
6645 508
6141 5345
4997 8723
7368 2948
7598 8636
9450 9535
9359 4938
866 3219
4030 5533
7726 670
673 2891
8053 6204
5998 451
3727 3547
3240 9288
1118 1497
8083 7208
7998 8825
1903 2600
9826 1037
409 3290
586 3755
3868 2626
2246 2854
8410 2289
3246 1486
8082 7191
4269 5059
5025 1530
2338 4413
2003 2652
3481 2255
7607 8112
5403 3715
5502 501
6098 1815
1151 4995
429 4340
34 7444
8505 5812
6442 3807
627 1432
2822 43
2323 2910
7886 7867
5447 5803
3897 3949
8927 9195
9446 3170
4980 39
3854 6910
4387 442
2207 3265
9998 3741
6630 306
6872 2717
2684 5344
1203 8556
2928 7310
9770 5711
9360 320
6272 4104
1603 710
4756 6478
2498 1855
6148 8582
6817 9780
349 1820
3606 3572
6585 1426
6541 8324
6133 2183
2869 2840
5554 7585
8589 8934
3433 7570
6171 8410
4410 1192
1177 6450
3300 9159
4378 4341
6692 9997
111 5446
2594 6483
4581 3741
8758 3581
5331 6287
6882 8987
338 4086
4687 782
7346 7136
7590 3667
4573 6574
5037 9068
4745 9270
1896 2528
9697 3411
1597 2159
8367 2010
2768 3588
4688 2252
5527 6115
6422 4341
7228 3545
9753 5171
6931 9085
3798 877
2233 5893
2286 5316
9025 5140
1805 900
9091 7104
1092 1505
1611 3421
2856 1649
7819 355
3386 685
1702 4928
3053 7500
8410 1380
5980 6644
7890 3090
25 6875
7867 2061
9907 4563
3641 6982
2381 2454
5318 7706
8822 3511
5655 5091
9881 4205
6331 8551
4332 666
2235 7853
2913 8114
9984 6737
9451 7141
5922 3355
1862 3149
4436 8773
7574 591
2316 620
2507 2590
9115 1886
3528 3060
8585 2122
406 6787
6019 1060
2594 6344
4851 619
241 8749
3449 8157
8758 9562
96 2939
6964 8258
3992 2030
4316 2190
8012 9975
713 6624
3968 9087
669 2302
2514 9641
374 7947
6072 5346
674 4642
2204 8514
4061 2593
9522 6113
5412 6010
331 4004
978 1478
9850 7207
114 1982
7978 725
7872 6670
5613 3776
3067 8936
5116 1637
4426 9695
2989 6595
1973 4157
5729 566
2705 8867
4909 5983
3960 9443
8072 6010
4097 7028
652 2466
1615 9562
5217 1071
3232 9709
1138 4884
3099 469
5495 3256
9720 1818
5702 5701
2488 1381
5780 5701
9766 2266
6689 6338
5479 9919
764 7646
6615 3285
1504 6778
947 2168
7831 308
6155 3485
7822 4408
4794 4089
2634 8400
7975 1857
673 8250
4741 401
9427 6035
3674 6664
7460 1445
4980 3428
8104 190
7547 5808
2529 9558
8630 6055
6227 1207
6785 636
239 3808
3589 3323
1630 3809
68 6528
3130 9654
6036 6883
6720 6840
1549 3849
6702 4816
1375 7492
9978 6045
7147 6747
5414 7375
2008 9713
6728 8693
7405 2470
986 4563
5583 2700
8560 1585
5900 7923
2951 5396
2592 9517
9744 3448
642 188
9235 6114
4323 239
4389 8599
2833 624
9644 4574
9111 1132
1347 8381
5100 6266
4783 781
2708 702
7327 3905
1743 9647
5937 4056
4800 2571
2652 2524
1856 7166
6183 1869
3330 4170
1732 9497
1710 5616
8820 1748
8446 6796
9623 4045
8337 8131
1119 8760
2389 3587
9914 8899
9591 5651
746 3721
5726 1051
7386 468
1809 9419
8760 9058
4635 432
5698 1114
8029 6572
6012 2932
6567 5060
5132 3467
5977 2537
6761 4073
7020 2494
3559 8983
2781 868
347 7226
6124 6979
4424 4761
8004 3889
3252 9971
1939 742
6952 9229
975 8763
7270 59
4456 4512
3818 7193
2755 322
4590 6941
1605 4917
7627 1816
144 8377
1627 8620
6605 6335
8731 126
6822 5112
9097 3525
5327 4550
3122 2758
4198 5779
5476 7548
4057 7034
813 1151
8023 5628
5965 2528
1569 9411
8323 991
8689 913
1643 8837
9508 9006
8458 5979
4328 3295
4406 9905
9799 4697
993 2925
7106 6042
2209 6174
9859 7144
133 3446
518 7837
3531 699
5445 7432
7260 5069
575 3549
7301 2964
241 3356
8791 2577
6727 4713
4743 5086
7290 8170
7937 4283
3966 9924
4094 9056
921 6834
8742 5668
5277 8848
2285 2084
6260 4297
6215 3088
1125 7330
6533 7618
2396 5492
7319 6764
4294 8284
8726 5211
846 7786
9084 2174
2657 3984
2521 3384
8426 9969
6151 6181
5328 4770
6103 1594
9852 3521
9918 6117
8298 9819
371 6665
4424 3527
8230 8696
3489 8938
5598 7537
4578 8424
5999 1662
308 6694
3120 9198
511 5628
7899 2960
5118 1941
695 414
5271 9485
9809 6306
8120 4597
2829 5598
453 7406
6878 8908
8949 7883
1724 1321
7767 6656
8217 146
9726 6665
1669 1273
1287 4865
8340 9764
8724 338
4185 1705
9288 8947
3133 5064
5217 7190
2809 9043
5505 5286
7026 3997
512 768
9095 6315
8628 1314
744 618
2781 3242
2108 3480
6321 8500
8124 7507
5811 6705
9963 1669
1072 7432
5964 5448
3796 2452
1935 2506
6941 1458
8407 8279
7081 3163
7538 719
4453 3418
8818 9330
8209 6173
5509 1998
3004 5645
657 2754
4689 8221
9817 2748
6925 8203
1237 2288
8516 7278
2824 1139
9937 7504
3702 2811
7559 5538
4974 1032
2053 3812
9531 6149
8333 2790
9110 2380
7178 6399
2755 3011
6833 243
2203 7449
6007 2803
6033 2075
5738 7799
6197 7730
701 9715
4532 7239
3830 3057
5598 9365
4273 4946
8166 11
1644 226
4520 2148
6898 8587
278 4076
3206 2678
8571 6030
7992 2575
5421 7957
1614 3858
4308 8174
5630 5217
4610 2947
6812 7700
6039 3354
5085 7508
8245 2534
1603 915
6921 4114
5197 2825
5219 7425
9877 385
3815 8827
5363 8827
1876 1664
6636 9603
8588 8112
6589 6972
665 7476
2257 9187
3298 9678
1475 6699
3338 6099
9187 8739
6787 60
2919 8565
8874 1282
9404 7892
6917 6271
7099 6703
8037 1859
8441 842
4652 7339
7936 1154
835 6242
8267 4527
3898 2108
9449 1733
1548 6491
3028 8237
1054 5395
2431 7734
4915 5781
3428 9370
8311 2348
846 5432
304 5521
1613 301
2450 9309
8462 2033
798 2919
4340 2249
3852 5674
8847 4824
7554 1987
7452 2969
1958 4049
5325 561
4181 2820
4303 2899
9502 5813
6669 7423
3811 4991
8843 7922
397 4455
8072 4372
6367 1283
7627 142
8219 4852
5088 86
4923 4798
4923 313
544 6543
9129 9412
347 4152
1233 3705
8736 7158
5646 1333
9867 5418
1486 1776
6673 6923
2649 6784
7215 589
6648 2029
4148 3875
6294 677
8042 379
9605 3013
6406 849
5115 4505
3717 7748
1134 2106
9227 6420
7048 8244
159 99
3256 8138
4242 984
2480 7079
1721 8117
2216 4656
317 1690
2197 1802
5113 4731
2553 2344
2821 7315
1368 2450
8503 5644
3861 9473
6190 2428
3633 2935
5639 8942
9947 4728
4528 115
5190 2248
1843 9088
4600 1216
4097 1221
4645 1010
1854 3085
7760 5496
4657 2697
7998 5703
1861 5879
7605 6910
9361 4310
9125 7994
9493 9975
5688 666
2635 4694
9651 6310
6896 5773
1940 4609
913 7161
1108 6236
3175 4515
3690 9053
3598 1245
9644 3389
1369 828
981 2435
9252 3604
8620 2273
2509 8509
9144 1136
4750 4316
6182 4185
7365 1584
6328 3047
9183 232
8652 3855
3134 7177
8121 6688
3822 5127
3213 6198
1521 2878
3740 9479
9063 731
5107 8303
5262 269
3866 2709
9049 1794
128 7133
5867 4752
119 3502
4721 8766
9405 9926
1767 1295
1965 2520
5456 7503
5604 7762
7188 2991
7248 9472
9449 1539
2115 4646
9538 4921
1616 9749
8851 5231
5376 8817
5678 3487
9361 941
7782 1091
8292 8469
7317 985
8733 9552
8362 5145
2893 1279
8259 2447
427 9131
7169 4066
2732 1064
9970 215
4381 9206
4477 4171
6865 3593
6317 1448
2376 6528
2258 3959
2234 1839
7613 282
4000 693
8222 492
9117 1872
7907 3027
9088 1355
8045 3795
8000 1430
5494 8529
466 5391
4107 8160
4615 2598
9837 2425
8680 3590
484 4452
6975 8666
7086 6178
206 3744
6057 4378
4648 7394
5780 3437
1499 4728
6527 7605
3319 8941
2125 5554
5128 8122
504 7718
4796 9148
5785 6254
9987 5718
2382 4407
2294 5612
4082 1075
7148 4376
8943 9109
522 9
6745 8736
70 9521
3541 606
7142 6052
2804 5548
3052 1664
4393 3541
3364 9728
3802 5620
8243 7655
3152 2255
9296 8413
9899 389
6861 6455
8799 188
5407 1501
4552 2454
9583 5281
8676 2578
6974 1777
6360 4523
7539 4899
7075 4216
8371 8359
7093 5195
2667 8610
4564 6866
6093 6073
453 5458
4538 8775
417 9437
9953 8473
4062 9919
6449 1711
3397 7825
8381 2216
7844 5401
6713 7117
2965 1291
7388 7564
3895 1721
5456 1171
9099 1606
1621 9009
9828 3164
3783 5589
870 3578
6139 7554
9806 9272
3556 4354
2137 32
2310 8770
1710 1375
6723 7380
9690 1367
6549 3086
5235 9995
1219 3631
9739 8232
3921 4908
6214 174
4501 5123
107 3414
2700 6851
2118 1210
3524 3859
8173 8926
5750 6972
5534 6032
2299 7734
2861 6675
6671 8605
3074 4582
6385 5931
3540 1429
2486 8547
5677 7296
6772 2545
3250 2282
8119 4525
591 6877
8898 9538
333 693
2422 5498
8253 571
6864 8968
8087 4987
1704 7663
640 1454
3251 9695
8648 6481
8263 6726
988 6550
4696 6495
2422 5584
877 3260
5664 5700
2851 9097
2333 6516
5959 9142
4929 9574
9849 5522
4400 3901
9457 5286
9767 4202
1296 9430
8439 2980
3714 1073
2538 2169
3329 765
372 3868
5062 4842
8210 4134
2341 2601
5644 59
9993 162
2259 4303
6150 3961
7665 232
554 1099
5619 5303
3837 6280
7862 7440
4458 6379
6085 8384
8747 8993
5951 793
5030 7483
2438 4892
9320 9114
4015 3588
3424 5948
3919 377
7040 5108
5479 8531
7100 8033
278 4913
9218 5952
1289 513
8753 4623
3173 359
1436 7474
8088 8553
4747 2782
3244 1991
9806 7829
6315 3595
9281 8507
9948 7136
4187 3879
7089 5020
4882 2472
7785 8582
6319 5632
1702 103
6781 7887
6368 7578
7515 1460
5326 6426
9773 7135
9851 1725
8561 7053
4725 5653
1590 6959
9403 489
3065 5148
5500 2009
8146 1407
3201 1572
7110 517
7920 5593
6510 1233
5004 6503
6931 3070
1905 418
2182 5111
654 9083
8649 4610
4479 8129
4115 4611
7658 7264
2501 12
2835 2660
2364 5293
3095 6198
7630 8165
4267 9879
9646 5149
5589 6298
6818 433
8933 9741
6022 7572
9882 3702
5752 3022
910 6803
7849 7524
6659 4266
6411 658
5822 1094
9486 7762
9706 7227
1026 4551
2656 2978
7761 3309
3264 5869
4448 9202
2738 1488
1800 6537
9667 3306
21 714
7428 667
6314 8509
5950 9056
4681 5472
6738 8861
1489 6996
9667 1362
4799 288
3640 7898
8179 9341
2040 6914
9315 985
4401 3970
5161 2603
5187 288
7319 5286
6375 6616
1828 751
7032 9774
5080 7646
3285 470
6096 8660
119 8952
798 7291
9722 280
4193 7638
5667 9740
5076 8600
8797 7996
8261 2397
3542 1301
5946 7581
2608 3633
1606 6583
473 6298
3086 1493
3768 62
8453 5066
9967 6945
5642 4420
2092 9107
9074 3314
8895 9337
4093 6507
9113 3150
2610 3396
5107 2036
7100 2575
546 2044
6848 7505
4926 439
780 1234
2050 8158
9980 5269
5655 3407
7011 1329
2923 4623
5467 6933
4284 2101
7258 6060
3909 2409
5577 191
4524 1261
9589 2109
2171 1649
9030 124
3121 6330
2543 534
713 8299
6891 3919
9604 2164
9731 1591
1174 1856
7427 2160
5317 8108
872 3603
3211 5154
7083 6710
1475 503
3640 7408
8045 9956
1861 4534
66 1343
8050 3085
3441 4131
1101 8940
264 4527
6389 1873
1815 2765
3064 2713
2852 5742
1589 6220
4825 7909
4035 7768
2819 1625
3623 9460
6030 4023
98 779
9101 9878
9348 542
3641 6106
8637 3460
1423 1610
9370 7453
9079 7722
4300 1993
8495 660
6292 3705
5957 855
641 52
5387 9967
7918 1255
518 1934
3797 7687
8644 9717
6275 1657
2699 2249
6804 2187
3214 4583
4281 5374
9178 2680
5343 1441
6390 7209
2586 4981
2925 2415
2427 1359
2507 6855
1389 4815
7680 3818
7312 3978
3592 1684
3514 6936
5199 109
9873 4979
6140 2536
4472 5652
4043 2816
2072 4197
6007 2056
8311 2943
6669 2187
3810 2201
9480 9209
4504 9596
4432 3482
5333 8206
2908 3839
4860 1738
4762 6663
2378 8647
1230 5434
4429 6124
5866 1770
6934 5091
8728 6591
5215 4110
2108 8331
1730 7484
6249 7141
6402 3596
5359 196
9282 3057
3287 2325
8848 2267
2408 6253
1035 9600
2671 6865
7636 8408
1242 2466
4724 7530
7006 1617
350 6763
4070 8352
4688 7649
6563 9742
4000 6119
2702 8026
4811 1626
9504 3049
3205 7212
4045 628
1426 700
7554 250
7892 4879
6719 7650
6413 1742
1396 9935
546 9354
7609 1118
871 9045
7444 4706
3750 7392
9192 6343
5972 3030
3825 4845
7515 124
7838 3130
887 855
6191 7338
1318 9060
9801 2183
2882 2742
551 567
9833 7885
596 4024
841 4016
2384 5903
464 6124
9653 9191
2027 3126
3030 3329
2613 4583
4230 9253
161 4605
3010 7565
3961 2019
4411 9533
5756 1021
1684 4675
8631 2306
8421 3422
6287 3870
9733 6500
8555 4042
7230 4008
2186 6905
5372 3528
6094 1323
520 8909
6605 9277
6670 5741
4400 6712
5849 8823
4438 1836
2619 8756
1447 502
927 5191
6173 5836
993 1926
5520 187
7612 2851
5114 9666
5870 4263
4216 4915
9731 9627
2795 5460
7604 6094
4100 2200
5877 5339
8610 3982
6573 8044
6008 4727
6341 9581
4200 2537
2158 4070
7004 4601
7268 7200
7431 5076
2511 1685
4966 8331
5872 8679
1624 9724
7535 2032
509 8497
5571 2089
9224 6541
1922 1634
4863 2090
2286 4036
9830 320
6735 5168
1213 9569
17 7310
3171 4166
9910 4866
7399 6102
4496 1161
4812 6212
132 633
2575 1147
4785 5999
7326 28
9079 7116
7263 2392
5264 7422
464 6166
3017 4413
1339 6507
4397 7454
7890 3623
894 7946
5046 1691
4049 4197
6899 6733
7983 4894
8818 1118
2018 7349
2221 7640
5913 403
1502 5679
9078 9882
4052 2644
6235 5291
1184 7219
7429 8021
2487 4331
1629 7527
9165 9884
5493 832
6272 499
9847 2504
4183 2916
6705 1928
143 4211
2079 9630
1252 6890
5822 9396
9944 9566
6535 7177
615 9468
6766 6592
759 1623
1021 5043
1832 7287
7684 4130
1317 8170
3020 5069
7267 2064
8744 9282
1779 767
7279 2938
9530 6247
6526 212
576 2240
4412 5457
5992 2377
9289 8624
995 5235
9643 4896
1005 1981
3922 9743
5260 2737
8411 5910
8759 2260
8008 8778
5475 6018
9336 7472
4968 6999
530 4364
2173 4731
6778 7197
6282 8186
7712 3682
2295 2860
4653 5963
9439 8328
3971 3534
7605 1871
9504 283
3279 9514
8434 1661
2170 8061
6921 7690
7039 5984
2056 5881
7698 8607
469 339
2842 7816
4338 9463
5264 2002
1802 3900
2348 7322
1900 9292
6567 5812
5277 7311
1830 5203
6901 2609
8618 857
2385 1345
3848 7764
5199 4071
1128 2082
1570 3311
2958 4988
1674 1647
6863 6309
8951 5908
7461 5657
2234 2408
8049 385
8875 706
8638 3778
5609 7138
7800 3596
7987 1182
4142 9616
8662 1197
3765 8920
9890 8535
9505 6720
4282 1266
3914 6512
9492 2764
4122 6747
8285 4698
1395 9670
295 9974
2401 4606
2204 7740
9882 2388
8224 4710
6723 4237
3062 3090
8434 6032
3669 3602
1682 4345
9810 7307
8414 5881
4347 9663
1228 160
1316 9129
6703 8714
5650 5614
3496 9134
293 7036
2113 9386
8637 7396
3759 2054
6489 145
1027 604
2668 8063
8486 5112
8304 7421
9930 9248
6072 3602
2744 7429
4716 5229
8048 6812
2911 8692
6123 4328
673 2591
2891 4077
8704 3418
7810 5108
4531 8585
4792 8286
3110 292
2517 7189
1643 616
372 4010
2726 9297
2707 327
1073 8290
8660 5548
7302 7927
6832 9492
2880 1281
7943 6454
3520 7588
2963 902
7383 2647
4499 3845
9576 4991
1984 1803
4831 1481
4445 4359
9330 6447
8292 858
1143 775
2453 6514
9050 9978
3200 9386
4319 7733
8200 2037
3302 5490
6849 1472
3050 8670
3197 6337
9210 8532
4131 3872
8125 1334
5954 5285
5891 6932
4220 5747
9057 6197
7403 2767
4366 3268
9626 9322
8965 6978
1556 1223
6575 1407
865 3292
5307 7040
5759 8978
6092 3440
4782 1022
5221 7414
8961 9142
3591 8025
8247 845
287 3843
5455 4205
5884 9064
2374 6172
2827 9043
5142 6265
7420 2048
3102 3790
6737 1771
9296 6937
661 3545
7653 3894
9149 7427
714 7470
61 4468
3160 8195
4811 7333
8833 7880
8684 1055
452 7756
5587 9105
2488 1726
7475 5701
1046 1791
7887 5845
9130 2516
6780 3308
8721 98
6894 9511
8478 2578
1557 4883
813 4876
6064 7676
6838 3021
4979 2845
6431 80
309 8795
1737 3226
6294 7373
35 2380
3593 4634
2561 8116
8863 1042
4397 1255
4654 6371
797 3431
1537 6628
7197 769
7699 7233
1906 5690
8629 7324
8847 2818
3598 2395
2611 7758
5558 347
6495 5683
2340 9214
2816 8526
5151 1700
850 1434
3334 6036
8385 7674
4357 7444
1409 3042
7289 4123
3569 5624
8511 1708
8912 4312
4380 3061
4257 2951
3934 4860
1604 2748
9668 4903
4437 1410
1893 1372
4046 1327
9112 1808
6468 742
6667 4251
6278 7494
5071 8075
3278 9214
936 9349
8309 836
2035 5991
6856 284
6927 5665
5854 4144
7497 5248
7834 6260
7934 2447
2665 6136
8039 4958
6154 6071
1612 1203
9244 3175
9747 4693
9387 7078
4481 2266
9917 6675
2816 4654
7952 9012
8341 5484
3742 7520
6842 7372
8078 548
4513 9465
560 9132
4198 8098
8998 3479
2880 722
9839 432
688 5191
6302 194
9622 9573
7033 393
8221 8130
7443 9859
8978 9359
8601 8087
7841 5353
213 3363
8895 4355
9243 4843
7164 8099
5065 8417
5443 4178
579 9235
6093 8687
1768 3851
3917 9977
4160 1248
9640 2801
5798 1022
1108 1486
2089 300
6434 9740
4519 75
9891 2053
4255 6019
494 7739
6159 854
2432 5213
7038 4063
7635 2627
5157 586
6843 7205
146 5550
5045 8001
5694 60
9848 4925
5699 7065
1971 3623
4222 2689
6498 7376
6583 4568
4079 3105
5532 4581
5460 203
2438 7067
4633 3905
383 346
4273 4300
1910 767
884 8774
1376 2538
7601 1462
9154 7806
5216 72
6969 6023
4320 2087
2396 7943
1783 1247
9303 4010
4801 4556
8005 1472
1557 4560
3155 481
5560 4226
4764 8106
4087 4319
3278 3610
816 3629
4731 8341
6445 6359
9630 3716
6832 3660
9165 2428
7954 5508
811 8432
668 7458
4697 5585
8305 4979
3653 12
2030 4304
671 9387
8 3267
8702 9001
6023 8509
6786 6847
7940 6480
4866 6090
8683 880
3854 5235
9803 9204
5489 1378
1904 6159
4384 6592
1231 526
4318 8420
3756 6046
7479 6862
2817 5897
7761 498
2877 6304
4509 5761
18 5707
1258 7018
4760 9367
7597 1740
7417 6309
1725 3080
2710 4896
6473 2359
6546 9185
623 2272
6897 76
9085 1663
1656 6604
3896 1548
1850 7211
918 315
6301 1749
9545 1173
6143 1002
3388 3289
862 6709
915 1568
5874 7688
88 2629
7114 5110
8445 5388
9308 945
7162 7802
2565 6617
6051 9463
166 5907
8237 2504
2991 947
334 3527
9627 2983
974 8866
9146 3384
4290 1004
3832 2271
725 2474
3222 2756
2878 5792
7106 6563
9998 7155
994 5033
7182 1751
7826 5261
317 155
8490 8356
2663 6985
6091 5237
6377 8853
7336 4182
5192 685
716 5843
6554 4601
4955 3827
2050 1836
3303 9930
4856 3983
939 2563
7666 8188
3990 8133
7172 2669
7252 3576
3784 7766
6912 9641
5481 8615
6650 386
4914 7158
2778 1246
6154 4836
9391 1880
5275 1455
7689 909
3307 3297
6075 35
5359 6690
83 7641
2735 6205
9172 6020
2007 5980
1639 7571
3486 9596
9719 2971
211 1339
705 1181
6535 3142
5811 1053
1823 4330
5403 2875
5098 9318
3454 2070
4928 804
5495 8487
6043 2922
2381 9319
687 8883
1192 1757
4129 1176
3671 3119
3856 8089
8332 3636
8437 2926
3991 9221
7710 94
6437 4346
4710 9777
5427 2099
2716 323
8616 9472
686 7167
3627 4985
7525 2263
3187 9926
4540 4948
7914 2149
1251 8044
922 553
7364 3929
2970 1323
8481 6383
1646 4621
3841 7561
5313 4322
4278 2392
7195 3179
2911 5077
625 4528
9756 1564
6701 9703
4503 327
2236 5445
5442 4188
22 971
4686 535
4238 916
3718 5300
5220 1449
1153 3696
6824 657
240 2488
5894 9618
6038 8825
3453 7039
2738 2232
5246 7690
860 106
6474 9248
8562 6913
6441 9900
4570 5859
8675 8386
9879 6404
3841 6518
9795 9820
1750 6017
7960 9923
1540 5430
5966 1498
1265 5891
7997 1966
636 7323
4998 5894
9937 576
2803 452
9838 4026
5253 4906
7110 9698
3708 8288
7024 8844
3490 8079
6339 8814
2167 9227
1744 1330
7459 2175
4445 7508
9252 1351
7242 423
221 1003
2386 8622
4764 5895
6459 4619
13 1826
1943 418
6152 7869
9573 2799
3214 7097
1849 6226
55 8942
6540 4196
4631 3477
6742 8467
625 7854
5275 7837
7397 7671
9670 9498
5984 7493
8984 1451
2794 4103
9883 6868
5396 8073
5585 4248
8364 4546
2097 5960
7650 192
7802 7401
4874 9402
4883 1123
4380 3474
551 4346
5450 5245
3842 5340
7232 4096
7052 7497
5067 5550
7898 3118
3624 6152
6636 3156
9077 5141
4391 3710
7728 4970
3145 9207
7727 9383
2614 4223
7045 8078
3189 9237
3125 6418
1030 8115
9726 2866
5087 6926
2839 9607
6813 1998
8564 6390
6564 6806
2557 8481
3601 850
4577 2307
894 8216
1459 1370
6861 751
2734 5086
8114 9041
4228 9368
6157 4706
1432 9184
9866 8996
6662 6257
9290 2896
8771 1267
3208 1533
8009 6488
9367 4477
2680 3287
5327 4083
9054 4673
6236 7291
3177 4809
7717 9704
8514 2353
3649 5471
3006 1539
9277 897
3400 7788
1933 662
7976 1720
3998 3716
899 140
427 3559
976 6154
8321 2142
68 4591
640 465
2429 9846
1354 4203
7491 272
5443 1397
195 7728
3776 5033
6329 777
7087 7949
3156 7541
4262 9266
8013 3750
1895 1954
1048 4272
5712 381
3393 474
6075 107
5809 8866
4394 9523
7557 1227
9639 8271
4553 730
1448 9703
7374 2990
8619 9000
2884 7130
7953 1611
2457 6027
5974 1313
7107 942
9807 1152
5255 7548
9109 9151
6165 1592
5134 7731
9465 4403
9154 4278
9429 936
6239 5452
8687 6028
390 9026
5054 3407
2890 648
7391 8444
7255 1697
9356 5216
7903 6288
9829 9636
8393 2709
1870 4836
9994 4933
9708 9077
9391 8920
3295 1348
5894 1025
8252 5965
4179 8316
1649 8524
2480 7569
2446 8098
8510 4917
1197 8167
9015 3022
3700 9186
4947 5189
4884 9488
7665 3435
3495 9320
8793 1735
4086 3806
206 6530
4751 3844
8131 9483
2207 7986
7791 7032
9580 7597
6369 8653
5201 8150
5465 6567
1013 5484
4078 6119
2170 3782
6949 7502
8094 6909
8923 302
7414 118
6838 6158
3987 5696
519 1367
8064 4012
2766 8659
2872 6885
9801 2292
9305 6014
7695 4416
6522 8270
893 3523
3218 7890
8746 4957
3691 8885
4608 8538
2399 1230
5764 1100
164 1775
4871 7866
4679 3988
5568 7480
3375 1429
4901 1418
592 7561
6260 9847
5518 9887
5927 2503
1236 7874
5092 173
2549 7906
1247 1602
4411 754
9268 3224
683 5424
6860 7351
1751 6844
9413 7512
5138 509
3439 6585
4850 3128
8251 8964
3834 8754
7753 256
7478 6797
898 1851
5386 9319
2353 588
4001 1136
4386 1675
6024 3091
1425 4738
7851 9366
7268 1759
4629 5095
6595 9071
9652 9968
1039 7723
1902 8464
5938 2880
9781 7982
92 4958
6594 401
8350 2382
8855 340
8887 6159
3885 3061
8602 1953
7915 4124
5257 6919
1045 3934
4597 9775
491 8308
9017 2843
4578 9643
3067 8278
9178 242
3495 2394
830 7433
150 3468
4064 8564
5752 7487
2567 675
2859 5284
2967 7631
3104 4063
3093 9641
5956 3653
8084 2597
4278 5035
4737 121
291 6586
7320 519
980 1660
2606 4817
6430 3024
7599 7709
4222 292
2794 148
7707 337
9388 978
2971 9271
7669 6622
3103 7947
3395 3314
3390 1901
1936 3467
7512 5026
8491 6877
8032 5023
3750 2346
5744 5147
6083 5377
9957 7218
9645 2114
4729 6776
943 1629
7402 8749
6981 3568
9612 7353
5835 5031
5723 8139
5257 1010
6923 6999
6502 1589
3225 4027
4805 1282
9529 936
2609 4724
5523 1903
6791 3870
6173 9256
1668 627
5486 9941
2191 7498
4180 2570
4648 4039
901 3535
704 7825
1932 4603
9599 9367
1552 9653
6973 6801
8300 129
8047 8344
3350 7334
6546 6874
672 4689
835 9280
9735 3870
5928 8959
4562 1514
7718 3683
9058 1686
6956 1687
3284 2468
2187 7127
2081 4645
4660 7980
8831 5852
4510 1618
6757 4021
2306 7951
8069 4317
4614 2478
7564 2127
4503 1609
3078 2940
8438 5673
1932 3800
4759 2473
4329 2336
1523 7691
915 4025
2561 7911
5754 7585
9336 4214
2753 7054
4790 5290
3876 8442
8654 8611
6188 1036
9442 7866
3640 6052
6463 719
1697 8844
9238 565
6732 9549
5418 8101
1968 2280
6048 4167
6574 1985
7618 8022
6094 7112
7537 6759
3802 4150
1608 4425
5361 2791
9179 1760
9445 2392
1017 1897
8842 6998
7371 8273
798 5990
408 5821
1907 7759
1829 9400
8387 1305
532 6273
2933 1274
22 3801
2599 2600
328 7516
9319 4138
3946 9787
4439 3002
9187 1970
4897 6461
5210 7707
5887 6823
3533 565
9159 1178
2446 4819
9372 6501
3057 2829
2121 3790
4119 5471
8141 7259
5166 9036
3297 1652
3844 1359
8926 8863
4533 4093
9102 9555
9174 7878
4378 1414
2035 907
6204 4083
657 8787
5866 2362
8059 3626
6608 6665
709 1316
9760 7228
7580 9362
786 1391
5576 8735
4685 5349
5660 1697
6384 932
7242 9353
7984 6560
7489 4484
8472 3620
7596 4709
1480 8946
3575 5380
2437 9745
1972 4357
5848 4942
9179 4011
8956 7385
1521 5555
3246 1193
2031 6956
9087 5193
7667 6485
3889 7077
4423 3432
5914 3071
3387 5684
4337 5524
2476 3092
3161 4700
5687 1031
455 4220
6381 8846
3684 9057
7700 1084
1021 3019
2795 1323
3257 6067
8773 184
4133 2080
1189 2132
7340 6965
9717 6637
9614 9931
2797 7726
9034 570
8587 4755
28 1848
7835 991
8218 421
7293 6631
9120 5949
8846 1542
8151 3468
6352 9737
7482 6884
1373 6929
5183 2722
2455 7382
4110 9788
8090 2329
5233 7313
3108 951
9047 2252
6549 1774
4051 3553
6282 8153
8178 5846
2887 258
9279 4036
7447 5665
8137 9171
8706 5449
4016 9872
3457 3915
2639 2211
1930 7592
6817 7529
7627 9353
6576 6272
4739 3768
4561 3777
4232 7327
5806 9626
7088 5422
4069 4844
2901 6644
6636 8351
4839 2232
4518 2356
8452 8681
2395 1294
9395 963
9766 2138
2745 7334
9063 2832
2982 6634
7012 962
9328 1440
6868 807
1759 9140
676 6630
1278 6531
3836 4920
9837 7688
1258 234
2026 4637
2563 8365
1213 1234
2355 6300
4427 4489
762 8480
9517 1694
1431 4838
7252 7140
4875 5919
516 4658
1202 732
8746 529
4980 1071
8314 3183
707 5765
1636 8581
3199 4353
3938 5188
1335 7691
1632 5886
1372 4843
3399 7220
3557 3719
5670 2090
1565 7006
3909 7611
682 5162
2365 3556
4978 5369
4210 3463
2381 7473
3656 842
2038 3095
2478 3753
6435 513
9982 8831
1031 5503
9593 7854
6070 9435
1735 2916
7382 4403
331 4985
4488 1120
6168 1624
1330 8294
1115 9456
6539 4443
6090 6923
6256 495
3226 7483
6133 5948
7100 1924
7834 2003
6243 6163
6097 7445
8821 6887
2287 8848
9765 3391
4372 7451
8840 2413
3473 4579
5915 8882
8339 3455
7069 7459
7423 6029
3291 7960
2372 8188
4427 4350
4803 4699
8379 942
8595 4105
2166 1201
1328 9435
8325 1962
3992 6753
3911 3902
1538 4665
3050 6805
8076 3503
5854 7425
388 9760
6664 877
78 5392
3144 921
3691 3747
1081 1722
8140 7667
6059 4511
6220 2655
8978 5821
6963 9777
5557 882
7092 9305
29 6054
2082 5172
2718 9269
428 6207
3076 1339
4400 5929
2089 4441
6770 8012
8214 7520
5221 62
7818 1099
3869 689
7471 1011
6922 2195
358 2587
3665 1183
8139 4455
3612 9587
7358 1328
8368 9674
8119 4007
324 5856
6155 8938
314 9258
6257 6611
9588 2421
8646 9058
6235 8188
4746 5945
287 392
5259 2563
2503 2258
7446 7364
237 2539
1736 5632
7475 4994
5659 3743
6826 7315
5449 9681
1136 8607
9086 6762
8850 3015
2577 5838
9387 2103
7213 5011
1032 3682
8709 1135
4869 1413
8951 2879
9880 132
5494 5334
5131 10
5898 1768
2692 2661
2265 3462
9173 4636
8234 2994
4253 3920
6980 2193
9407 8711
796 8442
9907 3004
17 381
6497 2268
2741 8110
5698 3518
3231 2759
7433 7634
753 5974
1382 1229
2284 6633
3459 3933
3695 8623
9363 5827
6733 3578
6590 337
5850 3626
3701 3413
8720 3137
7387 998
7556 5396
4585 5474
8769 3266
1169 1591
6688 9664
7369 9077
5590 4605
350 5815
7699 2955
2033 7335
3751 726
6906 8482
6201 4207
3103 3976
4314 1110
7143 2358
7576 5899
41 3395
87 7955
2403 1595
8992 3692
114 1933
9384 4156
6222 2869
6444 9417
385 8198
5256 1444
4697 5121
6484 4208
3594 5509
7827 4681
2539 1510
6379 2965
1885 4595
3564 4208
816 873
7302 9953
2765 5289
3516 6582
3621 4120
1638 6495
3272 1257
2933 6838
9152 8959
2812 3543
4339 9007
9271 116
1882 2640
3609 6252
5007 344
3975 5084
343 9928
310 5363
6318 5798
1211 171
4888 9778
3721 4532
5736 6002
6946 2027
4934 3371
6360 5747
6660 4217
2513 7648
7949 9518
2589 972
8279 5788
5152 8448
6066 5483
8767 7404
2389 7940
2877 9
2761 8329
465 3331
7588 9659
7341 517
6373 3048
8513 3741
183 8301
3386 7469
6456 9912
6256 4245
8566 2738
2140 1751
7254 8644
789 6633
6574 929
5997 6763
275 5420
7711 7551
6578 1550
2100 134
6213 1245
3868 9201
9771 3819
9204 6728
5795 5660
3996 6517
2979 245
3607 7646
1167 3215
495 8519
1833 5095
7742 9886
6581 8858
2709 794
659 9283
1908 520
70 2454
7247 8197
2896 5664
6866 6286
5453 1482
7452 9490
2905 5213
2674 881
605 3439
9865 7094
2179 7783
3948 5804
7074 7022
9459 8746
3139 9630
2205 3020
1440 1024
1012 1015
8508 7539
1299 9351
4193 235
7221 280
3900 5373
6438 2873
8913 7842
6109 9260
3515 2134
8340 8705
8322 3905
8836 1575
2127 329
341 1900
7062 530
5421 9102
4043 5546
8878 669
9427 5551
2701 5845
4098 834
842 3943
6949 728
5120 6000
6534 8630
1264 8819
1394 7764
1853 1092
6135 9735
3566 6319
8086 9759
3792 1853
1599 5859
9541 2015
6750 1064
3785 7941
6635 8397
1203 1296
1652 2928
4996 3847
1672 6022
5699 5334
3433 703
7213 4546
2048 9304
5082 3607
2555 9512
974 4265
3582 7354
3024 4974
2910 4187
4061 5224
8313 5931
5945 301
2873 1716
4943 1539
4250 4047
2847 637
1651 7769
1256 5457
6679 792
5986 9242
1492 6519
5458 5173
1263 6691
7001 5545
444 5837
881 285
4813 5777
65 5844
0 9796
3122 5868
5203 2638
1358 4302
5223 6540
9796 2522
1471 2613
6040 4409
9822 8289
1692 9127
4749 711
3928 312
6884 4607
3289 4357
7181 4135
2357 8865
2484 9721
6009 5764
5949 7787
8738 7518
435 5258
3452 9949
954 8960
4878 3724
8584 6762
7292 3196
5488 6999
7567 491
7864 5625
8924 5013
4882 9083
7234 1520
8311 1384
6748 6254
5720 1992
3298 7263
