9090 9089 564614025824588474 3557 4
448 1
8924 7184
6030 8481
204 3774
4384 1150
1411 5155
2017 6418
5808 6344
4233 3300
3630 1784
6577 1237
5804 138
1718 7254
5847 1296
5391 411
1184 2734
8163 8704
1941 8362
7494 6598
2971 6679
2816 7658
2405 4187
3122 3296
7742 5118
1822 6536
1503 1493
2116 560
1815 364
4392 8853
4596 890
1100 262
4485 6928
2870 4966
2749 6515
7819 8387
3434 8315
4421 1444
7340 4201
8679 6106
2900 3218
801 741
3301 1852
3723 1236
2737 1181
6007 2165
3535 5866
1763 4645
4076 5168
6082 5171
3769 3823
318 8575
5289 590
1199 6049
5979 7904
3672 7235
4383 7555
4882 6145
2334 5891
6825 2606
5189 7364
6597 3294
3235 7558
3409 1267
1421 2349
8488 4524
7806 6172
4491 5236
1501 4328
8943 6345
4734 7572
3974 3313
4399 6578
5528 4003
7994 6740
5361 8105
153 1103
2416 6436
8275 8484
704 3657
3518 1994
187 1540
1866 2082
3800 3882
632 5764
1353 1820
2527 8043
1171 1573
3002 4113
3177 520
8088 8315
285 8106
6326 112
7802 6257
3357 8076
1344 600
6562 3990
4081 767
1439 2582
4869 4604
4085 5000
6405 5662
7860 6901
2169 296
8161 1889
6087 2618
3883 749
8479 1428
108 5959
6021 5836
7629 6855
8837 8742
7288 4534
5648 570
4121 4527
1159 7766
570 3292
1826 1639
7386 3856
1915 3369
979 6865
4666 5554
8121 852
386 2469
1352 5774
8564 2010
2094 8966
5274 3091
8994 4800
7607 6520
7404 30
6868 8231
7438 6618
8489 5623
5545 8518
5725 1213
8199 6513
4940 7234
5624 1020
2775 9056
3292 6725
8679 9052
5883 7844
718 10
4954 8767
2073 3212
1923 1024
7456 9082
5727 5788
8136 7827
7497 7552
787 1071
4709 7273
2581 188
5953 5495
315 4126
5949 3094
5685 1660
8551 9010
4004 3980
4277 4039
4966 3745
5441 5319
7311 2177
2304 7976
3631 6675
4649 615
1510 7469
2271 8566
97 5915
5143 1061
2189 6941
6138 171
636 2990
1848 4212
7269 2868
7488 3197
4139 359
8562 5753
4805 4343
5301 4452
7803 3386
5458 4257
548 2498
26 4023
7287 6004
6872 3254
8673 7291
2461 598
5067 7589
351 8695
4681 3325
771 8527
4354 7023
1703 3274
4958 4014
7159 7003
2231 6321
2549 7598
9001 5654
8670 6958
5646 5964
199 3625
3390 1176
1596 7466
8150 619
1084 6293
3735 8207
5934 8796
8916 4352
1150 209
3562 8396
5311 8889
3514 7332
8995 4458
2018 3100
3915 5055
2207 2546
7619 4147
1543 8859
4599 7997
8329 6707
5570 1202
8480 5467
2683 479
6567 7797
5292 5565
2333 3162
8816 1627
762 6770
3753 7067
2889 4942
8475 2572
890 708
3000 6407
4430 6080
6899 8340
5974 4338
8110 8023
7715 4657
122 7481
574 5349
5173 5589
791 2676
7416 4193
2234 1374
1832 7183
1601 2611
934 8850
6214 6787
5708 7972
7986 597
6310 5842
4654 3886
7246 2571
3288 5402
8137 5927
1160 5744
7180 6383
8081 4015
8854 5980
8042 8253
2818 3928
4011 4183
4278 8024
4793 3386
8232 1548
7072 860
5307 4871
8863 2812
7592 5398
5944 2173
3241 1714
7702 6093
7315 4034
4375 660
3337 1851
6766 3084
5233 2989
9035 1275
1945 1050
4250 1862
6944 6407
8634 1959
510 8241
9057 8078
6859 8592
4390 1202
3353 7291
2763 2896
4825 1770
2543 5897
4948 4713
1109 1108
4502 7243
1006 2196
3287 4066
5813 489
7452 1595
7662 7586
5882 5703
5831 2821
4969 183
493 3767
8590 1125
4836 8469
5633 4246
919 5516
6288 1618
6048 7759
408 1154
2802 5751
5310 8398
1982 2794
7580 2732
4640 6176
565 2096
3584 2170
4842 8878
4416 6533
1731 1341
2829 3032
4940 3615
615 7860
8494 4874
4141 6031
7747 8301
499 8303
7454 2594
5722 5508
8364 8909
8816 8874
2355 6283
1967 7189
6599 5356
7236 8861
1218 781
2899 4003
7102 1252
6810 8400
3807 1755
6110 1351
5042 6913
1320 2375
486 3054
4612 3382
2398 7363
903 8189
5824 1325
7154 7500
7208 3620
374 669
2006 3695
4586 8411
2100 6171
3124 2217
3703 5731
1763 1041
8559 8203
8619 3674
902 7204
6540 2299
7645 6418
2034 2963
8717 6989
96 55
7036 8905
4729 2018
527 6629
2530 9005
8222 4993
7505 3702
8135 2976
2756 4865
8188 7421
384 1417
6465 7623
6277 7542
167 7438
4359 3933
127 3830
6201 8974
8119 1960
1840 5678
6032 8787
479 3073
1179 4507
8630 7402
1637 6896
5317 836
6436 1982
4200 7393
1357 3762
6927 6826
8789 8266
4893 1119
5573 3502
3280 2141
4419 775
7120 749
7661 3425
3837 8902
7346 1626
8336 2379
1116 305
619 3117
3063 7032
7167 6428
8359 5459
8008 7831
8748 373
8571 3624
3259 4323
606 567
1567 7945
8184 3534
5442 8156
4848 480
8079 3655
1086 2710
4891 2411
1827 8819
1362 34
2687 5427
6672 7366
3087 5889
1737 7822
8180 2811
2205 8200
2980 7618
2389 4852
2071 2447
1347 410
6143 6734
4845 4534
846 5480
7337 3809
993 1500
7345 2805
3319 1284
7573 3467
38 3891
4664 2792
833 4222
2970 1490
1290 5053
8069 7936
7256 5165
9042 6977
2154 2956
3163 451
8142 1804
5008 360
2886 8538
1004 5218
4604 5709
3553 5077
1373 5945
3328 275
8322 760
8553 9011
2972 1335
8686 5076
1934 2194
41 7164
2054 6765
161 4008
2905 3306
6306 4610
7087 1091
1721 6883
4001 4595
6490 106
6377 7555
439 5650
6663 229
5913 6316
2198 1609
478 2601
3601 1389
773 6829
8698 8157
2891 6822
3245 4264
2253 1267
7697 655
6154 7680
6806 4440
8624 4509
5475 1135
5843 1773
353 2453
4748 2553
6128 5982
6347 6646
6942 8229
7349 6428
5372 8406
3049 5874
482 7306
1928 5593
6591 3208
4547 4075
6724 3609
2919 6495
5809 7185
8455 842
6935 6411
6293 1518
6398 7921
1837 8829
6487 7085
8357 6950
2305 3411
257 4859
6742 523
2026 7641
796 6145
5430 2658
2211 459
6498 8952
3213 8680
4847 7567
3174 8531
7478 3467
6346 6054
5837 6730
4731 2400
1586 437
281 8840
6437 190
5713 6949
6833 8052
4005 2730
5290 4603
118 5243
6619 3895
550 3145
835 7892
8618 1454
8756 3434
5634 4334
1538 5494
5273 8264
8748 1720
6580 51
5293 7940
216 4875
4365 5397
7003 6313
602 1123
3689 2438
966 8926
260 1322
7552 4244
1364 7426
2972 7270
3582 5608
4466 5492
7094 3217
414 3947
2195 1053
4891 6721
6539 5341
6771 5151
440 5306
4951 2978
4515 5133
7781 6983
5707 8043
4156 5849
8860 5676
2706 6755
4301 3854
8461 3592
7138 3681
6356 5135
3880 1868
323 8770
9071 2824
1739 1242
521 5394
4448 564
2184 4245
6176 6969
3437 4851
2427 6121
591 756
5577 1987
7941 3604
1463 6615
6117 6230
3442 6553
1787 8226
7295 74
4798 2512
8881 7975
5700 8251
4634 7634
2315 4056
7513 3479
6288 8462
1634 1904
6768 7010
3901 7411
8585 8426
8282 632
7079 6353
3187 7338
2938 3168
1048 3849
7163 510
4642 5306
4143 2360
4921 7518
1017 4673
4997 7899
4576 8896
7080 1055
8190 3077
1837 666
4279 1513
2829 5453
5833 8768
5124 4927
1692 2726
3643 2067
8784 3367
852 4409
1126 7410
8081 2684
6421 5783
7517 3259
7919 307
5724 6397
7518 5284
6521 6097
8079 1342
621 334
5680 6748
5792 4134
1398 5671
7895 3605
2055 5017
3213 4794
7358 836
2106 7955
6444 7809
2542 4243
4194 4076
4282 7557
585 5971
5613 616
8125 7807
2254 8060
3935 6057
32 690
438 1188
3257 399
96 7686
825 2861
3491 4759
7427 2353
8754 3600
5051 4206
1281 1094
8351 6443
2552 3713
9022 286
7672 6772
7738 2303
1924 3697
6702 2946
3868 2462
4069 943
8728 6015
8208 2420
3164 788
2023 2815
201 767
6887 5963
6228 4297
8701 1458
6876 7526
3521 7354
7326 4735
5119 1879
440 9017
5513 2253
4091 8225
1054 6760
1812 6931
5475 4048
4817 5259
5287 5210
7160 3579
4848 8268
1355 4207
8375 7913
5655 929
8046 8840
937 5050
3245 8877
7190 8769
4332 3916
2770 5770
6796 6786
8795 331
2395 7468
281 997
4480 8294
3053 6831
4336 3977
7412 3682
4584 7261
534 8760
2727 7134
6299 3015
8771 4061
7785 3298
7870 4410
6124 2244
7830 6332
4526 1665
4194 6398
6476 8904
7270 6431
8729 5375
7908 7602
2380 3563
6711 5601
4162 210
8907 8449
4621 336
4419 5633
8289 94
4847 4255
4652 4862
6583 2702
4614 4851
2022 5586
1372 3270
7996 7297
3821 3385
4188 842
4846 1117
5739 4552
6285 4788
4733 3806
3313 3068
3387 2621
2665 5366
327 8234
7144 2012
6996 6918
6777 4448
2402 8220
1054 5416
2682 2072
7707 6131
8715 1242
2281 1562
4161 4215
5604 1039
3840 3119
7280 6269
1905 8413
976 6656
2690 461
6563 2950
2941 2760
2583 3055
7897 2128
6213 3033
3662 4471
5664 7312
5120 3562
6249 1089
4954 1450
7805 13
8354 8289
4482 5349
3105 7351
3002 5404
1188 3384
7676 4101
4136 7450
4327 8917
4988 6394
3362 7821
7352 4684
6728 5738
2813 4349
6469 6601
8750 3343
200 9032
8379 4967
3944 4679
4420 7926
3327 5902
4660 369
2073 1072
3744 4082
5422 8683
8155 6151
8445 4952
3906 5826
1702 4823
1098 7165
722 848
3856 7162
1879 5210
1073 5972
6267 8878
2347 189
5999 411
5679 6152
2877 5314
8185 3309
1415 4434
5578 5592
1331 5858
1954 6869
952 1717
4844 5336
7825 4702
6182 1836
699 2505
2670 5031
6534 3350
6511 863
2255 2698
1912 1647
4072 7192
4094 5474
2038 1125
4661 1536
2377 7671
7489 1957
2210 4778
6011 6065
2362 8229
6354 5943
7975 4085
3506 5738
664 7965
460 5363
3331 1792
7945 2628
8121 6154
1732 4747
1161 1986
7373 8530
1248 8450
7720 8710
446 5297
2199 295
7631 45
2224 3777
8366 72
4444 2419
1044 5395
1144 835
3017 5725
1654 7442
5464 4434
1091 6102
2430 2083
5190 1605
7956 6181
7870 3470
2440 5947
5507 6077
2922 6874
6409 4962
6323 7816
370 5221
32 6222
8526 4746
1433 30
344 4387
8426 7849
922 8141
8292 1057
1159 2091
2717 3878
3156 8632
6722 1657
6568 6270
6497 7585
5933 2343
5652 1522
6788 5368
315 3669
8468 3792
6165 6708
8996 5792
6692 7745
8280 8156
811 763
5013 3904
7025 8825
6205 4367
2136 9025
1040 2448
5357 5325
3130 5842
1273 3284
8962 3340
3760 3966
4778 8108
4845 5720
6661 2383
3012 6439
4573 8327
1610 249
773 3398
5381 5802
8606 372
8775 7259
1492 6921
4340 6432
8549 6085
7494 7031
1138 2306
8633 5268
6639 3760
7136 1725
6460 4832
6654 5949
6035 6227
3202 2171
5526 678
6815 4
3151 6201
3981 2969
3544 8805
6178 8547
1737 899
4720 2858
6004 2512
1171 5936
9044 819
6739 2340
8981 2005
4729 1569
5377 857
872 5717
2234 4276
8781 2720
840 3829
7596 6006
6912 9089
4505 6972
529 6283
4102 3029
4738 6101
6155 213
3830 1875
716 2741
4292 1574
4523 1931
718 1979
6339 2508
7668 7357
3092 3865
5589 361
2004 2710
412 3463
5497 6030
8175 2628
3712 8207
3422 4941
3334 5537
3902 4281
2181 7123
365 7048
3721 4581
508 8545
700 3398
6634 3620
6971 2340
7130 8369
6220 2764
597 7854
5663 3155
7556 5231
7588 593
342 3639
6799 5249
230 939
3627 718
124 3380
7089 1772
103 6728
2300 2156
6726 2461
3132 8102
4530 7564
5658 4996
927 5274
373 1662
4271 1673
7098 1912
5193 4066
6862 6827
4058 7215
7907 7117
2513 6487
1256 7967
5331 6415
6051 5388
3726 7569
6107 906
7076 5551
3357 3854
7574 1909
7765 2747
6010 2849
6841 8762
7005 2151
4261 1322
8250 5931
6113 1245
2502 2397
9063 2150
490 2395
2545 5573
225 2054
3635 8490
3773 8915
3690 1346
2836 7341
3646 1844
129 2206
6957 3261
1448 6683
88 6655
1858 595
3174 922
8751 1618
8258 3381
4163 7499
7914 1462
4192 1668
8213 5830
4052 1186
8359 3041
3648 1454
7008 5349
1994 8685
6145 2377
7280 3138
3937 989
3715 848
3182 401
6324 3579
2168 1348
2200 556
4922 860
5904 4520
1148 8672
5867 1836
3659 5956
2311 6679
2080 4308
1131 1498
8397 6328
4860 8995
2959 2987
5013 2681
8836 6722
861 2210
1964 3617
2368 3615
2569 8453
1339 6991
4282 6264
710 580
1147 8865
3866 4197
978 9075
4478 5535
3801 1280
8753 1701
562 6960
8284 1805
7509 1955
6085 2452
8635 3109
4578 3688
211 5072
3553 4177
8516 5318
8063 5691
2942 1710
2535 7391
3366 3699
5398 4186
2367 803
1372 1030
7311 4522
6294 4080
2041 2482
5129 789
2992 5487
6002 5540
3956 1153
4127 2475
5140 4227
5015 2366
1025 4506
1037 1494
7730 7504
6214 2160
7713 7721
3162 3105
3899 4913
7135 3617
4510 4014
1865 4693
998 6338
4640 2046
7944 5093
3464 6419
1400 6850
131 7371
2167 6510
8165 1186
4307 7492
2754 3782
2201 5668
1554 2775
4476 9086
3314 6758
4497 485
3389 4429
6251 8154
5983 5077
2131 777
5085 2133
1880 5666
5464 8499
2802 6605
8870 7574
2669 8267
1566 4046
3849 4424
5091 2034
6793 2076
6893 6403
8631 5958
1202 7104
1255 6905
3912 1730
1491 382
8305 2617
6545 8433
6197 4458
650 2363
7437 6890
8373 7812
2966 905
4234 5260
7689 6415
6590 8644
261 2384
2241 3892
5228 1630
5489 1493
8091 2696
7141 203
9076 5937
5700 119
454 4454
1525 8347
8070 1639
9047 8772
205 5399
8820 579
8083 5312
4867 2616
4287 3798
8340 4596
3484 8464
4918 5149
4087 4121
8867 2682
8343 4949
3260 7326
1363 4586
3500 3147
4596 7417
8149 1826
5491 5376
2533 8460
2081 8689
5456 4795
4841 6920
8020 4294
3977 3651
8960 7516
1674 6868
2526 4748
2459 3541
7 7677
4119 4427
5420 6764
6825 2137
845 712
2424 7878
852 2856
8450 8093
5317 683
8012 8156
5675 7546
6414 6708
169 5314
8513 7575
3593 3389
1278 7948
3128 754
2522 4145
8673 6343
3584 4811
5669 1952
770 256
7199 4082
8114 320
7957 8580
1886 2118
2646 8661
7750 5205
6529 3655
2868 4835
1782 8340
4302 1194
8987 513
5223 938
4600 3985
6088 2069
1382 4893
6661 348
5954 748
2641 6936
2087 9024
2309 3720
940 5300
7052 5098
5 8099
8136 6425
7543 880
2302 1933
518 450
2546 109
8230 1721
2085 6361
8087 7388
4020 4723
5758 5388
9045 320
1682 2150
6821 7097
1465 4325
2995 5364
2243 4689
1747 195
8060 8958
1586 1282
2974 3518
6739 7195
6506 8443
5988 3490
2575 59
9050 8311
3101 2742
3070 5686
5087 1453
5553 3256
5632 4615
3479 7157
2102 6849
39 8033
1337 1283
2817 3194
8131 6750
3472 4360
4370 2758
1068 8293
7645 4489
8546 5131
5883 3756
3620 3589
1748 2521
8696 3055
8202 422
466 7624
4035 3104
2208 3113
8492 1499
8513 2300
8972 2442
7058 2708
8949 6841
7769 3788
4070 1317
271 7994
4081 8395
6388 3315
4224 7044
1330 8165
5165 532
1201 7761
7880 3396
3770 2135
288 7745
4995 8517
6321 4331
951 337
3973 7147
4371 3553
2548 5271
8857 1657
6362 4318
3133 3956
2103 8259
7589 5585
3476 2123
559 5506
3214 8396
5433 3333
156 8439
3067 5000
1851 6029
4465 2986
782 1264
3742 824
2645 3294
4380 5390
2503 258
6148 8920
2711 5412
4517 3712
8511 1981
7113 4799
7959 3360
1193 1299
6342 692
6674 5827
254 9040
2047 3373
3646 2807
2814 4352
689 4203
7201 3622
8643 8926
5743 8703
6992 2679
8452 4648
6506 2068
7361 962
7357 5134
5340 7774
759 4107
4975 8015
3263 7318
309 2934
6990 4718
2013 1161
3569 2702
4602 476
31 8686
665 7481
8840 6102
222 2305
7940 8599
7680 2820
6913 8271
8286 6836
5842 3995
7922 4887
6350 2748
1253 9004
1960 3849
2473 2490
2228 2619
8936 7970
6423 419
6092 6717
2925 1705
4141 3382
4844 7320
8269 1518
8982 1593
8532 4337
3023 7980
2747 8006
4196 1853
8876 6844
7591 4658
8721 818
2871 6532
6179 1996
8728 211
4641 6770
1990 3726
5527 1050
4301 7532
8586 4105
40 2822
4959 6586
642 944
712 8135
3112 1347
8993 6260
3866 1262
722 2458
2386 109
2650 4210
5800 2982
8324 6112
2319 2801
7509 5726
3650 2056
8121 29
1376 4512
7967 3783
5142 1216
5012 2717
3047 7705
4043 2852
1215 6279
6503 7206
5202 4600
7200 2254
8567 8250
8774 4557
8343 3107
4520 4975
8176 1901
4900 4493
7261 2471
3717 253
3720 3134
1839 3226
2202 1771
5300 1278
80 1045
1865 7731
5038 7522
990 4958
6417 4351
6026 4203
6330 2959
6509 2126
1404 4148
2488 7119
2503 5643
665 3169
3945 3754
5261 7341
5626 329
1552 3988
3405 8650
1968 3724
5703 2680
5051 7090
6540 1793
5083 5791
8536 6219
4708 6872
3332 6369
3534 6760
1425 5350
8704 6984
3134 1161
5914 6239
3599 5715
2325 5488
2640 3780
7392 8339
6911 6640
1065 5411
2365 4416
103 7263
8146 5355
7545 2634
8592 2787
2635 1685
2723 1818
8112 141
24 4868
6069 5738
1525 1446
3419 1104
5446 8104
8560 5222
3206 4167
5967 4295
2895 4902
5820 2728
7017 7108
8550 3152
4456 1772
6489 7032
8486 2619
1937 2403
1303 2394
5828 7541
2692 3528
8706 807
7232 2825
5601 8895
8001 366
8674 3425
551 3303
5342 3397
2872 3076
8352 6418
3840 1597
6555 961
317 872
4678 7596
8670 5957
2735 3028
406 8821
8806 5531
533 6230
5560 2175
3130 2496
5019 3971
5140 1426
2265 9021
2385 6487
6485 5701
8454 1337
5846 4766
8434 4629
3148 2127
4154 6218
4721 6684
1443 2884
935 4498
3525 5399
6764 2434
2619 110
7823 3679
2703 4412
1243 3586
5468 1699
8593 7820
3049 2639
4730 3818
2538 825
4324 9088
8096 4772
6504 6707
8056 5476
2918 1473
3598 3584
6470 6547
8506 1033
4447 4949
8630 7845
160 1512
3193 4118
8837 5888
7476 1565
6513 2663
2269 1699
8964 8700
5226 5135
6072 226
2469 7808
8502 4873
6066 4711
8865 5373
249 286
4168 7524
2997 4009
2880 3874
2669 6498
2639 7614
4318 6110
8967 7790
6167 921
8070 7321
7775 7560
6076 6543
2608 9082
4426 4422
5485 4245
8109 7988
6706 2771
1435 6259
8401 1157
5030 2493
4866 4807
3019 8577
4635 1887
6881 3817
5767 5106
3955 4576
2926 7885
3630 8232
6505 8612
8630 8083
1648 8901
8440 7707
4945 8139
73 8104
2908 4075
4047 7498
5444 7572
5291 8956
2573 2485
7813 488
5117 3063
4359 879
4855 4363
1106 7818
4481 564
8292 9031
3088 3717
8649 8425
3167 6067
5627 4786
7414 2002
5588 7260
8184 7601
8690 2775
5589 1457
4837 5081
7088 7520
7508 2959
2322 1496
1581 1443
1911 180
7829 6631
8880 5939
8045 3604
3144 1690
8217 5802
5557 7740
5252 5796
4283 3667
2589 148
3569 1862
8974 6640
2795 3654
5780 9024
2854 3766
3494 7393
2153 2408
1541 8012
5083 1911
5271 1187
65 6173
494 1628
2656 6622
6403 8018
4090 3912
2043 3233
4264 6811
2439 8348
8390 7140
1344 6002
3536 3249
8737 245
789 111
465 7525
1669 6064
5169 171
8749 8291
6270 6920
2953 2101
7075 5428
6490 3978
6348 3340
4085 1936
5324 7115
1181 1500
6904 4388
1292 9056
3853 3181
5977 5733
8617 8197
3365 8823
3228 2790
7638 3952
78 4140
8729 8640
802 6510
897 3734
3830 7943
4168 965
7884 8583
5313 1092
232 2833
1972 603
4379 3664
2102 2001
4820 8365
859 2561
8087 137
2724 5820
5626 2374
267 3491
7031 5448
7110 2558
5518 7172
1563 1856
5213 8349
3171 7286
4061 8519
2276 7716
956 3083
2394 5488
822 5567
7974 5669
6491 5690
9044 4583
4541 4795
6888 7989
8238 4161
8017 772
6016 19
3320 3274
8367 7353
2998 3658
1406 4226
5477 8111
222 8389
5193 8659
3874 2459
8701 8740
380 1697
7382 8648
7110 7545
1638 5090
4616 7395
6952 4984
5073 6570
3821 3241
8039 7634
8563 2409
1231 762
6468 5282
5630 1302
1402 7127
7857 7125
4857 7464
3423 4792
5621 1165
2738 7937
5601 167
6730 8134
8663 7948
481 7055
3448 1129
4537 855
8115 5998
8300 7969
8574 4850
7431 6573
3286 8981
4260 5872
8370 790
3892 147
2782 6111
3052 1849
3298 7830
4756 3255
4111 8379
5969 1802
3463 3133
4063 5383
2555 343
5906 2136
811 5316
3944 4382
6643 6703
4281 3179
4896 5443
7353 7818
2845 1062
8750 4350
1056 7481
4169 6492
5980 5683
6635 738
3086 2241
3926 3646
8737 5895
4780 1575
2928 7296
6052 1590
4820 1527
3349 4992
4213 8334
2021 6291
5201 7294
2892 4413
8556 3668
6842 3184
6654 1897
4944 4403
249 2964
8322 8384
609 9041
3812 7443
888 8705
2030 8916
813 3651
7549 3195
1741 469
8114 5193
5234 2992
297 4764
4151 6126
7821 8826
6486 0
9043 865
5447 6874
4654 46
935 816
6222 2095
7802 3884
2896 8152
8086 5970
6198 6926
6149 1303
710 8530
4078 7440
1492 8305
1279 7109
5514 7961
3442 4867
2999 8875
5290 6377
2029 8861
5509 206
8350 1258
6312 3147
6269 4131
6499 1186
549 8542
1814 464
7231 5935
8090 900
7177 4288
8027 8473
2960 6233
1731 3712
3540 2058
4867 8347
5731 1928
3278 225
6706 3471
7022 2444
3122 5167
1288 7289
4208 4007
3824 5647
3022 3762
6375 5453
9048 6747
7422 6135
215 4262
6576 7147
8122 8022
5505 8512
3392 6873
3752 4483
2217 1644
6462 7762
7156 5476
3678 5171
5688 4068
8985 8536
5750 6003
7264 5285
6819 7691
908 2199
1825 199
3711 3921
6481 7152
8152 3211
6592 2949
2929 2696
3489 3157
2693 8329
5730 1834
1046 2666
3297 5524
4781 5087
6301 4401
141 1943
321 8309
2751 7211
2898 1087
870 4955
151 145
1490 4750
7674 4414
3473 7499
830 475
6467 8791
6427 115
2205 8601
1317 7599
119 2555
3570 4553
4237 3087
2738 5484
5305 6868
4732 1397
4423 4145
1403 7577
1613 398
1517 5494
6243 7220
2020 6295
6804 2395
5010 5045
6798 6964
1385 3294
8342 2228
532 6120
7534 5630
7134 3426
5296 7130
7182 4599
1566 5422
7453 5960
5623 6691
7142 1758
6560 3140
8782 5663
2577 5597
8185 5240
3370 8534
5557 1138
7531 7041
8428 5479
3225 1085
8036 8356
7810 7626
5924 3563
3992 8013
355 884
1378 1352
5351 9056
754 703
9078 2317
3816 4974
340 7666
6817 873
4471 6787
661 956
5437 4143
6061 2734
4632 2029
7646 6977
2265 726
7597 5379
8524 7303
8276 8277
263 3344
2290 5478
7105 4068
1608 1328
6817 5702
6620 6457
79 1817
1941 6611
2214 3295
7647 6773
360 4441
28 2934
2474 3395
1082 4998
9007 5494
2661 2651
4001 6798
354 64
1146 5358
2310 8811
3676 8519
1609 6967
2006 3383
7325 7936
6457 6224
643 5845
4072 1246
4097 156
2751 1648
8109 7480
5177 2866
3682 7100
6594 1226
2832 3207
8657 5698
950 4812
2864 898
194 152
8436 3557
1013 7878
3637 5267
8320 6659
1074 3955
1038 3990
2172 4119
7355 4790
2682 7004
1609 7519
7127 1704
8391 537
306 1307
6690 569
2597 6032
6016 6007
5829 8596
1434 1482
414 6335
2040 3446
1218 4164
6542 1623
3567 3689
4866 8909
2887 28
8753 6660
4190 1259
7605 193
6792 904
5463 8347
2367 6499
1 8088
3491 3081
1370 2581
6263 2178
8652 7576
388 7433
5542 1910
554 2391
5969 896
2458 877
1789 2648
909 1122
2695 2785
3127 3516
2932 1043
7206 7320
807 6191
4767 4079
1964 4391
8216 1359
7096 4859
8099 1163
7724 1508
6908 6043
7205 1832
3575 2435
418 3587
1829 8734
4929 4870
1989 5974
2048 856
4910 8667
2270 4992
6107 7370
1713 4504
7933 9041
1731 6997
1463 4576
6522 3484
8446 4570
7083 1438
1676 1666
6341 349
2813 4841
6804 4702
8297 1025
8918 4049
8129 5246
6912 6024
5397 7670
204 1719
3040 2878
5114 2736
7723 5121
7869 2173
518 6094
126 834
8172 3718
3048 6014
4761 2274
673 1927
5510 4603
6565 276
7847 18
5047 7515
1557 9020
8387 4644
4773 3142
1821 8416
4390 1118
7803 5672
208 7082
2777 1904
7992 6589
7861 8353
864 6313
1850 6157
4320 5444
972 1570
7815 5004
1613 3039
1897 1788
6772 1035
5328 7898
8317 3602
841 2839
3352 1258
1939 3242
5526 848
909 7622
6909 381
6385 2214
7370 1532
5048 1412
4928 251
7030 388
772 8219
7127 5177
7844 8279
3146 4468
8311 4705
3149 2841
3800 6402
8638 633
8613 4850
7678 4031
5040 3400
3638 1116
2777 8325
7861 7317
8323 5529
4023 6973
967 6524
2543 5579
2455 8123
1596 8725
2403 1263
1081 2996
4199 3911
4940 7600
1925 1158
1760 3323
805 8045
8548 2704
7458 8231
7761 3663
6301 5419
181 1142
359 7196
3484 8765
1035 1524
9025 563
3725 435
8477 7207
7661 1978
4160 5144
3826 1323
2396 6997
263 7885
5859 5189
8642 4598
25 4252
7309 2547
467 2803
2370 4265
6904 5363
245 6647
5727 7873
1345 443
2482 3123
2 4608
7562 1418
5515 8844
3677 286
1041 7964
6500 3917
3852 270
5617 224
4027 1260
2864 4282
3060 1728
4153 7367
5810 6233
6462 7850
8293 4397
5033 3058
427 4252
5555 7519
6701 5052
2663 1985
8174 4770
496 783
8826 117
7773 6409
6668 5825
107 855
7648 8554
8444 2442
2519 5076
5132 3253
1314 1720
1644 1259
1313 1497
93 4215
5645 2106
754 4324
7631 4222
841 3250
7015 2659
4935 4489
7114 1092
5928 5477
1608 8617
9053 6412
8690 949
1361 3776
6654 1544
502 7329
7665 8441
7554 4544
3215 4726
833 8037
703 7719
5003 4690
417 6144
5998 1516
6807 7725
5851 729
8888 2080
20 5107
2324 6539
1335 3772
833 983
3747 698
8627 3901
6109 4907
6808 9011
8822 533
6725 4893
7571 3960
7197 4686
37 3271
5577 453
6689 7029
5260 87
3121 5087
4918 5102
8670 5596
1479 3359
8649 6704
922 5794
1895 5825
3787 6284
3137 5118
982 1894
1447 3549
1334 2664
8874 5049
4733 2058
6303 7528
8932 7802
4361 4842
8577 433
6544 9037
4747 5921
3256 1823
6009 8490
5740 7919
3208 2970
172 4626
8953 3621
2342 8537
8438 6817
8689 6062
6328 8806
6466 4040
8757 7626
467 278
2407 908
3444 6293
8923 1692
8125 7219
6373 4583
8830 3522
3031 3950
3109 4945
8662 8883
2581 217
4688 9001
7721 6146
7938 8907
4750 220
1691 4761
2318 5146
3742 6447
2822 4298
7584 1726
4392 2576
15 2694
4814 8866
3853 3511
5550 8798
4732 5908
6809 722
1483 7569
3728 6186
5378 4467
4458 542
3638 8569
4338 9069
8473 3247
4586 2135
5410 4593
5991 6950
2190 1764
6229 6144
4801 5315
2463 6352
5344 5320
582 7708
2990 8133
979 4420
264 7608
5004 6944
4130 7152
8195 7470
7633 4971
8935 7005
512 2243
5602 5329
8539 7714
117 9
8609 8764
2464 5549
7124 1503
7298 8132
1412 3741
3424 5092
762 1046
3531 2100
7746 7937
1977 2541
5754 8027
4507 8866
7068 3267
8944 8180
9019 4515
4788 4406
8273 6756
1579 2759
7959 4380
6861 4467
3741 3052
4724 8599
3090 8509
5473 1730
8142 6150
6687 3911
5302 7772
346 7849
2301 8608
7763 3149
6382 4239
1003 4236
2974 2191
7820 7597
5956 1758
4598 857
216 1930
6007 6607
6601 5369
294 8801
3682 6714
1892 711
2502 5122
7515 2762
5809 174
5429 5991
21 5143
1036 4667
866 3070
8603 4477
4939 5374
3418 5649
4810 106
1271 6113
2489 8725
892 4716
4002 5177
3372 4493
4427 6988
724 431
5535 2992
8883 770
7680 8487
5030 7351
5704 1071
8693 444
2782 2644
3811 7926
618 8048
1565 1536
4359 8188
2891 5101
6039 6197
496 3279
4181 9032
3194 3244
1059 5339
8993 8186
1237 6864
7862 1829
5570 5917
2791 4598
5633 7886
8489 1549
7720 5204
7297 513
6210 8829
6133 8822
5852 3327
3721 5455
8096 1531
5730 2662
6280 1217
7875 3117
1577 5195
2088 3321
6233 8465
3303 3517
4539 2152
9025 1764
3176 8615
2441 3004
4311 7554
8013 3083
230 5168
4633 4540
8594 3465
880 479
5011 3390
5999 6337
2890 7953
2520 618
3999 8201
2782 6420
5890 875
8763 1414
183 2120
2915 8124
7923 6152
913 4748
3429 2117
1664 3094
3454 6875
3445 7535
6355 1511
2724 2823
5650 3436
372 6161
5776 7478
7149 3915
234 5530
1284 5974
5812 3335
3911 2354
7210 1992
8001 1802
7579 8746
6854 2984
1467 5924
14 6002
5704 1208
5482 7324
5959 6174
46 8410
2900 4671
1710 2301
5835 5862
2570 4854
3298 6455
5502 6094
5996 7511
7889 2866
590 4442
5532 5148
6614 296
5668 4353
6047 4020
7577 3282
7726 7201
4579 4373
1550 5021
1962 97
6444 4636
4917 914
5448 719
6065 6942
4090 6753
7780 341
784 7332
61 6135
1746 2977
377 3976
7223 5739
7694 5686
4415 1526
8514 3260
6748 7493
7458 8881
5728 2762
8570 3745
6085 5979
823 7006
4280 4206
1107 6445
1926 1513
9051 4546
2600 7505
1646 4227
7625 2833
3150 5305
6743 1903
5631 7166
6266 1076
3889 4965
4070 6745
5295 105
8948 1707
4110 2891
5561 6314
6150 3876
6138 4289
909 7619
1995 5769
7170 8695
3432 7655
741 236
6829 1681
1924 6298
5807 4836
3036 583
6899 7023
2784 769
5303 6998
3678 165
8089 8779
5816 893
2354 2671
6511 5306
8571 4156
4444 3913
5462 5330
5335 3463
192 5137
318 8385
1459 5836
7606 3898
8752 6231
8415 5902
8200 8026
6894 6612
1415 6392
171 5774
3768 8548
4738 70
4834 5370
3125 7655
5079 7401
8007 8796
2491 1817
1652 8114
2110 3692
4465 1792
4550 6051
5393 4460
7610 4706
53 2915
5559 3856
447 6069
4712 2382
8089 8224
748 367
3165 658
7580 744
2056 7976
541 8955
6006 3846
8465 1519
6228 8123
6198 4012
489 1811
5608 685
1998 1170
3371 6915
4406 2498
4306 4521
4182 2352
8232 8140
5605 6690
248 2892
7777 5496
8394 7304
3708 2575
7952 4315
7695 2136
3178 3705
5765 7037
8124 4327
3604 422
1992 2182
5814 1864
4086 7506
6524 709
2965 465
1306 5921
8794 6686
9051 4967
347 7760
4466 5923
6235 4186
7931 8330
4305 3465
3784 133
6100 8365
2029 3743
6357 8908
6687 5768
4184 4353
5673 2532
7046 5217
2208 5403
7282 1888
7033 8507
623 8326
6084 7578
6108 6224
6411 1411
4140 3936
1446 1791
2101 2339
1105 3247
5524 212
1300 1516
1683 101
7084 8447
4385 7475
326 4682
4898 3549
6958 7043
7327 5745
2190 307
6582 1735
3442 4655
8980 6513
2342 2052
5183 7148
8110 1709
5815 4211
3293 7016
7694 6610
1917 5029
8546 3435
6768 4159
8270 4405
1717 1078
3409 2161
5988 1320
4965 6280
6075 1548
4723 7563
2027 6927
4238 4499
2989 7247
6524 306
7754 7848
3823 5096
4639 261
285 1822
5976 8413
7006 3420
4643 6596
7608 5312
8960 8876
3022 9046
6087 6311
4791 5702
5158 7726
517 248
7675 4207
1252 6590
5856 5090
2883 14
4866 1838
689 4803
1906 2668
3869 178
8301 4354
8373 5308
2689 4937
1185 6579
8980 6754
2885 77
6604 2632
1533 2551
2721 8794
6216 8912
6455 294
5091 4751
1798 1841
2981 5813
7991 4513
8795 2013
7688 3348
2916 1708
6070 4461
6211 935
8130 3400
4837 2849
345 8628
8868 6317
8706 6774
1384 7748
774 287
1727 6219
2483 2988
7788 7771
8014 5483
2739 2991
7804 1880
3082 1979
2971 5469
6351 6009
4599 8005
6238 3880
5168 5179
6163 4621
8910 2024
8818 8404
1438 2361
1082 1366
3675 5196
1671 2854
9023 7033
8908 2986
5644 3240
7287 4230
5576 5847
6040 3218
1871 6755
2783 5992
4319 7793
8879 3546
4849 5167
8532 3960
9045 5395
7173 278
4686 4830
8407 7013
7708 7503
3959 5624
4700 939
5054 806
6221 5323
4589 4553
6579 7881
7628 2984
1721 1494
5433 7388
2360 4769
5786 5419
8928 1276
2251 5973
5443 6531
8386 2765
2152 8366
6314 1501
4942 3407
5156 7668
5788 421
1496 4764
515 732
7607 3804
3301 7277
5652 8294
1081 5806
5567 6422
4044 8298
6023 5530
499 6977
5759 8720
7008 3347
3071 6464
2699 7814
4551 6570
4573 6983
5404 2984
1660 6352
6787 8290
829 5980
5802 8463
1981 7379
1825 755
543 69
3160 310
8910 7350
1488 4619
4333 5659
6234 6306
2768 275
86 4474
8619 7822
4643 5837
3945 658
6143 4294
7226 6376
3755 7342
4805 797
573 1538
6463 402
954 804
6975 2685
8226 5973
7828 3271
4099 6384
6974 6855
2099 1970
8604 246
6775 4704
8675 4701
809 7669
7037 8564
7179 7687
928 910
6125 7689
7020 6231
7151 1634
5474 2031
1069 7708
6189 5350
3125 7962
1812 159
6078 1695
4400 8029
2252 2901
7081 351
5451 2242
7057 3076
21 7659
7577 832
5060 3883
2012 2025
2139 4829
8263 8097
5778 3822
4840 6009
7897 4449
2890 4905
5829 2275
3769 7910
6187 8757
5790 5204
3733 6951
2565 1706
2238 6566
2291 4951
6735 1945
5946 279
4051 423
3750 397
1436 1505
1773 3327
3077 8311
7075 7518
4339 6553
8056 6159
4828 5092
3590 6479
1863 2524
4675 245
7175 6535
3664 859
1716 404
1939 2849
5380 3711
8581 7904
7758 1310
5599 8264
6532 5971
7136 3488
3297 4566
4779 7245
5875 2871
8964 4561
8859 7441
5065 6253
3982 4999
7445 6914
6620 4509
6585 3398
5063 1175
8363 4614
6892 5234
8790 2236
6068 8954
2761 8339
6933 982
8975 4101
8296 4254
4605 8574
3858 6947
798 4035
5544 2912
7732 3534
1691 6
7021 2776
8994 5840
942 4670
8408 8440
799 4795
3364 2585
4923 4160
3112 6975
6792 325
7822 7062
8215 3344
7193 3397
7016 3900
8783 4129
8783 3135
1242 5003
6917 93
3786 6532
2778 6381
6479 5104
8528 2196
814 6560
2965 3336
5139 1852
2037 8348
1859 3573
4945 6247
1667 8109
8604 1466
2769 6203
4038 3031
6227 7084
385 5262
25 648
8812 3453
3174 3453
5016 6476
352 774
7839 292
7379 3239
9064 3243
1455 5829
5218 443
3345 2103
2636 7239
3255 2260
6842 2148
7317 8950
6962 7605
5714 1060
4463 3641
7924 4182
7369 2838
1066 5358
5304 12
6805 6644
8943 3284
9037 8441
3914 6674
6115 6475
8876 7815
422 5340
2179 6415
1145 4823
5425 8901
4342 5392
1271 5112
525 4135
1902 5774
5352 4414
1650 1022
8460 4683
7510 5130
1132 7195
1011 1399
8563 1977
2813 7501
3105 2436
5739 8182
8587 778
5332 1940
119 2044
6566 4874
1457 5750
8939 4464
6148 5090
3686 3731
2979 6546
1557 8786
4262 6799
6097 8753
3287 5336
9001 8459
6460 6473
8191 4679
3723 3144
3210 6102
8391 6675
5406 5972
204 1816
114 3478
3924 3376
83 2986
9088 7531
134 687
2248 4104
310 5174
8394 1813
867 4014
1649 7540
8686 82
7801 6593
2358 2345
4244 1825
7616 4437
977 5037
2830 1633
5956 1741
8671 7600
5718 1688
2905 5933
6539 420
7882 5736
516 2885
6241 705
5837 8697
574 6650
2423 239
4293 3561
3834 3725
3831 6667
7780 1796
69 4057
5338 2686
688 5551
6254 304
7028 4574
3991 4312
300 7791
1192 3415
4989 5525
4613 1635
727 3507
7808 1389
2446 1075
6694 8533
2227 1614
3285 7864
6514 7237
5775 8480
7149 5326
51 4007
3186 1114
5191 4664
4772 5034
5733 1629
4215 3504
4299 7512
5174 5621
89 700
1876 4194
8219 3701
6311 4314
6623 7664
5268 6342
2754 1261
8148 8044
4027 1296
1327 5418
3773 2755
685 2531
8936 3043
7527 7031
744 4376
6245 6781
3469 1017
290 6092
7784 5185
1274 6148
5682 4242
8129 4693
5661 1006
1312 4278
3652 6364
2516 515
121 109
6854 6600
7148 4375
4743 2215
2641 1515
4018 5483
4108 4491
1291 757
5166 2917
1002 6768
5941 5854
1505 5524
5509 4875
2123 5617
3936 3582
3189 1316
726 3199
1063 8158
4047 6766
1754 7250
5407 897
2657 8178
3033 9028
1183 525
7462 6941
7073 1620
5808 9009
7054 7761
7877 1753
59 2239
5066 6438
484 5319
4146 3228
7637 5600
3452 9044
3518 8448
6107 360
6923 1881
3251 2865
8869 6183
792 5751
879 3602
8757 8234
1935 3024
1739 3496
3313 8515
3727 2713
5967 1427
825 6659
5367 6024
3541 8705
8224 1886
7835 2303
1824 313
607 5122
8272 8842
6976 3561
2957 8681
8704 8031
6459 6434
4146 1729
7096 7310
6764 7898
2117 7702
2393 6528
5564 6467
1703 8579
2398 7522
1938 1602
3168 549
5354 2922
5880 5878
662 2878
2094 4432
3582 5116
6929 2134
6350 6323
184 5793
4744 497
3474 8867
5606 2559
2081 7786
5517 2647
9013 5717
485 741
3885 3865
5990 1640
8702 8318
7096 8719
7922 4706
4463 2592
4310 3809
7765 6429
2064 7442
8827 8297
2975 2980
6836 3952
5216 4034
3248 3863
3686 3932
7604 723
25 7922
6013 3082
7056 7508
6240 1940
478 3857
5776 1898
7604 3464
2037 3063
4467 5862
4437 3829
8893 3453
5483 5164
6307 8805
6590 6179
555 3760
5928 7788
1988 8284
8822 8393
6154 4754
6446 1298
6549 2262
5186 915
4101 8356
7393 5863
7060 3818
767 2718
3471 7028
2930 1771
7885 115
7717 8342
2096 6248
3503 3027
3827 2152
2451 5220
4022 3538
2413 1626
8422 199
1760 7444
223 4380
7245 333
6449 2205
3648 1672
1762 7709
1420 2445
2129 8091
2838 3033
8178 1310
331 8793
4684 5019
349 2208
296 832
188 803
3729 2469
1772 8379
2766 5259
7316 5435
6636 3613
3667 6353
3565 5150
5891 6934
892 3531
1796 2528
6034 8629
1577 8897
2414 6139
2320 2876
8224 8107
3825 455
7620 6179
8409 6322
4551 6036
3670 4172
6760 6603
6650 7249
3040 2687
1874 7754
965 6153
6822 5219
1056 2614
2061 5075
3850 8021
839 7947
463 6638
5569 2909
3564 1472
2442 8268
6591 6126
1440 6814
1580 2456
2337 4555
8904 1971
5125 6732
2252 7015
7809 5456
3777 6326
1022 291
4543 7038
4203 5550
2439 4938
8841 2307
4555 587
6661 3206
1415 7790
4195 2254
4118 5857
2949 4346
6642 6060
4911 2270
7154 8383
8604 8878
557 6507
6995 3413
8173 474
5442 22
2807 1631
2908 6810
2590 350
5725 8249
1103 4827
8744 5748
7558 4821
3032 778
2633 6959
6859 3263
4952 4943
3608 5792
1906 8253
8194 1120
8335 8966
5707 6511
2250 3828
1850 3754
1817 2296
3382 1956
7971 7828
1252 6416
5639 6167
6758 5096
8583 4464
7707 7526
3583 214
5307 1204
1167 5761
8127 859
1841 7397
6324 3094
282 7839
97 2179
1151 8703
2367 219
6499 3661
6877 3196
672 2484
1385 1745
497 221
5944 8538
4366 189
2247 7162
2701 1575
7876 4503
6996 7854
4687 7572
4181 970
4894 5961
3066 7376
5795 3072
1021 3588
2953 4736
2183 2315
8496 8530
17 3402
7149 4253
4298 421
1896 3858
5753 2857
2617 2285
6244 3196
6216 6160
1563 8661
1958 7715
7092 2408
7816 1422
6594 99
3589 8089
3721 4065
507 7812
8056 408
8943 2498
943 7045
8656 1062
4901 7144
3664 6526
6645 6360
4370 2215
1748 4053
2765 5137
3369 105
641 6185
1729 6020
5890 7296
1145 6966
8137 8632
504 3972
6783 5529
8716 5263
4065 6625
7116 5682
3143 5047
3716 5426
952 3673
7261 5598
123 3144
3736 5701
720 6899
4781 4976
4223 2196
7737 1318
3267 4560
958 2295
8283 3864
1069 522
2320 643
1223 7737
1319 5782
4617 6835
3720 794
5734 2744
3434 6825
7940 4562
2941 4490
5648 4952
8078 6510
5105 3647
6840 7137
3648 7858
3014 5815
3733 7343
7455 8452
3066 1003
6515 5051
8439 1843
6301 5970
7211 1775
1756 5489
2334 7387
3711 3749
8660 4169
4310 2988
1411 7904
3311 8574
8964 3188
4971 1983
6374 7326
2643 9047
770 2544
3829 6673
4447 6713
5561 2019
871 8358
4632 1847
5276 908
3793 4365
7564 8364
4726 4932
6084 4233
3150 5397
4415 1946
398 7308
6411 8477
2093 8151
7379 5241
2514 3666
2501 6242
2337 1387
4069 8550
4267 1878
3642 7381
5170 2571
7465 6457
2882 2131
5190 2997
3638 7204
1787 5028
840 3630
4452 1744
2630 8558
3634 7040
7673 5812
5900 819
3522 447
5541 2974
8612 9060
7641 8550
2515 7883
4692 5304
3248 4775
8050 100
519 8176
6742 8714
7163 1200
6269 41
2390 5781
8392 1977
4427 5365
1896 7987
1703 7652
8464 5780
4369 5777
858 2507
5064 991
3414 6741
8464 5591
1606 4686
7954 1541
3268 1406
8556 3177
233 4381
2078 6634
4393 914
1591 1557
7309 392
6813 4998
3742 7092
4781 8629
101 2843
8781 7165
2935 79
8909 984
8852 8242
2066 8240
6963 3204
2281 3707
178 7406
4315 6024
7152 6473
4541 3843
4345 3950
7517 1269
3194 1589
6203 3362
5267 2857
3649 7138
393 7629
2359 1376
8361 1125
929 2382
8725 6443
6797 1605
4229 3846
7279 5459
8957 1129
3026 8248
6278 3767
4474 7787
6834 4827
3926 5911
1056 4715
8209 3906
7080 6528
6962 7227
6571 8848
420 5265
8925 5013
6443 8525
6805 159
5435 2060
4108 1993
1806 5305
1819 2525
2681 3084
4294 7390
7958 8245
6270 5484
4487 6729
2553 5678
7948 1398
8841 8382
8502 7439
2712 6562
2 4721
1045 8332
1867 4376
8533 3749
6325 2972
5377 1794
5716 8985
5186 8655
2525 1126
2505 4028
2676 5691
8466 7074
9043 3729
7560 7300
5313 2910
3085 5898
983 7550
3229 7515
675 2541
6200 1290
8774 341
2064 1803
1210 7837
1431 1895
3975 8005
6473 7463
3731 1741
5646 4091
9065 5214
2700 2402
1830 6940
866 830
7329 7548
4775 3346
1416 1273
1619 6786
3461 1036
7389 3364
7548 2059
3246 6570
2202 2341
4249 8245
1346 1858
7703 8249
1106 3635
7603 3068
7147 6182
5850 8305
5543 6818
2295 3097
3947 7648
4676 4889
608 4612
8576 7509
6692 1766
1146 5409
4933 1904
5466 434
4472 4567
2505 2626
3988 1928
3358 4579
5017 7782
2778 1872
3915 6018
3064 3380
1733 5243
6291 1756
3212 4886
6658 618
7106 7262
4683 2544
2449 2903
8074 6967
5503 1225
3188 3079
5188 8963
1939 2294
5491 4961
3156 2687
8529 2441
3425 2369
4569 202
7357 5201
2789 6109
3389 1945
6733 8838
7099 143
1450 2079
5040 8543
3409 6986
7202 6333
1698 5334
3966 3895
5149 2804
4287 1303
4738 2042
7448 7624
8804 6517
6987 3500
6910 1339
430 4397
839 8147
8469 4858
3740 7972
3977 4821
3841 2583
6608 8744
3207 4719
8780 415
7792 5520
4684 1540
7988 2993
316 2053
145 276
805 2853
5721 8446
3244 3367
2742 489
1184 3232
5393 3964
3710 4672
6614 5712
4142 8745
952 7665
8709 624
7687 6353
2253 5339
3050 2521
4300 1824
2233 6871
1383 4564
2415 6976
692 1039
6693 7771
492 1348
8467 4037
5741 2058
8031 298
3879 4995
4983 523
2588 2177
4073 7408
3098 5
4322 8607
3771 589
5423 1134
6857 8602
3469 2726
6000 8828
114 6295
797 8968
6220 1181
4909 8974
6088 3140
4356 7502
5989 4110
4488 8917
18 4899
8998 5015
5828 8351
6373 617
5414 1352
1393 5460
3653 9019
5721 480
6652 3309
6472 7625
1762 7733
6877 5925
8871 3951
7635 2945
3406 3295
6190 3587
7460 3136
6759 7466
3746 5547
5292 8418
8334 1638
8528 1344
1779 7915
5047 3821
155 6275
4149 7388
61 403
8310 2392
4806 7963
5390 4782
7661 5357
5697 2660
4652 8667
2009 2662
3451 4417
8016 1275
1686 6546
1736 7387
3505 6554
3625 7145
6225 2722
707 5721
4872 4172
8254 2414
357 1749
2550 54
3168 5582
5318 1620
7635 6901
2529 2124
6796 5000
5910 6076
6993 6090
6920 4157
362 6615
8333 6216
8454 4951
24 6193
7436 5645
8432 268
5584 8299
1227 7006
2432 7033
2330 3271
5652 3017
6541 7704
5205 2673
6422 5755
7323 8375
564 110
8586 3764
6003 1828
5274 4054
6727 6690
442 5073
6621 1780
2005 5027
3025 6045
292 7587
5984 4132
5960 2558
6851 5354
4768 4440
4086 2605
8561 2761
3716 5299
2549 6802
496 2617
4122 6169
3940 148
7891 1011
6176 4984
6677 5369
1207 4010
2332 6165
3430 7780
7676 7158
2503 2990
1530 3985
958 758
8386 6393
6367 8693
6042 4373
5818 5324
3677 5806
674 2272
1948 3886
5250 4709
2733 3888
1131 9038
2801 4606
2193 6492
7711 6785
8127 8100
4100 6564
4316 2613
3636 7092
7677 4235
4538 5293
189 3108
3213 6497
5565 4116
8657 652
503 2726
6758 8691
2684 2847
4098 620
3393 3814
262 2927
2965 3413
8025 5078
368 7129
8724 4968
4533 4381
2798 8787
8912 1099
5029 2557
4964 7881
5173 7792
804 6601
6558 1723
6676 2501
7122 1233
4242 7384
3247 5746
4947 4004
5760 4569
5785 4932
5715 2931
5124 1355
8922 5010
5076 8359
5855 7625
7884 4077
3380 8679
6327 5541
740 1588
3175 4999
8387 5967
1786 444
2830 2290
1854 2186
1160 6432
44 5181
6471 4772
2348 6031
5634 1781
5215 4444
3587 1020
4765 5750
6094 7344
3840 552
7026 4580
5206 626
6198 7101
4267 6646
6701 6657
7947 5810
695 1935
1517 8457
6996 8064
1682 3028
423 2173
1619 3800
5035 6312
1827 878
3052 5798
1455 7378
7471 7741
7330 4173
6555 5461
716 1768
3486 5886
3397 6863
344 3625
4 7775
3730 6384
7637 8198
513 6856
4251 5488
8833 5081
6597 8831
6855 8203
3808 1147
5552 5103
4784 803
2204 1570
2364 3102
2511 6845
4883 7534
8463 5628
904 511
4148 3909
1032 792
8688 3773
8474 4739
6302 3106
3936 3905
6265 2481
3619 4258
4202 8013
7001 5001
228 8763
6223 9062
8126 3746
4750 1894
1382 1304
4998 3095
4163 8002
667 6381
3182 6448
7939 6307
944 3197
2915 2736
1406 3783
7991 6541
293 6045
5854 5784
9088 6664
2997 1892
8590 4694
2903 6254
7201 4046
4242 4913
8214 4895
7739 7433
2474 4245
6752 1948
6134 729
6861 7793
8244 6647
1607 3846
6872 5338
7024 2718
6388 2381
716 505
2676 2600
4957 1198
2104 1714
3088 3594
2633 8446
7943 2649
8239 7392
6643 7026
4138 2788
847 6967
7942 2204
3325 4256
2776 2752
4721 8210
3435 7272
1268 4412
1648 1358
3176 7240
2949 1516
1104 6355
69 6965
8081 465
4103 5242
3633 2771
1742 8752
8639 8957
6401 604
8515 2968
8770 5772
3581 6365
8502 8567
8412 3735
920 8231
4145 4254
2574 7821
2951 7773
4309 3293
6890 3628
4502 5819
4808 3558
1877 1482
6763 7561
1382 1626
8281 4231
1755 3634
3047 8358
4589 2144
6073 19
8579 3964
5620 4270
4325 5183
47 7236
2867 5365
777 8777
3918 5734
1000 3021
1476 2444
7656 5607
8061 2352
6796 8068
5433 2351
7939 2220
1857 6917
5380 2907
4827 5913
4674 4519
7861 3053
988 3277
1792 8001
5517 3566
593 2392
2231 4697
2249 6995
6979 8178
4140 5506
686 7022
2147 7138
4236 3037
6298 685
2194 46
7471 6188
444 5078
8534 2202
1852 5901
5940 5098
5273 4912
2751 1336
1061 5684
4988 2151
6109 972
8613 4127
3672 6441
7756 4697
4474 7647
962 1247
4354 2563
8808 1774
3526 3355
1380 8792
7778 493
6812 5229
1860 4292
3838 3120
4646 2434
5303 4016
3791 5247
4836 860
2925 5273
3983 3025
5418 815
8072 1156
1528 6734
7356 8962
4290 3402
8467 4923
620 5556
2242 7934
8737 1375
311 6583
6818 3769
6737 8337
5696 886
1841 7332
5359 6770
5503 1201
1579 7424
4590 3613
6958 6554
5857 6239
2834 801
2365 6875
3565 5519
2506 4992
2517 9050
1715 8847
1712 4264
5943 6417
6185 5329
6420 270
4209 3609
351 5777
8219 1556
7196 1807
6710 1282
3211 3248
7425 7872
8927 5032
7811 2264
8694 7071
1893 3208
5838 7923
379 4695
8690 3421
7097 2642
8201 8241
7297 785
5703 1353
3585 3068
6230 557
4995 831
4183 7460
1508 4266
4296 3716
3586 5696
8529 7770
8139 4968
6430 1753
6501 1540
4584 4396
2473 2778
8716 3439
4873 8194
8872 736
1379 3520
5864 4292
5338 1488
4040 1417
2688 3216
9073 5031
7336 1619
1112 7066
3617 6870
1433 5225
8218 7549
3976 7265
2664 6971
2981 7805
2677 1548
2401 4181
1122 4326
449 7627
1164 6111
4355 8497
8844 7029
8778 2007
382 2723
478 1305
2056 349
2330 854
5952 2433
907 4590
1285 2061
4572 2527
8288 52
2607 291
3326 4429
674 5128
6632 7323
959 5442
2752 5258
2993 7669
8330 9014
2142 569
7128 8863
4804 4936
2783 8293
7042 9016
4742 8742
6658 4597
1430 3946
5805 461
8421 4074
4195 605
6887 9067
7405 3588
3540 2222
3780 7608
4176 5731
8495 4925
3603 1131
4400 3931
9014 883
5434 609
4639 3998
4819 6947
144 817
4035 1850
7150 8254
6326 332
7438 1384
4587 7259
381 161
571 4680
2439 3318
4547 4928
7098 2797
1428 2952
94 6141
637 1926
3667 9047
4130 653
4634 2212
1060 6972
8014 2665
7758 8377
7877 3472
1463 1381
4932 2139
986 969
2633 8145
7216 5423
278 7194
404 2082
7428 4817
8999 4129
396 6397
1215 5220
5616 1649
6680 1838
8766 8472
251 6994
5359 8976
4712 3853
5120 2389
7015 1563
4503 3888
8566 345
1776 1324
5384 1730
6092 5953
7951 8203
3698 6168
2792 7787
8984 5788
1467 8491
7870 5947
4500 2391
44 714
9057 4677
6744 7633
3564 8672
1011 8295
7134 992
5156 7724
4693 8304
7776 622
5372 8651
3909 3990
5091 458
3775 115
8537 7835
4303 7860
1815 4689
2962 1188
4802 140
2873 6436
1601 426
400 8329
1027 843
5930 1909
4543 250
1394 547
3757 2334
4804 7664
1377 8541
4971 1130
7197 1613
5056 9054
4451 1705
7564 9048
4883 3955
7651 3832
5626 7590
1208 5918
6903 4662
3983 7064
5984 155
4890 8819
7977 6938
5929 2524
3264 3225
6723 6023
8009 379
1623 2474
8247 4751
6963 482
4457 1883
2538 7091
184 5268
2150 8000
2611 2923
8487 3489
4180 7875
319 6639
3903 4919
9078 4653
4566 1480
4926 8113
4220 8924
3724 3330
971 5211
4494 7793
7106 145
4265 4540
8817 9023
7547 7250
8979 6031
5234 7560
7683 2954
1389 6771
1537 5938
5694 6955
3283 721
8510 1020
8916 1101
634 8339
7694 7373
1502 6738
2000 7361
7086 5737
1327 1371
7454 6612
6709 8352
3934 5278
7161 6367
7764 8632
4861 6420
1338 1580
3460 2306
9033 8720
7583 8571
5818 74
7759 1100
8209 8181
3920 8895
2473 7664
9040 1905
1773 538
3299 8549
7704 688
8894 8658
5645 2655
7576 8891
2259 1667
2352 4117
5702 2082
6989 1827
4373 1665
6203 742
769 7836
3376 8783
6140 1644
4045 6195
7466 637
5970 4668
4448 3551
4386 175
1445 5546
3510 3189
3091 2410
7276 1636
3182 6997
2170 1738
2069 2089
5506 1360
149 4730
4347 6708
6217 2811
3691 6200
64 8804
5460 7952
8122 671
2298 7500
7475 27
1022 7567
8478 1692
5031 4159
2744 1612
5243 6798
6602 6458
5897 6578
5145 6772
974 964
1517 6441
1685 3550
4228 1479
426 829
5942 640
597 2219
911 7035
6875 8962
8972 2833
5894 8014
7046 4963
6612 3267
6378 4547
3949 4744
1297 4839
7321 5504
4256 8257
4997 8440
4114 5625
8919 4135
4372 6705
5071 3706
5647 5118
4569 1643
7720 5153
7482 8447
4973 5396
5727 4947
6919 4947
209 8812
6854 3280
5607 5525
3699 4730
268 8807
6959 124
2817 2497
113 5982
4237 231
7513 7797
1350 168
2675 4137
2261 731
1933 6508
2464 8349
3315 7118
7197 581
4650 2478
5438 7545
2233 3615
8364 1028
2431 926
315 5573
7347 1803
8727 3467
4514 3670
3490 5286
1835 7310
4473 2704
4154 1220
4436 2994
7479 6028
7284 5819
2148 7039
7493 4445
3822 7630
5648 7636
8895 8769
4366 6885
5939 5805
7506 5554
5032 2729
7939 7411
8278 5530
1027 1485
3036 7274
1375 6676
8254 8180
5815 1974
6887 6867
1759 8771
6256 495
1805 6253
8887 8506
6226 6734
1642 7067
8008 4278
1014 3447
6823 5559
7010 1410
4313 7506
3448 604
5097 5698
1961 6757
4003 1394
6789 2182
1594 1468
3265 3363
7972 872
6989 5679
4269 1546
7055 1033
3795 393
6397 6178
2835 3297
7643 9020
7887 7687
2280 1264
5990 1321
4348 4301
2502 3311
1492 3286
1097 5897
2194 4554
5075 853
5948 2241
4610 8992
3978 2879
5079 669
3696 6961
4870 2409
3002 8718
4142 7824
6667 1895
6788 8221
30 7667
6098 1284
4634 3243
5641 8812
4210 8626
6133 238
6703 8900
4060 3942
7416 3252
6766 7121
7408 5009
2435 8067
4385 8781
855 15
7296 8963
2308 1151
4028 5498
5089 1253
2356 5595
4072 8449
8623 3813
2454 3257
3183 1496
1808 5937
6793 2061
3919 7311
4732 7402
2583 178
5140 1430
5120 1209
2534 6328
6704 608
3729 8873
1363 7176
5014 2971
7070 6463
8746 6663
4560 5811
812 7123
8613 8011
3159 2304
4489 8951
5067 4040
67 7715
7852 8537
3261 2929
7000 5408
8885 487
7783 7927
6597 2888
1173 4978
3223 3997
379 3431
4542 6500
5291 5382
5122 7849
3687 5256
7925 6006
817 3924
6060 334
7049 4189
1469 8979
915 6838
4670 1923
5468 7930
5478 5124
3195 5871
8810 4196
7736 2195
8424 3367
6373 7429
3595 8981
5982 3350
6578 2509
3660 3061
8849 1562
3539 2456
4362 5260
6413 2190
3187 7998
7317 8501
3235 8555
7607 1151
2697 2634
1149 6138
6223 3141
2362 4083
5393 357
5469 4990
1689 807
7348 3492
8800 2605
744 2188
3142 1234
1041 3295
1689 6215
1133 5317
873 8372
4475 7942
2620 5888
5181 116
5108 5845
2487 1543
350 5937
8956 8505
1927 1864
4581 4972
6096 3264
7401 3011
4165 7122
3848 4749
5995 1972
7313 7338
6959 5450
6980 6080
7770 4813
2811 985
1513 3245
609 7135
7222 2547
2106 8649
586 4571
5248 6857
7752 5598
137 4028
8732 2025
5896 1973
1826 4757
4865 2410
3256 6660
5810 6175
4286 1405
6064 8436
7314 1239
4735 5715
8434 2895
3922 5818
3677 4272
8334 8790
5147 1600
2597 2535
6519 1405
4403 6953
1077 7598
2956 4254
2260 6975
1747 3519
6890 6985
5178 4212
146 9084
6548 6971
6080 5733
3401 6165
7229 4762
8671 4094
5924 8776
5301 1506
5799 4769
556 1169
8774 8575
7485 4548
118 5346
5184 293
1291 218
372 3632
143 1214
4377 8459
4946 4806
7583 4881
310 3265
5005 2850
8099 7692
2899 2385
3197 370
297 9074
2302 2158
4550 6309
2518 6276
2108 616
377 2943
1166 8934
824 1313
6569 3384
432 4172
8820 2238
7245 7210
5431 1724
885 56
7281 724
1029 8085
3428 3092
7984 4404
0 1628
5864 8368
5541 3259
405 5504
8473 7495
536 8312
4645 8249
4878 7594
7109 4698
4363 8362
4507 8067
1490 1553
5886 6533
4057 4032
9035 6716
4841 3227
7023 6304
8007 5123
5143 7834
2353 7392
8552 4845
2755 8928
5926 5843
1287 565
1115 959
3547 187
5997 5615
3493 3232
5296 8818
5728 1855
3963 5088
5385 4450
2655 3948
7017 6808
8712 623
5532 1935
5398 7059
3048 7613
3391 1719
5023 6123
5933 9070
2184 7178
7693 6893
8760 5477
3186 6463
7957 4658
8610 7019
8788 3892
185 6307
2346 1283
6829 6852
7678 6079
2526 7312
4256 6748
2719 455
8634 8520
3706 738
4904 5426
2225 6530
2269 3501
582 1429
6682 1992
7017 6751
7065 4234
3088 1224
7340 4937
515 274
1004 2508
1138 8743
6352 8138
6474 4093
6767 4092
880 4370
2137 4138
1635 5657
7519 4502
1649 3500
2521 5043
2832 1584
8463 8497
1579 1168
2700 4877
3096 7133
1149 7855
3535 4615
7685 2755
473 5147
1259 8595
5154 8454
2872 323
5415 1645
3164 1636
2815 5185
6338 6041
8298 1933
5275 5620
7321 7218
7776 2130
3672 6860
177 5734
8194 7415
2355 142
1949 5325
2098 3783
4330 8373
4074 8335
8064 6613
2688 2551
8168 5156
2565 7736
7287 2611
2691 2195
2952 7917
3881 8898
4745 8567
9053 1014
6095 5055
8726 4437
9035 4318
8710 8937
3103 916
5901 8476
680 2349
3093 5566
7908 6874
9028 6262
3805 5235
6329 2475
3979 2899
8500 3277
5595 1441
5093 2776
5484 8483
646 6210
8699 418
8055 7406
5217 987
8864 7020
1290 5310
4948 5592
2273 111
2429 5233
6867 3710
3834 717
6376 1565
7483 6193
4386 6409
8940 5885
1091 457
556 7188
4416 3961
7841 205
5687 2987
3777 7729
3731 6496
8752 9067
5175 1277
3437 1170
6982 7945
5906 2863
1966 1088
6104 1061
3155 3223
5464 8831
3872 4928
4741 5649
3376 7472
6297 6204
3060 7174
7890 1166
3561 2575
8469 448
3573 1624
1873 3349
8137 1448
6756 2175
5760 5056
6953 1537
3469 1388
4648 5424
1545 5914
6239 9003
3647 5598
3705 4685
1854 6164
7909 4142
8288 5421
3547 7508
7947 1653
8185 1994
3027 289
752 4037
5846 6066
8872 2162
291 5683
4486 7657
6471 8008
6955 7291
6360 5145
1901 2074
7959 7582
5110 7830
3747 5845
1008 674
6136 4311
5302 6358
2038 3390
5808 3644
7894 112
6021 7789
777 4614
5689 2981
7429 3641
6130 1979
5565 5040
5189 2164
8994 2818
885 2772
7530 3966
7812 7140
1769 1129
5403 7501
2925 7473
124 7241
5760 4659
3918 2701
1819 7215
5302 6232
8980 8368
7282 3542
6396 7226
5070 6087
4379 3013
1500 6699
428 5503
2763 6628
5610 6925
3285 8256
5903 7631
7878 3403
1027 903
4588 5173
5501 8823
8606 4834
8573 1075
5171 4167
1709 5431
4653 8658
8718 6790
6081 1319
4582 4421
5115 3907
1705 6678
675 3374
599 8218
2681 3062
6445 7792
5844 6740
8350 7427
7225 2784
8047 5584
8413 8159
2768 4953
7926 1938
7539 8711
6344 1523
9066 5006
8640 8427
5906 7082
4842 381
2881 2675
2070 3316
3305 2744
6273 1531
6952 6707
1310 71
1627 1221
8566 2602
8973 7189
5935 3261
697 2443
2018 6123
7189 8744
8545 6259
8745 1635
1291 8828
5195 6383
1535 6072
968 2401
1060 1796
6594 3343
4761 6883
6342 2973
1241 3722
6128 8356
2741 7299
5492 5199
4383 108
7951 8623
3126 5226
1110 8888
7176 712
4106 1816
1190 1981
2444 595
3413 5457
1681 4540
7173 3652
5951 1814
1266 6676
6398 3177
2968 6695
957 432
7289 2245
6491 8142
5357 8523
8731 5994
1311 4205
4556 6816
8345 1941
3357 8332
6386 8698
2278 5435
1196 2181
2577 8830
6616 553
7795 8849
5629 4734
1715 6743
6237 327
3022 867
1360 8307
3784 5227
6060 3861
3858 7248
7655 6984
2538 7085
8535 2719
1219 8321
5942 527
6808 2774
2966 2924
330 7087
1332 5336
7086 3692
5700 2255
2762 6488
1621 992
2635 7547
7813 3205
2463 4783
2288 7281
7996 1974
1757 3654
3308 2770
4563 2770
3457 1916
3015 532
4076 6371
6046 4288
8044 5784
7863 4760
8527 8136
455 7434
4454 7038
5712 8504
2643 567
697 3330
5537 4304
2745 895
1124 4630
2358 2005
5194 3764
2214 7419
4553 2124
3440 247
1957 6503
2796 8802
5212 535
8323 7036
3290 2331
7478 4219
6321 3751
1104 276
2623 4821
1761 4490
13 1283
7144 63
7224 753
7544 4189
2128 1901
2081 2478
8498 7342
8318 2072
4285 1402
2757 4098
391 1598
6541 2705
2259 4322
1888 6261
2071 8942
8534 6204
1167 5350
7254 2535
1212 8770
4630 5833
3886 6212
823 4987
864 2036
3216 5255
6525 7434
4127 1235
1961 7882
8139 5044
1474 3340
7093 757
3078 5726
8433 4100
1 1797
2624 7798
5908 3016
2784 3224
441 7975
7312 144
5509 8754
1537 1133
4625 5346
2977 3930
8038 323
781 6828
8461 5971
4934 6804
8813 5547
6053 4563
196 5115
3696 3186
6181 5037
6982 4709
9028 1479
7815 6688
2418 4774
664 2433
8907 4825
4752 5529
992 2707
5121 4158
2050 6633
635 3784
2328 6609
5089 3503
5137 8946
7540 1454
2189 4854
5329 5319
5783 4030
3077 591
3058 54
3548 8335
1244 6616
2991 2499
7540 1507
9062 1603
8492 2988
7444 6023
2130 4825
3842 5936
4103 8538
2944 3361
1468 579
7734 4997
7211 2445
7782 2848
669 5083
471 3107
6740 7185
8216 2866
8378 7895
6881 8825
3751 5708
5195 7568
7892 4128
7701 5237
4180 2300
4710 6050
3396 5960
8169 5128
5656 2284
5026 8528
4762 4356
627 677
5353 8445
3605 7103
8971 3626
7069 3379
8429 1527
5586 4722
2103 7406
7557 8485
1881 9070
4270 4378
15 3288
3838 3612
905 7551
858 5712
7859 6255
3862 5751
3103 3035
7702 5858
4549 1641
1627 190
7907 55
6562 7309
7204 6540
1995 5075
2122 2807
5690 672
1897 6103
8521 1837
4859 1178
6579 2518
4042 2975
8625 380
7293 3032
2721 2953
3154 2070
8929 3579
8082 1261
7210 4000
1762 1009
1932 5337
5817 7807
7342 6274
4505 4585
1662 8252
2076 8740
3663 3810
4029 8637
137 596
6800 8278
4914 8487
6003 5388
2337 3632
3096 4957
7202 3814
8832 1278
6631 8007
3089 6008
5512 2716
6380 1645
571 7156
7390 2123
8802 7035
7001 5516
3950 8874
5220 1859
2125 4031
7635 2146
4797 6593
79 7807
676 67
1122 2165
7434 3657
6702 810
2399 4185
5376 3468
9038 6142
1966 7891
2918 2054
2828 3628
4760 8526
4360 5382
2298 2591
6491 8095
2268 265
74 433
4741 5482
7029 5692
5472 1767
1254 8043
2753 4066
413 7753
2086 2332
1722 1813
8228 6334
8626 7303
8092 6786
621 4410
2410 8621
7464 8808
3266 8173
1175 486
161 6731
300 2006
7654 4554
2401 5214
5855 1083
6037 3901
129 4461
98 4004
5347 1270
1395 7697
3606 260
7359 763
5944 1396
7838 981
207 4253
8789 1062
3339 5501
2459 2740
1408 3580
8306 6537
6780 9000
8545 6968
4501 1019
1659 267
5722 3262
2780 4898
6803 2706
1365 577
5676 5827
2127 4096
2677 8064
729 1456
9038 2358
7401 5010
8245 5996
1929 613
3159 7268
4455 3422
4910 3171
8096 3739
1821 3192
2715 4008
4124 5687
7072 5077
7094 6493
5190 2326
5333 6670
2799 6592
5419 7753
7002 8966
2862 1401
6406 671
8164 4234
2843 8442
7529 649
8849 77
2769 2390
3814 8520
3303 6317
4584 1726
6367 874
3354 1493
3412 4031
3125 7833
6813 7653
3030 7646
786 4343
7582 2957
499 9081
6858 8129
2580 3513
7957 5342
9015 3916
1571 6954
117 1425
1864 9062
5826 5113
3823 7333
588 144
7008 2319
2615 7040
6030 1031
7171 5771
7464 2134
1423 6081
4399 4920
8328 1090
4063 4835
7811 2977
1012 6889
5557 132
4379 154
7187 6878
688 1734
6220 8416
2372 4446
851 8210
4915 227
6186 6640
3532 6630
1546 8165
3133 6502
582 1162
8396 7479
3262 6099
8759 551
3989 3045
1937 2714
3789 7202
2843 2578
7366 7007
2768 3559
1100 4536
8579 3317
48 7215
8420 8157
1333 2408
5352 163
789 6846
8053 4708
7911 5642
4446 1636
7367 5796
1951 8010
638 6883
6947 2552
3603 7426
8282 4726
5383 2357
5609 8229
8493 5522
8987 5753
7477 2696
4794 2998
6506 5769
6739 6945
2328 1931
651 34
1343 6391
1818 1512
8821 6805
4189 7070
5647 2679
781 1440
3834 7510
34 7413
4805 5493
2552 2812
1016 2484
4703 447
8541 8201
6365 5298
986 2838
7613 8443
3439 5611
2929 3957
5819 7846
4330 3159
7796 5416
5820 8672
123 5322
7838 1720
1101 8722
2266 2702
7275 5300
244 3450
242 6302
7629 4019
7665 9068
6453 3669
4008 6514
132 6549
8971 5567
1803 7365
2968 2571
3205 898
2016 1180
4978 8164
2045 1469
1110 3170
8070 5084
6295 6365
2492 4121
2560 4353
8775 820
6440 4485
6310 8707
6531 8098
1360 390
7735 1248
5475 545
5127 5806
8128 213
4787 2927
3964 2107
5394 4779
562 260
4558 5431
1086 910
821 4406
5514 1842
3978 8912
8033 198
5988 7307
994 5987
8341 6807
976 671
2111 3287
289 6906
7044 4068
8184 6243
6658 4044
2280 8272
8017 4191
7570 1940
8820 3875
1225 1440
5813 6882
2911 4191
7230 6843
6620 7514
615 9049
3277 297
2003 2200
3431 5042
4834 2954
8675 2071
2238 4273
1714 5981
1172 4524
1113 1192
4468 5311
6896 8492
1765 427
8057 7573
7881 985
6292 4715
1301 8174
1178 1257
6714 4592
6229 8205
8947 2536
4645 5638
7419 4777
420 446
6952 6320
8764 2941
399 2568
4948 1036
6776 4551
314 181
2508 8991
8858 939
2171 7981
1943 7590
8935 7468
81 4981
7097 3857
715 2626
2577 96
5948 7744
8200 5722
8077 226
6771 1749
5323 6135
1477 8182
4773 7437
7289 6168
2049 1273
3153 5586
6718 8416
635 7673
1735 8218
675 4429
8394 2487
7168 4246
2894 7663
1121 8906
8597 820
2085 1477
6444 7884
8159 9012
5425 1136
237 8875
1566 751
5577 4884
5241 7561
8612 466
1541 693
1149 92
6194 6318
452 6878
1863 8758
6129 8978
5235 5106
1683 485
3388 5851
6687 870
4417 398
871 6192
646 1390
5197 154
7949 2969
4993 4453
2394 3543
4954 3212
3848 2040
2171 1448
4717 904
6468 6973
844 6750
5514 5354
8181 544
3009 2259
436 339
2051 4048
4560 2532
4244 6937
5085 7566
8707 152
6700 4757
531 6224
6033 6104
8963 8904
3253 7644
7314 2821
36 5088
2126 6954
7160 7153
3441 1514
7266 3010
7383 3396
6088 5345
6701 3175
1686 6442
3408 2831
5945 1274
5216 5571
7010 3371
4222 3680
1968 552
5623 4464
7012 5864
7364 8668
4374 7271
6231 4950
2478 415
5270 2353
7037 740
3520 2919
1886 6112
5383 1789
7760 1070
5502 657
8125 7456
82 8890
773 9006
5891 6841
5490 9012
6058 1675
805 3735
7563 8034
6877 3549
464 8002
4440 4733
1216 7179
959 603
1724 8497
7968 2374
3051 525
7433 1019
6464 2124
879 7334
2947 4327
1755 5756
6561 8871
5344 750
3732 570
8437 3098
8080 8622
8074 8914
2002 5958
7840 5898
3565 536
4236 3926
3796 2291
836 927
7290 3749
169 4864
4696 2428
1324 3956
5507 6679
6884 9040
138 5607
2239 6302
2931 1504
4967 9061
1531 4720
9005 831
7098 5050
1025 2268
672 7978
7757 3436
3284 5832
7600 747
8287 2808
7184 7966
8459 505
3802 1642
5546 1848
2527 1717
8102 3709
127 7430
2303 8349
129 181
6346 5535
6051 6017
5682 3445
7727 732
4602 1838
5563 7402
6984 2819
6167 8544
4838 166
5426 5470
8472 5093
1040 677
4390 5922
1076 2403
1385 5201
994 8060
2324 5244
2573 2448
7743 5214
7457 4383
3958 7206
3008 1033
6251 3422
4959 2127
4888 8549
6043 8291
8643 2149
8949 3913
6124 5135
6928 1809
2912 668
8515 5449
916 7866
1294 3695
3568 1456
6520 2595
6308 5728
3572 8931
5713 2585
4335 8693
1810 6995
128 7059
5107 2966
7354 8535
1003 6063
3273 7758
1329 1528
7095 2245
424 2370
5055 3302
70 1437
3684 1034
6177 2829
3577 2076
2390 427
7487 4221
8998 4479
8699 6697
983 239
1309 6210
2101 8135
2064 8388
4175 4490
7235 5848
6020 8212
891 856
4996 5257
7169 7923
8214 3951
4036 3879
5968 541
5057 8594
7649 9018
8936 298
6068 24
2656 1407
6593 5596
5004 5965
8595 8522
1419 49
3414 1642
5511 1633
7459 8520
3072 7824
1785 1324
8572 4175
4228 2457
88 5693
5109 2456
1391 7862
5418 3551
4986 7693
3881 5823
6005 4418
1214 4751
2605 8468
4057 3274
7808 4908
3471 2479
535 2234
1570 5172
681 2594
6162 3164
5074 8979
6081 1268
2143 7246
7641 2868
7946 962
216 7759
6993 7908
3741 7335
5184 7302
1908 5342
298 2933
5311 4692
2706 290
3734 8645
8692 871
4352 279
3066 541
8948 6495
4143 5248
4534 5052
7989 7563
812 8628
5665 2938
2177 7626
1550 2903
498 4923
682 7616
1854 1277
3967 5340
8451 6423
7551 4577
326 8291
4362 3573
3787 8032
2437 1683
2593 7534
2610 3443
3415 7639
7493 7616
337 504
1293 4441
5886 8622
116 8797
6144 7323
8661 2630
8587 779
7730 5624
3332 6121
3953 3356
3026 4472
6027 4620
3694 4493
5126 3494
3046 5291
5387 52
2139 5723
1542 3258
3047 3539
823 7510
1684 8540
2342 2009
2113 8897
2075 6963
6196 8443
8456 3180
6122 4817
5522 492
3226 6173
1123 7900
50 1133
7217 4981
4873 6209
5550 2250
7181 8888
8655 3048
514 4936
6904 6638
3758 8017
8133 2335
873 8261
4618 6333
2796 2470
1428 36
5473 5086
6783 4405
6637 48
7359 2112
270 5908
1208 974
4706 4718
8460 5056
3649 2854
6089 5174
3321 8094
2371 7954
5078 141
2246 7724
2146 776
656 6981
8078 4166
2921 3975
6125 1592
728 3158
3728 3818
3799 277
8024 6467
7013 5227
5115 2073
7888 2146
5445 7411
1279 1999
2679 1657
3226 7246
4476 2400
4768 6897
4744 4102
4312 6229
938 94
6523 4404
1815 5825
6421 6538
6391 4407
3074 6843
1109 4246
8540 1142
7053 5718
1781 2980
2985 2260
2537 5191
1878 2248
2235 8950
7782 1075
7340 8859
4900 1494
4903 2309
5650 7677
6999 8838
2688 9077
4707 6756
6417 7900
6574 4241
6143 8399
2063 4802
7790 1105
2290 5583
2890 5968
2453 876
7520 7763
1049 1281
7986 4438
8884 246
5533 8925
8902 1137
2675 790
743 8405
148 7366
8655 283
7723 7621
7658 2001
5099 8152
4617 4296
4477 5658
3417 5165
130 9060
5271 7698
2412 5642
118 3640
1316 7361
6380 1885
996 3709
277 5656
6183 1451
5209 4955
5290 7983
4626 5917
326 3988
8196 2093
2540 4465
4740 5022
6782 3024
5794 576
2618 6451
7076 1408
6470 6560
2269 8235
9045 322
668 3529
4050 107
7992 8619
7228 5446
2944 8177
6799 5310
4453 7423
8209 4822
8498 5901
5574 6867
4942 839
2504 2841
6732 5094
5620 8235
3938 3108
8423 5784
470 4897
2896 4112
3521 8028
3090 7425
8716 6288
4979 7148
5646 7653
4495 4168
6340 61
7179 6946
8915 7292
7553 4098
3204 1559
2918 5630
5092 272
4919 9026
7697 7526
32 5166
8946 5128
2692 8638
6818 321
2322 370
6662 7437
2693 2481
2265 1862
4339 2033
7549 2495
5241 3462
4907 2155
8253 3318
6848 4195
5903 8237
7447 8700
2309 7341
5711 6893
3236 7364
7646 2734
426 6435
6115 3942
91 5569
2213 8282
4742 593
8146 6886
2827 5210
453 1367
721 2389
3487 3688
3503 8223
8932 6286
3131 2128
8785 1699
4177 2536
8419 2892
8071 7709
1672 5374
1568 4574
359 3021
1162 7255
5699 8261
258 3954
9016 633
1495 7582
7299 7375
5230 3257
4670 1676
5789 6581
312 5323
4808 677
1308 5207
2431 1474
224 5159
1349 3967
3994 7404
5167 5554
7020 7001
2582 8420
8735 3403
3494 7658
7458 6791
4214 3472
8044 5913
5110 8120
2120 546
4182 8079
8709 8689
4786 550
4779 7581
8062 9023
7331 4863
377 3118
7236 3433
2366 7027
5962 5036
1126 88
7368 5347
7165 8657
2468 2110
5278 4320
2677 5521
8381 6973
82 3489
6606 2398
7648 6962
8259 4624
383 2877
3535 7798
2137 7696
3532 1219
3344 8027
8002 8162
6173 3613
3512 1048
5395 6993
202 4617
6151 3689
882 835
8173 5771
1812 3371
6778 2072
6195 4276
4342 2722
2873 3481
8048 4718
4739 1620
2048 6611
5873 108
8032 3386
1170 656
6492 6788
3089 885
6692 3745
8970 7188
8471 7950
4880 6405
4251 6311
8628 1249
5045 7077
8648 3621
8441 3996
2909 3369
3099 4937
6912 9043
7929 2222
3641 7418
6336 8273
3258 4632
6571 5468
5870 6237
2569 7546
1090 5032
5029 4
5588 3776
3153 1538
3040 8003
4240 5379
8102 1899
77 4931
1155 3560
6698 2047
5653 5605
5821 8553
4185 2938
6058 3727
2131 8817
8208 2091
2544 3897
1819 5877
846 1698
1831 1142
2786 6351
4385 3591
8807 6125
6879 2022
1758 1673
3815 4486
1327 7897
4304 5217
1049 7162
230 3986
1425 3269
6650 2270
2189 5869
583 8401
8713 6122
8626 102
5129 8856
8508 8074
2979 2065
3051 3555
7277 7363
4210 2454
2301 7016
2008 4368
4630 846
2707 3616
7594 6672
1083 6884
1858 941
110 4216
759 8193
8938 7497
5182 4255
5801 8596
4603 2256
8838 4162
5622 3436
535 1453
1031 7355
2480 7254
4491 731
1322 1737
3794 404
4786 8445
8326 2802
6827 925
6069 1561
2431 2957
3293 154
4869 340
5639 6287
6029 5025
5325 4175
8921 4664
4375 6380
3200 7461
1785 4824
9050 9016
4356 4074
7244 6936
2875 6543
3965 8791
8160 2374
7662 4604
5809 7129
1293 6289
6004 629
1460 5399
1319 551
6246 7851
8083 6368
8986 7668
6866 4025
8598 3608
6253 2954
5301 2066
2657 6587
972 8741
6631 3402
5414 3427
2554 3147
8830 8344
1788 2773
3514 4757
5656 3618
8631 5046
2958 646
242 168
4413 5294
1726 4518
5149 1972
8665 4638
7980 1147
2003 2426
6114 7501
5199 7837
443 5315
2424 7684
213 4613
5773 8000
4758 2091
1009 8568
7741 8143
6126 4001
5841 2967
1450 1418
4284 3060
7188 8287
3438 4033
6900 2742
4699 3112
7920 5914
8590 5292
5679 7699
4715 4421
1326 6941
7919 2825
5160 897
901 2792
953 5046
4317 5686
3668 7893
8867 1023
237 7507
2391 6197
7490 8470
3412 5057
4023 2725
7726 5789
341 8941
1005 2662
2630 5884
6206 606
1757 4137
8298 7700
2404 7882
7969 3895
2515 1879
5775 6641
2222 4108
6843 4696
6784 3692
2151 5853
8814 2419
4316 6359
736 7319
1286 6699
311 38
1296 955
3010 1482
6563 5358
7766 1816
5961 3687
6334 8871
1430 8692
2983 5344
5096 7278
1802 7257
462 4966
6426 5209
7343 8532
3807 3116
1970 2458
1638 2913
93 5614
7718 290
8366 9084
4290 5639
4955 8647
934 4651
3718 6983
8702 4179
804 3832
6025 3531
8471 4499
8653 1054
8195 4802
8336 4258
4607 6078
8634 1376
8299 3166
4773 2523
3513 7224
5022 3507
5668 2898
7673 2562
5613 4753
3102 584
3524 3699
5695 340
3690 7979
27 876
849 1716
3803 4601
3355 7105
3006 217
8965 832
2310 3775
7239 1789
4078 473
16 874
916 5321
5238 7951
2752 3236
302 7645
8468 3103
2862 2615
4946 3479
6268 2217
6839 5695
8319 6982
829 7749
5667 7997
4218 8535
6626 272
3475 7890
8565 2864
866 3057
3734 203
4300 7771
868 2683
8301 1889
2548 6483
3203 8490
8694 1896
3762 4037
9039 2167
1211 6728
99 5905
1757 601
3286 5327
6530 4710
6068 8294
4184 5002
4016 4026
6083 2602
4096 1071
7328 974
7748 191
6313 3111
5245 3139
3738 2038
7359 7094
2757 6020
6779 8217
584 4228
1779 3439
1921 5254
5945 1017
4118 4286
49 7235
2543 1455
1961 8521
3458 4360
2936 3138
4044 4408
3765 3909
342 150
5580 7590
1995 338
929 6074
3833 635
4362 1913
7848 1663
4710 1090
2465 1457
5570 1752
8729 6257
5678 1665
4602 1019
5880 7823
1031 35
4915 1343
8313 5588
8075 9075
9060 9053
7187 4183
5695 2414
7427 7916
2386 5816
4312 705
268 6460
6608 511
1265 5371
3158 7676
4649 1539
2319 7380
1572 7982
4959 8355
345 5269
7960 3318
1453 2846
6602 2653
5436 4683
6475 7486
5054 5098
7552 2477
8278 3045
8084 4863
3399 7123
1023 3190
8110 7129
2350 7547
7126 2827
4778 1156
4539 90
4120 7040
1526 6575
4511 5145
8171 7624
4061 3820
7828 3423
4568 8358
4702 709
7783 3919
4657 3189
4442 4423
1175 2964
6115 5603
1685 44
1441 7767
3750 4574
1668 9048
6900 3695
7701 3076
1615 8746
5007 1215
8478 2902
7005 4174
1695 3456
2331 6124
3017 3873
1487 3508
5635 3671
4626 7452
6387 6416
2279 255
5320 650
5860 8094
70 4173
1942 8355
5218 1143
4426 6425
4956 4494
5800 6416
798 2433
5425 1715
8552 1655
8642 8546
4667 6319
5045 5352
818 6470
5595 3093
7362 1101
7690 7397
3198 4171
2229 7689
1952 7132
4049 7539
5625 6674
8010 2164
7805 828
5994 1670
4785 7038
3952 1735
8959 7555
6889 4103
3093 8221
6986 3034
8456 1546
2318 4221
630 539
4024 2723
927 2897
8816 1743
4496 5261
5231 8330
910 5369
5094 6468
4728 8736
7113 8331
8435 7952
3010 3441
7650 2280
1578 1485
8512 4255
924 2725
8091 2328
8041 3078
8702 5618
2297 4847
179 3316
8196 8792
7019 3329
8687 7429
4532 3228
4348 6999
3021 6146
4405 3744
3137 1251
2894 5642
8375 4196
8708 8596
2291 7561
2844 2919
1975 2556
7719 526
3663 6346
2413 4109
5280 2830
3530 3621
2927 2286
2248 4055
3338 8742
940 999
5615 5823
6401 1576
5362 1596
3635 1969
738 246
8214 6318
2015 3953
43 4298
6595 8177
416 4284
7773 8769
2914 2289
4652 7382
8403 55
4441 4089
1216 1063
6305 831
4342 8506
3547 2874
3896 4193
632 8227
190 4996
1848 1449
1067 5940
1651 1577
2827 7594
1166 6571
7119 2267
1963 418
4205 6845
6160 768
8705 8374
2855 651
5079 3890
4016 4472
6182 6208
9034 7492
4556 964
7146 8343
6370 6186
195 5205
8127 2462
6671 2359
8978 6401
1446 4452
8556 1386
949 6956
7240 2092
8899 1262
1174 4926
3767 3240
3726 5969
5749 7101
2859 3754
1991 4799
3045 6652
2934 2559
8675 6954
244 2182
2321 8351
4333 2759
726 5150
6913 4418
2109 59
6573 5902
2839 4958
281 8303
2721 8285
4589 914
8084 2731
5551 5575
3893 4742
4720 543
5497 4870
6641 5843
2153 4247
8948 943
3200 3696
2360 3480
2793 3539
6675 9051
905 135
1830 81
3195 2307
2790 8478
7536 5235
4554 1045
3574 3444
5990 8760
5504 7451
8933 373
2716 4571
7637 892
6533 5041
170 4794
3525 2516
371 4775
6158 3971
187 186
8945 8312
2639 5112
7806 8578
7569 9087
1795 2596
2916 8384
5919 6268
4404 864
4235 656
2598 7049
8698 4564
8985 5147
938 7353
5486 8420
1929 1590
6019 5743
5057 2851
3308 3495
3127 8022
5066 566
6653 1346
8035 150
320 6484
1689 6251
739 5476
6480 7734
6749 7653
1558 549
2500 4835
6932 8390
4160 2167
2815 7737
6207 3847
4529 4428
155 3341
198 5994
2324 3707
4456 1611
1807 3657
3656 2765
7762 7396
2708 7997
5080 7084
4982 5227
4513 4980
5204 7272
7892 6792
4900 4217
6459 4185
6858 980
1134 4516
3224 6724
7143 7818
5288 8831
3511 5985
569 3209
6528 1556
5385 3527
3603 8004
936 6642
5862 1676
8187 9030
4853 7586
8622 1501
6599 6315
509 5067
8723 1943
4965 1190
2542 2180
4535 1174
4173 1046
7066 6390
8090 8643
6475 5245
8263 6283
4776 1667
5206 4425
1412 5110
2602 440
3848 7223
6111 3965
3855 5769
1240 3310
6490 5752
1725 6518
1925 7681
3268 5898
1968 5413
2179 3943
4669 6046
915 3264
4978 8424
7314 1052
2200 2218
575 8707
8636 4813
501 2553
6366 3781
4122 6878
7467 6455
1661 4498
4107 1555
7558 1800
2626 7450
7937 8997
5984 4325
7970 6116
8819 1716
4041 8576
8925 3675
8755 5718
553 224
562 5779
6633 7395
616 940
1688 2145
3445 8682
5005 2011
3392 6938
8384 5868
4426 3879
6930 6886
4631 1434
1851 2761
495 493
917 8881
4010 5537
7000 6827
3751 139
703 1080
4949 8799
7682 7991
7906 7875
4627 2015
3438 2210
5082 8578
6642 4338
3487 7256
1057 1441
3917 5996
4090 7643
7814 2956
8858 8906
4505 1612
4171 8518
4790 8773
8193 1227
4374 3443
4439 179
7205 8101
4747 4468
5452 7424
8837 5203
8431 505
5187 8488
2678 6939
7125 6520
6410 3931
356 8235
3822 5940
3028 856
347 921
2558 1484
7214 5461
7260 495
3219 572
9027 1607
2932 41
1625 2085
8063 6914
3681 1617
2314 8182
3007 4657
8059 7448
4176 810
1021 732
3268 5909
3901 8436
209 2467
6055 5382
9018 8273
1353 2900
3404 7412
1295 6452
2181 482
5892 4800
9008 5655
2532 2663
3527 2232
6227 7106
3024 4515
5634 8771
1421 5239
2955 5406
8701 5278
3583 665
6898 2693
1713 2392
1305 3310
947 81
6236 3906
557 3752
269 2032
7456 5660
7523 167
7491 2635
8327 7903
7762 5085
4399 2631
6543 1697
1952 2565
4734 1917
7105 3571
6833 8665
7992 7270
6072 4658
8226 1464
6214 4519
3260 8960
3908 1764
5729 4315
2370 7517
3265 2818
1001 4984
8529 2806
5465 7072
745 2719
6324 8153
5857 7842
2905 2120
3416 2383
7994 6781
7521 5229
6515 4110
7479 7723
5917 7374
6243 5448
844 376
2448 3485
4848 4565
1394 1248
1749 9036
8950 6811
8402 7824
3953 8902
1859 5100
6303 7760
335 4654
1232 8788
5674 3270
7977 3196
3847 1534
7704 3819
7877 568
8073 874
6837 3902
1489 5403
1887 5681
918 8159
8246 7981
3258 2484
8792 306
3162 8982
7175 5423
2383 801
8449 1102
6622 8673
5757 5759
6113 7349
2257 5
4364 3903
4447 9019
9073 4291
1673 1451
8177 3826
6294 8728
38 8365
6193 5446
6732 2546
4083 6702
8322 8000
6980 811
8022 5762
2745 1550
584 2176
884 8033
2821 3746
1339 5953
6478 7176
2453 3536
8987 1582
3525 3523
3987 9076
6118 3153
1010 701
1224 2083
1947 8500
7363 7360
6296 7454
4167 8903
3835 867
8865 4205
6271 1040
1863 3012
6038 3980
9020 7322
3916 3233
1174 2278
2564 8691
136 3244
3107 6317
470 6639
1846 3423
8204 3081
3005 1601
7191 8863
8434 5981
8455 6869
4007 8998
6339 2599
3951 4398
7259 7026
931 5979
2492 5705
217 3188
6715 5800
2594 6132
3061 8484
4067 1214
1891 198
1713 6845
6207 5152
1469 4012
8466 1237
6624 5553
4620 5293
9029 4837
8461 4885
4461 8997
7403 3361
3433 9083
4843 5148
6450 5690
6066 7166
4977 7798
4207 4284
2717 976
3241 3272
4200 2542
7819 5523
4268 2615
5955 7377
4660 2783
2135 4854
8788 4579
8341 735
3200 9012
4081 5191
7130 7969
8684 8234
7187 2114
3608 5546
5883 2747
4712 4204
8456 6315
425 2027
6151 5081
7693 884
4418 8183
7195 7003
1630 8500
8012 7203
7053 7298
3444 2424
3119 8391
4368 4697
1846 4013
6312 1199
5959 1123
5466 380
7381 8170
869 7619
6400 4087
2684 2718
536 1128
2842 1728
7199 5472
2722 6655
8573 4876
8736 4539
8794 103
293 6059
85 2674
331 3251
8930 3118
753 1471
4249 6832
8374 734
2197 633
4265 8314
994 9059
6542 7348
2009 7642
7943 3985
2226 7365
6200 7772
5019 6720
8470 4503
4456 3368
5872 989
2255 3495
8875 6776
5610 4812
6032 8835
1634 3044
8051 2741
3647 1962
2163 7976
179 2700
8861 1141
1580 6615
407 7603
5111 3163
4122 8736
1641 5402
5805 3623
2402 8426
6542 5059
1106 7593
3119 4525
1710 1608
527 5377
8458 1639
8821 5385
4304 6516
7310 4813
1299 7745
336 701
3495 2263
4435 5089
4591 6257
1403 4960
8326 3645
3866 6863
3632 5481
3552 242
4864 7397
649 1130
5962 5547
6795 7596
1822 4148
7557 9002
6948 1591
8371 7757
7660 2322
1551 7766
3291 8656
2279 6155
7811 3031
6512 1606
1485 2373
3970 4270
7469 1960
7316 5921
3785 4442
1865 1069
4367 4760
2596 3870
8430 431
4769 6530
7385 8193
3860 2048
7651 4155
8606 2344
280 3917
3315 7954
8671 58
7140 8482
565 4529
2638 474
7598 3781
3963 1432
5605 1064
7449 8603
8508 4559
6268 8439
6005 930
7866 6681
2587 5389
3965 4123
303 1926
7977 8019
1117 6820
486 1178
6108 2140
808 6812
2148 3405
2132 6916
1502 5834
6098 1728
702 1543
4187 5208
4290 57
2284 211
7859 1264
5732 4324
5522 2184
5637 3205
6857 4039
1347 6046
6458 7537
2763 2015
8533 7765
1633 7122
7022 2211
2419 6659
5596 7868
1997 7475
654 3973
1258 6445
1354 462
8332 429
6978 898
3099 862
7409 4495
3670 3803
8 6678
4227 1029
157 5683
6999 4508
9058 4165
7990 7273
287 2313
1790 8252
6813 2121
834 431
6557 1974
4409 4134
2589 3
4865 2660
8691 664
3752 5880
2065 566
3098 8428
1528 4913
105 6351
6395 3435
6812 2003
1048 7125
7620 1560
7169 923
4193 6599
2962 182
649 5430
3061 7450
7055 285
2077 3514
8809 169
4787 1529
473 3851
8631 7496
1348 5830
8591 1682
2134 2480
2967 1092
8718 2102
1191 1950
1957 2094
5272 7284
8852 6249
2817 7576
3725 6903
4316 6382
684 8382
6495 1152
4107 7192
6903 6960
4533 8803
3242 3231
2007 4564
5860 1483
5473 1606
127 5973
3171 1253
3055 5954
7520 7982
5828 1888
54 7769
3051 3438
9070 8733
5247 5821
2406 5296
1228 6218
7570 378
7838 4400
3003 132
3693 3882
8216 3801
6183 2745
4376 4520
3675 6095
5254 1109
3325 2596
461 5361
5525 5453
5386 3155
4137 3515
8484 5462
2701 6627
655 6703
6649 421
3129 6821
6648 783
2810 3291
7350 4774
391 5759
1369 7348
6146 3894
36 2421
5232 8973
2012 7305
2556 1883
3816 3628
1018 3123
8187 8518
8262 7070
5088 6147
263 4275
3236 594
5707 4144
4048 4590
1486 7497
5771 6423
5404 5978
8932 2067
7833 8049
3414 8910
3115 7394
4999 7069
7238 8692
7426 5267
2525 3173
7185 6331
8377 725
344 4088
5184 790
837 8032
3847 1788
6123 4981
1575 5390
1937 8695
706 2373
5653 8969
3253 6084
8804 4020
1564 3694
7531 3642
358 6608
7444 5950
2133 5499
4968 3299
6714 3216
8164 2159
8274 796
4017 6424
5532 8316
8522 4823
6991 4091
4905 6769
8536 5400
7119 168
7934 6065
5663 5730
798 3172
4889 7049
2975 2211
2939 5200
8852 2215
9071 6424
3426 2746
7788 2323
3714 5478
3082 4879
1190 1424
3704 3410
1962 4970
2831 2551
3536 107
9072 3644
6652 3554
3324 8090
1746 2305
4358 197
1607 4774
1270 3651
8221 5405
8045 4594
1189 595
5414 5211
3123 2354
7535 620
6914 3942
1238 8575
2475 7512
1162 3115
1317 5064
1870 3642
203 6667
6376 3596
8297 6850
3686 390
577 2832
7743 5018
7101 4311
2629 8648
3232 7888
3816 7113
8315 387
5054 2983
1194 3567
1615 6454
7551 6438
4161 1953
299 7272
7813 1192
4109 8557
1206 2766
8539 5801
3566 8824
8048 4152
6181 4171
5492 2216
5068 308
3178 143
5836 7730
8265 3459
6907 466
3707 3038
5559 3001
3207 5797
4787 1645
1925 3072
4556 8542
101 8167
2466 8722
6428 3684
2766 8989
4094 647
5166 3709
6433 7787
2736 7284
7499 8885
4043 1739
8386 3349
7283 2468
1697 1604
4850 4611
8233 1184
3520 681
1668 1295
7522 7469
395 1239
8061 4419
6407 414
5968 5024
655 4198
2320 504
477 7415
7492 6743
3403 8355
6880 1212
4041 1222
3117 8065
4374 5812
6924 5658
5822 7984
1105 2612
480 8678
8206 2307
1780 4806
3108 4839
5625 8250
8350 2940
7843 8951
1229 7367
7050 4043
3522 4789
8844 49
6666 2417
552 8886
2579 8256
4047 3727
4692 2809
759 6086
6574 134
6761 1286
4499 4917
5264 3424
4259 2239
7069 2958
2872 6824
6178 1299
8564 5507
8851 4436
6980 4084
5893 1167
5121 8790
4412 6339
579 2709
5847 5389
1111 6861
6669 6750
4321 6425
9085 2600
1980 5949
518 8750
3150 5581
2952 7420
1021 5993
5198 4864
8853 8417
2165 6105
5162 2170
3221 6863
3065 3299
6485 2604
7753 890
4799 4156
4063 7209
2885 5892
4096 8614
5903 6021
4871 6563
2730 3981
8601 1899
8892 307
7896 3541
8600 6013
8915 8908
8337 8508
4073 6781
3690 8131
1047 566
5776 342
761 8207
3945 7009
5496 279
4829 5206
5502 350
3342 5312
3815 240
3882 3717
8720 589
104 4163
7853 2541
1842 3968
321 5698
4179 5307
8066 3728
7131 985
3175 2906
3243 650
3569 7233
3970 6170
5912 5402
184 2515
2772 2116
451 1009
8710 5162
5456 7932
624 8738
4329 1229
1883 5955
2407 2097
7087 1966
1079 4423
4150 7597
2157 511
6199 8946
5568 1375
3368 6056
2468 2199
7251 8222
3761 5181
973 1483
4889 6218
3224 1711
530 1987
1156 8993
1433 8694
7036 6058
7920 5039
2037 2192
8997 6408
403 235
6705 7620
6222 4639
4082 2743
6902 510
9055 5496
4797 8862
1976 2340
7107 3766
4330 389
826 869
5005 1212
8745 7617
6274 7554
1695 3185
1474 8616
4729 5022
3694 3880
2115 7350
3351 679
6670 8951
1687 7770
7372 2272
7586 1116
963 2812
8073 2338
3718 2831
237 6558
1938 6730
5713 2461
4575 8362
5161 6101
3459 1293
7139 2385
4874 1696
1262 6207
7743 7082
7942 5955
6403 3878
6807 247
1281 5798
7772 3925
561 4310
4739 3289
8583 1026
7823 796
8539 2481
5309 788
1918 2336
1912 316
8664 2304
5517 1686
3235 3612
2258 7354
2289 2066
6438 7078
2643 2240
8851 4243
3497 6726
3084 1250
1881 4582
944 7605
1931 4436
261 8586
4916 621
1230 4200
8455 3748
5176 8498
7109 3225
3026 8475
7722 6279
1182 4953
1793 4566
4237 5285
7253 311
3687 4381
2302 5460
5977 3276
3240 5285
3511 8337
4646 2898
195 1679
8826 5572
4041 6916
7989 6249
3913 3234
3944 7797
3329 5861
4073 164
3140 8058
4104 3812
8901 7399
8542 7794
5233 2224
1392 4296
382 6712
4901 1779
1118 6555
1413 4607
696 3524
6622 2609
1508 7494
5253 6078
4274 7835
4018 4906
4571 9059
1868 5422
4610 6388
7425 6201
5396 986
1900 7192
3509 1158
3924 7679
2631 7240
3044 4991
4898 4509
3138 3233
2464 467
5216 3280
3859 2769
5279 4086
300 7548
6775 4306
4095 4347
4093 64
7066 436
4582 3114
5471 6776
3089 3130
6291 3332
7239 1218
2063 6322
4046 3887
1195 964
1670 4357
3981 2948
6479 2412
6259 3490
4366 4358
1894 2014
8599 7172
4486 7226
1320 8982
5136 1313
4027 606
5876 6045
6156 92
5939 2862
4065 3424
3206 3312
3733 7574
894 991
3724 75
2805 2447
2034 5584
5885 92
2759 162
1201 2028
8573 3688
605 1884
6955 792
2491 1301
5966 2516
7779 6699
4885 4663
2435 2673
5339 67
7865 7763
2185 3014
2584 1130
6458 2754
327 4248
5015 8414
4347 6101
3764 7485
1625 6137
7888 8338
197 375
697 7901
6303 731
3803 2657
4533 4306
5821 7267
5061 7191
1007 7917
8552 7647
1372 7471
3027 4994
2376 3487
3448 6363
6258 5348
8846 608
3090 2692
5062 4820
8146 4093
5491 2655
1421 484
8763 571
3532 5374
6152 6551
8208 830
630 6355
8192 3612
1139 4917
415 4953
743 721
6810 2289
8747 5361
2310 7839
3507 18
7936 6647
1280 2524
4386 3564
2463 7370
6614 5636
3291 5209
6891 4276
5803 3156
1583 3907
2090 870
6277 5893
8866 5379
4231 2518
7799 4573
979 10
2183 6895
8928 545
3289 989
8103 2362
5043 7221
2486 1270
334 11
3377 5162
1470 6098
3455 125
7847 3867
5600 4018
3546 2252
3350 1403
5043 7415
7407 5104
3941 7644
3551 7301
1042 4075
1807 850
4844 5157
3364 2536
7967 1753
4930 5600
6041 8845
6823 5347
7973 1724
1909 125
3947 7867
259 4332
2582 3907
2739 1093
3669 7329
5704 5266
1536 116
7075 2785
1326 1356
4648 3881
2556 841
7627 8924
1833 6546
7028 8211
1308 4413
3080 6900
8374 978
7014 1137
4646 5839
5692 5972
6421 1326
3122 8263
8953 4492
1241 1418
4643 4463
7968 2904
5999 6869
4708 3781
1814 6108
1176 764
3935 2002
753 6721
3545 8303
4010 1325
131 6005
8433 3960
6942 3578
2096 4593
1488 4762
1369 5548
6968 166
4484 8122
2332 1821
6013 2117
5526 8261
453 4623
543 6847
6250 5025
6260 2153
8308 4764
7613 1140
4286 3993
1932 4957
247 2573
7035 9034
5816 1780
6258 131
7603 8926
5651 5893
1630 1747
3449 6314
1267 3910
6076 3036
1641 4206
8722 757
1725 4988
1587 4420
2912 3176
3217 5411
3655 3014
3204 5501
6497 7833
8010 2664
6559 4455
7775 663
433 1585
7819 2624
523 3652
705 446
448 691
3020 2284
810 9079
5298 746
1890 604
5553 6840
4459 6715
3779 4635
2084 8238
5962 7890
3149 960
6976 869
2447 1919
4453 8258
524 419
2711 6381
5874 2221
1691 7299
3572 8891
2871 3012
4910 7018
1227 1015
8953 3400
8195 1053
9002 3563
7719 1191
8428 7546
1014 8447
3602 6422
1982 2800
1274 1914
4387 6794
2432 6281
7856 4804
5364 3099
4034 3109
6400 23
2122 6121
8560 1145
3415 7281
3527 4343
472 6252
1973 5129
4267 3871
8288 8377
1298 710
4905 5669
14 8259
8054 1729
4141 1783
3537 3134
2889 5932
7606 4415
6917 100
6698 4022
7419 4339
2893 6724
6960 33
3845 4083
730 7108
7432 4811
8806 740
6310 2378
100 1180
7111 3431
2625 2405
2186 6349
27 7874
8851 1922
6323 363
1292 7623
4975 4102
7448 6232
7946 4165
3566 7851
7282 8973
5303 1194
4495 8287
4918 5676
5640 3025
5254 2725
3533 1343
7634 2889
3219 114
7205 474
7160 903
7556 5998
8503 2365
6122 8957
3070 4796
5283 7891
6522 3929
8706 408
6184 2049
8318 2586
8858 4755
5042 1622
8654 3209
3433 4600
6110 8885
7191 7298
3387 6202
1117 3464
5315 4563
4628 5510
2138 1556
8791 1203
4431 921
4719 6485
3209 630
5920 5798
7755 6655
166 2272
4129 4494
3654 3310
5360 8553
5211 2548
5783 6150
8327 3850
7985 6456
8480 8210
8595 540
4768 3969
6833 8494
1321 7879
4531 7277
6344 7325
1920 7173
684 8452
62 5708
5185 2355
2839 2223
6591 7612
2007 7840
4231 4455
7085 8116
3075 8841
1318 4344
8341 432
4187 5858
4258 3671
7059 7048
5324 5885
28 4253
3483 8031
244 8978
3329 1160
2327 7325
7902 2361
5224 5827
2771 7416
1134 4936
2707 7851
6819 8465
19 287
4202 4607
6864 7258
2710 7136
2672 6938
1813 7859
5742 3333
2040 612
7751 3311
3737 1662
7505 1830
6696 4099
6514 134
6811 8641
3346 6097
3456 8118
3923 3634
6660 1095
2826 6725
8834 228
2315 2099
6383 8466
3685 6029
8796 858
5470 5107
3865 6666
5608 3018
5365 6424
7595 6643
2243 769
159 5766
1399 3426
5003 7895
4679 7539
294 272
1924 4221
842 8133
2665 5615
6638 6986
2637 5150
3219 1176
8521 1845
292 7814
8255 6823
7046 6819
3289 7905
1318 3610
1481 763
3477 7224
6859 8961
2790 3844
6360 318
6185 8283
1051 6260
4907 3838
8024 7063
6736 7196
8754 2641
3142 4287
8519 3255
2549 4233
5443 788
5899 8467
2032 2233
2027 2492
8589 4741
4262 5794
6106 2283
1605 2850
6795 2242
390 6552
1521 2621
3446 8588
619 2855
4891 7688
6064 5534
8646 1853
1171 2512
1698 1006
818 658
3775 8839
7565 7854
2970 4714
2869 2130
2967 1487
7914 7365
6584 9055
1305 3238
3850 2962
9075 2049
5141 8061
158 3683
5112 6527
2316 1693
5887 4612
7408 749
4212 4640
8258 9024
3790 2001
2998 6531
4689 5916
614 5954
2110 6762
1910 3321
3700 7355
2909 1678
8241 5907
7710 2454
4029 5411
10 8040
7051 2063
6322 6896
2404 1325
6232 2119
2080 2932
3443 7862
4138 1265
6180 2434
1677 2850
2674 3053
6379 1795
2939 701
6399 7988
2559 9005
8988 8382
1778 6274
2178 2894
3375 4320
7260 5500
6928 183
7559 6944
464 6022
4177 266
2855 8179
6775 1405
2895 5376
1261 768
3605 3270
6391 7783
4620 4541
8927 6719
4826 4688
1427 4725
8558 5372
4500 2622
3262 743
152 399
6464 5701
1672 2057
2366 7395
3304 8703
1688 4414
8368 2387
4099 6104
6300 4159
8166 1399
4470 4344
2772 1984
7316 2460
5037 4487
8739 6897
6991 1777
5855 506
8551 6308
7711 4363
7390 6588
8551 3513
301 2794
2228 2837
8289 3809
5247 1191
2293 7996
8009 3275
5231 5251
7213 6550
9041 462
4719 2282
4462 8949
7946 7011
8983 2908
2122 2203
1197 1301
6663 6459
684 628
9080 5066
1810 2708
7820 4392
8938 3614
6715 1615
2526 1700
4263 8475
8917 6864
2656 6277
2425 1709
4012 8911
2377 5482
1280 7912
6043 1625
8971 8787
6280 2126
3629 533
2413 3498
6476 5006
820 8665
123 4281
5536 651
8450 7442
150 2250
709 252
120 4829
1180 965
838 2922
239 6840
1058 1255
6721 4115
4919 5459
2230 1868
7985 1785
7968 8640
52 5743
2661 6211
6755 1892
3178 5719
1155 2069
7623 6866
4545 3918
5735 2227
7387 111
95 768
8775 42
713 7383
603 7999
7198 3854
2093 925
1279 783
4180 1409
5590 3324
5474 267
1746 7706
8617 2991
176 9002
1824 1527
4367 2186
3307 4263
6294 3983
8843 1053
8740 2603
1277 9055
7053 4809
4915 5006
5343 3744
2878 5655
3671 1438
451 5763
4737 8442
8217 6223
2281 7186
2204 3939
1771 3324
483 4993
1927 7741
2958 5095
2567 8088
637 3877
8236 2487
4397 6558
1760 7692
2634 2227
8592 4130
2295 112
4767 4885
605 4581
8227 472
7768 2491
5745 8277
228 7383
8336 6462
3378 5666
887 583
2445 4249
2231 4985
7175 197
578 840
6441 6282
6377 1599
7567 8376
7398 882
1241 1023
1452 5284
7050 882
8620 4358
6389 4410
812 1799
5332 5777
1468 275
3230 8063
932 8522
8603 2621
1574 8853
1076 9037
3607 5726
4651 2187
2680 8306
8256 4543
5943 3218
1050 2931
5439 1004
6338 2730
3341 6572
4332 8352
5401 3211
1740 8667
7047 1224
243 567
2860 4146
2330 8828
225 8805
5928 4665
7135 5677
2794 1614
6704 4341
6927 1187
1907 4252
1255 3546
1150 6195
574 610
5136 8677
4049 6318
700 1081
1948 7920
1787 7048
4417 8284
3839 8323
7484 6672
3110 1763
3723 205
4831 8972
4613 6272
5892 1965
1910 9078
8560 21
7112 484
2279 8188
8669 6554
4235 273
2805 4812
8709 6461
8495 2589
5649 1586
4021 2404
7918 3567
8815 6390
8669 2539
2627 3091
3410 8105
357 3597
4300 3201
4232 5407
7474 4409
7250 4487
5510 8299
1442 8817
7000 7757
5335 2779
8578 3975
748 472
1526 3285
7184 8306
7303 3355
3220 2884
2884 8009
4723 881
2100 3127
1456 7984
3984 8891
7535 76
347 766
7651 7230
1384 7611
3902 3766
7242 7320
1660 1029
7110 8243
7013 8789
1063 48
589 1719
3681 1882
4387 4649
7643 68
4863 934
5461 8390
8913 6308
7907 7711
6400 9032
3832 2329
2937 1159
1082 7460
5710 6553
5229 3333
1562 7728
3044 7980
2287 7538
7736 3281
1086 7832
545 2510
6634 7627
51 6390
4691 5320
1525 2667
4519 3502
436 4485
4635 1964
5030 5226
337 2711
8380 6211
7223 4818
3967 679
7709 982
6279 6522
3705 8658
4926 3776
5364 4029
1451 5619
724 7339
4924 5834
6350 419
3466 4869
2767 2983
659 4883
5617 4133
1832 6067
6228 2178
7809 4469
1656 5692
5961 222
4622 5801
4524 2501
202 5163
3815 7606
7500 1801
679 5430
1887 6866
1467 1505
6334 4109
8073 2674
4653 945
592 8131
4395 5332
411 7570
5860 8666
7166 9018
3081 4162
3807 8927
1206 5020
6678 1617
7806 1286
5724 1869
1103 626
3962 9067
5653 6573
2825 289
6091 188
7985 3874
9071 3163
626 60
156 7412
8855 4411
4454 6500
4892 2369
6886 8472
6221 4125
241 2412
7840 2450
1905 933
6566 6119
8030 1057
9034 6685
2067 1282
7556 3222
125 4788
6953 4062
6820 7970
5670 4176
5470 644
7604 9000
4104 780
8067 7712
4790 6604
3644 1443
2062 8094
3158 949
4808 7580
2174 7584
8956 3976
7934 7871
2166 1316
6943 8124
3384 8541
5621 6705
7285 2739
8406 3499
2547 5890
8512 7633
6258 2373
7108 3780
1918 2939
4365 1836
3556 13
2361 5148
8397 5539
423 7803
6742 7914
1058 7155
958 590
6166 7343
5552 7982
4071 3309
8187 308
4623 6477
1520 6128
8825 6939
1574 800
1298 2877
1272 2099
3368 7067
7080 8264
558 857
827 6793
5380 5854
8611 8348
1628 7734
3931 4022
1402 3583
2298 5687
8401 3410
7212 8105
1340 1669
5472 99
7826 772
138 1842
2065 7034
328 1362
7748 3706
8495 2628
2618 1590
7044 8123
6001 6712
6290 1818
5796 8312
4833 3649
284 1917
405 5881
8342 7769
6574 7678
2781 3288
5587 5259
4135 8808
7589 8277
550 3341
1292 4856
670 8638
7866 1916
3787 7754
2660 2083
2624 5787
1110 6836
4800 1944
7538 106
4225 1093
1206 8513
8676 262
2407 8872
5775 5538
7573 3015
2400 405
6604 5724
4871 1205
3115 5948
7512 3980
1295 3750
8587 1512
9084 3826
7172 1093
925 5747
5396 8176
1225 6404
2472 6795
631 4875
4615 1239
4191 6821
8252 5874
3191 7468
3502 2566
1547 2944
3217 3763
624 774
3668 1518
6939 1846
3078 5389
7688 4446
1158 1408
2822 6306
3343 1751
492 6071
9014 8477
8222 308
5136 7019
8656 6617
5261 4651
5444 7995
1461 7076
5833 5717
5935 8699
2369 6254
316 1275
8527 2916
5407 6168
2349 277
7513 2654
4403 8181
8882 6160
6204 4621
1315 1805
6706 3482
6471 4394
2873 2047
6384 2133
8855 7716
3540 5180
2661 623
912 2597
4763 8642
3562 765
5262 8629
3161 2224
7199 7632
8829 6372
6746 4348
4257 5789
6633 5394
6583 2039
4402 1355
625 7373
3394 9059
1271 6853
1265 6549
8196 1289
5406 2331
1923 5313
1434 2316
6726 1748
4839 3524
497 7583
4006 6155
3589 8977
4767 2555
3857 948
6041 248
6936 834
975 5183
2514 3572
5245 6722
5052 4727
2359 5745
8540 8238
3237 1899
2801 3684
5778 4528
2382 4178
7424 7154
689 5469
4815 2443
4647 8802
409 8594
1268 1509
8563 6556
7435 3301
7061 4851
258 2070
3836 1681
2476 1187
1398 2116
7701 2245
5058 3292
7615 1970
8883 7584
7156 5277
445 3330
4696 3405
736 2405
7400 778
2432 4070
4471 3903
3412 5865
6550 5050
2 9000
4257 8995
8406 2175
8795 5879
797 4092
6822 2796
9082 6666
3963 2716
4100 4529
8283 4550
1916 3888
2724 6616
8526 3251
5416 5778
7848 2569
1363 8761
5106 6133
4771 817
8442 1853
1750 2631
5025 4263
456 6315
1591 3710
3805 1918
6641 7446
1417 4368
3441 6592
5666 2488
6405 5516
3971 6916
2277 2386
7721 5662
8087 7252
3056 7349
394 401
8260 1477
2785 1369
8730 5094
6651 2013
9076 4688
1614 2209
8292 3935
6095 2035
3223 2482
1137 5073
7981 3137
2032 7338
2312 2857
7609 978
3083 2292
6897 6889
5359 6950
668 1058
5942 9073
3973 5888
1487 5834
5462 2989
1861 2738
6012 8576
577 7086
2840 6611
4389 2987
8471 4092
7928 3878
4466 9057
5304 7716
591 2841
6698 8144
2652 4179
7163 7032
403 8084
470 7898
3912 528
3263 7669
5335 5262
2979 8346
2318 2704
4251 2750
3087 8397
5314 8605
2183 5947
8764 2462
3362 5417
5558 8558
4583 6801
1878 5594
4609 8268
4498 8086
4134 4443
611 5823
645 8601
2480 4433
956 3812
8470 6106
4623 8669
5706 7230
7816 5936
4901 1680
8623 5318
1658 8494
3797 692
3459 1795
6783 8302
1503 4119
2969 4513
2669 0
6901 3069
6494 1756
4344 5613
4637 5186
5986 4946
8489 3058
7050 5612
3665 4735
3456 7538
6221 1889
4078 7404
5248 5281
4059 1049
5977 6646
173 8748
7640 7900
7692 7817
7381 3588
8935 6482
2388 5981
336 2494
5830 1146
7776 1039
7273 4322
2164 694
6968 737
5958 4170
5104 4333
5432 8424
4477 6127
8174 6498
5454 4069
681 84
4797 6219
4656 6298
876 1368
5561 1929
2920 3801
2409 1475
946 5489
1612 3927
6602 1911
6972 6922
66 7256
1155 7847
1617 8360
6842 5696
6237 6670
4169 3609
2316 6382
3683 2025
7485 5046
1096 9011
1829 8700
1083 8584
7935 2278
5872 3187
4434 2237
4039 3586
7800 1118
1906 6112
3242 1335
226 6333
3446 3683
2514 6432
8577 1427
3102 1219
1618 391
4186 1321
388 251
3805 4816
1987 819
6850 3521
3042 2964
3970 5552
3118 1229
7844 4500
844 3387
6884 324
6503 3719
8488 8938
5466 5017
4593 5346
8897 6067
3465 7644
5592 4660
7837 7452
8906 8818
7993 3437
1632 5064
3392 1362
4243 639
8582 7351
5069 1781
2680 793
8157 1127
8227 1478
8807 5138
1199 7169
733 824
3092 5846
1502 1973
6830 5199
3778 1337
5975 3049
6970 8086
2441 5298
3759 7382
5497 1694
5562 4087
5440 5780
3919 4064
5826 8855
5851 3883
3096 7986
2585 3611
2105 3346
6044 2673
553 2422
1623 6665
8117 3308
643 889
1616 5691
5363 5610
3316 1177
7662 795
1035 5991
8990 1793
3361 4476
995 6820
1810 7533
491 6016
1669 4288
3678 8272
4154 7917
393 4811
3576 2488
401 2306
6550 1932
2777 8548
5192 8005
4184 5284
1670 2268
2683 991
2961 2993
3747 8823
500 7280
4555 6712
6881 5569
4667 6858
3059 2757
8104 1308
468 4202
1880 2022
5662 3322
