10000 9999 997753284647383103 8908 5
3307 6817
6260 9816
4517 9640
5097 3738
6985 6383
7686 1072
7659 2318
9890 3776
3981 6409
2895 3199
5595 901
8253 3388
151 9247
6805 6579
2265 1044
5995 5540
4429 2107
4720 9473
3685 7308
8518 1024
9112 2682
9608 2872
1044 8809
9127 4701
9747 1736
8189 6128
2130 5333
2267 9956
8116 6893
9973 4576
7026 6439
3410 982
7314 6011
6063 3896
2247 1390
5453 8466
1959 4709
5868 5087
5304 8836
9832 2202
1433 3917
938 527
2649 4685
7265 685
5064 267
8566 9778
5047 8267
1857 3493
3104 3447
3179 1166
6460 4089
8636 8835
7353 138
4932 8418
5857 7907
3192 4855
646 1488
9650 690
3923 2658
8819 759
8110 5390
7450 3182
6648 6082
6768 4976
8866 9020
653 4770
29 1676
7755 1778
9711 3998
353 6683
2428 7934
5881 3725
7070 2305
1158 2914
8939 6945
6161 1388
1303 5932
7245 996
9542 9068
20 2044
802 3966
3916 2879
7272 3290
2310 4021
4209 7031
878 9150
5675 1755
32 338
7168 7405
3715 2538
9081 8087
820 2201
7233 6887
9061 2144
1970 2605
4727 6952
1024 1643
565 9871
8300 533
8751 7877
5643 3492
9902 4772
466 6994
7511 1710
6899 8183
2808 4900
1851 5985
375 4812
7930 9339
6626 8718
7547 8545
720 5575
3932 3798
2609 2433
9854 5530
3614 1826
100 2557
1827 9820
533 9943
1663 9236
3662 789
3373 9023
4558 2546
9466 3375
1795 812
1353 1067
7072 4258
9038 9426
112 804
1145 7986
3739 3690
3178 8910
4366 5982
2346 560
4359 7815
3918 9522
7549 3349
5192 1678
7598 8124
9133 3913
2178 5437
2169 2080
3140 7467
2237 6926
4814 7863
4752 3592
7538 8521
4140 9321
3582 7356
1642 4909
9088 8554
3940 1878
3427 216
6555 2137
6712 8064
3858 7370
4482 2279
7849 8683
4734 7733
9947 8766
7843 7487
4584 5957
3676 7417
9444 5990
5989 9064
8686 3988
2928 7081
5153 1073
1675 6100
5923 539
6799 785
9639 9415
2253 8629
2788 7676
1162 4225
686 7454
2383 1207
562 3475
1879 7207
4000 7241
5239 1596
4378 4989
5100 8114
301 6011
3158 5932
8128 8818
7155 7904
2879 5723
2465 2568
2040 3247
22 521
2913 466
1377 9416
5858 6532
8798 6293
6706 8693
7649 4129
3631 5478
2198 8717
2077 7735
9087 3288
9592 9666
2683 4369
9679 3726
3617 5164
1391 9033
3553 964
9231 937
5194 3373
1401 88
2525 6354
5492 5922
507 3063
4546 3637
2024 303
8019 5231
8207 5921
8218 7051
2454 2490
270 3897
6674 4013
5706 6540
4554 9277
5572 6562
5506 7247
7858 3558
6958 7829
8209 3427
2315 7367
9006 1674
7495 4916
7801 464
1829 1691
4922 2814
7000 4395
5877 1288
2439 4800
1526 1069
1875 3736
1395 278
1411 6971
3806 7537
3141 8866
8722 9743
5752 3909
4582 6337
3253 9560
3016 6614
2481 8772
6977 958
5679 8275
9404 9120
1497 3936
2896 6554
1333 3882
3080 3394
7423 6050
9751 7114
1362 6438
4372 811
3300 6854
8786 1211
9204 1407
894 1796
793 1429
1845 1835
1232 7773
859 5653
3395 1345
9152 4950
8231 4118
6002 846
9688 5175
5258 5555
7379 8828
2881 1702
8139 3397
7144 4954
1220 3107
536 2020
8635 4567
7696 9093
4545 1278
9694 9970
4787 3081
9373 8423
6308 2932
4832 2621
3274 8040
8738 3640
2029 3218
8778 7553
5046 841
6373 2827
3118 1550
6 3287
4749 7279
6880 9754
2194 9152
4549 4475
719 6118
2626 6044
7335 3345
7772 8618
8077 3176
7862 5744
7382 5239
7766 8933
4080 2871
1417 9853
8955 4513
962 8833
6064 579
8000 9721
6444 8624
8184 5675
7468 5429
6853 5799
7651 9029
8854 2152
9420 6340
970 8944
5722 8965
2300 4280
2045 359
8180 7412
9479 7102
1233 9822
6337 5463
7532 5991
6132 6015
409 2404
3529 4267
7637 2129
1443 8923
1810 4240
7345 7222
1171 3846
3571 2850
6213 5456
3443 6637
7354 6640
5695 2636
2444 396
2884 1349
8594 9599
5883 477
2370 2000
5033 9091
4529 7230
7315 2343
7767 4645
5161 1121
1798 6579
8542 1458
3141 5581
6460 8487
7430 8613
6865 2410
7646 1373
7842 3547
5760 211
6749 2830
3865 7884
1175 4139
6827 8279
6550 3651
3271 2195
1834 8277
240 4141
9952 4705
6887 8783
4923 9195
5208 9024
3341 8839
578 8787
1019 5617
6420 1586
2613 8564
4210 1712
2956 1082
8231 5681
1741 2210
9232 9751
6980 6063
8996 2109
9009 2801
3002 939
1774 9203
5638 9963
5166 5979
3260 492
7360 8852
5701 5637
4296 7939
6225 5485
9392 5398
7421 5882
3987 2920
6643 9719
2682 3930
7007 7104
5965 4209
8330 1161
5290 7635
7166 2664
7068 7986
5734 5288
2635 1156
3717 9402
7019 7200
3220 6167
3283 360
8626 2724
7079 6547
8058 1281
6240 7619
5548 2432
2629 7286
9782 5137
2667 9338
2112 9138
5057 4341
4597 3137
493 1890
1856 260
6921 2449
6159 8528
3636 3551
4853 7350
8970 9538
1402 9144
5194 5184
9531 9492
7365 2771
5547 9044
7866 6538
7942 1920
7108 1324
7132 9533
710 8590
574 3617
6287 1060
8428 4597
717 4302
9888 5576
1063 8759
5649 260
16 4714
3933 5197
8254 8107
3599 6229
3199 6992
448 9570
2061 117
4916 3026
6897 1957
8497 967
817 8879
1801 7098
5607 8329
92 1966
7099 9074
4252 4731
3030 3823
6799 2731
8954 200
3006 3364
2051 7608
1372 3063
5085 360
2949 7356
2051 6595
1002 3287
7831 5722
9908 2214
3615 7976
3400 2126
7828 4691
2010 7759
8140 3677
9317 9807
240 4482
4310 564
2710 6737
1533 5355
5596 2941
1689 1016
9079 6534
8846 8897
5435 430
1433 5149
6803 4480
9135 2644
782 4778
4563 6119
9884 4145
956 453
7898 7781
5448 8179
6453 8909
8738 4229
3997 3469
5127 9078
8018 7449
7041 2093
9298 1684
4788 8915
6943 5272
1324 1418
7925 8407
6804 2988
2732 8454
2530 5756
6563 5974
7490 6428
195 9780
6871 5157
7553 3069
2274 2326
7131 2333
1815 6844
6204 5344
5634 5521
1890 5780
4630 5936
6506 1904
4899 9290
5725 1503
6921 868
1103 882
5604 3844
1194 5536
629 3509
1341 6364
316 6577
44 2923
3867 7222
458 5077
9029 1408
4789 2437
8135 3313
3733 9534
3350 7344
3901 7218
1293 6995
8989 7848
9174 1614
7360 6915
8615 8761
1351 8614
3962 5963
7682 3064
5962 7866
396 9004
9025 2012
1100 7653
8054 601
3120 307
4614 1564
3140 2108
9197 3676
363 3349
9062 7589
2734 5518
6840 1128
9906 6135
2368 850
9932 4851
7611 3895
2962 4087
3349 1553
4302 1451
3638 4430
2474 2752
229 138
6639 3238
281 6873
6936 9841
5479 6692
2992 6183
4677 5094
5033 2908
2924 1188
2935 6545
9688 5070
1722 2264
1952 1439
1298 1234
7854 3445
7722 2218
759 9182
7683 1472
8968 6308
752 9920
5889 628
7312 7943
4906 9483
8783 1290
7077 3190
2369 3312
2467 2186
443 2618
2861 6126
8132 8683
7086 4719
9248 2006
1647 7070
4421 309
7550 418
413 9004
1834 1858
9200 3649
6545 1097
111 3648
7633 3938
1563 7603
8750 1667
1459 2577
2101 3950
3497 8912
6585 7981
6631 3539
270 7485
6245 7796
2181 4580
5872 196
6429 4931
7875 5821
4795 8679
3688 1904
6652 5328
8643 7793
681 6309
9533 708
2078 4234
6148 5231
1814 1044
6783 2484
5641 3446
6468 6343
5323 1739
5103 2978
5459 2033
1167 5625
3591 7845
6125 5035
9556 1077
2499 7276
3859 2254
555 5452
8561 8471
3398 450
5439 4939
7669 1571
4761 7737
3562 2317
3402 9981
1178 3824
3774 3076
7172 1786
341 5631
1178 8927
8013 7824
5073 1829
9232 6306
5797 1348
6641 7535
7840 4779
4577 1621
7743 1868
771 8386
4474 8019
8658 1769
9102 4572
7307 8426
8011 8989
2185 8285
5783 3441
6524 6048
5554 4975
6890 6309
6971 429
3031 2806
1945 1769
5567 4322
3042 2114
9925 492
5527 604
2282 2491
3948 2780
2463 2583
9980 7218
7507 4074
4097 1187
7728 8660
8830 8982
3213 6939
8162 6556
5476 255
6072 3644
988 8404
7615 621
8227 8722
8762 6253
5114 6241
4669 5839
5239 2148
6495 9794
1726 7370
5129 6239
1347 6327
9406 1499
8467 7914
2227 8548
9856 5111
6128 8181
1669 4071
2935 4199
1025 6515
6344 8607
6631 8002
8865 3712
5704 9336
6131 9152
895 6525
2062 145
2930 7164
4150 6825
3317 1572
5360 6462
7666 773
6008 132
9234 7461
7867 2965
2631 9483
4112 2786
5808 5998
2908 3216
8386 9218
6663 7247
3750 8261
8337 4421
2451 9248
5191 1504
4767 7112
3081 1618
746 5378
6701 4020
5284 1713
8230 2034
2791 242
2230 878
7583 8828
6673 3797
2239 6425
5481 890
4041 8752
2916 6431
2217 9712
549 8789
5089 6384
5131 3449
6437 8599
6117 37
2068 6533
1899 82
2062 1710
7792 2292
777 1038
4300 3628
6128 1493
7795 9466
7627 2946
4080 2482
2973 3121
5330 9727
7984 687
8933 7873
8983 5388
4452 5747
1473 6288
7499 6519
7352 2927
906 6943
740 8536
2509 6722
5779 928
5917 2382
6714 7397
9226 7054
6902 9610
6194 6044
5122 2064
5693 509
8296 5852
5976 9669
9784 3697
570 9825
5450 290
2545 3979
9254 5457
9473 8412
7017 3282
8820 1520
7347 4930
2306 8976
3325 6918
1045 4138
2909 6493
6604 6884
6742 5858
1214 8326
8135 5695
6333 3513
7042 1055
5903 5471
537 8347
2358 7160
1587 4117
3601 7157
5415 5019
4416 1830
7159 8964
4979 3866
9005 7406
2090 1242
5151 4984
3102 8881
2838 4052
1127 8263
7174 117
6093 1646
2495 9940
3965 2624
1002 585
7454 4319
3600 7613
8812 5124
1106 6824
295 1352
7332 9905
2546 369
4258 5941
6392 526
8218 5041
7852 6037
3898 5827
122 2653
3654 9036
7611 4535
6277 1710
8374 8775
5739 9422
799 2792
4204 3174
2429 7702
5680 5574
1104 5015
5735 7480
3570 9294
3443 1033
6190 5590
714 558
4454 9058
3096 8702
7446 1660
6562 4311
8152 9230
1252 2009
7861 6923
2159 1179
5975 8282
1659 4690
764 9575
1561 5645
2742 9144
3273 8022
7969 7697
2700 5266
7261 9642
8519 8683
8208 7353
7377 4424
131 6006
5 7371
5183 6441
5833 1068
1461 9223
1399 4802
2260 6454
617 3803
446 5771
159 9305
3169 2941
3904 9249
5771 3289
9848 8342
4528 4143
5598 8288
9989 2735
5330 8324
8826 3793
4331 5423
3193 1240
3132 765
7422 8263
6903 8689
3301 630
8340 5212
7378 3997
3467 4387
4233 8021
4349 4974
1981 2242
652 8882
6617 1829
6679 131
3686 9790
6459 8649
5287 3328
9907 3211
5438 563
2581 2093
4144 3516
277 2537
8640 7835
4788 2866
4086 7132
47 2316
7012 3391
4193 6915
7351 4458
1503 17
5319 7864
4823 1413
3966 8712
3333 3635
5084 5325
9774 4223
8558 1406
9687 8154
372 4678
7285 2393
121 5548
6724 8671
2259 2210
8549 5266
5941 9500
2986 1225
2978 5237
7542 1576
395 6139
5146 4676
3861 9641
8563 1706
2421 1369
9043 7030
6057 1430
2892 3113
1982 9693
5925 4520
40 9943
9064 5342
8272 136
2242 1160
7237 5751
4599 2631
1538 1981
861 6168
3974 5097
3941 8474
8891 1358
9338 9289
2524 9055
1527 2759
3537 3178
6371 6146
5694 7311
6730 1724
2466 9424
1326 9050
9524 7260
7889 9307
5775 3229
2317 6187
1150 7288
4248 8632
9467 1621
9550 8179
4894 4204
7497 3795
976 1524
1639 7988
2842 2841
2896 1426
4921 9415
8530 2722
8070 5220
5513 6292
5244 5247
9726 3351
392 5637
1387 5214
4335 6491
3007 9658
6618 3926
6179 3461
1784 8518
6358 1935
9068 7690
6918 9941
7367 6657
7906 6468
6513 5364
5304 1635
9244 8516
9713 7602
5849 1157
9227 3878
5510 1408
9430 6009
3223 2102
9694 4236
1467 1523
5218 6505
5832 818
8117 106
9564 3195
9617 6690
3835 4708
6007 1132
9150 1514
7660 2840
9315 2630
9478 6942
4234 7715
2668 2210
5954 9915
74 2822
5924 7955
738 2329
1693 7778
8167 7289
2545 5811
1497 1647
657 8844
7809 8783
5098 265
4922 573
7021 5626
3754 5792
9849 8297
5164 5881
8388 1679
7069 1812
1048 7939
295 9886
2893 8344
2560 3017
5866 7066
6570 7174
906 7016
5662 2215
4387 6493
5170 8005
236 9974
7910 301
6778 6766
8592 6693
651 6806
7043 2704
8819 2236
5418 5838
5804 3725
1137 3327
2049 9468
9192 5303
3317 2168
5122 6382
262 839
3312 4489
5223 196
576 793
9968 3046
4 2678
6910 8420
2523 8732
1552 7548
1804 9537
8876 4055
5044 6506
2740 4068
9996 7708
9078 6497
4143 8372
7281 188
4910 7665
7249 3520
2841 1159
6081 6235
9699 1743
4779 96
3825 688
4353 9125
1664 7659
3414 8726
6868 2495
746 5106
2606 3151
1793 8204
1185 8094
8640 5039
1955 8600
3210 3034
246 5232
3505 1138
3000 4700
739 7442
5215 3164
6303 7063
8662 6233
4538 5532
5067 2660
585 7672
419 2885
3711 7521
7501 9148
2660 5435
3522 882
9054 910
7710 4595
8785 4388
9199 4257
6900 4744
1005 8003
746 975
7806 7049
5173 1897
6927 7413
5181 1443
6440 8218
4604 4692
5718 7
2425 5951
9524 8052
3938 7888
1556 9303
3297 8182
1999 3564
8476 9217
5130 2276
1705 2329
4084 7902
5115 9655
415 8738
196 4993
7409 8530
8736 2639
6980 8869
9287 2568
5517 4278
6446 8338
9243 5451
6042 2642
2042 4996
9072 592
8612 78
4794 6946
6151 4265
8005 8422
8503 9183
8555 4841
7200 3395
889 5500
1650 8912
5843 7850
2943 6116
2440 5286
2843 5257
9498 8252
9818 4647
9821 7354
704 2489
8379 6153
7227 7527
7868 5847
9237 4112
6731 9823
1766 7152
3479 9196
5805 2920
3524 1
892 1124
9062 3531
3604 3349
8315 462
4096 7985
9647 1387
3367 8056
4850 6683
9140 6356
9676 4966
2433 4808
9518 7647
2384 6399
8080 5414
8650 9
1725 7463
6874 9800
9755 7851
857 2200
1598 4928
5667 4896
9636 9271
4588 6997
6310 687
743 5943
9564 2240
8717 567
8792 5961
714 3176
8509 8072
1528 9954
7554 3290
3310 8215
6935 62
8203 3252
8847 5522
3143 5330
790 3050
7919 8092
9609 9786
5100 5490
1583 1026
6215 7212
682 6255
224 3111
2350 4829
7274 5628
9207 4661
1078 1546
4345 9130
3455 8306
9002 5954
757 7753
8970 2402
7317 8923
4047 321
4508 3650
1401 3208
4464 943
2942 2931
9905 2946
4929 3705
1749 6745
4547 9394
477 5174
5554 7515
3297 7409
4661 1862
340 5742
2526 9248
7486 9306
4033 9911
3066 6591
6815 3756
3177 3958
5393 9605
3333 7090
3688 1049
2450 877
1806 234
3931 968
8313 4670
176 6026
2064 3286
5519 6581
1662 4661
6131 9923
4790 3212
9288 8325
7679 4178
3539 9515
2600 4862
9606 7107
84 4177
6740 834
567 9725
8560 1211
1173 2045
7599 264
6514 6387
7273 9378
9332 1085
8333 7261
9113 606
4095 7573
3051 7098
6881 1282
2826 414
1827 3123
4270 7251
5367 726
1790 8628
7124 3057
4360 6953
1351 1820
2667 7056
5150 2805
5259 5778
5310 3647
9345 4102
4483 4163
846 424
3953 9780
4794 9210
931 1228
4693 7508
699 8322
3972 2423
3058 1336
9706 2971
260 6653
2106 9797
9291 8009
2699 8398
9580 6112
3905 8767
2622 9351
7926 299
3481 6782
6230 4751
8327 8920
1994 7193
141 3611
334 8135
5904 8821
3992 2530
4512 6644
1242 5014
5735 276
5406 8534
7671 850
6945 2888
6012 2522
4010 6150
2993 6427
9186 2886
9717 6295
3105 4449
5433 4255
9574 5163
7875 9041
185 3917
1431 3277
2774 2572
4702 8646
6198 597
5215 2729
7536 8466
9296 812
8328 6534
1270 8163
4572 3708
8207 2756
4664 9235
5723 8986
5145 8625
3905 8268
3559 6528
8156 2687
9713 1344
9887 2072
9330 1962
3397 5483
2691 3144
5829 86
2954 4221
5650 1783
3550 3702
7660 8272
1541 3021
8070 2787
5736 2431
5230 7133
5342 3874
2516 4223
4590 2563
1841 2358
9770 1718
8453 2662
893 8984
7346 7148
9801 1423
1637 9567
7029 9681
1448 3817
4501 5737
5482 7008
8031 1307
3792 2746
1794 2672
9745 4075
204 2180
6459 7412
1922 6661
9845 5551
7381 3060
704 1380
7261 1210
3092 7407
5886 4608
1377 923
3448 1937
147 7219
5173 6862
7252 8620
1178 8688
1740 9881
2337 7620
7401 7911
136 7593
5585 6023
1029 9921
2115 253
6117 891
7576 8284
8451 6922
9092 137
5469 4684
9563 9229
4625 6992
7210 6078
5023 2687
586 44
9049 5428
819 7492
7806 2103
2192 3558
1794 5426
5403 1611
8176 4555
4304 5692
8335 7044
9934 726
1997 3252
3339 5012
5400 4100
3392 2769
5343 9014
7445 7715
1732 2230
268 173
2797 5563
9377 468
2527 5545
1776 5277
7585 4924
2951 8956
1341 3036
7533 7881
1171 9938
4757 7478
7458 3850
8903 1875
7470 1858
5015 4404
5081 3440
7525 2137
8747 6243
1974 5601
4573 3191
1336 5770
8567 3062
8103 4504
5224 1690
1689 6581
2831 9233
6750 3928
3014 7776
1110 9425
9491 83
6829 6469
631 1111
4110 14
9084 158
4019 5751
1790 9380
476 7074
240 5105
4377 8763
4813 3965
2411 446
8356 3613
4701 5994
4281 2833
217 6014
5031 420
3868 8748
5594 4230
2945 6694
3329 534
4944 9848
8379 8212
5795 8476
259 8082
8836 7226
1259 5424
3986 8742
8795 9745
7640 5254
6203 6357
2312 5516
5229 595
7491 1295
2155 2962
151 7943
424 4793
552 8063
8139 5698
777 7158
8071 6135
593 700
5467 3033
6106 1474
2853 9698
8613 2545
9776 8889
6515 526
8642 5567
3177 1579
2434 6723
1014 3157
1801 5811
5499 2323
4116 6755
5854 4328
2936 4543
7922 8159
6576 8659
2132 8139
4600 5159
9494 4392
8537 8247
3205 9959
2629 7290
2919 3948
6 460
942 3857
7664 9047
7981 8518
117 5098
3707 9840
2755 847
401 3991
644 8992
9353 5818
5686 3769
620 5179
4998 9106
4396 9784
4007 3654
2330 9964
4390 8752
3059 1416
5472 2739
3285 8485
546 6638
1964 2877
9130 8298
2848 3497
8085 7330
2196 2613
8750 7460
2052 3458
6267 5198
2082 3023
5594 8384
922 9087
2163 7259
5982 3280
2447 6369
5794 3591
2595 2619
1481 802
8621 6192
6027 7413
6841 2059
9454 5729
2372 8461
2123 7009
2147 6753
9319 854
9286 3920
5927 9616
9641 7887
9420 1060
6325 9843
3494 3403
7818 3819
5024 7538
5817 8501
6673 5806
8862 8776
2680 6999
3662 2718
8257 8312
8110 1508
734 1680
4822 5053
862 612
7612 320
6858 7795
7467 5900
3089 7972
1264 2510
7876 5676
4140 4166
7625 3564
8421 3627
5298 9431
9413 2237
4735 6334
5238 6261
5508 5151
541 9869
6564 1002
4798 5893
8053 389
3493 2468
8680 6687
3376 6948
2724 8060
8709 1504
5484 4206
6990 4603
9379 3006
6437 7681
4284 5681
8037 8707
1255 2570
5314 8439
1636 8774
4420 8534
7694 6559
3486 5291
1839 341
8495 7163
1246 3123
2131 1461
533 6105
4444 7561
9461 3185
8496 6164
6071 2589
2149 2288
6511 9805
3742 9981
4951 993
4201 6339
6809 3768
311 3452
8435 7254
1537 8941
5266 201
2480 4768
855 8066
4101 9244
4677 1098
455 2443
3139 9724
2276 7372
9462 6303
1100 3024
4246 5405
3962 1029
6551 6196
7691 2960
5295 3971
5091 439
7666 4885
8493 8669
3790 6552
7209 6812
7115 9554
4652 3562
6191 5132
5330 5239
1182 5691
4483 4956
6758 2200
5385 7303
1699 2705
2005 840
1007 9359
6291 8992
3315 3202
9540 9279
7715 3324
1172 5175
1249 1126
6210 4829
8915 9671
303 5247
8737 9347
3816 8416
4619 1837
8936 8830
4182 4351
9094 2673
4408 1939
8427 2345
1021 8052
2207 1918
4621 8478
4970 8651
3363 9004
8509 1295
2659 2175
2694 8578
5474 1842
7026 1787
5399 5815
7186 6710
1534 1178
6170 4889
7550 9713
1915 6984
7688 3826
8195 9423
2179 8405
7964 5018
336 5084
924 7244
2220 1992
4711 7148
5744 3039
4160 1441
8635 4542
4961 5503
9381 9350
974 9027
3589 6503
7171 5034
590 9756
3883 3422
9220 5749
6988 6682
7047 8812
8119 5239
339 9977
6059 2751
5381 4323
4271 4893
2567 9176
7463 4465
6250 1570
9845 2944
7924 4948
733 3884
8866 7581
5118 5900
6991 843
9643 2553
8664 3440
322 344
6757 1167
7052 5078
5540 5574
425 4219
3689 1123
267 1299
2281 171
2139 9335
7120 7825
4738 5614
6165 1214
806 796
9117 2513
3792 7795
4753 3598
2994 675
4820 4254
6180 7874
9536 2046
9572 3288
479 4607
2748 697
2116 2693
3337 1066
8356 5199
5168 7916
2216 4383
3978 207
8083 1385
2379 9850
8580 5773
9191 6769
7861 9857
94 5146
1041 248
6122 7198
6940 4066
5914 5048
6906 5007
4744 7071
9585 136
3416 5281
4300 615
5134 630
119 8833
3496 5467
4442 5120
6679 1782
775 1051
9107 955
3342 4434
9706 5234
8086 1288
3073 4468
6126 5803
9883 1082
6775 4865
3278 9037
5191 6864
7857 892
4365 4667
6942 4560
7850 1640
2454 4534
9837 7453
1340 4772
542 6797
8289 8771
3484 9082
277 8730
6516 3609
3463 7245
3027 6526
9222 4258
7868 9609
5938 7417
3530 4360
5369 9889
484 876
5995 2944
3870 8447
9273 2040
6387 3485
4434 7128
9387 2342
4770 3003
9507 1525
5294 1292
9474 690
3673 8294
4409 8733
5841 7366
2968 2908
9605 31
5178 190
5332 1892
191 7752
3409 1382
6077 7523
6918 516
5870 3716
2508 1551
1887 6776
7936 1087
8851 5010
9872 2074
6058 906
3246 8575
6759 2713
2277 5211
7793 3512
7395 4899
2106 8373
962 728
5343 4245
1444 2386
3936 8454
5470 6814
9263 8084
61 6158
1553 9681
1953 9274
5603 6820
9929 6385
6551 9297
5231 9354
2038 8411
1884 861
314 9270
3085 3986
730 1906
6787 3887
2407 3149
3319 3271
6835 8795
7398 80
3597 7384
5795 4635
386 3451
8832 3912
2083 2215
6423 2650
3815 8109
5860 4049
2165 2097
1146 8709
6004 8933
8154 9528
2041 7401
8148 6211
3857 5345
5890 8786
2855 619
7262 1081
7958 8206
6171 9677
1988 2259
1705 9772
2857 8314
8707 7837
637 8957
3260 4160
9906 2829
9408 9922
6943 4226
9791 1089
3348 6139
6351 7805
6899 872
6952 4681
3379 9497
4893 3575
253 2578
9816 6335
4923 7090
3555 3441
982 9236
4186 9118
7103 1572
5500 8010
9854 1017
1177 6824
7938 4641
5766 4988
1466 8938
6932 908
7237 955
4122 1184
7609 4867
5178 4450
2448 5651
3872 1951
7170 8596
4146 5185
3343 377
5274 5168
8346 1044
5091 8480
3 2749
3483 4257
6915 4246
9092 8237
60 1521
4333 5548
4346 1858
2284 5993
8380 4214
1164 823
7273 585
3513 522
4286 7167
1852 3819
4310 9555
8313 8693
319 6347
69 1539
4656 2803
9691 5117
1782 4139
8368 805
2782 7510
785 5241
7002 4548
515 606
6179 9697
781 5791
3131 835
506 569
4404 4960
9510 1522
7136 9458
2985 1050
3293 4750
5016 8254
4364 5542
2783 7536
3102 9473
949 4152
8529 8518
8014 4334
2032 4791
686 1009
3952 917
6894 982
1247 4551
6116 5966
9269 6504
245 5927
6819 6028
7429 3435
1285 2468
3825 5738
3995 588
9278 8222
348 3649
1617 9378
7158 7487
4124 8423
1349 1375
302 4554
5280 5561
3436 1996
5138 909
673 8673
4024 3975
8228 5316
8164 162
3181 7349
840 2503
1576 5300
5762 7166
9965 192
22 4366
5387 2475
9658 201
4796 5496
5950 9423
7933 9259
3143 7088
956 8437
3776 5482
6934 9548
1463 4070
3935 9137
5550 9880
7182 4442
9422 3204
3375 9275
8339 6721
4305 4375
3942 7098
7180 5246
1649 982
2569 4501
8366 3648
2062 9850
1046 8906
1644 3067
5640 5822
946 1095
6160 9458
3872 1155
5539 3279
9125 3331
7364 3332
5386 1696
8446 1303
9867 1774
223 5905
1808 4685
4714 2319
4496 6166
1636 4727
2816 7665
6789 5991
8327 4299
1936 1695
2863 5182
5343 7056
586 6818
8477 8939
223 3634
9162 6566
4002 5122
2486 2319
4191 7427
62 5592
2828 6203
2836 7251
1651 2624
665 3703
8149 3955
3237 8689
6407 8604
6290 5855
5301 3495
7690 2793
1547 611
5384 4082
1323 7035
5431 8118
2958 5419
7268 811
2422 262
9331 6226
8090 9321
9292 3584
8623 9930
2171 1817
1595 1054
1699 7372
7093 2447
6752 9200
7416 5907
9398 5245
2055 6918
4149 6395
4252 8441
7731 944
6337 399
2003 9948
6758 3718
3754 6629
9110 79
8527 5260
4776 3729
2268 1174
7931 1281
6075 897
8854 7555
1422 808
256 8451
4885 3383
1704 2174
6132 3085
5920 9059
5935 5002
8933 8477
5558 979
470 8937
9125 5961
5533 3192
3430 5154
1926 6682
2937 4412
8693 5262
5980 3132
7672 8465
7092 2790
9664 1464
3743 5725
7418 6414
3984 4014
4011 3734
2714 5311
37 3749
266 2820
260 5702
6648 6386
739 3490
2701 744
1062 7899
3845 8973
4853 3332
6622 8135
9991 2010
8198 1896
2599 6887
7 3693
3000 2079
9000 2308
7659 5095
7116 7817
7371 6767
2261 8139
547 5394
2194 8414
2189 796
9098 6463
5497 4455
687 1575
6136 7732
3817 7426
8495 1912
4149 5970
4689 997
9499 103
9734 4811
3121 2426
1840 5668
6452 9933
674 6251
7562 402
2170 7866
557 1979
4498 7564
8320 8306
8745 4653
2723 2959
8218 9689
7463 6
7244 7831
6219 3977
946 5580
9662 6652
3961 296
7938 3240
5255 1202
8218 4768
4208 6850
5375 5739
7774 1248
4703 8771
1656 3606
9713 9030
6336 5058
5421 1793
5939 1282
1525 4368
4741 9749
3656 4335
844 6139
7694 5211
6005 9854
208 7277
4020 2946
9704 459
6483 6648
4112 3730
6896 8945
3561 59
5068 5729
5627 5284
414 8966
1673 6293
6950 4890
2084 5626
7228 8169
8226 7140
5361 5961
3953 2271
9197 1352
1619 6406
8454 9604
7224 1973
7552 6426
9990 1396
7703 3657
7823 341
143 3213
7848 32
2790 5432
7325 41
8840 237
3530 554
2110 5269
287 8089
2098 7440
7368 8383
4700 4324
199 6619
2267 3276
8448 7618
9991 8800
154 2079
9898 9203
7857 2015
2010 9624
9063 2875
1963 2474
1385 5032
1975 3642
3256 7665
958 1030
422 368
4194 4534
8173 2308
5571 7339
4523 9549
2881 2623
7268 1614
8691 5523
7156 4278
7198 6059
7221 2950
5650 3695
447 3918
6679 2028
6545 7959
2123 2420
6199 8714
8498 9698
2341 6664
5045 2738
689 1578
60 3609
6320 7215
7453 8275
9309 8234
414 6877
4610 572
9211 644
6912 1948
7775 9683
9365 5826
706 4353
3721 7951
7348 9174
2918 7865
9155 4109
8071 905
4870 381
3182 3326
4223 6669
9980 2291
681 6843
3518 3589
6865 7687
1864 855
9384 5198
6070 2552
6062 3040
3194 7954
7926 5281
3587 7461
2550 6585
6660 4997
133 7686
9660 4709
3366 4197
8048 530
6367 5155
3676 4705
8781 7624
3008 4260
5448 2882
951 3307
7620 2203
4755 9839
6471 3284
566 9863
1949 8740
9390 7768
2557 3440
6876 1168
9732 9196
4069 6533
3639 555
2075 1823
3461 3974
5709 5243
1757 7288
909 6853
8784 2685
848 2315
331 9101
4142 8053
6311 4443
2493 2045
482 8081
5635 2170
8437 2029
1177 7855
5102 1759
9119 4668
5152 1000
3256 7572
2477 1589
2615 853
9338 415
2014 2559
6047 6819
7430 4111
6213 161
70 8483
5544 1412
2501 8937
5422 7996
4297 8213
8332 9760
385 8155
1698 1115
3798 4487
9262 5787
7476 2639
7436 981
3845 8272
700 7582
5186 8006
1248 9076
1993 8949
4431 5804
7923 8676
2724 1507
1665 6905
6091 3502
1191 571
7380 7922
9074 2640
6045 4864
68 2742
5013 89
661 9215
3987 3157
3142 8281
5933 2380
7377 5717
5560 9668
4342 250
1594 7882
8445 8246
3943 958
7870 86
1800 4264
9581 3878
224 2010
9611 8454
7976 4448
6986 9097
428 7410
4182 2188
3265 18
9181 5538
2195 7433
8246 5111
3979 4686
2065 7656
1916 5285
8921 8531
4471 6836
180 9987
9256 3848
2946 6585
4050 8288
4824 8101
9356 9215
2732 3125
9626 5567
9761 2113
5770 3148
2058 3593
1599 1629
8352 5631
50 4609
7761 6157
2717 2021
9042 6705
9610 5992
3118 9637
1322 4656
9283 3195
8144 2465
2952 520
393 8691
965 1182
1009 1974
8631 1714
1481 5846
8277 8152
6596 7689
6275 2994
4407 9438
3164 5498
4745 98
7286 445
5114 6242
2339 8221
623 9962
1170 4787
3829 7396
5526 2165
6340 5354
8217 8511
8030 7361
3917 819
1644 5203
8899 9714
9272 3619
6828 2297
3957 2953
4130 4946
224 2837
4045 9075
5356 8629
7983 1727
5941 2099
5069 6930
4459 7596
9433 6860
6596 1822
160 6107
219 6993
6051 354
2595 2110
6641 2046
3151 7531
7211 9538
6093 6201
6489 2760
150 6777
1300 8661
128 7764
4117 9963
2250 6072
2037 4995
9478 8893
4227 9382
2086 3978
681 2545
4992 5465
8072 4280
2009 7492
233 1544
7085 8866
3842 2830
5657 744
4354 6778
9035 9079
346 786
6733 2810
5060 1933
5127 479
6150 7925
7255 9231
2204 880
8309 7661
5869 8349
6769 5515
9065 3417
1510 8486
1366 747
2498 4937
3833 9706
1743 8071
3013 4630
6810 1351
526 8216
6598 7923
3357 3071
1057 7420
3401 4575
7480 8818
7444 7254
6422 2485
8358 683
2402 6947
2423 1395
7040 3539
2387 2555
9581 9588
4571 7024
4886 3146
8323 5167
598 8118
4467 2845
8899 4782
3245 6637
9649 6605
3544 2100
982 884
6449 9975
3884 722
5085 6715
6851 9565
4003 6617
9568 3557
5352 9395
8013 6462
1239 7404
4247 1885
9529 2469
4289 1692
5782 3937
7613 1190
9734 6370
9496 2354
8269 2079
5827 3426
9933 3031
619 1056
2903 3433
5749 5193
8080 125
3245 2733
5858 3009
4740 1566
3396 7570
8319 9962
4542 1672
2095 9822
2745 9273
3049 9340
5731 4662
818 2593
7452 4479
5427 5591
571 483
9625 5968
9998 7959
2073 9425
2645 1159
4172 2230
2418 587
5506 7213
4073 4430
3949 7667
5195 291
2391 7177
4986 3227
6894 7045
5237 4383
8175 5110
7200 7533
669 7413
8234 4056
7985 7699
9606 6359
7257 7831
5618 1379
1653 8428
3618 2701
972 1319
8612 1072
8994 9691
893 6565
6440 2573
8849 2470
9179 4022
7157 3869
20 2225
9665 9263
3871 7852
2258 6601
4920 2342
4341 5781
4626 9603
6263 1799
2003 7500
3680 6917
6031 9881
9065 6010
1402 8729
9996 9849
1281 2415
6779 302
2509 2053
4016 7524
8359 7430
7023 7888
7407 7588
3243 7884
7844 7854
7687 8474
5981 8765
2106 6182
1900 7106
3847 3539
246 9505
6763 2031
3843 5694
5606 3944
8310 3939
852 7928
980 1755
1333 2452
7512 978
6421 7534
1199 2690
8536 4857
1586 3060
6767 5529
1780 2952
8434 6176
8456 4028
7558 3092
1299 7206
255 1589
6311 1053
9644 3260
2980 1132
706 7453
8969 5897
2520 5768
3107 6139
2868 5874
6603 4664
4797 1543
3081 7236
5350 2313
1720 7972
56 9699
8596 7326
662 7700
1251 6976
4118 3448
9243 4656
1889 7961
3084 541
5388 4819
7805 1949
8194 3468
3032 1675
2453 1237
3704 8301
440 5762
1630 2714
1314 7469
7637 7477
7534 7806
4755 6377
441 2717
601 9742
7673 775
2800 3653
2751 5377
8052 6103
8511 7082
6734 9819
3672 8031
6552 3136
2288 8321
3029 9336
1108 3107
2612 1531
9715 3879
8644 5741
1734 6777
672 4334
6388 9212
6697 2021
6729 9995
4971 307
8413 6945
3607 2026
9685 9794
6097 6073
8444 594
1181 8502
2352 488
730 3145
8287 9998
3163 1883
8398 166
1535 4783
4531 5047
206 6265
4016 4352
4488 8489
8945 7151
4268 4747
1158 4030
1483 4309
1589 845
6965 3721
4985 7930
3009 3332
7429 2433
8909 8869
3804 7705
8754 4564
3501 1395
6958 537
4228 6536
3631 8304
9498 2544
3259 9328
2191 3332
7804 3995
3956 1172
5210 7130
8458 9334
7273 7156
6247 8492
6883 8994
1594 312
4876 7199
5167 6896
6202 9151
2863 5622
5930 731
4820 6125
7619 2114
6546 7391
6756 7514
1078 966
6517 3242
7100 3109
7232 2689
4883 6790
433 7266
495 3885
4003 7173
3207 3761
327 2164
1695 2852
2509 1255
9429 7167
3290 7597
2472 5666
3423 606
5162 9039
7408 683
2982 5664
4362 7109
2471 1269
5861 3248
6839 2567
8932 2984
436 6188
3522 4960
6589 5451
7225 7277
1450 5319
3370 5680
3980 3678
3872 6959
1142 43
47 6726
1581 5388
9753 7258
4788 2432
472 1502
3930 2834
3910 7395
8524 5425
2809 3132
6235 1599
9383 4259
7500 443
4094 3483
9945 4531
9327 6285
5241 4354
8408 192
2651 4611
1294 7412
6446 8460
4146 569
6911 1217
7795 7068
2464 6156
6154 6142
5180 8170
2524 4113
5868 5115
6837 9119
1991 7424
3320 3908
5533 7784
960 4628
1345 4092
7357 2624
6779 1823
958 1080
8892 4235
6520 9143
5581 6577
9400 7058
7136 3965
1764 7371
7341 6236
6490 3627
1340 2686
9574 9404
8334 5015
5180 1892
3655 2211
119 7915
8293 8662
5465 4043
5928 703
6186 4265
1335 9003
5532 3929
5984 7946
7604 9295
933 964
9399 7319
2998 6252
3390 1997
8601 7164
1967 4780
910 9468
902 9917
4479 9684
9122 8800
5497 4119
9163 5460
546 6236
132 9145
9981 4933
4422 2911
4999 4062
9450 81
9146 5214
978 5726
2400 5595
9366 3623
2226 2353
865 7121
9581 921
1290 9308
576 238
552 1754
855 8085
9651 2350
1034 5006
6082 6840
8659 6418
4068 5886
1818 9797
2954 5919
189 2460
2767 914
7102 5729
8175 4748
8229 4994
7032 4174
2390 5135
2988 7559
5956 5126
8320 9430
4208 5793
1854 860
7736 4393
4927 2246
9297 8450
9073 4120
1841 6335
141 3595
9399 2899
5547 6474
4846 430
6962 2007
4758 1242
4433 2036
6700 748
1138 5733
3031 591
4186 8807
7584 4461
5875 8270
9313 4709
480 6666
354 7360
9427 9713
3230 4255
8932 1101
1865 6018
6949 8922
4577 3046
5818 336
9546 5810
2180 3284
7631 1994
3197 2794
2284 5887
3107 9746
8541 5119
9185 9269
4759 9081
9675 2029
837 1717
367 7286
361 64
6680 2612
6238 6893
5812 9289
9641 1460
6041 1442
3641 448
6689 4464
3525 5743
7764 4085
7779 2430
531 6136
7194 6229
4839 8510
1506 8731
3590 7318
7713 8018
5383 1136
991 8007
7344 5610
470 1431
2392 2529
9982 7280
4021 3783
139 187
711 1065
8946 1627
8660 8735
3973 2754
1759 7053
1238 1063
1832 387
9876 4743
6466 8169
5621 5022
4984 850
8789 1611
5048 3281
3998 5181
9893 2635
3892 6113
1876 5023
5099 7552
2915 7599
2346 9545
2396 4071
9240 5293
9099 3059
6849 8911
4171 1640
7444 727
3195 1620
3531 7189
2518 5984
5210 8136
4847 3633
3708 4194
8020 6317
779 5028
4138 5726
2709 1256
582 5026
1088 3898
1745 212
4722 1478
6162 1845
3108 6612
7608 7551
7765 3032
4897 1097
9835 6919
5388 3477
6516 1093
3083 5400
3718 5929
3681 2019
6898 5252
1651 6857
435 9259
5612 1710
3234 2928
7593 467
6617 701
860 6731
366 1580
2849 9274
7338 2907
3794 2822
6431 7725
3587 4800
1709 688
7061 3732
6520 6296
8319 5025
3569 7627
7889 5500
3298 2661
627 8721
2855 5274
108 9024
4025 3479
1429 924
194 6249
1491 1743
9689 1336
9963 4252
6158 992
4672 132
8855 5796
6197 1261
3708 7795
4482 2476
4387 1846
6040 5271
6617 4628
6952 253
4565 1244
2270 5196
7659 5514
6883 4218
6944 8450
7351 286
5619 7278
3304 639
398 9047
7305 3806
7789 7138
4827 9350
8160 1065
6678 8614
6830 9122
8081 4435
6579 7231
605 4675
6410 8758
5521 3059
6556 7338
4715 7362
7163 77
2484 4702
9578 9209
9809 1020
2353 4283
2361 5069
3767 6523
8593 8906
7297 7921
8213 3011
9193 2661
9096 2868
328 4176
2902 4200
4962 4664
6479 2311
6609 9121
5925 1275
7500 524
8545 5071
9702 1280
9799 8423
4463 4663
1368 9267
1353 8701
9270 722
7908 2854
7983 2354
2141 5308
258 8062
1785 5532
2250 4399
1872 9766
1992 8569
606 5159
5473 2278
9566 487
2644 5239
5551 727
8234 2445
8638 1528
2588 2425
8221 4749
2270 3780
2088 5882
2280 213
5128 2126
8546 2194
8516 8172
1752 7486
4546 1196
755 3070
7622 601
1926 6065
8158 5079
6496 9978
575 9625
2069 5608
494 5859
8864 4357
1458 2376
2898 2939
5724 5122
5217 8306
1281 3095
506 9896
2092 3424
371 1648
5192 9547
7349 2790
5823 2256
5592 5894
8249 2703
6838 6622
9870 4062
6910 2338
1506 4904
765 4313
5166 2310
1790 1756
3634 3854
6454 5471
2555 8648
1908 3143
4900 4257
4067 5858
4063 1772
3273 899
8278 6303
7309 7512
5207 8211
4128 3607
7279 1180
8150 9736
8613 732
7907 8668
9036 617
6606 9056
4947 3122
3961 4377
8302 4026
2804 4673
2399 9369
679 7802
9158 5517
1808 188
4314 5404
7460 2755
5934 7172
3373 1195
7890 2442
1638 4482
7577 1966
9793 2128
3054 9822
3241 9379
2559 133
1779 3712
6513 2998
7527 3327
173 6543
4871 4655
6249 3963
6237 7968
6861 2750
1393 4455
4398 352
1202 4499
6311 7397
545 1397
4696 8597
2899 3572
1817 8361
8484 9537
4184 1882
3382 2238
989 3895
8806 1304
2531 9550
3133 6829
6630 4331
4552 6549
8718 6959
3269 4817
9636 440
2532 5266
1808 3097
5096 4384
9707 5792
5134 5781
7511 8578
8408 331
4406 2194
6842 6318
9242 4225
6968 7469
9980 7389
4949 3757
7200 4188
5388 3280
3927 1733
2733 8755
2758 9160
1780 4640
3454 4042
5747 3216
5174 7821
3399 4140
8741 7889
7393 2699
791 4459
1632 4751
761 804
3129 2184
1609 1789
4620 7521
6096 3748
9938 9432
1198 7376
733 1183
9054 503
1223 4302
4132 1762
4177 8121
9358 3410
143 6998
9634 170
1119 605
8947 3868
6461 6711
7003 5054
3819 6807
1046 7918
8020 7222
4754 2513
5791 2134
3100 468
1001 1401
8380 9484
806 9408
1802 7662
3847 1370
1092 9780
8950 7226
1656 6365
1691 7788
9553 6034
2526 1120
5838 3295
3031 2025
1365 3972
2470 6929
9292 5379
2656 4983
4456 499
5235 1952
6557 2419
809 4745
9934 1959
5854 9773
3068 4676
8898 7968
8208 7271
2643 9795
5392 662
2987 7703
41 8782
4241 5095
5759 6602
7136 3655
5063 6695
7624 1960
5980 2953
3545 6601
9372 1962
5951 4972
8827 4163
7931 8978
4207 6456
689 9701
4536 9500
6054 2892
1887 977
7165 3451
1591 7300
573 5883
9923 3760
6330 1720
4327 7215
3137 2229
162 3643
2318 1727
6540 1703
347 4630
1546 442
9830 3480
760 356
275 3389
5339 9187
4685 3231
3659 3314
2566 5959
2611 6960
2192 5315
9987 8382
3236 1990
79 4860
9065 2975
7259 1201
5005 824
3841 22
1023 9674
8100 5771
6625 4126
6170 7498
8600 6030
1996 9592
1165 6227
8160 6751
9953 8110
4590 6774
9329 9866
1446 7758
7080 9664
958 8317
2964 3515
7303 3156
8835 3362
3197 3268
2811 1291
5563 2989
4072 62
8647 9152
4274 8964
3014 4649
3547 957
7018 1076
3002 8913
1089 6903
9631 32
2906 1653
4545 311
1756 9026
5516 730
1326 199
3233 7955
3779 3252
3508 4403
5339 2209
8224 4937
63 1085
5708 5216
5687 9983
4902 6296
63 6116
9285 9645
5118 9633
6502 4655
3275 2621
1309 3204
6572 8592
8825 992
7010 8365
7796 378
6826 5438
2178 627
5599 6707
544 4407
2590 6322
1719 2107
4234 38
1364 1746
7835 8266
7750 7955
4446 1707
6294 8876
8369 1686
8432 5584
8526 7511
7293 7976
9652 9387
1464 4437
9818 5079
1511 7041
4084 7530
5959 5334
1708 3365
3323 7204
821 4462
8098 7714
1319 4405
6210 7643
9134 6414
6810 1498
1557 6498
2068 6093
6898 4763
8801 9132
4997 1805
2714 1402
5710 3759
3773 8885
9775 5067
2298 5461
7140 6266
3079 596
9976 4524
4012 2908
152 1751
7369 3097
3028 9785
1304 593
1929 7817
1544 9164
6809 2424
8264 7537
2876 1520
4843 9859
5936 9219
15 5497
5714 2727
1022 8997
8616 9598
3074 3360
1300 9509
4093 361
8822 4007
1717 6083
3301 7961
6235 1456
2539 8832
9957 895
4753 39
2613 2764
6762 1932
3292 6175
4163 4637
1871 3019
6592 7139
4481 5567
7865 6364
5845 1103
1189 1819
4155 2714
565 2148
1965 3038
5082 869
8004 6822
7726 9163
140 4955
1561 7292
8348 8236
2707 7980
7705 9517
2673 1325
9301 6620
1670 493
5429 337
2375 4581
4894 182
1619 6852
4327 593
4666 6868
9733 8536
8221 2890
9073 5445
196 8361
9984 5364
3676 6485
6314 1157
410 8
4262 8676
8146 4360
6242 1113
4566 9939
2370 8205
4286 3554
7863 9694
5245 6084
8539 3931
163 6407
1310 3153
4269 481
711 2652
3723 3166
2612 6729
2235 8080
6665 9756
5154 2184
3004 9188
9212 3055
2427 8960
4221 6282
3184 6226
6057 9544
4976 4739
7240 1211
3943 6301
7979 7259
6209 266
5858 198
1410 2212
755 7024
221 7137
20 4074
8203 3505
3567 8692
1227 8243
2764 6399
2227 2007
2307 1890
8441 4286
6999 2643
697 90
2683 227
4643 9698
6703 1710
3975 1904
6886 9799
1921 7122
9722 8054
869 2508
9064 5671
5696 4705
7567 8075
8033 7318
2629 7015
3207 868
6952 1997
5541 342
8571 3770
306 8511
9646 1913
1210 635
2159 7737
4222 9265
84 7536
7721 7328
4434 4764
8698 153
9718 673
3664 2936
1181 7294
1879 8245
8959 1154
2461 7286
2474 618
8719 5103
2521 8405
2552 6283
7938 1318
4374 2739
2070 45
6060 4098
394 8921
8654 1859
4344 1455
6605 4380
6221 4768
4941 6078
5827 5976
7004 6838
6971 3192
4005 3744
9254 9398
150 2355
2535 1087
9257 4289
8496 6707
4105 8012
4584 3305
5370 2782
2377 9298
9042 8967
6301 5312
6948 1425
250 280
8974 6746
8599 1383
754 3519
730 2109
9571 8724
5763 4591
2164 2961
4058 8742
611 296
8225 3819
9621 5255
3018 868
2965 6072
1151 7127
9216 6725
8482 950
3612 3972
2817 3348
141 6770
5340 8557
6086 613
9290 6020
6109 5114
976 2118
7438 596
33 4767
9 9230
6981 9440
2972 6741
1660 8018
3409 9304
8610 8228
5895 3192
1336 4367
6835 6438
6320 9027
2247 189
6811 9150
6567 3211
9583 5974
4190 4412
1606 2313
2099 5552
5729 5956
697 2969
6451 9197
7979 8021
6343 7806
2861 7429
276 6473
2249 2844
9309 8335
7704 7406
1478 6154
9215 7644
6539 9646
3762 3120
963 8095
7511 8786
2120 4721
1176 2712
9680 5482
6222 5331
104 6652
5224 110
734 4192
3310 6991
5486 5301
6500 9706
7467 8473
7337 5978
8910 1062
9057 7329
7005 5029
9173 4753
9268 3488
9803 1333
3365 7980
7370 7785
2741 3477
1198 5833
3115 9969
8889 9971
7196 7001
1791 1755
5383 2625
7062 6952
8722 875
3303 5839
7181 659
6056 3017
5333 5687
2440 343
2749 1433
9303 773
994 3648
9784 5807
9325 4714
1829 6868
456 27
9911 1371
9739 4982
9597 7909
3065 4969
9171 9973
3278 4671
4023 8292
3605 7351
7957 5916
9985 5539
9589 2954
4445 8034
5955 4616
6155 7298
638 9100
6166 4042
8629 9280
6251 4972
6316 6243
9813 9854
6244 1532
7548 2169
1131 6114
362 3230
2706 7511
2846 7093
4195 9243
5004 1587
6592 8463
9490 7275
283 316
8310 2493
5766 9710
2531 8308
4401 5412
3309 9236
7284 6934
8382 391
4165 8244
2096 8455
3869 1624
2452 6775
7184 1257
8919 9830
1329 8675
990 7243
9520 4746
448 4410
2813 3335
4175 8447
7320 7223
5945 7937
2796 7043
7172 5096
7164 9436
3879 1169
6573 6568
6654 5634
2297 8817
8550 6422
7973 5336
8173 7014
1618 8220
8858 4127
2515 1369
6341 963
9043 4242
4783 9687
9214 4396
8684 7452
6562 2265
7975 2839
4742 2309
2825 7408
2340 4642
4958 6227
1898 7311
5465 1265
86 3497
2449 4492
5929 4725
5716 2142
3183 5203
7982 6542
6736 9408
5240 9401
3980 8143
3853 7220
2302 6554
9735 1506
5682 5542
8988 653
6362 7105
5165 8332
2350 8582
2963 1780
6212 9430
8697 7005
2941 984
7599 4818
4931 1231
1761 2591
6344 9936
5880 5763
4017 6526
8245 8775
2457 7692
9908 4107
2940 9287
9910 4610
4748 2388
981 4810
7542 7709
5646 4596
1262 8805
9192 1400
9825 3110
9519 3171
8543 6249
310 7266
6086 8316
8459 7185
6324 1218
5850 4493
8236 8370
1666 8376
5442 7094
6141 5296
3055 8438
484 7964
1524 729
3187 2188
9959 9018
9958 6968
642 9460
4704 3324
9712 3198
1958 6739
8593 1238
9708 3786
1522 6575
885 6114
4852 934
7846 5930
7541 7165
6951 725
1641 3816
9114 6403
7895 8341
8152 8241
9184 9295
1609 1405
1979 3330
8220 1977
737 5629
6110 7135
1045 1709
7553 1270
9171 9677
1983 1434
7756 639
9317 3735
1504 3782
1882 9492
9538 5134
4465 2528
8591 8702
918 151
8227 6189
4658 4016
4161 748
7192 93
4136 4365
8534 6535
8880 3954
6083 9893
6449 186
9681 4286
9582 2866
6810 5666
5875 6108
9065 4943
6188 1081
9950 1207
102 1637
7548 3578
8609 6741
8355 870
990 7120
6501 6401
2685 8998
3506 6590
2418 9915
2900 5269
3903 9729
9019 2006
8354 7041
2929 2521
5548 4090
4257 7969
3965 3012
3506 9073
5602 3494
5871 3157
5835 4595
5501 2555
9427 4869
8640 9657
9563 670
8757 112
241 8057
3674 6884
7827 7061
7968 3874
9547 2371
5182 9731
8770 5822
7087 4149
9814 7228
1154 164
4347 5777
4812 9997
5579 3245
7876 858
9071 9156
9241 7264
6684 6744
1618 8202
7164 2116
6052 5117
8194 8722
2874 7169
404 3699
4332 2088
5636 1086
67 6577
6941 3586
6364 1912
2766 5959
51 1413
99 2403
6723 7222
6518 1243
8714 1851
4728 6667
3213 3759
7971 270
9819 6584
4163 2343
7443 245
1783 2796
3227 2996
7857 8653
1096 7999
4567 5915
9712 6111
9645 2363
7502 4688
4925 7758
9411 5865
9863 9273
5089 7145
5786 9413
1152 109
6695 4621
2231 1219
3055 8856
4503 8480
2654 9572
5190 3676
4021 9317
7648 7984
8735 3844
5240 7300
7074 2768
8197 2370
2122 5218
7145 1495
376 5745
8368 1461
1482 357
7642 7086
2085 2995
7545 5655
810 4299
9732 1555
6043 5051
1479 8746
7567 5318
9397 5971
694 8822
4108 3098
7362 5076
7839 5942
181 4269
9698 6043
6844 8733
5888 794
8650 3857
325 4172
698 9792
8858 9982
8301 1628
2440 2548
5861 2805
7903 6981
6449 7898
1260 8424
1770 6823
297 648
1525 7613
5706 4174
7218 2989
9796 629
4474 7971
112 5751
1615 6920
6552 8680
3365 7414
9077 8758
1472 5727
5388 5775
6971 7328
9103 4814
7651 8674
153 4537
227 6859
3412 6028
3839 3938
3677 7858
832 3698
7952 3896
4874 8652
7226 7806
3098 3150
8732 768
9239 6097
137 1151
8084 6231
6994 7668
4882 945
3294 2585
1225 5637
4005 2072
2288 5347
3918 5346
739 6634
9024 9320
833 269
7279 5885
9556 5967
8857 9646
7557 9342
8749 8532
2771 3172
9142 9329
9026 9021
3095 5477
1441 8233
7641 7201
6306 1073
1462 9446
2981 9474
4582 8918
9532 4536
1963 1735
4147 6880
220 7588
6580 1132
4531 840
5509 9789
3738 1615
3205 7189
9764 1165
2955 8295
6641 4029
8985 1474
7892 4864
4628 7912
3722 3914
8897 1606
9729 2100
3045 3405
1726 8916
3761 9798
5282 152
3061 3550
9453 9393
7139 6458
9488 2570
1498 7810
2880 2852
5368 2121
2627 396
1755 7623
1518 5639
2865 6103
969 5465
2584 8711
288 607
3354 7457
8235 9605
677 7543
2166 3081
6311 1346
419 8294
232 4645
83 4428
9769 3279
1090 2980
2263 4722
3227 783
7331 5367
8840 8381
1958 5774
8760 6711
6085 5209
5931 7761
1410 9040
6545 7282
4224 9835
53 4294
4887 6046
8232 1715
7299 9353
116 6088
9635 9709
8776 8520
4215 4798
2330 6599
4465 2778
7377 9596
5115 3992
5493 4792
8477 671
7770 4115
495 2054
292 700
8525 8940
7927 2354
8080 4681
8638 5135
6348 1796
365 8043
4829 8357
7073 4394
4512 6801
5663 7056
8820 351
3476 8901
5037 5685
5733 6628
4643 7474
5514 2668
109 4168
3820 7164
3442 3096
6834 9540
6113 2511
8101 8663
4692 5417
8559 1138
2992 4155
2157 1921
5653 531
2905 9527
2663 6443
2602 6215
4283 1812
6177 8643
6014 4807
5084 1887
2504 7560
8197 1997
9483 3793
3911 7726
758 5032
9114 8514
9704 6107
9826 1331
5769 2286
3610 5193
202 1342
553 1978
3325 6491
8888 8321
1184 435
6718 1138
9257 1759
8738 1333
2722 4949
713 2417
395 2136
9370 8647
2975 1704
3577 7152
4096 8326
862 5867
1894 4013
3766 1907
2812 2181
3225 1088
4306 111
9648 8914
4933 9831
3231 7374
8129 8353
1679 1447
2671 4036
4337 2702
4165 149
6526 8547
3534 4544
7422 973
3618 2466
4654 2222
2915 3132
2528 9308
6246 7779
1686 5961
6759 6306
9600 7382
5288 6187
933 951
4759 3576
2520 5021
8934 8484
3476 549
929 6520
1324 3256
4000 2017
2136 8473
2206 2973
2678 8484
176 9934
9676 6415
3221 348
9376 1350
2275 3512
1740 6750
7392 3662
8041 3722
5677 2960
5013 5374
831 3578
9492 3645
1878 8231
4955 7740
3992 673
2614 2399
7904 5870
8251 2609
6756 6074
7346 8706
3191 1188
7448 4755
6004 1605
6149 447
8778 3660
1109 5256
1263 5290
7232 8255
6100 9933
3374 4996
8600 3261
3380 8188
1527 8406
7185 5711
9362 7453
8477 7684
281 1268
1427 9281
6445 1962
5606 7849
2558 9046
8718 2920
9642 2983
9254 656
4649 2873
7813 5822
2571 1677
814 9529
9948 9248
9446 9560
5561 7812
4737 4859
3021 9090
4207 3728
3552 400
6621 690
3271 5269
731 2547
1112 6271
8265 4887
9386 2592
9017 4180
3056 9091
7427 4978
1028 4880
5944 3749
2393 6827
2843 289
1193 5328
5595 7566
8967 1987
8421 4001
3888 9049
9558 2171
7735 3743
6438 8153
6213 6651
7262 4719
916 5492
7342 6977
1826 4804
4453 500
9226 9274
189 8474
5051 7563
8080 3128
8139 5404
4435 1017
9149 3788
3953 3791
6651 4867
414 6270
4694 5355
8054 1202
9513 4629
806 9541
1998 1929
9929 7496
232 9251
5932 8624
3900 4084
8247 7440
8663 4472
7116 7871
8483 7036
4897 7343
9467 5928
8074 1481
1780 6646
7948 2328
3137 4554
9413 5665
6066 984
8831 9494
4404 5267
7720 5793
7972 4509
4122 6961
7205 6430
980 7458
3385 5363
2996 323
5558 6470
687 7051
1855 842
7742 1473
2428 3170
8719 7426
4095 7741
4628 3904
340 3842
9225 9821
6754 5514
3473 388
8069 4984
6049 8997
5645 3831
4756 5248
9058 5531
6878 2592
9793 35
5321 4852
1015 8668
9058 4598
8629 8178
6178 8105
8222 5831
1597 1505
5210 1611
6253 2585
2970 9811
6775 1312
4709 2737
8555 5711
6491 1616
8176 4667
7669 9822
3050 9419
3621 4114
6569 1660
3017 8052
7083 9507
2719 2244
9937 8581
8651 9694
5901 7859
9484 5898
2473 5992
1730 5236
7473 786
6578 6025
9827 2644
4477 1700
7734 7203
258 8410
434 3048
5656 9565
9382 2293
8008 1048
5479 3542
4344 2243
4791 3767
3346 497
8296 4964
7771 3498
1300 5631
3997 8418
4940 9623
5123 9850
4630 5720
3214 3950
7992 4066
498 6168
112 2518
3340 703
5505 4457
7560 7518
4574 1328
3918 2831
4579 3505
33 8399
5874 7626
6393 3002
4464 402
4803 4581
1225 1992
1417 9384
9654 8065
6582 4508
602 1490
237 4510
7431 7771
532 5140
3754 2920
7985 9663
7141 5036
9616 5851
2076 2822
5472 3491
6337 8442
7936 3243
6587 4702
7583 9855
7817 1589
9307 9051
9569 8468
6728 1744
7685 3528
96 3242
6430 1425
1729 4895
2193 2107
344 3043
7335 371
7059 6671
6609 5681
9836 3215
2022 362
6895 2039
8727 7803
3344 931
174 3585
5474 3686
3894 9197
8652 8634
2644 6554
4051 2392
2511 2791
7894 3840
4474 8812
8605 115
7539 5158
6535 254
8101 7178
9827 7342
3705 5330
3544 3337
5016 5455
2724 8034
815 1745
4616 9913
8388 2146
4024 6761
1262 4338
3667 8027
8426 5308
8622 1074
4153 7834
118 288
675 6504
7489 2774
7517 4711
8086 6484
338 3159
8556 7716
2400 8964
8195 1918
9213 2712
5582 9398
4444 2228
7434 169
9749 6613
178 8022
65 1099
1383 4230
5825 3511
5471 235
7738 456
4574 5534
6550 7046
694 3460
1148 3619
8933 4942
8038 3711
9446 6362
2666 8045
9201 4493
471 1558
2483 4412
1135 3669
6553 8589
2851 1840
2455 5707
7175 6908
4089 7118
5262 6527
5212 4619
8692 98
2852 1392
275 8053
8930 9991
1462 1911
8910 432
1097 9145
4015 3429
1893 1805
6138 1483
2450 9902
4909 9678
9229 9744
5681 5488
2351 3947
7969 6321
5978 2116
4711 2314
9412 6642
2154 2062
7657 267
2581 7669
2597 9050
7382 3893
5921 1302
9832 4904
5199 5131
1486 7138
2874 9629
5227 87
1718 7235
91 2575
3989 5884
7089 8262
2281 1842
5866 4873
2204 7427
9188 886
4564 7000
4000 7252
2461 3588
6078 958
5212 9882
3384 9815
1650 648
9825 2715
1950 3547
3499 284
6397 9019
3001 5119
9143 2770
3334 2453
9779 7206
7896 4445
8601 4169
3657 4633
3317 3491
8949 8891
2409 4644
7623 2675
8977 7506
3070 2883
626 580
6969 7595
1595 1300
3383 735
6282 2917
6866 2296
5289 6045
8637 5521
8864 5882
7586 9302
337 4905
2527 7956
3801 201
4181 6255
929 5602
1 8161
7077 5532
5309 6625
7239 1929
7302 7673
5320 8944
7456 5059
5758 2899
640 291
2572 4107
9333 8073
8318 6921
4948 1255
578 7731
2603 9396
6784 364
6950 8606
7250 1974
4741 5567
4828 2143
6003 2692
7126 6004
9167 7425
9999 5770
8396 868
6510 7375
8831 631
1388 6996
1877 2698
6184 6808
7937 5849
5960 7667
3795 3976
4385 9478
6000 6449
7817 982
4217 4649
5093 5190
6090 5623
6794 7676
412 7468
7423 2372
7501 618
710 3838
8502 450
4421 7965
935 7645
3491 5861
7050 6528
3809 2190
5202 8248
6247 7722
9591 8274
7536 3284
4158 7306
2079 7892
1197 745
117 5721
5753 3926
8607 9613
5644 320
4084 4261
423 4036
4849 8693
4739 5597
7494 3583
9787 5094
329 5337
4408 1308
8953 1711
816 6102
3528 5099
9780 9339
9157 891
9433 455
584 5296
2819 9399
585 4766
1338 1850
4064 8685
9597 8322
7587 6912
5232 4777
4835 5622
9917 9961
4428 1084
1156 3523
1832 6717
2293 4008
7787 3802
277 9385
8735 7778
565 4308
5961 2601
7725 7872
5395 4947
7286 1141
3704 2475
3168 7573
4186 7548
1342 2108
5158 4006
4805 7221
8501 9191
3769 714
248 7197
5023 214
4569 5856
4110 2632
1789 7830
6391 4177
6719 8917
4519 8935
9562 4106
5008 265
7564 9441
411 5790
8054 8884
8314 8913
8019 7978
7375 5463
9819 7777
206 3827
6362 1737
4246 6627
9010 266
4616 2130
1415 3070
8515 9892
1037 6371
5965 9899
8167 4945
6227 1219
4123 7067
7516 383
5076 1044
825 2105
597 9552
9661 7737
643 3387
5446 860
5512 8433
1116 2198
1756 20
4205 4674
898 724
8473 6193
4860 8687
4629 9005
8842 7048
8598 8150
1142 9180
7467 9253
8961 5069
2644 2197
7721 5
5728 1511
9624 5731
4426 8061
3363 2976
7766 330
2587 7437
5944 5907
3150 8614
5742 7054
1276 3658
8193 5593
530 2637
8667 8262
7650 182
5017 4012
7295 9032
8799 2940
8721 6117
4792 7595
6475 4718
4079 8021
6019 6835
3550 1581
2046 4916
1534 9640
1999 6892
476 3756
9204 7832
4044 1829
6398 9699
7675 8022
4821 3864
5122 228
9085 6357
7328 7876
4758 723
3537 5162
6867 4900
4179 2725
1197 4154
5251 7854
3225 5080
7901 4957
3799 2966
2038 1127
2352 4580
5316 5850
3620 2609
5917 8888
403 5403
8134 6620
4140 1970
5681 2035
7015 5908
330 8512
6891 9952
4848 7484
2438 8832
5745 5047
5014 9555
4173 6373
7008 6930
6922 5433
3706 9474
3665 3214
4739 5879
5409 1359
4103 6463
4442 3267
502 2847
338 6793
2668 7887
2647 5031
4099 7509
8914 7610
9449 3334
8219 4781
815 3925
1472 6955
961 2150
3535 9290
3739 8391
4933 6541
633 4501
1704 8702
4117 3824
7627 6870
4133 5169
8633 2691
9361 8933
1232 7059
1187 1683
9067 4290
5417 5894
8724 9181
6101 6271
1824 5440
3295 8614
4080 3211
4860 5261
5809 2303
9177 3863
9859 6988
9847 6875
5957 3250
9662 2630
6957 2698
3371 7125
4746 5906
8601 271
534 4633
8666 5436
5273 5279
5965 4587
5740 7578
1441 8271
8309 3637
1940 9914
6461 8377
9059 9654
8048 4133
3440 7717
6750 4083
6790 388
1334 4207
1423 5133
7208 5519
4829 4388
6907 9646
5477 6289
2955 4745
4298 1510
2859 9531
4251 5663
6192 554
9343 6394
601 6829
9038 5988
7031 5340
1644 7744
751 9468
9312 3405
294 4961
2160 2562
2033 1526
4085 3062
9858 2373
8903 4187
6104 3082
6808 8472
5319 3381
2814 1861
4908 8197
3502 9395
1750 8930
1637 9516
1257 6380
6513 3626
8012 714
8497 1367
1978 131
4124 8325
8340 3994
1886 6148
8829 4437
5801 3253
8046 2381
9456 1692
1346 1781
4071 217
5204 6002
2356 9105
998 8102
1148 6963
1645 5719
8556 6772
3447 7162
4436 6325
8796 2111
5120 5475
9116 2349
4541 5458
647 6885
1428 1578
252 6279
1374 246
4514 6559
4032 6102
4862 2755
2181 2157
9993 7038
7187 8504
1979 8928
6395 9616
3376 9388
995 676
2405 2172
211 4899
948 8877
3960 3792
2446 6040
8912 2132
9255 8765
954 9517
9258 3740
3463 8145
5858 3322
2509 851
9487 8920
7523 3570
5724 5511
3466 111
4022 6413
3876 8462
8499 8770
9944 7951
8312 5358
9800 394
7690 2790
6566 4857
1172 6528
754 5094
2497 3949
6143 8666
6734 229
2404 2841
9139 4616
3765 6674
5555 9329
2800 377
2765 2979
272 337
3292 6261
7987 1583
1515 5119
6378 8232
9874 6622
4762 2142
705 1241
6672 6408
2977 7209
704 7962
6015 8328
3765 7393
823 7898
2904 2949
8728 5077
8258 260
8958 4212
7450 8384
8673 3988
9365 4520
5233 7370
5682 8118
9401 4889
9264 2685
3753 3684
7503 6912
1721 173
3253 3264
2883 9407
4917 8695
7830 8117
9616 2835
3640 1462
9225 7202
8565 9341
5741 8032
4886 6647
1320 6775
6011 4394
1472 5609
8303 8420
578 7751
4535 7297
207 3391
7739 9207
2155 1366
634 4944
5705 6110
4928 5275
3771 5229
5765 8619
6403 4179
7244 1291
4460 5956
9531 2058
486 865
8867 4872
1620 9470
2056 9796
7102 4848
3217 6092
7489 8292
9545 9140
469 3351
6944 6037
683 4125
8467 4998
518 6785
8034 5789
9868 7986
1006 6029
5229 6041
6260 8601
6410 490
7402 1254
1158 5199
1964 5867
927 5100
8251 9547
4783 6906
5344 2985
1591 5066
4948 8360
4307 8940
1356 6957
9500 4360
4192 7041
9514 526
7476 6244
702 3607
4821 7568
1421 9498
7635 9444
35 4440
304 3513
9539 6418
4913 1266
7322 7500
3453 5251
9476 8684
9189 1528
2806 1132
4636 2835
7599 4484
5171 4104
3151 5678
3752 838
5581 1319
7384 1691
4860 1350
1438 7230
3945 9552
4315 5462
6863 4102
4673 1618
8777 842
3155 9602
1296 5772
8656 8824
144 5012
1539 2197
7815 2120
9292 3010
5321 762
4398 7304
3425 6458
1832 3075
3346 6290
6197 3166
5596 3556
2919 3794
1723 1354
7292 8289
8594 6277
2245 3250
6228 2002
9603 400
7467 4590
6615 5352
3253 3758
2418 9330
8395 3414
5367 1519
6154 5172
9204 8338
721 3739
9188 2234
8520 1051
3431 2747
7349 4194
3159 2413
4295 3835
9852 7917
1289 8847
6937 4666
1935 191
6362 4386
8680 4038
4400 1807
473 9850
592 3119
9055 8471
4792 9016
1672 2766
4234 157
1160 1136
5919 4585
3857 9728
4081 881
3379 5277
7623 7344
7385 6217
5101 9571
8917 8554
6791 9330
6232 8789
5042 8051
6888 44
3804 3636
9674 8813
3495 6177
9894 3234
2767 6411
5826 4293
4652 7366
4900 416
3124 3446
3530 3837
8595 8076
2542 8347
4866 6800
750 1444
8381 5599
1262 1204
3755 5897
8601 8910
9206 3092
8603 2410
8653 1868
3440 7164
3323 1801
4797 2030
9620 6793
9847 6971
5864 630
9185 6315
2749 1212
4981 3498
4042 3413
2549 5636
3175 8860
7807 9248
8844 1713
2352 6856
6435 2127
3159 6140
9969 4639
7496 8311
1087 8217
9568 1248
4170 8261
2263 5600
5816 2902
2603 2251
4238 7122
6363 9948
4787 5768
5987 4586
294 6647
1551 897
4774 5293
2571 2763
8014 2348
347 3162
9022 5533
4838 3192
631 7829
2049 5643
6053 7742
7651 7221
1822 1236
8659 555
7096 1068
3010 5469
5538 7790
8560 8882
409 4775
8187 494
6832 1009
7991 8725
1470 125
668 1945
8529 6992
5844 4557
5449 4668
8573 8538
936 4987
5888 160
7284 1894
4568 1400
1406 8406
5368 9476
7046 9891
3489 7472
2293 3709
6044 3849
3602 9710
4426 4858
9512 9439
1028 7055
2285 4107
1397 2912
6514 384
3406 3658
3315 7795
5690 2395
8030 8233
3670 3982
9690 5811
3818 4336
2891 9492
3708 6521
6205 8804
1572 4880
8338 8980
6803 7478
9661 7901
10 2955
3326 5767
2513 8981
5323 5788
1586 2519
1355 9291
2167 6814
3460 9472
4158 3921
5459 5355
750 613
2301 4217
2112 782
5613 8343
1748 4887
5387 9252
4833 3381
2594 2087
9835 5990
7153 5646
9347 1577
2221 1138
5754 9560
9211 3479
5975 3890
5446 4611
1381 255
8842 3249
743 4494
7067 8812
8329 5058
4924 4461
5780 6959
9293 8873
1291 2862
7649 8040
8870 3097
1767 1623
2816 6980
7988 356
7196 196
6563 7411
397 4234
8768 9881
7759 5338
4281 1589
1613 4189
8362 2467
9178 8127
9197 6530
5523 5205
5504 9749
9757 7521
7328 5270
6090 8886
4361 891
4638 7753
9870 8623
5644 7513
6172 2506
4955 5771
9190 6914
5660 9007
1590 6162
9709 9137
5177 9717
1317 1698
5502 1695
9232 7690
7363 7357
5591 1847
1925 4035
1061 9443
5620 8788
4066 649
2655 2972
8044 9252
2645 6511
868 7336
2712 5407
2289 8102
4737 3180
725 1581
9705 2282
6847 1625
4429 58
3908 6697
6923 1697
6273 2885
6443 7287
8362 1951
823 248
9490 6661
3459 6984
6481 2610
5856 9695
8047 3135
5130 9028
1822 6650
9952 855
1650 2926
3973 5533
8310 5283
9668 3822
1032 1179
9582 9916
2951 2697
5633 3360
5820 9784
26 6785
6980 1490
3889 2999
3682 814
5731 5937
7123 3872
313 801
5835 5073
7886 1618
8776 4485
8492 5800
1968 8321
6526 8452
5259 3900
6480 5218
5356 4738
7131 2032
2716 8357
4784 9051
1322 4890
7630 7616
471 5173
7334 8809
2933 9902
6862 8708
2977 4274
9758 689
3003 5746
72 3796
2194 5441
3691 4842
459 6163
5641 296
244 8830
5024 6144
9267 1970
3409 23
1598 4181
71 7457
5108 8239
3612 9141
2704 3707
3877 2212
678 1915
3665 2185
9571 9062
9471 3586
6753 5700
4169 4134
25 7810
3286 8791
3722 6156
4508 9087
7328 4633
121 5715
3675 4899
9697 6378
5157 3103
1770 3991
7018 4338
7913 4516
3159 2232
1058 2663
9752 3646
912 8851
3477 4301
6623 8757
8190 7381
9817 4734
8761 9392
2230 3421
3694 807
470 4591
9923 1798
8991 9183
730 3393
5154 5582
4533 3856
616 1331
9994 1042
3862 4680
519 8680
4020 6882
3585 1496
4473 5525
1554 434
3359 5595
2761 2215
1009 849
7044 6727
582 4968
4786 7458
982 8114
5819 2108
6275 7013
3843 7207
3538 9051
2350 66
2790 7825
8630 5034
7180 9495
7249 2073
438 1281
1275 6341
6757 6225
3302 437
7318 255
496 6055
7859 8962
6703 5395
6522 1118
4631 3514
513 4810
1222 712
162 1915
7991 8469
309 1398
9860 7342
6227 2071
2545 9506
6979 2622
447 4541
2555 8235
6862 7298
9678 1239
6158 9411
1325 7741
9383 4047
4767 496
6781 6921
5409 2134
3154 7442
2184 4325
6439 5313
5494 5105
9208 6492
9012 3621
1717 2128
2262 4687
4605 5938
4613 7669
6110 3022
5226 5523
2589 94
8200 3116
4156 1900
7930 7975
9961 691
135 3344
1951 6765
2154 9802
7966 5500
6611 6392
2684 4660
8982 7674
6220 5388
3222 5821
5119 5533
8177 2662
6898 3357
8763 3496
3482 6465
2227 807
920 3724
1134 7460
9660 6500
504 1262
3394 6776
7475 7388
660 3337
3872 2272
7782 655
5588 6119
766 1327
5927 2230
9992 1706
8853 6943
6419 2859
9087 4057
2765 3123
9355 5060
8907 6784
6109 9627
5027 6676
7494 4316
9846 6704
6816 4031
4359 2067
4024 5517
6683 4685
8726 2580
5027 2140
8968 3064
5356 829
8842 887
4328 2389
3692 3428
1688 4149
9453 923
3186 7781
226 6876
8596 8976
5812 34
6395 1034
9440 6336
2851 731
8363 1304
8749 4604
1829 3964
8015 9026
2386 9258
922 5570
3762 5498
4309 830
2299 9949
2655 6931
7864 8585
9971 7878
3511 8818
9647 155
8504 4553
3369 2726
3931 7607
2156 2536
7674 6404
5910 1674
8714 7917
1101 532
8413 1226
7042 7402
2359 5909
3369 261
3251 3864
7277 3639
8602 6874
4309 1532
1906 2255
9878 7873
2529 3324
8713 3250
6362 169
3851 5972
7192 2134
3668 5548
5693 9381
2105 8392
1645 1833
1767 5515
3136 7814
3210 5061
6877 6603
21 6571
6173 6452
2920 1316
9165 6246
2437 9620
7958 457
7578 5052
5299 7603
8048 9581
3179 7477
3077 3497
4348 2650
2271 8816
5556 8229
7118 4728
4952 9690
7762 3962
298 8266
8165 9052
2502 7795
5303 4530
3766 5809
2555 8225
6704 62
5772 7625
3808 7058
5119 9512
3926 6531
5397 6157
6787 4449
9284 3709
784 3237
7391 1235
8987 1289
3550 7571
5504 8872
8868 6185
5218 3023
8619 5315
5349 1392
1654 8716
5455 9931
3179 6632
9012 5086
8322 870
3221 8946
3539 4828
5632 2265
2543 6099
2419 1568
293 2326
8254 4687
7274 4109
7583 3142
8542 3453
7265 9111
4316 1162
1336 7922
4967 8073
6374 9937
4336 8440
7747 1278
449 1996
2864 8995
6545 215
1020 8515
5313 8298
4508 3578
9762 6220
8491 2597
9087 7994
7107 3692
5520 684
86 8022
9948 1123
4614 4610
9057 5800
4753 3053
1844 6400
9015 6164
9754 3660
4953 1645
2668 395
5817 5370
2512 5078
326 4990
3658 1018
1466 4814
458 230
5425 2308
485 8481
4200 8093
712 4863
8003 583
1715 2586
6822 242
217 3351
2569 4367
1186 1038
543 3953
2697 3937
4870 1389
9221 9490
4343 6952
5254 4869
2249 1189
4912 8236
1892 1544
3223 2155
914 8181
4140 2644
7969 5562
8860 4183
73 7771
1658 3821
1562 8102
2480 2552
2640 1146
2335 8822
8488 9820
1941 1502
1375 6645
6208 1634
3847 2831
3111 4231
2583 3871
3969 1391
7110 1677
8378 2612
5588 2410
1277 4873
8854 7217
4291 8164
5845 8415
7288 5627
9595 9112
452 8786
9508 7188
9645 3546
8910 1302
2947 2932
8441 4586
2641 5011
4097 4340
9089 7265
6057 7786
3614 260
1977 2374
1993 122
9990 5285
7357 8788
6552 1592
2733 6390
6773 9168
24 1829
4150 7803
900 8259
6379 7149
6959 2350
1874 1984
3918 7169
6266 216
8807 734
1114 1946
4081 6657
9216 2187
6964 5858
3951 6626
4924 1826
1665 3574
4629 6278
4212 9855
986 8488
6446 8734
8029 2155
1446 2912
567 7373
8389 9209
6434 9652
1027 7186
8199 8505
259 6518
950 895
3438 8828
2132 9926
1724 2670
7806 2002
5239 9561
8676 6814
6928 5480
1436 2288
1796 6220
1730 6868
871 4146
6496 48
9247 3255
8527 8299
7119 907
879 6361
4726 1957
2624 6959
4544 1744
7265 3444
2776 1878
3140 6061
9080 106
9741 4442
9412 5700
6331 6999
8380 3239
4276 9426
2542 8330
3830 3369
3321 2478
2666 6684
1361 3323
3222 4608
5314 5947
9477 7918
4451 5682
4931 1979
1701 1585
4222 9153
9601 9842
5066 6318
1308 5093
2646 1588
2163 1937
926 876
7176 4359
599 6640
7664 2336
9169 4529
8607 1449
4453 7994
2185 8952
4792 5533
8551 7270
5292 5590
282 9948
3487 9508
5873 6234
8571 45
5052 3043
3636 7418
5732 5437
1761 5246
704 4924
9598 7812
3116 4964
6123 6617
3962 7950
2485 4890
2395 1865
9310 1253
2043 7058
1234 6635
7712 14
6425 3083
4925 533
27 4446
4483 8746
7414 3244
2978 8479
7763 8422
2459 4481
193 2097
4345 3533
9210 1348
6225 9768
5680 5547
9713 5235
9162 2338
330 2478
2426 646
4718 8547
7649 9286
8461 2916
496 1622
6319 8151
3588 3293
1247 7544
4229 3419
6574 2348
4182 5050
4158 2073
7706 6950
7320 2623
7629 2655
9587 125
1340 617
1540 21
2702 3933
7991 8247
1199 6257
1249 8119
4723 7333
3415 7095
959 7544
4794 8640
5107 8376
9197 1064
3683 4705
2719 1302
4805 3114
2639 4421
2381 9865
6350 5937
6304 1997
7860 1198
2806 5306
3200 6738
1790 2016
5373 3038
9644 5909
2980 9546
9556 1250
2344 6328
3787 3799
7064 2846
257 6691
7949 9321
3913 1208
860 7028
7926 9594
6868 6545
9110 7632
1710 832
5798 4935
3860 8302
958 6845
6986 7310
8070 8815
5611 9458
9710 1300
1463 3093
767 2265
7016 5072
6672 647
1015 4027
6828 5891
444 512
7101 3090
2374 1042
8919 6145
7088 3117
1357 9550
2753 9585
4262 5329
2160 623
3661 7164
2187 2536
9413 332
1563 6146
654 559
9404 4530
9003 945
318 4583
130 5082
508 6508
9228 125
5889 8478
2792 9318
251 50
1437 2182
2218 3436
5926 5440
6246 8646
6614 1443
9519 9605
1932 2578
5536 4757
2144 7679
6689 7022
7654 2381
9270 472
5991 4433
9529 3851
2492 8332
1574 5016
8023 4033
741 5816
266 1610
3375 8458
4939 4161
630 9414
8995 4603
6931 3236
9193 357
1300 2184
8942 3325
6012 873
9196 4203
2405 6801
3796 6329
5556 9622
8826 3720
9667 7628
1871 1052
4106 259
1105 2581
2914 9175
6207 9849
3308 8591
3473 663
6879 5791
3745 427
7347 8057
5891 8140
540 9572
7201 2939
7913 305
7466 6600
2345 7034
1127 7863
5670 8583
956 4537
5216 6366
3661 2364
6162 1522
6866 100
2556 4163
9619 1075
8875 5999
7932 8088
9627 3361
2688 2683
4578 7527
8789 1832
5188 9926
210 346
2394 4160
9591 3425
2991 4387
4016 4648
8252 8154
8116 9495
7511 2340
3965 5688
1066 6467
4764 3770
2655 6332
1169 7471
1946 7630
983 9680
5080 650
1085 4150
7617 6496
7715 2757
4665 3647
127 4405
1164 4461
2077 2013
8204 2534
3437 8484
286 7171
4824 2775
2159 5357
454 6269
4705 5424
7412 9815
5083 1909
3160 1018
791 3772
2742 3213
4832 737
1430 1421
8098 5843
8475 252
625 84
3153 1639
3149 6618
6842 5397
3876 9025
4907 8251
917 8078
4740 8418
1722 148
2993 7991
88 609
5443 9709
4518 7310
7442 5703
6919 1315
4895 7805
5953 3965
6874 461
6139 20
406 7963
6161 6740
5840 6404
4614 1024
8563 4018
1510 8284
162 1070
7922 6697
6001 9778
5655 9067
5071 2997
2117 6678
6373 2841
9917 3412
7887 1934
2289 8370
3811 5260
8951 7100
9934 6441
9243 5121
1760 8771
5373 8
2197 8710
4611 6994
7389 6389
4940 3751
6648 3015
8740 4370
8313 1000
8464 8892
1087 3318
7797 904
4712 2204
8514 9247
547 118
7716 8010
3981 6210
5268 7700
9381 395
4055 9640
4615 486
5621 2585
4698 9128
1711 2759
3814 1039
696 9105
6491 2999
4581 5443
6462 6319
5699 5958
8292 3855
3527 5122
3415 6328
6295 1810
3970 3550
5170 5690
1144 2768
4842 9166
9434 6069
3104 9737
6800 6754
6760 6494
1949 39
7971 4216
514 5969
3539 5108
6867 5535
4778 5945
8705 7242
9873 401
736 8809
686 4523
358 8871
8260 863
4256 5842
5896 253
8203 7919
4912 2345
8307 8521
1197 9396
6013 4278
3094 7900
310 8835
8756 2067
2518 5037
4962 5609
2196 762
163 4086
3497 9928
8447 5046
6128 7359
1827 205
3145 8365
6316 7339
6713 6675
805 6634
2349 3976
7447 2930
7321 9065
2469 836
7117 9544
1880 8575
2514 528
9172 678
6949 5203
5144 5792
8952 5481
5375 4736
4637 9435
2282 6913
6374 9701
957 3378
1078 8789
9957 538
6079 2344
1404 1020
2935 5420
9256 817
9341 3285
7725 6223
7011 83
5550 9276
6264 1792
6610 7384
3778 1687
4321 3886
3376 5527
3840 2667
5962 2104
3667 3859
9241 4235
5294 6172
7794 6724
4829 4206
6230 2147
3541 9050
7048 1409
9224 5499
1442 2907
4784 7298
356 5322
3708 246
4468 3206
8980 1927
5652 1479
390 3548
5813 7141
528 1630
8544 5683
3105 5750
7796 8555
7616 6292
4012 4329
1349 9566
5324 2076
6121 9049
5932 3917
9257 7874
8696 7005
8868 7975
1453 9567
5348 8842
3781 9795
1919 6459
7622 9257
5112 819
5215 9618
3207 605
9348 3778
1147 8133
1272 8933
8576 7820
8963 5012
4823 7595
2674 7592
2225 1930
489 350
914 7377
2481 348
5010 4159
523 9935
3408 6512
4786 3909
4650 6549
879 1471
4057 8142
464 6581
7460 9748
3006 9409
1168 2620
7120 2517
3502 4416
7238 150
9391 6438
5372 3314
9194 341
3439 5084
8579 6732
9779 5163
1471 6040
4358 9606
4994 4137
1631 3100
601 2398
9346 2703
7969 2773
5765 1861
5220 2294
7058 6972
245 1914
9956 3372
2795 8209
3552 8551
3921 1620
6887 5578
658 7715
1569 638
3776 7998
3019 8011
3339 8813
2999 416
3438 9005
2564 9261
595 7142
4127 1307
4573 3087
6651 2032
9678 3076
7357 8641
1412 835
6118 7345
4282 7641
2204 4674
7698 7384
689 8444
8305 2915
3296 1010
2043 5713
8672 8354
7841 3585
3296 5045
5351 8959
766 3131
1987 4617
8130 5630
670 6134
3872 3059
8773 891
8787 1573
7754 8101
5757 2250
114 5605
9356 2292
4292 6537
4544 3797
3153 7344
6608 2283
1464 683
4533 1394
5752 7748
5047 4329
548 9521
866 2573
5305 9794
4198 4096
7137 4303
7831 2657
279 4143
999 9952
9360 4613
6503 9344
6231 1736
9161 1626
3351 9200
4529 7385
3734 6697
342 8729
3380 3314
7920 3482
7787 3005
2618 9833
8163 7963
4974 5224
1572 6080
9155 1405
3444 3968
1200 3526
4795 8280
9689 1251
5912 6088
6966 4552
6917 3826
9290 3569
3130 7647
2616 4948
3666 5622
7116 523
9536 6181
6979 5003
9472 3560
1787 4145
2125 1935
6375 7978
8239 9149
7305 4882
763 1597
2608 5666
5158 4386
5740 795
5792 8854
6139 1645
7005 730
8112 796
9789 5310
2798 7041
8598 3853
8785 6024
3966 9356
9457 4024
9450 643
8095 1870
9281 1242
2365 5548
42 9298
3962 1967
4513 8088
3696 689
1443 7224
8249 9251
4060 1428
9133 2018
3209 2606
979 4825
1554 5128
513 2146
531 3178
3163 1009
8631 5631
7803 4157
2535 5352
8750 5002
6076 6560
6505 6567
6167 6220
8355 6435
145 3982
5454 5225
8198 7313
3939 1083
4840 2720
7241 9067
2624 3917
6156 1409
8353 3165
9421 6007
4037 183
2519 1279
3227 6268
8798 2633
2337 7897
2957 9708
9949 7768
6691 6083
5546 5764
3630 3418
4040 3226
1058 6269
1681 1480
4638 6751
3821 7650
43 7335
4070 4568
3521 7763
5583 5580
7457 4955
8217 6254
1127 374
709 9533
7339 7893
7234 4480
7011 7707
718 1280
9591 4295
4277 1140
9357 3469
1093 439
3759 3017
201 3844
1633 6402
4781 4509
5557 3916
3667 9962
5899 4010
8187 9441
1055 5586
8660 7518
5713 4002
1300 3851
3831 2039
6425 8063
2213 517
8930 4514
9986 8598
1202 9245
772 2677
3149 9700
4762 4266
4887 1600
4654 2602
8210 5683
6021 1520
8351 6925
2802 4786
1604 3862
146 152
8652 4381
4212 1584
3828 6960
1300 3082
5537 8273
2565 7845
8874 1594
7702 5751
7577 9322
6144 6821
0 5773
1292 5857
84 3548
1364 9374
8336 2879
1356 4228
8155 5730
3288 7634
7773 3161
9696 425
953 8114
6354 1029
6647 6869
1900 113
9272 3945
6220 9919
5685 7016
6339 3800
4263 7929
4358 4979
1158 3750
7973 4468
1035 7661
6368 1465
9857 3254
8589 4244
1602 6573
84 1494
5292 7415
1315 9008
8186 4084
8369 2886
7921 9753
8608 7195
6270 1634
2129 9028
414 3915
7994 4765
2288 1866
6985 4547
2181 2665
1956 9564
3595 8108
4656 2238
8990 6297
4759 8903
671 1012
3750 8973
632 6344
3832 5443
4660 2429
6902 3664
7741 2163
3377 8252
2213 7627
4792 8317
6222 5003
957 7283
76 9266
2037 4136
2459 9223
8113 7676
7241 535
8534 654
7036 5898
2901 5740
3950 6501
4996 55
6908 4372
803 680
8402 7677
9664 4049
47 6472
7421 8848
2087 1297
1071 3599
548 9504
4624 9403
4232 3813
8715 4029
8912 2624
6563 9104
1694 1679
8843 1925
365 1597
1623 5215
464 1507
5513 5505
6272 2705
7506 7882
9415 7986
5771 5876
2268 4340
4702 7020
1645 7386
1747 9248
7889 2456
8760 8553
7750 9150
194 6813
7504 6875
6792 7323
3635 8168
3368 2838
8127 7044
5730 7302
7565 265
2934 2787
2702 6029
3515 1969
8677 3839
7460 8240
6555 2133
9355 8926
168 6363
3807 6401
1385 9976
4761 4898
849 9518
2551 7325
1569 1363
8832 8968
8303 6749
9295 1148
8090 8433
4439 3728
941 5521
4798 7464
4479 2629
1331 1637
7911 6206
3577 7456
7148 5892
2030 643
4547 7387
9025 9417
7467 8948
380 224
197 7419
1865 8463
4848 6832
5671 8079
6138 6285
2856 946
641 2429
7483 4998
1808 4163
5927 4197
9839 621
4899 2065
2813 7725
2617 565
211 945
1535 6394
6849 2507
7562 274
3378 5901
2711 3845
4103 2726
4747 1031
9612 4944
8718 1123
3589 2331
2097 8134
2304 5319
776 2424
9559 1281
5385 6705
2734 1833
6039 7011
9565 2085
6144 7122
9480 7479
6975 1250
8962 544
1343 5722
8912 236
4435 6080
4114 4954
2444 9851
3406 7565
5528 9456
2604 1586
3250 1986
3839 6697
385 729
6465 2851
856 1096
8030 5543
7350 1487
4122 5145
393 5201
2569 5094
4427 9603
3922 7457
620 7366
5852 9715
848 1115
9524 167
4634 8364
1073 7885
6400 1611
1657 8752
1582 7047
3299 9653
6610 3005
5250 4544
5043 6733
9810 6022
1574 9367
5187 2468
7988 8695
6743 9313
8592 2114
510 1479
6503 1824
4458 1825
6690 4196
7111 6220
1613 7266
7987 6211
8143 9246
4839 8973
5921 8016
7913 6475
6081 9584
4162 9827
1332 3232
2668 7945
3900 527
1375 2506
6424 3020
4627 6347
6071 1129
4409 1625
9115 4959
7441 4591
4210 3448
9575 4821
791 2570
9988 9673
1044 3983
8317 6300
8776 4027
1763 5017
6859 7094
959 7933
8120 1602
1199 3659
6149 7505
1694 1818
8863 6118
7557 6650
4219 9258
8224 1527
6968 8063
7229 3281
4389 6006
7110 854
3474 9993
5148 2757
9168 1271
7558 3074
6831 7838
7975 6928
8147 9381
1557 9262
1970 6747
9962 9661
3537 7624
4556 5181
1656 1892
5941 3573
6914 1371
7592 2628
7420 3197
9166 838
7271 4130
6595 8577
5754 5335
9665 4945
8157 9822
5752 7819
4409 5523
6775 9123
179 1203
6624 3253
8052 4936
7639 5197
6339 867
8334 1966
1469 129
1004 5195
8615 317
1787 21
3565 5740
7769 3031
4367 6405
3700 8964
1082 8395
8036 5382
2151 6670
1642 6094
9723 749
1138 6641
3991 6224
1492 3180
9035 1556
8895 9182
3886 3676
1706 8764
1745 379
5382 7352
8793 8201
4151 5948
3462 6728
5244 7154
6506 9614
8542 120
6870 9447
4260 3887
7153 7543
3507 5074
965 8268
4362 2051
1104 6970
3941 512
9469 8554
6914 3152
9879 6276
3556 8487
9098 4858
5249 5550
9732 9503
5833 4906
2616 2648
8896 562
464 8538
5745 756
4730 3189
2910 4735
8800 4413
3659 2124
888 1921
9453 4213
6025 5491
8011 2990
6174 860
5800 2401
2090 373
1700 5048
8452 3470
6055 6621
9775 5377
5814 6534
7989 2875
1241 8028
8635 660
7241 6708
1079 5465
2931 130
6993 8939
2538 4785
3115 4618
5273 7151
3112 5403
5299 9930
7529 800
5545 875
76 645
2223 2038
8099 4504
6792 6088
787 4116
4679 3454
3362 2476
6616 7600
1390 9580
4259 8678
6916 4983
139 1976
3960 4919
2958 1753
6589 4796
8838 5260
5182 6655
9950 9840
6405 9590
6439 3671
8694 9561
7985 1330
1125 177
9346 3103
8061 2231
192 818
608 7458
1016 995
7640 4271
6307 9844
2615 1435
8852 881
6415 2692
2666 7993
7101 4886
9862 1761
8654 9751
5983 9029
6870 7579
3090 3340
5934 1510
8930 7569
2046 1530
8646 9011
9337 5719
188 715
5489 4021
4243 3415
5527 9662
8097 620
2875 4705
6326 6186
988 9772
5774 7430
8960 8189
8139 2360
720 6780
3450 409
3890 9071
4073 8995
3337 421
9989 2854
1138 4140
5104 5351
1327 9573
2285 8213
6788 1545
2134 1283
1536 653
9268 8717
9481 1455
3578 7529
4244 989
6381 5351
9482 4447
6379 3784
845 9082
2287 7371
1875 9386
8194 4506
2631 7357
3235 9096
2582 8700
97 5637
6966 5575
6159 3134
659 3116
3703 6602
1507 9692
2942 8392
7428 7430
6490 3582
6686 3601
8374 9967
4116 1017
9977 8877
8260 1941
7006 4998
788 6361
1765 5213
5654 2092
2678 689
4376 5077
9607 6712
1358 6735
5913 5687
9080 8850
4462 2926
7883 7742
9406 6507
2645 101
6095 2876
9501 503
5633 4066
9653 8810
5546 4411
9859 4901
1703 6982
784 1701
9951 1004
6465 1557
5461 8688
9773 7194
1101 259
3296 9659
243 3549
401 4954
3338 6899
8166 9370
4550 7734
3729 5759
7323 3827
1853 8935
9046 3285
7970 2817
2023 9146
7799 2983
2624 8216
7750 5904
4562 6698
6853 2580
1790 8481
1711 3568
2667 2224
4487 8158
1723 9524
9900 3271
3733 9682
5708 7175
9716 7971
4733 9543
581 2988
463 8060
6224 9801
8700 9300
4942 5207
9682 686
8900 5951
6101 3226
3296 4239
5190 4229
9366 9083
689 4363
499 6742
6770 4167
5198 3456
8633 8227
5583 7803
3889 1229
1087 4249
2317 8717
9807 1813
4881 5482
5041 8655
3614 6488
7833 6675
8610 4240
1260 2320
7783 6158
2048 4975
2099 8587
8068 4740
1274 795
5208 8425
3900 1581
4622 3043
4288 3398
3710 4729
3324 4052
8873 8273
5630 9744
3357 5345
411 8640
6014 6256
623 8875
9482 6642
5564 1617
6147 6156
8257 3221
8429 3657
7479 7668
5000 8397
5792 2771
8431 4148
7711 8575
9295 4774
2626 355
6796 8915
9218 6349
2023 2549
8495 8385
9812 1306
4491 315
2893 4266
5593 7403
5256 3763
1806 8887
3962 7836
3979 5902
4914 78
2640 3580
2043 7723
8701 332
1923 3689
2598 3967
2982 4895
9451 8452
8374 6075
1074 7822
8940 4397
5198 4678
909 8162
5186 9565
4014 4467
2635 8089
8193 8896
4222 3540
6588 7147
3583 4356
2022 4144
8059 3764
1898 4403
6259 4098
3875 6921
6334 4724
9073 6730
7655 9877
1516 123
5546 148
1074 2889
5828 2038
695 8568
6325 5457
7502 8269
5466 4635
4038 502
3221 3464
8527 103
622 8428
1186 2606
8642 8523
165 7547
590 9972
5186 3487
1499 4854
1017 6499
6430 8185
1961 2226
765 411
8730 3856
1848 3586
3681 375
4466 3121
2488 3458
4254 9656
4382 8104
5308 4927
3052 3776
7977 9630
1420 442
1175 8955
8704 1422
2077 5449
7658 4714
1424 7628
1044 3769
7256 1678
4848 1142
8779 8673
3302 1109
9153 357
2487 4012
4511 950
2177 8423
1835 9335
4690 8417
4076 9796
3747 3691
9485 5522
9298 6780
6303 5906
1097 1777
608 1544
7323 6904
5963 7295
6497 2689
5826 1027
3343 4600
3405 1557
7329 407
9644 4822
20 3873
4330 3693
8036 9602
1216 2747
9299 2273
1902 854
3499 7702
4165 595
4305 4220
3196 8910
8699 3390
9355 4854
7526 5847
246 7528
8050 6191
4135 6446
2646 2019
9511 6618
7516 8119
9551 4462
3588 7057
8707 4619
496 4425
4792 9347
3850 5785
8009 5247
1256 2780
7796 2175
8663 2887
2272 2728
4672 5492
2051 6074
1161 8632
9966 1851
6874 1549
5853 7687
2897 3308
4470 9322
9262 7432
1040 4
1189 9338
174 632
3394 2269
5553 7888
8867 1694
3465 2599
3167 5153
3543 4049
9808 2573
8563 5341
8748 7916
9069 7479
1177 1576
7414 4183
1758 6710
5681 4711
947 9239
5227 1090
3480 3147
1638 9355
5977 7185
8174 6914
8257 250
8427 4707
8718 1255
1618 9473
1890 4379
5339 7877
3517 4829
625 6442
6335 645
6210 5755
6702 6774
7469 6720
5788 7938
4809 7246
3352 7160
5842 5007
4756 5520
1452 2020
4610 4237
5692 431
2135 6711
2001 2945
1972 9886
9324 5970
2551 8507
1954 917
2113 5804
9047 9859
8908 9115
1192 765
4104 9449
1117 8353
1602 5327
1988 5802
1443 3946
3263 4335
198 7458
521 8419
969 8215
2491 6486
9366 1672
1173 2807
6349 5916
5017 9443
9061 285
7897 2872
1529 7120
9389 4429
559 5565
6108 2565
1608 4486
225 1297
8616 8448
3849 9855
4981 3709
8912 8540
2904 1360
5125 9664
7806 4442
1123 6522
3537 952
9318 8987
5009 4252
1909 4429
3339 272
607 2901
1517 8403
6446 7995
9489 7501
4750 7145
8247 1589
4730 1432
6017 5906
8609 9178
485 7383
3539 5391
7009 9375
4551 6529
7368 147
8570 378
1856 6025
1883 2823
4500 6056
6064 5575
6444 6360
4042 5122
9879 2389
478 8795
1230 2114
867 2448
2977 7519
5948 263
6535 2087
8720 3972
580 4023
5863 2123
4614 8376
7752 6933
3444 2136
578 2889
1816 724
9224 2435
2477 8780
4602 9430
200 8904
8086 988
8417 4040
2045 4691
2069 5371
7615 8094
4539 1971
4420 11
4260 8803
6811 5589
172 1318
3078 4773
974 6986
5142 8930
7546 9203
9167 5907
318 1608
971 8665
1836 5693
5384 9648
4366 8286
4317 425
8516 218
6046 9075
8196 5069
1959 1771
1516 6593
4827 8393
224 8910
6033 9204
8579 8435
6841 9265
6215 9437
2136 9686
4265 2519
6609 780
5523 4176
8104 3166
7895 2078
7727 4710
1386 8345
9525 9423
4257 1221
1268 5013
3633 7076
6298 8752
9073 8179
1948 5929
6243 3241
3719 4483
5369 2938
7960 6603
8411 7104
1931 4853
8797 7288
6764 6616
1073 3503
4302 7279
7294 1545
7997 7702
7923 5468
9905 1843
2799 7018
4275 4930
9112 7456
9148 4345
7039 3936
1759 9783
1599 9693
9497 4558
3338 4442
8915 3200
9147 2546
1961 9853
2193 2195
343 7903
6445 9942
35 9260
8997 2935
335 1096
4210 6120
1662 9080
8109 1730
7846 5918
4171 6077
1567 1639
3770 5836
1795 6079
9132 7900
4903 7504
9261 5031
1579 982
3145 2257
4834 7922
536 7421
2212 107
6027 8511
4223 1984
7991 9923
8696 6925
9201 6380
1245 5851
3838 3557
6311 8959
1389 574
8562 8834
3118 9514
279 7678
4879 6761
7728 8455
8916 801
2468 1097
1301 7721
7652 4797
6262 3249
1454 3727
934 5569
6681 1015
4630 3178
4653 8331
9832 3603
3527 9593
6302 820
1637 5754
1094 9090
1658 5043
3194 1918
5309 6649
1047 8323
9095 8082
7597 4851
2417 9764
5238 6218
6329 1086
1702 5036
1980 7878
9033 3306
6122 6265
4471 7993
6344 431
6594 4143
2423 9755
5509 4607
7900 5683
7358 6141
5246 3207
8223 2307
878 642
9465 1774
6948 1011
7651 4050
8409 5674
9785 9176
1775 391
8003 1253
6412 9643
5078 5816
4425 9066
2003 9205
2067 822
5396 5133
6082 9311
9075 4538
5554 4909
5906 632
2357 2291
2930 3210
1311 2683
6338 4187
8490 8202
358 5486
6406 7073
597 361
9034 272
8028 2621
9521 47
1258 3676
3701 9209
6323 8217
9212 3907
8433 7355
5659 9501
8067 6456
2876 3775
8049 7304
6848 2771
6835 6814
8048 3674
8681 6278
7935 8654
2172 4748
4054 1992
8301 7824
3222 4815
7701 3832
4933 3669
5142 1565
1440 7027
4257 8931
8584 856
4899 2669
6807 5986
3403 3471
7384 2712
6299 5380
5590 3351
9607 8139
4021 6135
5724 1706
9538 3624
36 2289
8192 700
1241 5022
1344 981
2024 2995
7746 6271
7957 7076
7791 2050
2721 7720
2789 2644
5595 5870
585 3777
5587 7598
3557 9864
6457 2093
9702 465
5204 1056
72 5607
9507 2905
2436 9418
4591 5882
5265 3339
1765 5889
2070 1424
2620 9904
2521 7113
8149 6363
4580 1305
2350 5047
254 4619
3540 134
9569 59
9129 4931
778 9472
4164 4386
1978 8214
5587 2465
2450 1139
5958 723
6152 2271
322 5031
1298 2162
6101 4287
5147 2210
3298 312
1613 5213
9989 1974
4760 7595
7147 5160
4028 5054
1287 9306
9502 5975
7115 5719
4768 5228
2929 9221
7939 3275
9947 6813
6396 7309
2347 3560
601 3566
6974 2705
926 2278
6920 1026
9212 9289
7406 3299
9557 7779
5913 8200
6914 279
7556 2340
4121 410
9031 1035
5229 4402
3596 9694
3336 2555
7804 1977
5373 54
1329 6760
7808 6210
7522 525
5670 6470
8861 8694
1992 1687
9713 5362
3418 4704
3459 6985
6412 6581
7840 171
1811 3713
8256 1417
8744 4842
8929 9514
4498 6987
4393 1859
2273 6176
8129 420
4706 9111
8969 1596
3283 7526
2959 1797
6366 2558
8302 539
1860 4875
3889 3741
6352 2829
7049 9861
667 7803
4876 5111
8336 4140
8137 7227
6618 8912
2681 7065
1944 2685
5720 4830
4695 8340
5577 262
9448 4290
5446 1293
7669 3962
5291 9524
2533 6418
3717 3354
9173 8845
4989 2800
8198 2188
7817 6763
6126 2574
5225 5982
5689 1622
2061 9644
1644 3221
252 7918
4936 6973
4826 265
7498 9720
1860 8597
8757 7959
8981 5736
6281 2253
8049 6660
8808 1706
817 1088
4081 3813
5616 1778
940 892
5482 5056
7440 8194
8158 797
2690 1668
3663 9460
2419 3392
7115 3610
1659 49
9055 654
5648 9539
4473 144
9186 8113
2326 3203
2760 2001
936 3537
2832 2778
3625 1607
8812 2403
152 1901
1336 2598
1258 8905
9914 7340
2008 4907
4788 6872
3025 1499
9084 9586
1231 9311
3284 3769
2391 1491
6441 4726
720 3355
6342 1917
9152 7853
8218 247
1548 9806
8258 7831
8365 1323
3871 451
3123 1007
1596 12
875 4488
8443 8204
168 370
6087 1960
2934 4814
4674 8634
4059 276
2470 55
75 7676
8565 3302
603 3544
3628 8430
9378 5684
8230 1490
6671 2081
4348 9841
3543 3126
9493 1796
5359 3506
8314 9971
6671 1063
5457 9703
5115 5437
8280 1606
6980 3913
911 3987
2772 7645
1509 3058
7742 6133
1942 8856
3828 1367
8961 9777
6862 4290
5834 7726
5824 9798
7820 5384
2251 3480
9804 1468
3798 267
8698 4185
9768 8678
4371 4986
9301 9969
1500 7170
2254 8254
1445 4788
8836 8091
1929 7420
1279 3280
4999 1965
2573 7986
9243 3852
7344 7183
3745 604
6278 7324
5869 3347
936 3353
3312 3269
1244 4478
4336 2367
9527 8248
3905 9649
1039 5760
1332 3466
3729 1675
8766 5129
9397 4713
9834 7917
7490 2644
4250 900
6112 1500
6975 6616
3048 4693
4651 8440
7049 3679
7621 7013
6315 6038
4009 2079
2631 2436
8262 6078
6274 4139
1531 643
4205 8038
810 1758
8812 9946
9891 5035
4714 8788
8992 5198
5109 771
4522 3475
6369 369
9518 4799
5271 1254
7202 4708
2744 3023
2118 1163
2385 252
6062 9250
5647 8495
3033 2037
4199 8007
5326 8087
197 1937
903 6937
4927 8878
6424 9954
4280 8150
1671 1342
8909 4977
323 8876
9595 5156
1492 8934
3892 7497
3116 8165
9265 6764
7986 1778
557 6967
6444 4594
4048 7581
5626 8093
7607 6169
6793 7037
3280 6583
3710 8911
1625 4441
9045 105
3234 666
709 9160
3623 700
6090 9954
4731 4268
7098 273
1024 1597
7396 4253
5009 6855
9487 2652
4523 7958
1882 3279
1047 9809
4272 5702
3513 8644
2246 9159
8436 9156
505 9090
7791 5049
2858 9381
8425 1144
6644 3119
7230 3037
3581 2016
7796 5751
7740 6137
3690 109
1631 1735
2093 1559
2557 7783
8339 349
8399 4285
2490 4415
2116 5471
6479 8913
9530 1241
3267 4331
8276 5861
213 5431
8760 1118
4527 3029
6515 7794
129 6396
4531 4730
4484 5372
9988 3335
693 2765
3452 7276
1215 8072
9465 7729
71 1895
4938 4270
9291 2067
7621 6423
5042 344
4540 1135
3919 7042
4630 2962
9274 4973
2903 7423
186 7780
6626 1860
2691 2138
123 1853
8849 6052
8001 5465
7264 9105
993 6967
381 1328
1540 256
1944 2579
8130 753
9448 1863
1779 5477
9215 2494
527 6608
9838 1597
1728 545
3404 9197
6837 3911
5050 8055
8682 1394
6808 3232
3643 6305
2176 3325
5425 9065
6131 6012
7638 3431
2692 6924
4288 3169
3274 1574
1742 2634
1309 6892
2154 2425
3113 8568
1149 6035
5155 2706
6076 5460
424 4847
3316 7282
1831 3748
1003 3516
5569 8398
351 313
207 5568
5402 6726
982 5962
2236 2634
4785 6450
4521 5017
2638 8979
5669 7608
6766 5189
4304 4675
144 5317
5600 8496
4892 2548
3934 7867
4634 5495
1376 6759
488 8428
925 4382
1737 8753
1928 6676
9108 2275
1538 2309
1433 3713
4483 2348
1377 3888
7749 8582
2382 1888
4771 5704
6597 5415
2112 5542
8019 5769
5639 9300
9894 3284
6312 4206
4211 8566
2362 3100
7003 7129
9909 6669
5977 1107
8187 4911
6271 836
9571 2173
2574 8645
259 5712
2930 3931
4176 4262
8017 186
2785 2178
8389 5667
8473 4655
4239 4097
1388 8897
3999 2160
3212 5973
300 6
5806 2836
6607 1302
4228 386
207 5943
5326 2963
2069 4849
8457 1455
2016 896
8317 6639
395 8912
7431 1976
2219 2099
6997 8471
9264 8639
8021 4528
4750 3563
8848 1489
4646 5735
2299 4015
8698 7760
8986 1422
815 4681
1169 5405
7462 5290
7929 7864
8448 6859
67 4490
338 508
172 4279
1949 6586
2094 3486
3806 1692
7143 1681
6959 1652
7416 9731
4821 402
6877 6797
9810 17
7844 2368
7125 8801
8379 4462
8790 8083
1971 8345
5319 2150
4308 2894
614 9486
7652 4015
6478 3616
6817 8270
6696 5969
196 4982
560 1877
8473 7711
9183 6649
9423 1143
3737 5092
9672 6465
2732 7209
8156 8424
3954 9816
7421 29
144 2921
5297 3183
1674 5654
501 2206
1829 8019
1185 7632
6264 2828
4824 9241
5777 5096
8956 220
570 2997
241 2256
7733 5495
541 8566
7796 8885
1645 9939
2972 2233
1348 9865
4344 9990
5464 5337
769 3241
5998 1149
2631 2892
8954 6196
4744 3155
9053 4208
9402 4980
9012 6207
4549 9175
9632 4363
161 7405
9498 4982
1063 2366
6106 4596
7594 224
6129 7905
4438 2183
2771 3272
8743 2451
9687 8250
328 7695
8172 2228
9328 8477
7389 6095
3793 9050
6543 9887
1266 5441
7237 3959
4345 2541
3472 5108
2848 9771
661 6216
6773 6588
4700 2084
4028 3068
1918 4697
3885 1607
1475 723
788 1282
3455 6881
6909 3746
3175 3076
4601 8447
6201 4207
6593 9009
3615 8494
1468 2829
8234 9101
6688 565
3608 8657
7869 3497
1786 3258
7800 1210
4399 3609
7614 9446
3860 8883
1173 75
3550 4463
2500 3952
9615 6456
5191 6731
3086 1640
3648 6067
9703 2458
9668 1656
3703 5143
9433 8387
9851 5499
9607 6432
7009 4792
1755 770
7948 9944
1103 6425
777 65
8120 1273
581 6725
3434 7914
9480 7331
3594 1332
9273 57
3515 5736
4132 648
6035 5324
3719 8432
3829 3109
2952 5399
6004 1435
8390 8003
7932 9778
7677 18
1430 5276
5948 2496
8314 135
4910 5933
697 1262
932 4247
183 1379
315 8247
5462 6515
1893 9723
9976 8461
6168 565
657 9733
7265 4432
6659 836
7280 4330
7570 6313
4935 7508
8902 4787
5347 3651
1888 2417
452 8885
9888 3458
3579 8093
8648 8115
7863 8508
2935 7606
7941 7382
7700 239
6735 843
2945 9788
9353 2860
6356 7834
7127 436
5394 40
8660 7953
4173 624
2612 6250
46 6609
6171 1757
7051 3101
8403 630
3156 3110
1557 752
6417 8047
1287 8908
8498 4769
2043 5946
1399 7034
1206 5002
1989 3019
5359 7797
5495 1183
4918 385
4508 4884
6099 975
5479 8082
3434 5391
9056 7100
3194 8887
7355 9955
144 2419
6249 2922
2740 8630
8693 4837
7592 4148
7301 3610
9865 1851
7731 9473
9217 4560
6096 3715
6346 2677
5657 9296
7516 3993
9949 7220
7124 3209
1366 417
774 1000
7691 1537
8409 341
5376 5258
1315 2845
1347 408
2035 9323
8122 3622
2525 2215
4678 4077
7977 5941
2042 4654
6690 9573
8552 7678
4504 5073
2258 637
1469 2850
5839 2922
2295 2811
4478 3730
413 4371
6404 1279
7688 3763
5526 5382
9890 6831
1971 5610
2706 1850
9937 1775
3695 6715
5167 8291
4088 1413
1738 7643
8199 3276
5291 7249
1918 159
3229 9694
2466 8957
262 9455
5660 9351
6433 2419
6558 271
8423 6191
550 5259
266 3754
3791 6887
930 693
2642 9720
8141 5363
110 308
7370 2066
2397 5447
6662 7966
4495 2496
9247 2655
525 4042
9767 5075
327 9255
7896 4557
2898 8293
3339 7406
1217 5422
5808 7258
7811 4253
9579 2923
2140 2967
7150 8004
7327 1166
9482 5280
5090 5746
3830 408
6163 6553
2484 7805
2818 9702
862 4660
1869 3479
345 4827
5628 4382
1036 534
2406 6514
3351 8617
2314 114
8042 6243
4963 6745
663 3126
8436 4101
5357 2441
4257 6633
1477 2639
6918 4702
7482 7249
2252 5063
3203 7199
985 6466
1199 4217
5624 9248
3805 2920
7800 7560
3356 4487
6337 6205
6253 9238
1213 6954
7327 5764
2155 7079
6448 8790
9124 8415
203 2038
4648 3311
8984 9345
699 3401
7003 5537
2014 1194
7700 5807
7435 6386
9737 93
9410 6806
4641 528
3173 266
2249 9070
7442 6685
1113 2940
7099 7940
8455 4502
1096 6240
4072 3035
7557 8583
9475 5733
644 5744
9485 8921
6265 3138
3880 6386
6768 9874
1593 4807
4032 9160
6563 6779
5669 8535
6417 2763
6606 8468
4920 5447
6507 5532
9405 8904
1890 147
1271 8430
4476 7078
5309 7486
5714 4677
4657 1267
7629 4312
1003 9037
5619 6775
1772 4383
8613 4848
2463 9234
7628 6789
6853 6032
2779 9280
1394 3401
6327 4218
5621 9895
9948 8247
9875 3899
985 7451
647 3342
6933 6252
6877 6776
1032 691
5249 7084
3463 3279
5937 6668
6640 7944
8498 1619
8141 4968
4637 2671
4305 5017
2151 3612
9641 7296
6815 1218
1718 1019
6387 7587
4955 5055
4592 8286
3028 6895
7665 28
2153 1429
9068 7533
7978 6098
7488 7575
3883 4149
3549 2074
6136 7520
4371 1768
3530 680
1799 7413
5911 6475
4417 5000
3933 7991
1975 4323
7973 8809
1117 3885
128 4527
8968 3063
6355 3513
9896 9627
9836 4199
9997 4617
923 1337
3200 9708
4624 9817
4355 1287
3719 4501
3703 5846
8925 7720
3727 1414
9258 2332
7091 131
9906 3998
4581 8056
4923 7188
8855 7467
6602 6916
4883 4292
4964 5206
1533 1071
2680 3694
8971 457
1951 6288
1058 8143
2217 6377
8440 7715
2416 8848
5606 9846
7890 7713
7313 8125
7524 2120
3207 5741
8601 395
6426 6703
7401 2351
2439 2201
5083 3739
3723 8723
1731 1600
6527 8924
3188 7781
4705 6248
4093 2720
6149 8400
9209 5390
6300 6612
5544 6222
8593 8131
2325 6651
5268 7307
640 293
8968 8080
5640 3266
664 8297
6110 6759
3290 6062
4891 2093
919 7638
6435 8519
7795 1528
9017 9186
7423 5015
6748 3789
4586 2334
29 4762
6714 2948
406 5738
3145 3923
5282 1191
2964 4842
7469 8179
1286 5815
3570 1794
2619 3546
5514 5020
8976 5023
6861 3920
6482 4768
6281 5353
5503 702
2063 4547
1008 1798
6620 6509
4915 9113
8079 9790
4010 3195
5389 655
6381 6636
2445 9368
7516 8975
324 7942
8574 1932
1321 5791
954 6450
6414 6154
2867 2869
8401 6199
5092 9060
5930 610
7148 177
3753 8282
1384 646
6966 4978
3099 7286
4648 7161
2971 9278
8133 3780
6786 7730
6675 4477
4627 6134
2266 8972
4156 4326
6732 9781
4606 3949
5227 6572
3598 7879
7831 3812
4665 5398
3552 3881
7391 2009
8325 70
5330 5416
9086 2489
8027 95
1548 6959
6835 4339
2783 1546
190 4158
7680 1666
6610 6771
4320 9328
7145 5873
105 2092
2398 9745
3891 6895
6736 4735
4039 6376
7399 4525
4316 5487
584 9115
5887 2846
5141 1234
2328 5252
454 3985
4570 1641
919 4419
1129 1901
1286 3396
2777 5613
3267 142
2586 589
1809 1658
5278 4334
3305 2264
6688 30
8307 5876
2713 222
4099 8197
3849 823
3545 3854
1205 443
9730 1044
2749 7693
7590 1140
3492 7235
6475 8769
3997 7692
5559 5820
1595 1938
6444 19
5434 9527
6285 9007
2824 5890
9385 9979
4131 4573
5718 9031
5576 4716
2916 9431
4350 1284
368 6952
7276 9740
3027 6893
1121 900
4804 2869
9947 2792
7125 7554
1419 101
4457 5354
1846 4717
7348 9207
8841 9904
7134 3846
2001 9254
2404 2387
3680 9293
5177 3672
3902 8878
5993 5478
3235 6287
2397 9426
9143 5997
6477 9500
1404 8979
2190 4764
6938 7457
1984 2423
6416 7075
8337 8176
6833 7090
3514 1430
5400 4632
1182 8244
6683 290
6763 7465
5549 3455
7613 3104
5192 970
9960 6314
2878 6223
6548 7016
7942 6517
8062 7265
8214 2821
7464 275
6434 6732
4716 4587
8894 2002
9442 2437
2017 3573
2676 1849
4156 5661
9638 4409
4842 8096
5793 2914
4515 1073
3781 6042
1088 692
8999 391
3897 2241
2408 2321
3184 9072
8105 5255
7225 6605
5116 1734
4414 8629
554 2378
8602 9866
8517 2734
4519 1207
5203 1947
589 4570
3385 7541
2237 2497
917 4207
3601 9505
1240 8835
1004 1665
9927 4976
2112 7645
3571 2026
3135 1459
2111 9004
9183 9335
4615 125
4610 7770
2870 8002
7668 4034
5221 7842
683 7718
3673 5673
1943 1225
6456 6282
455 2914
5733 8665
1216 7954
3536 3143
9364 9480
8704 8171
6667 4503
5258 1013
9823 8993
9761 4938
1440 9780
871 7561
9687 8562
2745 6401
1106 653
8252 7775
1158 3044
2577 5466
1566 5380
6662 3714
7190 5655
7652 3091
1881 2570
2409 992
4189 3478
6719 3262
8580 3739
8627 323
5019 8000
4583 5038
5248 2770
9340 1602
6528 3978
1603 4534
5348 5960
6750 4505
3457 3824
3928 8358
9233 2132
4835 1871
5940 2912
3860 7333
3603 4937
8157 1480
5743 615
80 7744
6902 2518
4864 9074
7724 6554
2781 903
4360 5777
3827 7248
4448 5026
48 3572
5573 7919
6258 965
1858 5679
9123 8716
4283 5139
250 3687
6561 1768
117 1403
65 8373
4395 2100
5558 382
5010 4569
1807 13
7785 4010
4092 7138
2500 3474
707 863
9543 4523
405 6372
8288 1710
6475 4311
6082 8504
9376 5761
7150 3500
7255 5534
5919 8922
546 9954
2329 9285
6562 3328
9897 5291
3732 7608
7413 7017
9408 4924
5798 4914
7166 6788
6036 3173
4349 4310
5111 7267
3574 6873
1986 8611
1092 1602
9310 9750
8802 4194
8151 4736
9703 6802
967 2818
1838 9026
5122 5497
1091 569
5855 4744
7713 986
768 8802
5401 6347
4771 2384
9338 7928
5715 9765
9049 8557
3454 1682
9926 4933
7791 3608
827 5805
5778 1685
8745 1476
2945 177
7802 9434
9058 7803
828 1059
7663 7567
2738 4297
6720 2677
4689 3646
9684 1788
395 50
1200 5436
5655 4098
3789 9953
3504 1182
5923 1070
1585 1147
9703 7580
1692 907
4146 2011
9712 3247
636 1016
3072 6776
1907 682
716 8854
7525 468
8375 2008
4609 7033
5136 3505
8947 5160
4559 4190
8041 9437
3862 4137
7310 1720
8195 8238
8608 8339
7308 2406
1127 4743
2513 5410
2003 7934
7631 489
8283 1392
5748 5105
7777 4583
2784 4514
2306 9763
874 3417
3778 8320
4952 2925
9875 9724
3073 6402
4406 184
6656 8211
6544 7452
3041 771
4856 6516
2821 5380
5555 2493
4738 1800
6993 1457
824 3553
6946 3481
5981 8814
2679 9747
1748 5266
2056 4260
568 8308
230 4529
4892 6175
8006 4053
639 5188
449 4647
9154 8824
6073 2203
1153 400
7286 8169
9456 3652
4214 7799
5078 4509
8173 3303
4281 5837
6493 4046
9227 6250
59 6798
8044 4153
1352 8586
5532 8618
430 7893
4078 5900
883 7690
8878 4980
2291 567
8940 20
4879 4091
4965 9634
301 6658
6047 792
4220 4831
8314 3178
8794 233
913 9357
7691 4884
2154 6284
4960 798
2408 4533
3041 8304
2596 999
9356 1985
5468 2145
6795 3329
2815 3297
1258 8857
47 196
3737 5658
6702 8290
491 1669
3139 6967
8533 673
3127 5374
502 1248
9321 124
5936 3312
4130 3416
9075 6416
1131 1737
1567 4939
6016 1373
4666 9767
1568 1127
4152 9388
2576 8554
1905 8402
3584 8924
2278 179
825 684
8823 2158
611 8974
7964 8475
9369 6067
7319 6766
7744 8823
7798 7889
684 1102
1415 1905
9423 8720
2162 6218
7617 2183
9904 2554
7757 9434
1741 4294
3420 7936
6836 6176
7951 4168
2916 2414
2611 5905
9651 8877
3426 5672
8035 4461
8296 6455
2627 9829
5678 4639
2712 1043
767 2471
7990 8186
9446 1991
1012 4746
5305 5209
1707 3489
6408 9471
9675 3526
9622 7944
3674 1807
230 1756
9992 7725
5403 4682
3228 2043
8833 3508
7915 4147
2923 5820
1825 1506
7506 7842
2393 4732
8959 4202
6923 1848
1912 7406
6273 6529
3537 1369
2723 8919
4281 2576
1255 2060
2220 7719
7864 2540
5434 4507
1209 4052
6695 5409
2590 4213
4391 8225
5464 6962
9009 3291
7025 6007
480 3525
1831 52
5507 4212
9543 7816
350 352
6956 1430
7864 9248
2555 8311
1159 5314
209 3857
8026 4358
9577 4564
8547 8839
6677 7161
9961 4612
2057 746
6635 749
7826 8148
2671 9371
6692 2889
8357 679
3127 1434
823 9748
3224 4730
7467 3409
8180 8026
8705 7750
1122 8800
311 185
9410 8272
4273 4907
1873 3448
9987 8762
2133 1513
6632 9535
7574 4741
2573 7488
7335 2
3400 4282
1017 5451
8739 6388
3699 6813
856 587
454 514
1907 8500
2679 987
8020 1867
4838 1779
7223 7626
6770 7741
7105 7592
2681 9540
8913 9333
4253 9060
823 7291
5582 6048
9483 6202
3823 7924
4341 2808
8507 9459
3699 1891
5782 5184
9403 718
9909 3023
3003 6376
9594 890
9254 7967
2610 8814
5307 8185
7032 9271
8312 91
8210 5884
1922 3561
5877 6721
7751 2958
9085 8841
7905 5103
5862 7972
9586 7164
3059 249
6505 5264
7050 915
4653 3924
7767 5767
5426 8124
6220 6195
1728 4430
1655 8211
1213 6115
3589 691
2089 2429
487 6322
6613 2696
6846 3426
4816 6603
7567 3786
1542 9578
2582 4878
5444 9628
4254 4729
1745 9526
1016 6464
6276 155
2480 4156
9577 5389
8944 5383
8863 9419
7214 4355
3306 9459
4969 3269
6022 5413
3552 7876
2027 7683
5279 2710
4732 8534
776 1935
8449 8380
6950 6205
5706 4646
4318 7683
6280 3851
9676 2330
464 4990
3194 5137
1501 9363
8509 9996
3047 5471
2036 912
2653 4563
3523 88
9332 9196
4376 7179
9918 1608
2537 4247
7394 2208
3753 3984
8096 8039
6596 8111
1016 2266
9109 1095
7238 2500
7563 5579
1601 1242
4454 551
7246 4498
1114 3906
7387 2859
2489 3629
4061 539
2709 6492
4373 5430
2091 7438
1924 3329
4225 8078
2667 3834
6714 9256
7229 2356
428 2303
9756 9446
1560 8220
7191 9224
5709 7456
712 7274
1388 1258
8811 377
2136 2843
3764 7265
1812 5831
283 6600
405 6189
6219 7382
5750 2507
5776 2365
6685 8742
1196 794
8408 6909
8824 5423
8812 5615
8003 1586
8387 6591
7329 6737
4685 1301
1098 5642
2116 9258
6068 6204
8102 5090
3592 4895
9689 1872
2561 2123
3616 7639
7310 3990
8611 2731
8802 7745
1485 6412
946 3726
6053 474
6491 638
7440 1829
6717 9543
9282 6044
3685 2720
1121 4469
1975 2052
8416 7193
5700 9738
1831 7763
5151 6990
9595 697
6595 8837
1378 1172
6350 8024
3141 7439
7395 9048
9394 5365
271 9912
7091 6124
1264 1661
4511 1710
1237 364
3787 1710
5438 3431
6451 7269
987 6038
5931 5813
1529 4868
4344 8508
7709 8055
2069 9126
5443 3454
3717 6115
3726 5089
7394 704
9359 5543
6054 3731
5984 5411
4817 2161
1157 9349
2708 6431
1899 8189
5952 696
5381 4215
6911 1174
162 2050
4701 9395
8613 8259
1074 5305
9331 4703
8985 2795
3462 6068
726 1903
9253 9463
9316 1776
4713 5669
1518 2810
5113 5028
5028 1910
3383 5761
3906 5005
5849 3810
5030 9210
7619 9924
9108 6302
6185 2981
8546 7586
4561 2918
2091 3640
198 9688
5323 3010
2266 1018
3013 9170
4464 4183
5610 8703
103 2253
8122 700
1828 1225
3172 8690
7518 9824
1214 9883
816 9116
4532 3994
8893 7790
3265 4809
8447 2356
4525 3845
324 8567
8859 3550
5412 973
7295 6889
8106 6631
5822 4474
285 2696
8880 9619
8915 7253
1296 5145
1769 9708
5651 9240
3646 8912
575 6127
6901 5762
9182 3024
5262 6983
5176 9087
5073 9452
5028 4836
2062 4593
9786 6088
5741 6447
9864 7549
2484 9264
5648 8990
1100 8494
2234 8651
2292 3836
4102 7060
5524 6791
8551 7974
426 3700
9198 2027
6936 9608
6582 5302
1953 5783
9215 8652
826 1881
4861 433
1134 4037
2373 7409
3784 4106
3876 9661
3979 7400
8670 3500
4476 6313
9815 9670
4227 7559
5179 4423
9799 1660
3555 5658
4839 3217
333 8883
7662 5391
7696 6461
5899 5996
1708 5200
6744 2427
1115 3313
5942 1611
2491 2916
2718 2644
4845 4573
9960 5438
913 932
7960 2004
1647 1217
1769 6595
7655 9510
6233 1721
2148 3388
4710 724
1167 1139
7804 3201
3428 9438
7409 4924
8528 448
2428 3632
1974 1821
6115 7481
2320 8572
2702 1580
6024 1339
9791 7826
4659 6739
7146 5911
5866 2587
908 6535
5948 1033
753 8907
6436 1129
9560 4681
6940 1384
5246 1696
864 9909
2974 9073
5242 5581
6386 5368
5295 1369
920 5471
7131 6948
9285 2479
9326 7861
4001 4971
2215 8349
8126 4834
6602 4623
5823 2961
4670 8350
9548 1069
5964 2886
1513 2118
1360 3372
8028 7670
1419 9676
3708 1
4799 175
9752 8493
2402 3864
336 6512
494 4178
842 9126
6528 6980
4581 5669
7714 5659
9161 5069
6945 4589
2351 6959
3785 8560
9114 7513
5617 9018
7437 8698
4844 2144
2841 698
1050 4565
4064 1864
4526 626
825 5830
813 8343
7137 6526
4825 6381
5620 6643
5092 7880
6662 6861
7707 8263
8332 4341
8817 707
1192 3510
5001 1346
1520 3549
2123 9903
1448 8608
1557 3927
4915 8125
3573 3300
2914 231
7178 3308
237 1773
963 4576
7910 2592
2911 5954
839 3201
8242 5489
8191 1304
8843 4616
7656 1716
2476 2730
9428 6253
7821 3500
3657 577
3348 9136
9461 2518
2967 2786
1353 6690
6159 1586
2638 483
6034 2062
9262 308
2047 631
2034 7244
9605 9087
5848 9858
5884 5133
2322 3985
3934 7547
3532 8506
8698 3988
6435 1803
6131 9204
6476 3224
4619 2310
3388 9464
7472 5717
9714 9446
1588 629
5015 7856
9202 1887
8394 7914
5154 1995
9721 5275
9498 9001
4653 8651
7114 8138
1467 1232
8522 6959
8793 8846
3174 5364
6677 5878
4745 5047
5539 7712
5062 6549
108 2801
4992 4142
5730 3507
4522 2610
1313 6870
3373 7875
9628 84
380 9889
9901 6280
85 4609
3140 3529
9345 6440
2736 5110
7743 9927
5111 9918
2844 7459
1566 2412
3293 5040
4899 3088
6324 6560
2963 8371
4392 2156
6989 8433
4296 8387
7133 3608
1943 9224
4133 6831
2527 828
7689 3087
3358 9697
7142 2762
614 4067
9068 730
1917 6137
5657 742
1465 5907
7904 9695
7936 9842
1445 5352
2462 2923
2584 8349
6927 4287
1746 394
8890 8118
7540 1912
3792 1140
4441 6997
5751 7715
3084 6403
3432 4037
5613 7180
7024 4378
1024 3532
5028 632
6135 1949
8076 8101
511 5310
8749 6494
8467 2695
5949 4545
1639 1801
8132 9352
1437 6469
281 8470
746 4474
456 2496
7289 6871
4737 620
4418 1345
6445 6127
928 450
4657 8218
3863 2889
8367 6530
7493 8104
5434 609
3328 9314
8714 8276
6716 5
9432 8871
9281 9020
745 1773
1983 9670
2051 9131
757 3093
7846 575
993 6506
5000 4883
6030 9991
532 6512
282 2970
7296 7601
818 1936
6487 9940
4801 6595
8578 6816
6200 6726
4559 1262
7340 8218
174 3386
1410 3575
2309 1456
6213 4497
2206 3511
5990 2199
2120 6519
156 1775
5585 2114
5923 3257
9292 462
5181 7213
9827 9090
3421 2324
2183 9044
3258 2873
2534 3254
1801 7279
8299 4582
1037 8782
5988 321
7651 6988
4680 9319
7798 5566
9298 1800
8898 1742
4671 2399
5065 1765
6181 7097
332 7605
4742 1512
680 5222
7655 1632
7287 6307
3212 2104
2736 7403
1388 8154
9641 475
6709 4810
3407 7799
6089 4685
7134 3591
6439 1484
2505 8857
8513 1429
697 7116
4474 2607
8132 4269
5168 2290
5751 9867
5408 1691
9833 7002
3768 6666
9968 4940
8025 5884
655 6143
319 4121
115 956
4877 1320
724 5951
3211 9676
5727 2215
2376 7078
5673 9576
3411 4371
514 3346
2327 1000
4749 1373
3601 4373
4965 1290
1330 8283
6014 4610
3250 126
7200 8798
9409 9316
6135 269
317 6407
1351 953
4926 7237
7847 1531
4616 8943
2032 5487
790 8645
7358 9844
187 3751
3720 6286
452 6410
5550 3849
5431 9585
226 7234
5497 5591
9013 8150
856 6786
3270 2722
5088 2436
839 7955
9128 4019
3558 561
4760 8751
3883 104
606 7455
6968 7873
7357 4442
9540 3589
2200 1928
4248 8199
5108 4065
8066 5784
9586 346
4934 6057
5655 1264
9289 2119
4440 9442
1399 495
8434 8443
886 6820
2884 6699
8523 3219
2347 7610
9523 5253
601 3106
8110 8217
9536 8123
6600 2923
1133 9234
6144 6353
556 4337
5697 8154
6914 1239
7462 7510
7263 3453
7734 1829
8877 1306
2909 3153
6345 121
5844 8680
5191 6214
600 9002
9445 5108
7552 9498
8558 1203
5263 1737
6839 6597
6746 6974
1548 1849
5069 5410
4242 7685
9405 8226
6785 4989
8020 3426
2179 9231
3727 2348
1160 8588
8016 7390
7642 9208
8243 9188
4851 8168
1472 1501
8342 3744
3471 5413
9126 14
6136 9759
4699 7952
1124 6713
3902 3996
4991 5982
1797 8723
8255 4878
4201 7820
6664 236
7316 694
1130 1318
4683 697
4655 9059
7527 1606
5518 2743
7591 190
4350 9980
897 6978
2718 6413
329 1792
7240 529
7891 5687
4266 5000
7079 4811
3277 6779
5219 1541
1055 838
6677 1982
4888 3669
4526 8990
2578 4963
4369 1772
5253 7805
1619 4806
5366 3671
5707 7662
107 6494
9337 8177
677 5171
8286 7636
791 9885
3395 6159
3860 6819
3308 4562
6130 8040
3161 8572
4275 3969
1190 7216
9066 4505
9828 9059
8247 7475
7681 7184
5673 4243
3424 2924
9111 4004
7410 5196
7791 4773
2205 4925
7982 3351
8472 5967
5431 1224
1612 7454
7947 1603
8237 9612
2248 7098
5011 2043
1674 4035
4390 7464
