10000 9999 453665493817820311 7046 5
1314 8883
2514 9525
6961 3442
9250 6217
8509 9512
2521 9710
4602 1051
2797 8631
1810 2947
2964 8477
576 8059
5572 1028
412 1827
1499 6832
3346 9622
5988 5207
3848 2179
1930 1134
632 4060
2079 2297
7809 7516
9807 3011
5564 8065
998 4111
877 4721
8214 7553
2692 3113
3899 8739
6272 1438
611 1578
3448 9041
9781 9273
6071 5000
798 1152
9118 2422
684 9490
2273 6608
8616 8865
173 4599
5967 5374
5557 5812
391 1354
1456 8929
2939 9606
7992 9617
88 7794
1545 6649
2045 6483
320 2815
2060 1453
2033 448
1939 7876
5371 5640
5039 9290
7436 4990
4463 6603
1347 8259
4566 6566
3448 6375
9113 1258
5736 551
3238 769
9635 9559
3361 4702
4142 8092
7353 2651
7873 2691
2491 6450
7183 8069
9349 3051
4330 1568
3790 1424
6473 9588
1897 7974
4418 1181
6974 9038
7641 4262
38 9305
5151 7763
6050 8585
6826 7741
5900 3300
6738 9942
8231 2525
5694 5127
4738 9489
9831 2878
308 1369
5371 2190
9817 4371
913 3396
5173 3695
5887 5278
6912 7524
3205 7757
9500 3582
5227 1050
2452 2084
2449 6497
6118 7853
9706 991
7294 4583
2714 6908
9976 1530
6633 3679
2183 6438
8189 866
1876 5874
9819 8908
2867 5469
1762 6909
5544 6047
1609 2600
6250 2970
5065 8162
2182 6376
1045 6498
2228 5096
8428 9130
5823 1906
2646 7479
3687 1292
6813 435
1431 2811
3929 193
9921 531
621 1950
5716 8760
1159 1823
5152 9966
5214 2477
3694 6969
6994 9490
9441 199
805 2782
4282 7546
952 9895
7831 8857
4855 2053
2820 8458
7214 5630
5880 9619
8751 2332
5486 5806
8806 8310
8440 9992
2983 2787
109 9403
6691 2701
8020 6126
1858 110
705 5061
4942 7071
9459 1741
7284 4101
4528 9405
3832 7781
5884 5387
9988 3854
2995 2233
6877 4371
703 75
8494 6670
8064 1508
4458 4570
8552 673
32 3301
868 3310
6276 7263
3682 6321
3041 6900
604 5789
9045 847
7329 6169
323 4559
6100 4008
5831 9074
6653 3927
5008 9018
5271 5883
5439 2412
9896 768
8845 7669
424 5863
8261 4435
5506 1415
7058 1826
8397 2217
8944 2992
5332 6933
5550 5069
5371 2191
7077 8634
4019 6415
265 8839
5327 201
3759 192
3434 8573
3746 3349
2780 1457
338 8359
1117 1882
116 2902
4328 4887
599 6529
2721 6749
9004 3259
9336 3303
9287 9195
6462 9912
1331 3847
8648 9522
4410 3142
2380 2274
8011 7003
6893 2934
6190 6589
4157 8439
8688 8778
7004 7641
5073 7056
2494 5754
3847 1450
9224 9260
4327 3687
6512 9214
9414 9236
1218 2833
9530 5101
5698 5947
8830 6266
8307 682
6638 917
1915 6984
1155 5147
9460 4201
4775 785
9279 6353
5737 8173
9494 8838
617 5070
5002 1243
1763 4742
5853 1716
1549 865
7080 2731
8726 5358
9170 3266
5254 4167
9533 6268
561 8301
63 7227
1501 3103
6118 4757
5794 9028
6666 5839
3478 676
5950 1342
2782 6624
9156 7599
301 4388
850 7012
9001 7786
9457 6808
3263 2740
3861 2484
187 903
7912 9084
8629 2220
5237 3437
9538 7086
8859 1531
18 1807
7928 7473
1465 7890
3071 3069
6672 3366
8765 6527
8495 8401
6170 7724
1269 3041
7985 9665
6977 6843
2779 5713
123 3773
7826 715
6857 8140
7113 6313
6369 8206
4448 7552
486 3291
8967 5412
3433 382
1441 2330
7073 4719
3752 5843
5099 6942
5052 7313
4168 3398
1962 3637
7697 3388
5927 2341
9399 9635
6591 3092
935 7434
8952 4821
6095 8086
9332 1603
7364 4210
9154 3899
9902 4745
3160 6259
2398 4899
6403 3390
9053 8785
4154 9395
2293 1424
3328 247
3354 8459
4269 7286
5540 156
9909 634
611 2958
7555 700
2529 3387
2765 333
10 9367
7712 9048
8920 9627
5283 7094
5141 7211
5199 7330
1854 5
7852 5420
1556 3596
5019 2723
1172 3184
4525 848
7734 6537
4914 6600
1556 7710
8985 8370
613 8357
3760 6030
7520 7238
8144 2409
1338 8394
9070 8414
2802 87
1207 1369
1359 7061
6811 1378
5931 7616
5235 3082
4783 3977
3784 2917
2104 3906
7608 4422
2101 5516
3935 8174
1822 4832
1734 8963
1161 8249
2068 87
3486 6570
5358 5972
3792 550
4763 4271
6463 8681
3805 6183
9188 1034
8372 2176
35 8814
5461 8420
5864 3139
6021 4017
3231 6687
1143 4294
1983 6706
2190 6686
2065 9089
8985 4667
7115 5945
7945 2946
7931 2637
4043 6160
1890 3322
3204 6546
6288 1629
4427 1676
6458 949
4506 5918
1737 5305
7573 6338
1383 544
7661 5003
6861 6936
5238 8563
9903 1373
5332 524
7787 5665
3561 29
966 6171
1833 1501
7999 3309
4600 404
6328 5436
3672 7087
8043 5457
7275 9578
5770 7511
3700 9971
8354 6846
6473 8636
3128 6472
1655 4885
2374 7799
84 9781
5071 7564
6746 1680
4563 6278
2872 2511
6178 5553
5833 9786
2238 3070
908 5490
7769 3750
7058 6045
5696 9703
3194 6959
4804 373
2411 3069
1027 9334
1644 9918
3717 2900
9517 2236
739 240
6809 2940
9119 2185
4129 3030
8007 1752
7761 2171
3079 8019
8742 2933
2294 3762
8118 2835
9377 2025
5571 515
513 1310
4001 9211
8284 6969
6914 2599
2277 371
1637 5521
2967 3799
6346 9720
3636 4793
1983 706
3503 2552
8474 9063
7092 6331
9527 9050
7559 8855
8628 4853
9470 8945
8080 6236
8556 7679
1709 5776
8644 4664
8172 5698
998 1569
7128 27
857 669
1303 5918
2031 1582
8616 7015
9491 8304
3150 5943
8086 3767
2923 7966
9399 53
3066 1571
9846 7986
8645 7072
5562 3377
7531 327
4876 2751
8456 6905
608 8681
3141 5371
6457 3776
2592 293
5788 6663
1571 8029
8170 7437
3997 410
7502 8191
4402 5754
1498 6482
8122 4501
2026 7012
718 4880
5976 5287
7639 9683
6573 3688
9521 4144
8168 7734
8696 9417
9067 4987
8844 9471
6968 8859
2350 114
8278 4705
1397 9809
8167 7746
2415 3467
378 9736
9803 3649
4470 1373
5654 1145
5009 848
8544 2470
4551 3868
6647 7801
2742 3587
3536 8439
1418 9250
249 9537
3636 9484
8094 4567
139 8103
6626 946
1496 2328
5660 5122
1011 764
3256 4266
5433 4238
6623 1152
5627 3599
8031 9285
8808 7126
7397 648
4261 1704
4784 2279
7785 5011
1668 8918
6631 7796
3383 1722
9534 208
7474 9059
9236 8391
9407 9709
3248 6454
2241 8539
4452 9395
7485 3974
9529 7560
1296 8757
656 3515
8431 9174
8736 1497
6936 6890
82 7749
1500 994
8608 5977
209 2142
7433 7460
6220 6395
4751 2794
210 1941
3733 9715
3055 4080
8392 7676
2872 8251
5268 9367
4986 9299
7629 343
4585 7627
6740 5600
9296 8811
2288 4031
4280 9073
6601 1095
2973 2478
2556 8002
7119 6216
7608 5249
4345 3631
9246 9898
6891 3136
393 4565
3757 2626
7538 9857
7470 3780
6087 6421
4460 9033
3095 6359
8494 319
7060 9550
1473 984
5078 6182
1590 3021
6247 5701
133 7833
2031 2899
8346 5673
154 2614
2095 6383
9456 6105
253 9171
4446 1127
5329 6205
5409 7807
2801 5196
8711 9307
9408 6322
8303 390
6542 5812
124 7544
8460 4497
6295 2759
4280 9432
9506 16
3126 7494
9862 6935
4589 626
9411 5247
2691 4619
8556 1866
4057 5822
4482 9270
2731 2763
4141 3471
8996 1212
5290 9941
119 5361
498 7973
7902 5080
2888 2215
5361 1591
7858 1010
2740 2380
3693 8935
8276 1189
636 5751
8073 8062
7531 5317
8604 6011
5423 5242
919 3802
7046 2168
9017 6415
3465 3119
4730 8139
5675 2296
4455 466
8659 6918
696 6033
8324 6391
3091 129
7835 2492
5379 5171
2167 5428
5044 7561
6002 3002
2874 7927
2576 4878
8825 3102
2801 2282
9355 187
3481 8556
4171 162
5757 1158
9740 7435
6263 808
3005 8438
3251 1769
119 5310
3559 7138
3252 1873
370 6299
3892 3728
4185 1814
87 4024
3694 6982
7264 6539
8599 6222
1447 6597
2653 7461
9271 3151
7252 5123
6672 2170
1855 589
2584 2148
4353 2862
3454 7524
8455 8221
8087 7976
199 7730
7332 8992
9607 6079
39 534
4969 2791
2359 3313
8306 5343
9258 5929
1765 4516
7480 1167
1160 7070
4454 6043
4178 7185
1749 5137
6867 9240
2205 2336
2579 7260
306 2375
6266 8439
8854 6741
2370 9681
4014 1873
1470 6367
2497 9354
283 318
7540 2021
2607 9621
3125 2285
298 3409
2642 6495
8574 2583
9759 8499
6064 5885
851 3757
4268 8157
5119 875
7079 7320
4041 1621
157 6873
5995 7931
9804 4920
6940 4257
1790 2371
366 4981
5398 3875
195 940
6987 6810
2364 265
2053 8084
462 1017
4975 5789
1049 178
6483 8687
678 1542
21 4995
6339 5407
4720 9946
6078 4377
930 7937
5527 7422
4020 7617
6686 8267
259 7044
3126 2664
1099 305
9705 7099
578 9157
558 5118
7012 4511
9044 4033
3980 9439
3769 4376
4947 6912
4662 4377
5776 4172
8175 378
9702 5513
5291 3769
9891 2014
1698 5911
9538 5206
6908 6696
9950 2984
9651 5182
1675 356
2599 8180
2822 3947
3655 5688
7005 4618
2073 3225
5414 4992
4937 8987
2266 4154
7647 5788
425 8949
323 2138
4090 2292
8191 8926
1970 2167
9364 9468
7157 4485
5889 3676
479 9756
8048 1249
6760 8759
7193 6104
380 9114
1728 6694
4547 5793
7205 97
9675 7116
940 6296
669 233
737 8022
3747 4163
7824 8034
4099 1729
7081 4967
1237 5107
9788 2734
7854 2938
1871 3277
9345 3848
9234 8950
7207 748
1573 392
3992 2365
1562 896
2117 8588
3550 4702
9688 7446
7905 8149
1427 4880
602 6650
5478 2889
6251 8240
4179 7382
1276 8551
9825 3191
6008 6358
8910 2453
4078 5195
41 6208
8142 8236
2147 8413
6697 6235
9129 7338
6191 5272
9581 2511
3063 8235
2847 4402
2992 3555
2887 9541
8670 8311
7579 1642
2638 8736
5372 7053
852 3010
8116 9435
1902 4122
1765 7201
4243 5799
6868 4587
6583 5089
4660 6467
4650 5530
1617 7907
2362 6103
5259 6552
6449 1023
7844 8537
3790 6365
8594 2992
293 7370
9675 6861
3162 8360
1360 2227
8355 5012
3352 9811
5729 1220
1368 8888
767 8973
4697 230
4521 5341
9734 8995
547 7451
5453 4682
4591 293
1507 145
1399 3554
5593 6254
5959 8528
504 7328
750 4627
2925 6044
1928 2208
7748 210
8580 7567
4505 8964
4671 6427
6144 7311
7634 2905
8886 8647
6513 1966
5323 5447
3554 3393
1593 5783
9573 1809
9071 1631
4606 46
7562 7926
2429 5746
4201 2640
7093 467
6015 202
7288 4948
8643 220
6091 941
5301 9153
5944 7363
8474 2653
4490 281
9512 9838
5675 7256
928 5103
6591 5822
4029 1267
6865 7769
9155 1630
5821 1517
2163 5253
6159 3039
8212 2413
8415 2446
1523 4866
763 84
532 4704
6588 3134
2655 6119
6606 5992
2597 2323
8088 1616
4334 7667
3206 9475
8885 4528
5805 7688
934 7685
3825 2245
1182 1860
113 4161
5362 4290
9328 2671
494 8995
5615 9874
7477 2953
2528 2549
2494 4346
5063 3671
9408 7426
8550 8545
7430 6835
3027 288
5033 4639
3655 2039
6714 5685
8621 8968
6429 7455
2111 138
7110 3384
337 4578
1717 8291
9090 6924
3523 6425
6212 984
2119 9065
4462 3066
2461 4206
3193 6076
5316 7732
8691 6813
9834 1025
9555 2320
690 2505
7405 5060
6314 2842
1791 5385
3789 506
2657 5964
3480 7209
8627 784
1754 2524
8744 2416
1897 1052
3981 533
816 1701
1855 63
2377 7195
8255 6375
5704 9758
2275 6501
1219 4334
2365 2036
4727 9709
4016 9385
1536 6705
8105 726
481 6285
874 6342
6106 4962
6098 7339
4566 1927
6160 7863
1248 5775
7729 6105
6820 6452
1969 9346
4940 1214
2785 8627
8190 9376
9819 2280
9363 5363
6331 9260
497 4910
4612 3202
5885 9468
2307 181
8243 7719
3643 7622
8548 3178
6503 4821
1111 1502
9758 9132
4868 406
1289 1387
6065 7652
95 2593
4379 8127
664 7501
5569 3180
668 8536
9444 998
6905 4385
4289 9835
8729 1909
1019 4450
2412 5042
5413 5116
8947 9123
4971 625
8984 4907
6185 6666
9645 9662
7123 2151
1762 6149
935 9336
4916 1460
8834 7743
4206 7427
2994 8558
2318 1407
9468 7474
3942 1294
4004 7416
2042 5505
6543 3305
9899 2319
5757 8887
231 4243
3923 5565
5830 8805
5516 2167
39 6545
6250 1711
802 2056
4632 6167
2351 7943
9164 3674
8495 5319
9960 499
899 2603
7603 4111
610 9962
2275 3340
301 1206
9359 6731
3993 9221
4621 3304
9982 260
567 15
2644 1720
3758 863
7486 4488
1030 8490
4480 3848
9925 4856
5930 8746
1851 1488
5980 5368
8998 3018
176 7433
5730 7622
5889 2450
1420 5329
4374 2218
1069 7747
4707 4874
6878 2153
9824 5281
7442 1222
3111 4566
5609 7150
8130 6729
8101 9264
6565 7559
9587 417
36 4852
8980 9120
9874 8296
9763 6107
7844 5827
8872 3037
8268 8788
7724 1121
5316 7172
3998 7388
3836 6737
5991 5359
4308 5592
7830 6707
4360 1058
2088 7232
7031 6590
4740 294
3886 208
8708 9385
4698 1511
8765 9362
2174 3648
546 9577
7756 9055
1073 6125
1397 3181
1299 7778
212 7892
980 510
4872 3114
2772 4115
472 8076
1919 6421
7142 4497
8111 1828
6608 8440
3323 6600
4136 2555
8177 6304
397 7152
1156 2350
138 260
7607 5846
4281 9273
2278 3057
9981 3115
2209 3146
3922 1380
4301 4846
6913 7048
3732 2001
4926 6181
3342 7170
9903 1130
5963 5715
5852 7863
7543 2316
858 3987
7822 3959
3575 911
174 5057
8074 181
4353 4743
2373 5809
4809 9296
81 8796
9519 8352
7889 8447
9922 4842
9753 8080
7284 7506
8522 735
8924 7285
819 4116
1321 9683
3465 188
4145 4626
2371 4340
932 8921
6598 3414
7029 3994
5464 1479
1523 5409
6085 7112
6484 3019
1908 6699
4231 5607
7337 3593
5962 3424
840 5666
95 4496
8714 351
6419 368
3909 3157
8128 5336
7739 9076
648 5794
2879 388
1430 5296
9495 79
7731 7087
487 588
9795 7807
2900 3801
9810 9270
5286 4055
4890 1349
6892 6205
6953 5700
799 2364
5760 1702
4535 1554
6137 8944
5208 1605
6655 921
4168 421
6048 3872
6881 6039
2256 2957
3631 9306
5724 7006
6481 1917
4894 614
2623 8143
7684 6356
9630 6447
2665 1519
4286 3709
1388 4599
6853 699
289 7989
8757 6815
7228 4763
4047 9236
6178 3230
9926 4236
2761 8989
8274 7516
3023 4262
8590 8405
144 5756
6021 6641
2886 8313
7818 7247
4361 4154
2725 679
7058 3274
7332 5480
4576 7020
5968 6903
8408 7296
9931 8564
2438 8413
2046 767
5243 7558
6254 9948
1868 1201
4691 7587
6143 6235
5676 8830
6526 3649
5818 6266
7878 8259
9802 6338
1960 9499
845 5300
9707 7502
372 1439
9609 7156
8627 4747
5301 9952
4115 1505
6310 3594
7324 6
8905 46
2622 4093
3935 4720
5780 729
40 2699
7061 4228
8462 566
3235 7326
9876 7231
6368 2824
1658 9771
7649 9818
4232 8128
7592 7560
6811 6474
7819 9187
7670 2291
586 7719
3281 7858
8785 4331
4358 4232
3930 3541
9325 2936
7162 1426
857 4275
392 290
5424 4130
3784 7857
7169 8988
2378 8900
9926 5689
9543 5298
2091 5748
2881 1912
4193 9959
4572 9695
5982 6764
3692 7711
8682 2318
2214 8746
9890 6193
151 8673
1580 4139
4502 9438
7345 8802
7718 6513
1493 2272
1639 4229
8527 4329
4534 2856
4648 8787
3374 4051
7983 7198
2434 9086
1668 3989
2702 4833
8193 6137
8553 1750
117 7300
5744 5414
5035 1651
1694 5569
9853 7908
811 9727
4428 4004
4093 6443
1435 1841
3088 799
9816 9873
7040 6362
3808 4807
8409 4357
9883 1935
8560 3875
1403 3254
4669 4051
1531 9523
2095 584
2763 5541
7017 5093
2080 2682
2695 9964
7386 4780
3671 4196
9923 8828
7703 2527
841 9330
6582 9692
7658 1770
1404 4462
969 8455
6176 7137
4024 7918
7930 2128
4142 880
4480 4967
4202 2344
8489 7771
2474 3459
7324 9677
5439 1624
7821 8741
4783 5027
3591 4885
6966 1852
7305 7304
3613 4287
1410 103
567 1861
7289 7302
5831 7903
5849 2097
5398 9331
5639 3889
5958 3195
6764 5663
9261 476
8257 3768
339 6439
9777 3539
1726 2863
9744 3460
5199 1048
7499 9640
427 6485
1042 5766
4031 1765
1136 8041
4248 853
5097 7493
1825 3803
9578 2320
8731 7837
4600 1674
7177 3590
6588 4848
4062 7985
7320 9969
7606 6973
5412 5996
9583 1801
324 1261
8018 9474
6000 6112
9686 7085
2808 5851
9195 8554
5269 8322
486 3331
5977 9649
6031 3511
349 9620
2998 1304
6625 762
6438 3871
9999 768
7052 8386
3927 9628
382 1599
3743 3202
4213 9964
937 1399
7104 7829
4341 2794
2987 6292
7130 2519
9179 1949
948 8898
7435 7297
9758 3232
4736 8817
4012 5137
9698 6527
2993 3068
7532 7967
4839 982
7107 1295
874 5959
275 4534
6415 839
7766 4440
5916 758
3090 9973
4556 2676
6772 370
2775 1132
6757 2219
9598 8139
9888 9311
8432 3129
6804 7128
3970 6882
9782 9038
9110 3366
1106 8244
9331 643
997 9981
4019 4141
4906 1248
582 1918
4469 5857
7768 3626
2603 4696
9663 9127
2764 4884
8503 3653
9260 3826
6233 2900
1393 3001
2225 4998
6856 1587
1245 7514
8326 7389
8422 6437
8940 9561
8076 7945
4840 2039
4095 1460
6790 3771
6754 2167
1559 1366
5886 6818
1377 85
3862 8195
1012 1351
1614 6695
5321 1730
7240 6503
8204 1966
1858 5077
6277 9774
4058 8571
7701 9062
9900 133
9797 9694
6305 2850
2486 5896
8689 3395
819 3410
9616 6842
1788 3080
893 9671
5334 3770
9967 981
8679 2289
788 1374
5189 981
257 7523
1886 9143
2565 1129
4819 1739
808 3515
789 912
765 997
3862 1480
2672 192
6294 5501
3844 2603
1658 5989
2699 1318
5002 190
3667 6415
2053 8046
2 8211
2379 6693
8178 8471
7845 8747
7735 2401
6685 4490
6947 3283
1233 6518
5017 8343
9861 8367
6401 9854
3794 9928
8602 2311
387 5236
8358 6475
6920 1111
6911 2807
2711 1403
4087 6341
7589 667
3405 7433
3361 2571
2940 2489
2462 6793
6078 399
1208 6275
9069 3593
8079 4363
5702 5088
9632 4503
9135 2754
9840 2500
3557 1336
7322 1856
5103 8230
271 638
9778 8111
5729 3633
65 6516
3989 1504
8025 4629
1030 8792
6682 9048
6741 4947
6572 2990
9635 8557
8900 9193
5127 203
3729 668
4951 6754
2350 1527
9402 6497
3757 5829
4042 7516
5885 2096
7050 9524
4751 7146
4397 1589
1595 7386
1269 4941
5770 8606
4044 6398
585 1712
5396 6318
4179 6919
3220 9405
9499 7590
3391 6814
1427 3527
9985 7255
4847 347
5634 1418
1989 4911
9321 3105
3782 4093
9079 7203
5363 1666
9404 885
3043 2734
3238 1728
4547 1979
5773 5419
1720 7694
8336 3852
7115 345
3240 9328
2381 9747
9550 9632
692 8790
7179 5335
3249 5321
4111 6517
6442 7
5098 9517
1228 2627
2049 7076
546 259
8370 790
5277 9609
8248 5463
6310 9175
3175 874
7631 5801
8646 4790
8964 6571
9335 9700
6476 5690
3185 2089
5580 3569
4409 5999
2602 9966
8037 5092
6569 8016
3826 3685
7344 1514
5006 3279
8239 2898
7021 4631
6191 7121
4707 9005
5734 5871
2726 7442
6598 1423
1757 5471
1147 3197
783 990
6469 8551
7682 8297
2961 9299
3431 1928
7089 7914
1736 3573
1133 5772
5233 8483
4200 6543
2757 180
4860 3173
7844 3378
7080 5204
9978 8182
2364 211
4128 457
5813 6589
476 8717
9793 2038
645 7771
377 6189
4503 3781
444 146
1713 3215
2893 263
7118 5655
1644 2761
9215 7753
5111 2732
6076 9204
556 8512
549 4224
3263 835
8226 5546
7216 4604
1378 6097
4053 6842
9064 2842
1269 2735
7846 6208
5950 1793
8945 6464
6813 1747
9330 5296
6899 1868
5357 5985
6248 7037
6760 121
6811 7204
531 9251
3021 1630
361 32
858 2377
5970 6183
401 540
8549 6534
1588 6330
1689 5101
6308 1565
9100 6431
4859 7943
9926 4990
5459 3245
4892 2562
4883 2809
8845 6638
4381 7568
311 3822
725 3216
5157 88
777 7032
1417 7939
9286 4942
4412 7154
3354 1682
4543 4138
888 2982
9554 4222
7415 9907
5640 7992
1776 230
480 1418
9345 5279
7594 433
8456 5501
1524 8100
1016 1695
4496 7614
6687 4064
2520 4887
1239 3960
705 5769
5973 1216
4248 4529
6344 3697
6161 4950
720 4822
4777 8290
8688 9313
2263 8460
6084 5653
3922 4954
2154 4936
3318 5075
3 1372
4007 5605
4862 9502
3696 2218
2389 7048
8612 2401
784 3935
2980 8989
3199 5740
927 1468
6166 4622
5777 4372
3680 2794
3049 3576
734 3398
3016 9648
3394 3529
1211 1386
2116 2744
1336 7208
7269 9731
3102 456
4146 8993
9003 3787
8622 8176
6831 3574
9245 6250
921 8319
3228 3052
1223 970
7655 7672
7778 6867
2528 9295
7169 887
1316 253
9299 929
8270 7185
1455 2270
237 5871
893 4477
3021 7244
6466 5562
5793 37
1679 9897
3338 5424
6876 1193
9684 2784
6507 4826
5235 1278
4918 2907
1584 6833
559 1824
9486 513
2106 4616
17 9806
1138 6527
5953 2574
7459 1089
7407 230
6618 4052
1786 4095
7892 1531
916 1413
5630 8060
5874 3927
4830 6935
6883 5684
1226 7934
51 1592
8502 9594
7179 2113
521 6686
9331 74
7705 6217
9608 6543
8672 7786
5847 3373
7028 9712
8575 5567
7148 1078
3195 7026
1311 4778
8385 3626
8838 9492
3808 1727
9622 9298
5962 644
8375 8258
8154 1213
4083 6070
7108 1165
6719 7152
4566 5792
1039 3411
5377 2193
216 230
6744 2139
88 799
3119 5396
8044 2059
6413 8585
8767 1154
4037 9103
9036 3337
3941 5190
7359 9184
587 7616
9493 4814
883 7176
3473 1059
3275 5296
7110 5511
4107 5390
7654 3074
3885 4340
5368 4579
1260 879
837 6173
2295 1657
431 7675
5256 3117
3170 2128
4380 5979
1278 2398
2861 5818
9061 4971
6979 527
1989 5456
4673 6066
1521 1930
17 4072
1344 94
8577 7754
3845 9848
2307 2412
6143 4785
8960 86
1536 3812
1189 8337
1083 7352
1007 6753
553 2612
4686 4661
9568 960
6302 4028
4277 4998
7773 6695
7236 5259
2890 2974
4133 916
5612 4451
9473 1256
4609 5818
9455 6297
5511 2495
7909 8302
1974 6103
7955 1992
2216 3516
5273 6134
8694 5403
578 2759
7418 665
8119 1276
7203 6943
6349 1792
526 1551
6601 307
4785 9369
4550 943
7618 4681
3271 9548
3962 3514
4755 8718
4814 2400
2990 5784
893 5139
8310 283
4916 5117
870 319
2763 1746
3399 7223
3565 6788
7283 8785
4399 2954
6694 7192
6173 6953
9630 7472
1766 7700
9 1674
1477 2593
2650 275
9594 2720
9080 31
442 8989
4311 7574
3327 7452
3885 1007
9665 1183
6617 6516
5705 8435
7270 7363
483 7137
4092 1719
6123 5425
5644 9236
3821 2680
1242 7546
2394 4147
2516 6337
2477 6507
8747 5840
8 2063
2245 236
1326 7064
5169 5963
7524 1473
1553 8465
5331 7742
9434 6741
2170 6756
6487 5217
7588 6406
9895 9037
826 5109
286 6929
2061 2053
7431 2650
8742 1451
1017 3387
8039 8392
269 5498
7028 3756
499 8390
1783 5693
299 9404
5213 5599
7643 540
8375 4258
9107 2509
52 1064
4634 134
7612 397
441 5215
9181 3837
3745 7810
1127 7212
5760 2616
1899 2637
4547 2252
5039 3860
8410 6070
3006 1816
6184 7739
2026 6419
6856 1970
7075 6502
4061 3952
9311 4850
5273 71
4387 7535
7178 7438
4221 9216
9251 5719
2619 3008
8647 91
9872 5395
2050 6475
5171 2943
5106 6315
568 2058
2247 8412
8688 6908
5788 1017
2612 9771
1197 5514
579 4099
6826 4623
5337 9144
3918 2581
3222 3754
6685 1146
2919 8416
3394 8631
292 4646
589 9864
5057 5625
2127 8203
432 7512
5892 3793
3546 8399
6769 4693
7387 2782
2981 9160
7177 8151
6727 9791
4210 1663
4712 2229
1829 4928
1395 5859
3901 6668
7481 9327
7750 9168
5806 1094
2721 7843
5909 3544
69 5197
7951 5490
8592 221
1108 6383
7123 2460
9967 1140
9794 5146
9518 1308
7017 2555
6786 498
1271 3100
5950 4003
9187 5096
3956 2989
4740 2548
2002 1032
1946 6402
6592 2692
1709 761
6880 3303
9975 6050
2684 2261
3952 1246
6981 568
2420 2495
8256 586
4960 7078
7406 1108
9105 3937
1251 7680
497 7893
8454 3446
9847 7179
6101 833
7105 8966
3051 9339
8365 2617
6541 7343
7272 1032
9447 7367
182 6077
3498 1359
6138 6038
3162 7577
4304 2564
1344 7384
7872 2594
2013 7143
8955 1038
9310 7202
3876 3046
1547 2691
5295 2896
3475 1948
8210 3526
3577 2247
2616 7820
1175 8071
8556 9173
104 4189
2383 1779
545 5000
4168 9586
7526 233
7740 9952
9878 4708
8134 527
6065 1053
2680 2249
3740 7056
6536 2251
1596 9974
2244 2369
8801 3778
4803 4745
6357 9870
1065 7724
2527 1914
4233 2144
5263 3446
3913 5542
9660 6009
5776 602
5131 3253
9966 8878
3779 8510
4507 5000
8288 8781
5588 4135
7975 9847
8202 5278
8523 4803
510 1929
6013 8734
3143 4584
2353 8403
5981 1781
7778 674
3762 7463
2738 522
3408 1877
9929 1253
7755 9179
1080 7717
697 8126
9236 2198
5611 5705
2616 7224
6889 502
9956 3938
9694 5976
245 1092
3859 6157
4230 5930
5006 5518
762 6455
3087 9699
2863 6599
2522 2709
810 4381
8852 875
9592 8001
3581 3538
3140 4998
1561 4420
216 414
1907 5202
2776 5391
7873 5372
9913 7213
5430 215
9371 1646
7230 9387
8697 3985
439 1919
2140 3887
9985 7788
3200 8109
1512 331
181 8467
3331 6133
3202 687
5181 6929
8095 1733
791 3592
7142 6430
445 4106
3507 9689
2945 6350
9677 461
3233 1129
5891 4128
44 4844
1889 5377
6157 2833
6373 1028
8834 4718
3839 9252
439 3969
1622 2234
7117 7842
2414 4724
9314 6317
1803 6716
6253 4973
3522 4383
5237 5300
5825 6257
2421 758
4496 3261
3049 1196
2919 2879
5669 9405
4181 6679
4542 106
1864 4317
1743 6637
9276 7195
5458 6477
5509 6488
2118 3387
9191 4260
2040 9405
9637 1186
7517 5367
6902 839
7530 7765
8650 6458
5309 1985
1621 9288
1142 5495
9446 4604
8424 7554
964 5309
8731 8767
156 1070
7760 8423
1082 8826
7363 5130
590 9109
947 7470
4705 7779
8907 6923
8567 6257
6670 8351
208 8272
2675 8547
6677 6785
239 7779
6142 9883
5684 8005
1500 6670
4568 5558
8924 6164
8258 3008
8644 54
8506 4012
894 3532
2305 4283
3531 8911
3159 4227
8334 6239
863 6822
4527 2892
311 8869
7466 7361
6262 8384
5780 6763
7637 8389
8454 3611
7261 7480
5951 9213
869 379
3770 5529
993 6364
9742 8584
2976 5332
5231 3462
3504 3969
7970 4154
7892 4579
9584 17
8811 9830
6862 2850
9349 9112
4830 5822
3335 2503
5015 4554
5418 8601
3554 3843
1688 1458
2017 4998
2135 2816
9131 85
3398 5470
3651 4496
6993 3101
8481 7864
1030 3971
8652 7931
4839 3280
380 1608
8944 7778
9266 9545
6250 1575
9764 672
2173 9623
8375 7688
8350 164
693 7744
53 6442
9190 2226
2429 6446
5525 296
1346 9066
9313 2410
588 4121
3790 4830
6785 9572
2430 106
9183 7871
5720 9039
2206 8671
3599 2192
5471 1361
773 2110
9178 1327
2696 5322
5953 3180
62 7088
1371 4950
8879 4253
4964 8709
9384 1119
1035 8784
163 948
3429 4024
4327 5292
879 3153
4264 4005
2953 9344
6504 6213
2761 2529
6203 2172
4577 7097
16 5947
8073 5262
9208 1299
3274 9048
5838 1945
4282 1745
7488 2718
7778 6415
2946 4427
7507 6612
5987 8903
6874 9249
9947 1629
5774 4760
8339 1721
4886 543
6262 3953
8688 2287
4999 2852
5898 7453
6998 3509
2599 1391
2665 5870
4398 8335
7631 1234
4325 469
2180 228
3295 5549
6823 7951
5054 7233
1468 4914
9253 7934
6106 9591
522 495
4472 7974
9971 6439
3682 8441
8145 6598
4297 273
7654 9745
7019 4398
8619 8507
7193 4768
6619 3999
9145 8525
8971 9034
4924 6035
8536 6203
7569 7918
3128 1684
9393 5684
2597 3123
9552 6991
7263 9362
597 576
5432 8478
8202 2972
2166 9309
4403 2642
995 2184
8774 4753
5378 6274
4621 8314
4198 7680
7967 5470
7214 33
3703 4132
146 4365
8500 4751
8 6026
8288 1471
796 2394
8408 993
837 7777
6153 7355
1998 3213
6297 6649
78 1578
6445 7364
9685 9609
2310 3105
7117 239
953 8110
6151 7012
1905 5366
4555 4863
3387 9002
5748 6721
712 8428
3843 4076
3616 6404
5528 3707
9464 1225
3796 6578
3949 7742
190 2426
8874 2873
7047 7378
9111 864
3468 8762
3729 4630
9040 2284
8154 6997
3867 7800
8799 9799
2034 7852
7959 8699
4703 843
6685 2066
4158 4144
2067 8611
8652 2848
6747 4316
5880 784
4046 3444
5421 9095
4252 3807
6094 8562
1660 8017
3201 3357
4932 9963
6384 5440
2663 128
4818 7041
2835 1051
3934 861
19 4956
6249 1066
2582 5426
872 3340
3929 4289
4791 2339
673 4707
4670 1277
6802 2567
9151 1013
7632 6699
5389 1735
6672 8436
3356 860
4850 9999
2070 1767
63 7707
8932 2395
1654 2492
382 942
4564 1983
2305 8994
8058 2302
758 7628
2237 1713
3201 473
7602 5194
7685 6921
4570 3093
6938 6808
3102 7764
7595 2452
4005 5798
3376 2325
8350 624
431 9012
3965 6483
1848 4159
1097 3496
1324 8764
5485 7129
9816 3027
3378 9631
5655 6305
2126 5192
3674 905
4798 9845
477 2595
3670 8203
6933 8350
4879 7555
2099 8231
6116 2286
3843 766
5832 9758
9438 7047
8965 2550
5583 4709
1947 1794
7826 7380
8655 5132
1338 8956
5828 4978
267 3853
8861 1671
470 1318
5138 4654
4413 1221
2720 5991
2570 926
2610 4658
4815 7530
3819 7184
8170 1867
3814 3234
9631 1606
5628 992
5235 6926
5100 2708
601 4415
5561 4878
2906 4591
1710 1484
5767 4643
5003 2959
5119 7784
2900 9567
7451 123
8135 5117
1663 6218
645 6728
5508 7066
8086 2465
29 1259
8508 3349
1987 8662
5577 6869
1556 6651
9692 2240
5306 5227
5331 4985
937 5000
9845 4685
1956 6137
6748 2450
1923 4717
4278 5371
3066 1008
6403 1953
4887 8231
6816 2838
1577 5967
9666 9202
8349 9058
7088 2829
8256 7975
9469 1491
3759 6787
3369 4716
1975 7139
4499 3950
3007 4795
7184 8511
2656 1201
1847 4160
5314 907
7913 3453
2388 1852
903 3401
6433 3957
7898 8942
4864 282
3250 1541
4657 7613
6601 6741
4707 4800
9861 3458
2313 476
2436 698
673 4974
5850 503
383 4432
8281 6261
2493 6605
8278 7318
7857 1110
4697 4725
719 2042
8760 3901
4904 4680
7714 3193
2523 4961
6424 7857
3759 5483
1279 893
6219 9341
8757 8524
5047 7911
214 5730
4335 7605
4132 4417
1938 1485
3601 6932
8708 1098
1725 1406
5593 9220
6834 331
9866 852
8367 4142
7280 1121
5020 8999
5314 8564
6652 1529
5742 9536
987 9836
4215 1560
4079 274
61 744
1425 7481
6964 7953
5536 5999
3192 8630
6844 8169
9916 1128
2702 4947
2930 8996
8377 7022
9248 839
7999 1337
4610 1865
560 1277
2678 3292
193 6577
8460 6249
1773 4780
7834 1182
6259 4927
8165 2991
1629 3466
763 536
9231 2048
2646 2071
7327 4466
1354 809
8919 7103
5383 8177
3040 3559
636 628
1826 1764
9315 108
5839 9814
3279 4741
4797 5619
4009 3198
3469 7738
5068 8959
3109 3654
9001 9810
4024 9474
7558 174
5604 9107
6209 1447
9795 669
362 9804
6689 2797
8362 1757
8827 5087
1490 6064
5110 4306
7171 6383
2233 8329
8939 2659
116 8732
3581 7605
7953 3236
1327 9898
9301 8550
1120 5140
5164 1720
4301 4963
7691 4578
3551 1415
3660 1039
8471 3308
7638 2149
1654 4570
2705 6091
1965 9026
9386 730
406 28
2225 1842
8488 1934
7984 522
3122 3639
8592 2789
5883 2717
6348 274
4083 5177
1962 6037
7891 8627
7198 627
7681 1678
1697 9354
7929 7651
4577 178
8609 7215
9656 4386
8752 1916
7557 8729
4440 4402
3385 1964
9955 6271
8461 6981
2444 4454
3482 5471
5781 6336
2363 103
3711 5932
3762 8454
942 5966
3064 5085
238 4095
2197 3306
7027 6623
9540 2125
6851 5758
258 7285
7239 692
8056 3623
9781 6239
3632 2973
7918 9659
9585 6229
2935 7491
5274 2757
4893 9776
3114 2898
4476 2524
1801 2689
5190 6447
6025 7693
8366 9378
9966 4562
3900 2743
9613 2750
2357 693
6202 5952
2180 4228
8986 2285
2637 4752
7424 1984
8655 5422
9108 8019
328 6190
9799 3110
3406 8912
2849 8011
1433 61
686 6922
2591 9754
7649 1256
8968 376
6095 8030
6567 7660
4765 9600
40 8418
2456 9718
6691 1779
4035 8991
7712 5142
8850 8891
335 3630
9868 9593
1265 5730
5067 1984
6949 5041
2933 4073
7538 3404
3823 9045
5214 3290
3775 9592
5070 5983
1270 2207
6141 9731
842 4447
1875 3652
9544 1254
3911 1668
1487 5247
166 655
4356 3568
368 849
7564 8052
7819 5076
7738 3101
7783 2189
3348 8259
1733 1000
4587 3297
9673 1145
7876 7674
4466 284
8179 6171
4474 4582
9794 9982
2665 6329
6991 1669
3527 5881
3118 1211
135 4675
7989 1651
6079 3872
152 453
9695 1672
6203 1813
6223 4519
9342 4416
9576 8328
2252 9802
9752 5975
9583 2567
7052 9391
4710 5107
2529 8697
6473 2122
4305 6682
9402 2582
2102 5399
271 7342
7896 3099
7484 1164
7848 5937
2070 537
8064 1656
8950 6776
1844 4869
8062 2503
6383 6090
1116 5561
8555 1238
5215 3837
7794 9796
2894 1479
8415 3962
3888 1281
3793 1102
3420 2427
8820 6655
9732 2870
986 9065
4517 2047
812 936
5646 3435
9621 6247
5484 3026
8451 1891
317 7123
7518 3364
4395 9869
5230 3413
2734 9287
2600 5932
9517 3892
3366 482
4035 7216
1494 6642
3568 6916
3608 320
1600 3480
1818 6376
2811 5168
443 6431
2076 5747
2413 5481
8479 358
6810 4046
2448 2984
5062 9091
7627 8498
4182 8067
1469 1981
3265 4270
5761 9462
4721 1130
2538 9966
5047 8043
6881 1162
1466 2991
4285 3593
6579 4813
5393 3816
9878 2669
7050 9319
7463 2123
960 345
924 5547
8543 8292
9323 7995
4734 989
8097 4256
5327 1764
4426 1957
4935 8499
2549 380
9685 7502
844 257
2211 4435
906 9394
8458 8641
1741 5872
7742 4928
3605 3459
668 9602
1682 972
2248 8890
5760 2049
3388 7315
4883 7948
652 6523
485 5229
8942 3268
6350 3710
2046 577
9571 9201
9442 5687
7454 6784
2168 5376
5030 5066
8998 7521
2840 4028
1922 3846
2334 9476
6756 7061
1097 1525
5610 4745
1074 2208
772 5631
2515 6230
6047 7390
4049 3279
1661 3410
1968 8153
7557 846
7104 3985
1253 9961
9511 7754
5500 8575
8254 9505
6014 3021
3004 9031
6183 4099
2110 5766
4813 1714
2989 904
4866 1766
7992 2674
8606 3312
5578 34
7235 5060
6387 7617
2551 7282
1138 6872
5866 3424
4200 4088
5743 6776
7140 9969
5919 7084
7176 7423
3242 1211
3666 3191
2710 107
6240 9586
2648 4242
8131 8369
14 5232
1686 9808
2331 5831
3866 4529
7178 3902
9340 2547
8680 2365
8956 4165
5548 9716
3416 2589
154 7445
9291 6009
3523 8383
3853 5443
4511 385
7254 9051
1929 6824
7590 293
6999 7966
344 121
2164 5522
7646 8808
3277 7398
8998 3387
4070 4973
9106 7687
1452 6352
3756 5354
3528 3013
1029 9317
1405 1777
3864 842
253 5221
9595 578
1795 4253
5518 1040
7188 6999
8827 6948
3517 5032
9508 9055
7199 1837
4188 3760
5808 3110
7957 4887
9770 833
3615 4871
4925 5727
3988 1611
8341 924
5983 9860
8281 9218
2688 2566
7785 1240
170 7064
4946 8669
518 5925
6847 6654
5293 8336
866 4130
4822 4422
5014 1343
4428 7318
8885 3810
9772 7843
4350 3749
3833 2253
4059 4509
5781 9346
8180 3579
5214 9777
3612 308
7101 8576
4162 706
6224 8797
7255 6073
432 9719
8114 96
3107 7493
4187 90
2108 3502
5985 7915
5645 2105
5412 8234
3446 1219
9075 1866
5742 9497
710 4436
5428 4657
6075 8413
5798 8042
107 8861
9326 8945
7759 6122
9434 2698
8641 6060
6189 9096
7461 6594
1526 8615
6577 2352
88 6446
1286 8536
5104 4396
8990 2845
4036 7618
6753 925
5992 8439
8188 1832
7973 2676
7811 1133
2857 9251
6719 7019
4871 5690
1414 9807
3526 5164
1822 5762
1623 8941
6432 6206
1312 4454
2273 2596
2490 7910
2015 3381
9113 4841
5253 5639
7728 7723
323 6259
4560 4661
2250 2249
7076 5759
5622 451
4449 6799
1563 3490
2299 4412
196 1844
1210 2471
1704 3645
3350 1821
5990 7950
3883 9851
2689 4854
9509 6909
2737 9049
7933 2985
8066 7563
5430 3033
7545 9989
4025 3196
8314 5275
6817 5494
9083 1929
2472 6859
8727 8158
4428 8884
9474 1520
4968 4723
4922 2271
750 6016
1845 2523
6214 2546
3143 3204
6970 8848
3285 5102
8493 9991
3675 2162
2381 7004
3507 3434
7931 8499
9554 9375
7075 8452
8280 8136
4002 4527
6760 7623
6609 5623
7838 6896
2507 8481
8484 7521
1576 8721
7291 4623
4659 3915
6192 3861
2242 4412
2220 9434
4221 1865
8358 3146
4935 6003
6715 4910
9062 6370
6226 7887
8067 6943
6382 5418
90 3546
7498 3893
7879 5714
9460 4895
8752 6039
3113 8300
219 67
7471 2976
5170 3482
9565 7239
5958 7419
1291 4814
8520 5026
2220 4323
8309 6338
2291 8333
8538 2878
508 4912
1485 6830
9602 153
8339 3780
9317 9387
1399 3863
7402 747
1586 7476
4774 5635
8732 9738
5913 8681
9273 7806
8351 2850
5651 874
5179 5369
7731 6104
6631 6601
2626 4031
403 4842
9668 4097
526 1020
9242 3683
6396 1292
7091 7745
3136 8402
3500 8944
2776 1921
4635 7959
1398 4379
4489 7411
2248 9288
8913 2424
2645 4521
804 5081
7261 4526
6576 1034
7489 1693
6016 427
4469 6768
874 3530
4640 9177
6771 1570
2590 3138
9298 4447
2054 1851
5214 1485
8287 9679
7147 5547
2182 6178
5117 2364
7749 3289
4609 4770
4160 7478
8463 960
1028 3665
5100 7049
8452 9464
9459 6928
4843 3420
8917 1953
484 1782
2724 2272
4695 7071
7601 2138
273 5033
7638 93
2877 2448
7384 3044
2832 6586
552 4039
7113 714
4374 4968
8561 7955
197 5203
3132 4596
7304 4163
5205 7912
3812 3367
3315 2168
2051 5538
2873 9285
511 1211
1568 1535
6909 1585
9170 1482
9835 8872
1283 9765
7039 6662
4204 2948
8429 1101
5536 3955
1042 9978
609 5980
8529 4044
7369 9088
1698 4578
8341 4125
6468 1831
1486 2703
177 2131
4386 1917
3576 3736
6253 697
7740 6414
3403 8525
1934 4402
5155 2053
7345 477
6012 740
8218 7008
8812 8336
646 6621
1937 9667
7950 8753
6448 5417
1453 3155
9532 97
6256 6280
6154 4596
4429 3779
5247 7264
1017 1953
269 8121
4066 1087
4430 947
9190 5955
4437 3764
3725 6898
4495 7876
1776 5800
7129 7165
2670 5279
2194 6358
8235 7383
1841 8316
8070 2526
5566 60
6962 1647
2563 532
8444 3788
2012 2423
7903 5711
778 2743
4747 607
9951 8489
6543 6093
3148 1318
4251 2517
4093 6926
8428 2129
9979 9645
6201 2741
4902 2842
1469 9561
2013 7409
2960 1580
5521 3651
2120 7574
1124 1487
7056 2733
1558 1329
9312 7331
2126 2715
1611 5021
9893 5923
9875 1310
4479 6504
8768 4225
8298 2903
7594 358
9826 399
1310 7653
2402 6465
6799 7095
4784 9923
695 3978
4611 2650
800 6092
7264 9953
4015 1139
422 9043
8 9304
9566 2084
5867 3083
6459 1298
2860 5949
8828 8256
4520 8522
6251 7467
2931 7301
5857 2385
8411 7496
51 2201
4796 7655
5799 2501
2234 5722
4547 714
1857 6859
9463 3361
9531 7464
906 9745
9566 3439
9246 8419
7513 5834
5730 6730
3705 5496
4788 6741
7238 6505
4732 3564
302 8599
2631 7184
5840 4893
9058 7730
9275 2364
1151 6875
7633 2723
749 1961
2433 6601
7899 3821
8685 1062
2186 3990
6433 348
4908 3996
855 8141
8977 2066
8131 9834
8377 3758
8053 9990
2926 2693
1482 2624
3827 5768
459 7787
253 4412
2226 4479
6453 6614
6466 4597
9901 9665
1133 2758
3862 7087
8432 9011
4023 7374
2011 2177
2954 3747
6277 926
7314 8065
2378 9436
9152 5580
2112 7400
3583 4932
6620 3196
8417 6402
8193 6878
2935 5770
2341 1532
6226 9831
2537 7174
874 1471
7588 7536
4641 4653
14 5854
1178 2589
1659 7189
2298 9052
9614 3483
6243 2222
4676 2447
1338 2379
4417 6007
5901 5409
1126 2715
9886 3353
6818 6265
5237 3212
6778 531
175 1288
1057 9082
9928 732
9605 8321
8276 8546
6894 1634
7550 6953
6195 2180
9101 746
2215 2554
454 8337
1625 9676
3196 7445
1502 5811
8884 7207
2453 9677
9791 7733
2831 230
6845 499
2482 9243
8075 7926
4302 8955
9529 6639
6832 635
7823 8495
6833 7640
623 6745
1662 9346
3625 2484
4594 5845
9994 1860
4557 8020
3331 2185
5247 749
3998 6645
8105 3943
8733 2888
9940 7280
5952 3772
4351 9677
5053 4169
696 7989
3811 561
3518 7952
4073 1561
5415 8037
4011 7744
252 4830
9764 9664
850 8720
6125 6880
1375 1084
7668 4969
5871 9973
1148 1280
448 6381
648 8402
6062 6068
2608 8328
1178 635
7462 9067
4679 663
153 4241
4110 2345
6810 2534
5534 8113
9691 9055
3255 9560
1309 3843
5233 6454
4441 5981
5320 1940
4480 3768
4708 7413
3677 6427
1406 4037
9486 6712
4415 7837
7891 2662
9632 3042
6039 1470
7306 7680
1993 8374
7556 6520
9356 795
4931 2853
1973 4992
1153 3510
9912 6935
5197 8904
9419 8322
7594 1883
7204 5771
310 7251
1354 3835
2860 7190
5159 9586
3189 8824
5508 9488
4031 7936
3960 1136
8969 3951
4455 4625
4946 5736
1070 3020
4326 3105
1116 782
9192 5785
6671 6644
6042 4493
9682 9537
9138 6057
4284 1004
1765 2204
7884 1419
5858 3965
7515 5326
2381 8731
2694 4571
7411 7330
203 3811
1082 6480
456 1203
4731 9200
3925 6754
8748 8799
5685 7932
2529 2545
6539 3156
8063 1722
794 5103
6435 1778
8397 4875
9815 6755
1856 3489
1665 3846
4823 3499
9282 8554
8463 8967
4561 9009
3890 1560
5502 2704
2401 5884
8081 2539
9579 4565
1715 2093
1918 9790
8582 4545
68 1025
1702 3610
6820 2569
3336 8953
8445 486
405 2205
5051 2837
7776 1192
9945 9035
5818 799
4501 3309
6541 2232
4473 2984
1913 7316
8333 9412
942 4825
8206 3248
3693 8764
6138 2968
2885 295
1944 1239
3005 3920
5515 6242
2449 8617
1768 4934
6908 3097
7822 1459
2177 4648
332 5471
298 4301
1982 5610
7570 2360
760 3061
8015 7202
7447 3708
8489 2206
2542 9185
1185 9760
5861 8308
7698 1123
7853 5594
6894 5633
429 7699
7174 7438
7134 5695
9 9980
8703 7307
2132 7645
154 2174
1471 4433
8916 7954
6958 5099
8715 6473
2356 4728
4900 2364
7965 2967
6589 6543
3445 23
2375 3841
214 6375
2266 8244
2126 3428
9808 371
3828 1
1739 8136
1918 2484
2301 4049
2668 7808
3824 6068
6455 3129
1972 9539
416 4451
1711 4980
6485 5425
6886 7441
6130 6983
9696 9592
9213 8651
3204 3187
9184 4439
986 7717
2221 711
3868 1211
4068 6211
6346 4123
7522 6389
6653 4338
8497 4959
282 5014
8138 5732
1047 8148
657 8703
4945 8109
5971 772
2526 977
5386 9956
8231 4107
5774 3487
3567 8132
8737 7563
6536 7401
5445 8312
6485 1563
4907 1515
6574 9563
7954 1629
8042 2460
145 6564
2654 8503
8482 8167
9555 8091
4359 932
8622 2629
3275 3400
7719 1333
5331 4568
6969 3244
1859 8772
492 10
4861 7559
486 3105
208 7377
2429 3425
5112 746
993 1010
2110 4527
147 6936
4631 5103
2536 741
7350 1853
5830 120
4209 3933
5350 7872
430 5603
9085 2385
8988 1257
1785 5264
2727 5388
169 4552
784 2950
5270 3455
3355 375
731 8762
1430 1718
3487 4531
5378 9745
4476 5626
8137 6000
8234 6312
1275 9372
9212 4684
4608 9213
4084 5935
9493 855
8181 2671
4537 5581
8610 8499
3742 5026
374 1393
6205 2665
9433 6725
5727 3626
111 1367
7287 7335
3017 7576
5974 3717
9186 7130
9016 3189
3321 9595
1955 5191
7116 6944
3479 6278
753 9591
9934 329
7096 2911
2029 504
3650 633
8534 530
7968 9545
9015 8572
4209 2418
7598 9092
3665 8055
6229 7056
7888 2787
6810 8681
2789 634
882 4332
1071 5178
2496 4769
3397 7105
5186 2040
6697 5462
5554 6414
6407 2306
2883 9958
8976 6993
3748 513
6273 448
4301 2742
1301 8762
2156 1408
747 7203
827 2579
4519 2147
2843 2414
9689 7180
6724 4786
3241 7386
92 4066
9941 9327
4780 5105
3290 6741
2533 6915
2966 9540
9218 4024
4275 5940
76 2975
1996 3413
52 8146
4809 920
3897 4666
4893 8162
33 4962
3530 7543
290 1973
103 7002
4344 2781
2456 1037
9557 7420
7191 8593
3302 7067
4923 2989
6435 1337
9193 3711
2573 4672
7059 3279
9615 8419
9989 909
1453 6676
8196 7917
9743 4069
4464 7162
4908 4457
2325 571
6938 6578
1648 6698
6363 5733
5276 2111
2793 7129
6709 5955
8340 6662
1471 4140
6757 3725
9874 2714
9163 9006
7929 6930
6803 4652
4969 3804
4378 5820
5938 1767
8961 7098
7391 2165
5928 8198
4977 7347
8293 5725
6822 2655
194 1295
6796 4416
8355 7536
7429 6816
1490 2072
7634 6074
7621 2587
5585 967
3662 6108
3789 3779
9499 3457
9475 2789
7959 6028
8906 955
8638 8506
5381 6672
7535 1211
460 23
2432 3895
4881 8806
4998 6486
5355 4969
5119 4220
9849 2254
264 755
3932 2345
479 8098
6717 9015
3081 5905
2282 8472
4624 2931
3891 5667
8969 5291
5358 6041
8877 9870
3163 2458
2962 677
4845 4366
3834 6110
8932 5576
6196 8807
7877 5888
1707 263
9555 8376
1426 6724
3315 6959
839 6096
822 6748
828 3003
5448 7865
8810 4161
710 8371
1150 4321
9469 1214
5474 7042
9182 7111
7728 6828
6884 6489
6398 3614
1172 1472
7542 6554
6763 4640
6534 1727
5428 9256
4082 2559
644 8372
2026 4804
3983 3343
2665 8113
4171 3914
8566 335
5614 2022
3973 3982
3284 2641
4151 9589
956 7407
8406 9073
898 1353
5809 3754
5120 1992
9549 9505
5817 4585
7584 9547
4520 3158
9556 9104
6777 271
3467 7449
6345 8475
7916 1354
1105 1636
2134 2454
5579 7514
223 5215
7825 6419
2968 7249
6399 1858
7728 2051
9397 3656
6255 5324
6059 1227
9219 7240
1906 5717
2020 5728
2439 6168
4877 2266
4280 4711
6241 7820
6533 6460
4442 7014
4182 9643
1018 6845
2765 2534
9965 9498
3848 6789
8558 9601
8384 3804
6315 4715
4899 5657
3677 6372
4910 1443
511 4781
5258 4837
269 8700
691 6993
7804 8291
4870 7653
4615 6476
4343 8041
4580 8249
8862 2806
165 9229
8740 6352
9318 582
6289 7778
4194 6607
4401 5189
1144 4763
8769 1708
8813 4544
2273 1428
9611 5911
8864 9870
740 5668
2304 8953
5347 7417
210 587
7437 3647
6267 8915
5338 101
412 8432
4867 3667
2666 243
9623 3489
8107 2437
1610 2074
340 4386
6630 9821
5765 4295
2629 6732
3665 2473
3197 3558
5664 9473
5626 4052
8942 6569
5161 4856
4351 310
2012 4206
600 6591
9539 203
6735 261
1509 2003
4560 6051
3435 5318
2099 4777
6636 296
5955 4458
2497 8466
1056 1171
8595 290
7496 2733
5665 7257
7311 4159
6784 1622
2574 3999
428 7525
5735 918
3681 4690
5095 7831
3805 4830
2169 6290
7674 8448
5647 1862
6889 7202
760 305
5570 2993
5914 8519
5 3086
1133 9639
5048 5481
1135 325
6100 4949
1568 2103
6709 488
7479 9508
207 4633
3246 8828
1389 2481
7776 3545
4484 7218
5180 3601
7846 9849
9886 4093
2472 411
3629 5222
6860 153
4802 3973
7624 9939
6917 4477
1189 2343
6341 5818
4914 5776
9278 6325
5884 5423
2267 3176
4567 2127
3423 9395
3992 141
5325 5038
8238 9780
142 7651
6233 8189
6570 7591
6789 1381
1544 3065
922 1706
4301 3850
3592 9736
9811 9192
4059 8659
4454 8445
8379 7594
3021 3809
8248 1312
4972 1045
758 752
9393 7624
1193 9871
3356 4478
490 6341
2226 3320
2024 3991
1897 3685
3476 3375
5723 5664
1698 4500
9165 699
659 2667
911 4716
4901 9748
7315 8323
4219 9039
4855 3534
2585 3384
6557 9658
3261 2181
3427 3018
2069 8016
4699 9650
7707 3713
2205 3576
4992 6666
7531 9376
1854 8023
9799 6604
9725 9842
8145 973
5182 5276
4336 9986
4204 9052
466 6227
2922 4632
7374 7421
7777 9369
398 9235
510 6175
1118 2355
8207 2505
5412 9927
8543 8171
7071 3272
7219 8273
9748 6092
1983 6019
5023 4470
1626 6036
7458 6504
2164 2121
8006 6064
8941 2119
2340 8933
5731 4476
1979 2391
1268 9304
5600 5978
2315 2780
8524 3664
7177 8747
8363 4997
1463 1618
3559 1797
5582 6871
3234 5282
400 9386
1953 9945
7710 9908
5545 8886
3725 9364
4776 2865
4825 9289
3904 4841
7247 1436
8409 4406
7025 6957
5346 9678
8469 4655
1002 3157
7519 3569
1655 4976
6041 9365
4044 7868
2970 426
8944 8848
9006 9302
1836 3137
7090 2177
7547 2223
7352 5158
2926 5662
2397 8555
5720 6596
8355 5158
9390 3
4516 568
2801 1149
2074 3990
673 7521
8439 2359
2397 7617
7144 2359
7336 4231
6432 5537
7779 7149
1221 7116
45 605
9530 4438
2993 5515
7705 4622
5752 3614
2894 5589
3447 911
2956 1849
2826 6375
7558 3866
1161 612
6310 7599
729 9522
5144 9611
5563 4617
582 4799
1698 8717
8294 6679
4206 7312
8242 5671
1753 157
6081 360
8233 884
1287 8841
5173 7577
5443 9082
3148 983
6715 1758
5021 810
5362 5596
8575 1453
8246 85
5097 8319
1107 1300
3324 3965
8300 5936
1783 8232
2547 6311
6674 2347
4905 747
667 485
2845 3864
6619 7617
7952 6815
5695 2604
8152 8123
2174 6893
6381 4856
1209 5723
9269 7093
8898 4655
256 1489
1432 8939
6327 9134
7152 8970
3613 2144
7879 4302
5261 1932
2957 7802
6561 1359
8751 1232
9421 5161
2621 1498
631 1056
6211 6491
6499 9485
4907 2827
9652 2979
704 3028
8766 4915
9843 6900
9212 8053
963 664
5979 6930
1395 8127
5289 9301
6369 9497
5337 8978
4767 5594
4796 5767
9818 8115
3488 2880
6701 3441
3785 8733
1307 9949
1341 1764
6145 2272
1171 8723
9115 946
7901 2025
1177 6296
9626 9308
829 1478
5983 3339
2455 3716
3624 8951
7922 5835
3744 606
7277 760
440 6985
3471 8449
1233 6673
3566 2000
8210 6801
7920 5753
2722 8120
4731 6661
5774 484
1300 4740
9133 1050
9543 7512
1876 4144
6177 7334
5852 3359
7927 7248
5534 7846
7860 5851
1763 7164
265 4185
7648 8960
4301 7392
4156 3568
6812 8725
9636 3094
3439 5212
143 6681
962 6481
187 6167
5399 2215
4939 3710
8917 1475
5018 7573
7273 4450
7072 9653
1464 3467
8513 5348
965 5047
1251 9772
2169 8883
1492 1449
9705 8139
1313 9250
3006 9209
1727 633
1514 3874
8148 4682
4581 2750
2813 2790
2137 2403
6301 7365
9156 3196
8846 2569
7229 4312
3267 5938
7256 7759
9089 8934
5353 3161
3038 7219
3437 3237
959 5179
650 7498
6203 364
1800 9267
555 4837
3006 8460
4423 1987
3529 3865
9191 7884
3769 8979
4298 5656
4666 2415
5049 7744
6852 1574
6805 982
4066 9146
8015 6199
2633 381
9669 9119
8975 3761
2722 1386
4315 7152
5641 3881
1293 8875
4825 3005
6815 7448
7941 2855
8689 108
2174 9711
5041 9647
1445 3861
1762 7030
2881 5294
6350 8242
6475 5132
6735 1829
7182 5899
8053 8165
2910 9025
8494 6434
9271 7626
9262 4148
6667 5073
2739 1530
1118 7981
930 5885
2492 8794
6828 744
2265 7447
3063 3786
5380 9554
5929 5203
1955 3519
1325 5457
1642 2621
5939 727
3986 4650
690 3054
2814 5954
4312 8263
2637 4131
7048 9809
4938 2019
7071 8709
7854 6219
4753 843
8598 4286
544 5897
9886 1272
5352 6383
1463 6716
8624 8524
5257 9049
9669 1615
5965 5064
7357 5987
3543 6285
88 124
6307 7775
6707 3829
1695 6292
5494 9014
5120 8811
9794 9987
1806 6773
120 8472
8704 5197
1984 5606
1142 5036
7924 4772
8950 721
9956 8707
3245 7198
3967 5286
9763 3472
4701 5508
4808 1599
6390 6484
1190 669
8037 7665
5666 8552
3543 978
4630 2680
7348 1789
7121 8868
6416 4022
6065 9130
3605 5854
4288 4952
8009 1393
6827 1276
4859 7155
641 181
5525 4715
3095 1032
6888 3923
5534 6637
9838 4769
2703 9347
3007 2406
162 639
7407 2004
3191 2077
5225 3923
9189 6117
8364 1060
8238 7961
8724 2616
6593 1112
1009 7264
6163 1078
3440 2760
8325 5380
4592 892
518 3669
1951 49
6667 205
3327 8338
5830 6125
3489 1285
7371 9692
9525 31
5622 9744
8628 8194
316 4565
9446 6791
6819 2738
8147 9027
9332 396
5307 8297
6811 4379
5364 3266
2742 6700
4952 1353
2601 8178
6101 4925
9388 8385
727 1350
1657 1686
2540 4192
2406 7209
8315 7683
8617 9574
8047 2666
2407 7650
1263 5686
6228 172
625 5308
1559 2312
2751 7121
2135 1171
137 850
2823 4319
1323 1177
8186 6359
4609 8988
4901 9366
5512 4307
4943 9697
8938 985
7912 8750
6063 6702
1240 6981
6849 4857
1267 8282
4179 9205
8553 5406
3827 5440
9925 5750
276 5169
5533 6605
1408 765
8635 8150
3506 5270
954 5446
121 9447
4156 3913
4903 6488
7596 4393
4967 6355
8013 2789
580 1605
5032 732
9000 1787
2553 4524
633 9021
4485 5334
2605 9886
7670 9592
8717 2839
7024 7424
2752 9797
2913 5870
3209 5259
9257 4261
866 4105
2580 7712
7827 8830
3997 302
8842 3009
6806 6954
7164 7007
2279 7484
358 4526
3032 4320
637 5183
4620 3142
3943 6333
1844 3436
7509 258
9834 7439
9754 713
9471 4127
2005 2108
7387 2326
6203 3121
2539 7361
2933 9954
6447 3601
9642 3463
3856 887
2066 1306
7368 1247
6717 4383
2848 7938
4366 3496
3165 9238
9551 6629
7432 7661
3540 6700
7975 5494
2522 5034
5808 2639
8492 3912
8712 7929
2794 4085
8400 4349
3256 7972
3724 1364
3264 9159
1628 84
7266 5909
9451 8447
3288 9163
9294 3634
5244 5801
1255 4443
7934 9239
1190 7581
4717 2459
1306 9222
9124 8431
4006 1902
516 910
2688 7474
2518 6644
6835 698
1967 3931
8697 7821
379 5526
3300 7883
599 9592
3463 60
4076 4419
2445 1687
400 7327
5820 244
6611 9935
280 7690
1722 9968
8708 3290
6617 6190
3772 6478
7678 4389
8161 2468
5404 3319
6722 3363
9887 5551
3182 9280
9669 5681
5833 901
7354 7564
213 4347
3646 1304
34 4212
3275 8454
621 4863
9516 6980
9374 7464
8844 5637
798 4303
5754 2158
9573 8216
7836 2300
556 7469
7727 4858
8876 1072
4332 9899
7514 5047
3520 3870
7159 530
5803 598
402 9478
8245 3704
9347 9948
9850 3244
6605 8229
7561 5797
6477 8004
3267 9541
9892 3694
1859 9172
2829 3395
5180 7279
2789 760
3862 7055
7475 5590
808 7325
3646 6563
7615 9332
6335 7948
2156 6738
5618 6372
5451 5085
626 7302
398 8019
4466 5313
3505 1036
871 2070
8705 2337
5857 87
6726 2188
8698 3604
3397 9845
6359 678
3839 7016
2475 1557
3849 6983
4394 2091
7386 3379
8589 3317
4110 2034
2888 2349
1225 5847
4493 7033
5581 1787
3144 3221
4066 6251
3704 1006
4933 2594
3508 3450
8993 3959
1733 7923
70 6036
1649 687
5670 7964
5916 4509
7018 6365
2202 8791
738 5126
2620 4631
9440 1023
7217 7912
5480 6648
6397 5438
598 3968
2386 2581
5231 5468
2681 2475
5475 9991
9614 9538
4961 2419
2213 687
6095 7798
1691 6988
3018 98
1862 3365
9749 338
4195 3585
9937 2847
9476 9578
3828 3373
2133 25
1116 4943
9480 1016
2555 4230
5661 5489
2908 2612
1817 3916
4468 5331
3348 3208
7418 2835
2963 1880
4134 8703
304 5121
7672 1796
4834 130
5523 8827
4068 9751
7415 2823
4225 4633
8180 4940
4830 4167
7511 7485
6230 5091
7732 3570
3774 140
981 2475
1077 3888
798 6005
596 3014
5217 8581
5278 4151
7990 2449
9918 1416
5207 1670
8701 5707
2278 6812
6068 9044
3261 6733
503 5585
9769 79
7586 342
5252 8717
4408 9661
1387 5541
2330 9855
7932 2028
4472 9993
1648 1422
868 5763
9789 1839
948 7030
5895 1924
2231 1825
8940 8324
7165 9169
9101 2037
5999 6556
2471 9943
3638 1540
7043 5894
5117 9020
3443 3346
6708 7487
3311 5143
2365 1986
5239 5691
8800 3848
9846 3301
8007 5791
9783 8355
9548 2687
3132 3616
1832 569
1980 6010
8034 1907
3161 3598
885 5590
2753 6158
6467 3930
3122 4370
7551 1387
8157 2023
285 1724
3363 1680
6823 7819
1439 7408
6811 6554
7084 4166
723 6833
8658 8856
6610 1163
3681 9914
1423 9372
1171 807
1013 5770
7082 5702
8632 2981
7916 3084
7527 9556
5717 5848
3623 6194
1368 1864
3926 736
7040 9988
3404 1135
4954 6525
2583 30
7349 6128
2924 867
7634 3737
1293 377
6004 500
8593 6047
8859 9477
1150 486
6152 5380
75 2114
1943 7695
2447 4595
1534 3372
3497 9788
9969 881
6549 8833
1839 5975
3135 7489
9926 5324
6876 4652
6266 3069
5159 1071
4534 8183
5934 4912
2844 4182
482 9880
1352 8139
5503 7083
770 4877
3243 2545
5656 5622
6182 3278
9272 1226
6635 6741
3769 9056
7872 7861
4400 8014
2930 5973
5838 1979
5467 1366
2836 1216
8851 4890
8096 3717
455 7280
9889 2369
1707 4919
4251 3602
8331 9906
9671 4324
4142 913
7802 2854
3935 1711
423 6986
3189 5365
666 8990
8286 6550
8584 8164
1304 3208
334 294
6974 8880
6465 7315
4306 3000
3028 7979
2746 7127
1983 8717
2874 8853
543 6432
3414 4175
6091 2632
7940 6703
728 1169
9546 6923
1691 8922
7857 6504
2133 6470
3130 8132
131 6605
974 8210
7762 3965
780 1389
8749 198
1068 243
7188 9672
2631 6838
8355 4517
1351 548
5436 3131
2451 1004
2583 2311
1513 1674
9292 6954
2700 3225
808 4773
8624 647
309 3460
43 4858
9149 369
7295 8049
8057 5912
3368 4355
1175 7497
2932 4835
9099 5223
9265 7466
6140 125
4163 208
4404 898
7111 7318
7046 1819
9691 8446
7623 1498
1486 7889
3635 9496
5029 8174
8438 3177
5018 2792
9148 9536
6193 1726
7089 7378
551 115
7233 449
7440 4693
1383 889
5038 3509
1299 872
5193 7726
6928 6813
2500 1470
3306 6198
3540 1900
9052 4604
9649 2009
5737 7891
8975 5384
2901 5772
4112 9719
7961 4318
6597 3116
7917 6602
4348 911
3853 4059
9755 4255
8821 9580
4685 3172
7895 2723
3806 2037
4360 9963
6775 7183
4153 3791
3829 9653
9630 8481
2479 2992
5135 7342
4375 7789
8600 2859
4010 9313
705 303
9824 8157
7687 4785
3853 7585
2490 3007
5874 5266
4956 4614
9600 3065
393 9454
9487 9599
18 6652
3221 8870
4457 9324
2666 5220
5103 5315
6266 7280
5570 7053
3332 2476
2965 7529
762 5450
5549 6688
4333 457
118 4754
7745 3341
6225 5706
2358 7708
2819 2657
5778 7599
2401 9645
3290 6952
2272 2026
160 84
5405 9168
4463 1459
175 2609
9509 4761
8052 9135
7432 5477
4657 7754
873 2055
7376 8624
9322 8221
4779 6785
4558 3185
5610 8944
7547 3919
8960 3397
1983 5167
2781 392
6766 9166
2170 6148
55 8117
5400 1168
7920 3819
8509 7972
1549 2643
5183 645
2301 897
8241 2697
1995 8272
4144 355
8250 1213
6125 7505
5551 9034
8535 1313
4026 3892
6852 9510
3006 8730
9526 4272
7857 3842
5648 1621
2335 3691
7847 8365
958 968
2207 6377
7835 7181
7492 9840
3609 8024
7817 6783
2536 2719
3584 388
889 574
483 5987
2240 9031
5210 4049
6715 99
7912 9781
4098 8421
6940 1193
7276 5
1533 971
1660 1564
6937 4873
7783 7799
8783 771
4903 7851
9401 1191
8404 3942
186 3464
4180 8822
9678 2274
1240 8656
2946 6165
3554 4412
8888 8893
1432 1148
2136 4930
6492 326
5131 8387
392 8396
7640 4050
4032 4810
2866 4470
3823 9415
2696 6217
4505 2162
458 2199
5334 4737
5137 653
877 4113
1983 5729
8454 5073
9693 7108
8133 834
694 3808
7373 3958
8033 814
1451 7290
8439 321
300 964
3564 5556
8325 3706
3577 5479
6747 3539
693 4679
9707 6332
4303 7863
6140 5001
348 4577
2342 2982
9629 4762
8438 565
9789 1442
5628 2951
6400 1870
6121 7896
2737 9613
8470 367
9140 4689
6643 7702
8663 5768
5167 5958
9206 8566
7132 5096
2937 4159
5678 5921
3352 7775
9187 4546
9278 8435
2054 9207
1462 1568
5928 9899
6723 8208
8990 8426
662 895
9027 7981
9889 7489
6158 9228
2424 6660
1477 5613
7978 9540
8194 7427
5722 7830
1573 9338
1958 8520
6258 3839
2928 776
5162 1377
8694 7804
8356 4152
4294 9724
724 5783
5496 8736
22 2589
7141 6807
336 5543
4590 6976
7441 7269
4514 7166
1782 5134
5197 7103
5024 3790
6244 4639
9871 3679
1624 8553
341 3632
4881 3002
9846 4410
3018 6609
2921 9172
5159 5090
8374 5884
2581 2702
5410 676
4743 6000
3034 9158
702 8555
264 8197
1877 7445
1147 4898
1507 5407
8757 9540
9731 5406
6132 6840
6744 1189
5741 2046
4697 4480
5033 6375
3361 8220
2143 1598
4955 471
9739 6945
3833 5865
3658 7448
8150 408
6036 4339
274 8439
3553 7147
8891 9078
7706 1712
6907 2800
4148 1712
3777 4215
5848 2697
1495 2417
7399 5427
9102 4989
3857 5761
2207 4295
2571 2636
835 7036
935 2361
2042 7067
6560 415
539 9781
6861 1315
6845 5250
603 3098
1063 7334
975 7682
1706 9924
2439 7236
9496 3870
5440 364
4912 6150
7223 72
785 1690
722 5291
5785 6306
3652 6639
2615 5725
9633 8345
5548 319
8677 2092
5119 148
5974 4164
2948 6978
8470 8388
5062 9482
3146 3572
6260 1865
2974 1528
2164 5882
7045 6742
9907 7658
4256 8427
9645 6834
2344 5061
9014 8479
1305 5032
5414 407
7450 4150
1219 8588
9571 3788
6866 4649
6256 5372
146 5499
1527 9932
8583 771
6147 5280
1699 2445
2361 5005
4514 21
400 8953
9007 6205
816 7124
1795 1838
2336 1977
9172 5429
8596 3516
7944 3470
5937 9702
8807 7705
9458 2612
560 6845
8840 3318
5318 703
3213 919
6117 4982
3392 7132
9910 4091
6890 5658
9363 6519
1211 2897
8657 8916
1148 298
5636 1488
1408 8782
3993 5789
1902 3573
313 7913
8508 3937
6904 2842
6320 2097
9518 3661
2742 199
7279 7220
2811 6011
4485 2977
5404 1568
4548 1720
5684 4948
1835 9070
4813 3540
8991 7343
6800 6113
7610 4815
9473 4675
7919 8130
1358 554
783 5568
9359 9752
3984 2303
710 4128
2453 4057
4445 153
9309 7516
2392 3723
3524 7668
1841 6407
9423 3146
4934 2929
9501 9397
3768 3140
4195 8997
6948 6540
6825 9290
3253 248
6926 5478
5588 1548
2775 4520
7980 2882
3538 8209
6439 2104
8165 9769
8459 8725
9829 7996
9422 5744
2193 824
4250 6911
3181 2809
7731 2685
7187 4812
2882 8944
4746 740
2713 5864
7571 9912
5086 8440
8163 7753
9887 9820
5907 9814
3108 1195
5151 5079
428 5278
3672 8603
9111 9017
7158 4127
5921 7877
5320 3219
9826 5817
4286 4467
8924 5117
543 7006
2329 2166
6946 5970
4573 9660
635 4150
7089 234
9217 5860
4113 4247
2520 6136
976 3328
6773 5188
4461 981
4729 9385
441 6345
5672 9673
5007 26
9189 3413
6666 6620
1356 4114
2144 4533
2783 7732
6093 4102
8386 5791
7714 3954
7976 9097
6804 6319
5674 9392
6468 3491
2291 96
1318 5614
2996 6449
1074 2624
742 3290
9315 6394
5819 5733
5228 5381
8717 7961
8295 9195
2164 9728
7572 2431
7736 3058
6829 60
2532 3730
9443 1949
8613 1528
9984 3524
9825 314
9072 8615
8458 9515
8022 2918
1177 9779
5719 2962
2933 3593
4792 4395
2979 8322
2044 1878
2957 4827
140 2406
456 6272
7258 2434
6896 2709
1912 9357
9388 5900
530 1061
9672 6084
1644 812
3964 3509
9792 8927
1666 7942
8715 7035
2932 6620
1518 1198
3621 1346
5599 501
2441 5270
9606 5416
1229 1727
6461 6399
9569 5314
6267 4217
612 9262
3080 1560
6822 564
7797 4513
7510 5957
4793 8228
6328 6984
5818 9750
9254 4927
1581 2159
3834 4830
2356 2489
2050 2384
4722 6600
2276 4215
3598 2595
580 5126
4264 3760
2763 6432
3735 3835
1332 7800
4697 854
8951 8873
661 4085
2337 6153
2918 5902
4488 8864
676 5022
5637 1177
7979 732
2016 665
5588 4530
3730 8504
6929 4203
57 8719
711 8275
2510 8918
8262 7051
3425 4909
520 4435
9344 1731
9829 2566
2837 6717
4512 1039
6795 3299
4759 3778
1954 4942
8342 6853
4594 1835
4029 9837
923 4490
6236 2437
1370 7014
6024 3023
5084 7504
6697 3939
6825 1
9017 8116
7208 2480
9418 1876
3440 2660
3703 4819
7037 5509
639 6951
8391 8652
6451 1727
1706 7296
9180 9455
3692 4766
9387 8521
6786 134
1677 6840
2846 6419
2246 6293
5441 6020
4761 324
4439 5646
5691 140
9563 9648
7900 1116
7277 7903
5703 4715
4391 1288
6003 9116
7049 2100
6532 9216
4574 117
214 9872
6418 9242
479 6001
8373 3369
1081 1869
2747 9313
3252 1942
8796 8961
301 9554
5525 1496
1967 3129
2155 2942
2543 663
2001 6903
4774 720
340 7108
6043 6584
894 922
5933 64
9118 5216
6806 230
9550 6939
5716 4170
7589 1227
7507 4400
7153 7136
9196 3871
9493 9491
88 7212
8795 464
802 7875
2057 8407
9177 4669
1172 8696
9308 7704
4166 4896
815 9372
9324 1775
688 6020
5925 7998
6564 8822
6574 4498
8668 6557
8547 4414
3287 269
7515 596
7360 5452
7699 2116
3355 1078
2858 427
1189 1455
6086 3856
8487 7474
9974 3836
4929 1619
2428 6612
1264 5908
7263 1570
1920 509
9645 7508
2869 8732
9803 3428
9966 1580
6766 2910
1729 3503
7229 2366
7884 5027
5225 398
9765 3915
8710 3681
2076 4478
6727 4629
9761 1040
5653 8031
7219 9539
3840 9817
1076 1458
4177 4020
5247 9303
2942 3253
591 8776
7795 2541
4829 5955
1288 5040
6341 7881
7109 4773
9451 9122
8053 7158
1150 6494
7880 9181
6475 5857
9947 2772
733 8146
7523 1384
7408 6767
6476 636
3928 7716
9204 7095
3693 1677
317 1625
7501 5181
6207 55
1071 1478
3147 2041
8796 59
6596 7950
6457 2122
8989 412
4189 472
5151 6984
9150 4545
8831 6137
7533 1114
4916 767
9911 5069
8639 9807
4018 8797
9823 8951
3278 1978
2077 7064
3085 9959
7778 3770
8995 9765
1157 3511
1041 8037
3699 4549
5072 4989
6172 3297
578 1681
4029 5209
1999 7984
1769 7767
2480 629
4296 140
1199 7161
7331 3046
9886 5048
4288 2393
3975 5625
2661 2850
1364 792
89 7001
5668 2678
6204 3716
58 2254
4960 8898
3663 4359
8894 1945
4254 4061
425 9695
9645 7793
6154 953
8735 9016
2803 9379
7385 1455
1753 791
3629 4723
5885 8514
6238 8188
1563 5080
832 9588
1262 1105
1947 1048
9625 6072
994 8881
9013 538
9664 8035
3445 9470
825 8618
7124 5621
1244 9345
7713 4146
3759 1705
3146 954
1362 8195
6899 2159
1278 3783
8486 3269
6396 5176
1149 5758
6270 9177
9088 3265
528 4636
6182 7381
8889 8540
4832 240
202 4748
8772 2082
8877 2259
4673 9227
9524 1345
8706 4851
1034 6690
19 2449
7638 8878
9462 1421
482 8777
806 5475
6592 1596
2113 6343
5754 8021
2159 3877
3124 7659
9314 5119
1218 8784
2850 7334
4067 1497
7517 9552
272 8267
4749 3869
7696 6163
2006 1193
6684 5287
9841 7694
3061 7575
9307 6456
2094 4147
628 3548
4921 9471
2323 170
9815 4147
529 9930
2333 3205
7551 2300
7961 9775
906 8975
5846 1613
5648 8649
4220 6535
7284 1101
4642 7305
2986 450
4126 1560
8658 8093
3389 944
5110 6580
1763 9796
4140 8264
8061 9310
6810 4831
8758 6813
4267 4592
8675 3161
5294 7764
5842 8591
3565 4845
3477 4197
5857 3223
10 8445
3384 9241
9000 8829
2372 9050
9694 4919
7991 7487
1284 3007
6049 7779
8988 3533
5544 8749
8626 5574
188 6827
9162 2736
6446 5688
3425 8568
8185 7101
7110 588
9357 5100
8721 2315
1481 6987
5808 814
4310 3654
1185 8738
348 9141
5667 3646
3345 9925
285 5374
1119 5514
3677 2317
3363 5842
1504 5943
6234 8185
9981 509
1414 9714
1176 8679
5877 6416
6134 5174
9351 1698
8823 6251
1460 7153
8108 5756
1452 4326
5908 7887
5977 640
5702 6714
9348 2508
4816 9534
8069 419
8378 5480
3668 7174
8341 3995
1462 8438
306 3800
3755 1716
3630 1314
8981 8460
1249 441
4405 5981
3586 6664
5138 7430
7716 2922
227 8831
8533 5873
989 811
7438 4083
3642 5049
2690 7130
6471 2271
7556 4246
3183 6384
8919 6232
8642 5998
1139 5082
3560 447
911 9072
7422 3986
8863 7250
8866 1660
8590 5394
7286 6491
2057 7749
9861 1697
4022 8670
1345 6456
9265 2486
9453 9683
9456 2675
3795 9692
6437 7941
5040 2643
6040 5362
9851 3665
2488 9263
7982 1464
6089 3329
1268 4915
708 3741
6668 7100
6477 7620
6975 7409
7776 1175
5523 1583
5007 2663
2157 7446
106 1137
3580 96
1614 4084
8783 3362
915 4086
3734 1299
3622 4776
9914 4823
3838 9051
8358 6700
3742 7163
3179 8951
8312 9983
9017 6366
6960 2322
9636 4841
2700 7129
3563 6966
8217 1772
7944 6881
4717 2867
7960 5392
5145 6011
9699 932
5248 1453
8365 5403
7048 4432
5514 1896
592 9226
1601 2115
5795 8383
7677 5299
7135 8713
7566 4623
9860 5283
6683 1217
5706 5516
3327 4080
7906 1416
230 2470
4934 1059
4376 3407
8642 8219
604 9528
830 3211
8403 6002
8425 1896
4616 9498
3207 6769
1181 2664
6552 9381
7572 2115
2280 2723
1710 7016
9555 6551
1510 1734
4854 2261
8498 2887
1163 70
5399 4595
5468 4754
2289 6293
7816 5569
4065 7096
1652 4530
7792 5300
7211 7515
4999 4645
500 7602
3981 4126
6626 1761
3096 7464
4208 9922
5385 5636
8634 3678
3183 9138
9231 5764
9575 519
4426 504
4677 2593
5335 1461
7668 2467
7146 1592
1810 1059
1872 878
7337 1760
9140 4995
4766 5260
7684 7866
6769 6201
9620 1664
4171 4469
3197 5969
7624 7891
6798 5970
1936 5272
4530 6500
7141 8876
1553 5010
3364 3528
825 1506
866 6120
9633 5440
5714 6547
4452 1653
5007 8213
4776 5569
1419 2284
7178 1463
3293 9918
6253 6601
3328 2064
176 5153
1905 9231
7559 5493
9514 8219
1202 6788
3926 7019
3645 4745
6850 7328
756 2086
8232 225
5521 7242
6082 471
2176 824
5229 6995
6216 2951
9158 5344
149 1375
709 214
9953 5214
3290 8417
5550 2895
11 1882
9096 992
5862 8476
9423 8476
2059 3337
5661 6947
556 4931
1152 9754
7748 4407
4163 202
5514 4351
9626 3628
6067 7644
8162 6871
9656 2327
2351 39
3996 1521
886 2294
4590 3064
8640 6117
7036 7274
2899 1648
7501 3189
298 783
6253 8277
3106 3281
7099 3028
6230 326
7780 1323
7989 7186
1611 6380
1929 2748
6359 5926
5284 492
9087 7049
7429 5346
9555 5512
592 7499
4653 549
7584 5723
895 1874
3358 2872
440 3947
7423 2860
8747 2163
5816 947
9963 8199
7443 8565
7935 5447
5465 4630
1568 566
2758 4251
8535 9358
3534 2795
6388 5712
8254 3792
8930 413
3820 62
1200 1108
7164 7549
4100 4385
9592 3296
7548 6757
5290 6910
4806 8744
3393 1392
2819 8739
6453 8730
3962 8828
9629 5486
1454 8278
3095 4119
211 6130
4163 7925
8934 1358
4610 9003
5251 5950
6499 4584
5779 507
8676 3098
8507 3975
7609 2128
8132 5732
6613 9348
168 255
7317 7251
988 7522
9563 7213
9953 743
107 3160
5810 4505
5321 7194
4957 8618
6897 911
8809 262
1872 5141
6377 2257
4193 2683
5246 3939
7942 404
2916 8337
7187 4278
1153 1468
388 4944
7794 8688
6200 2753
8653 5870
7807 1815
1532 2029
1141 7498
717 6623
1904 5419
3205 1198
1107 5609
2870 4250
8332 5699
2324 3514
9766 6396
235 1229
2726 1751
5869 1638
7798 2771
3414 823
1280 2502
7062 1715
7924 8937
6969 7850
7578 8822
9668 5386
2097 5878
5226 1485
3733 8637
1180 851
6750 9538
4320 5474
1492 4526
9503 5354
7957 2466
2856 2122
2684 9965
3496 3639
5289 2085
4866 1784
9674 2985
2704 2796
6558 6667
8694 2744
1774 1560
9329 6318
457 658
102 1763
1295 6277
6185 649
5868 2495
4836 5119
7271 501
6490 4603
6870 4937
3924 5058
1820 1837
851 308
4848 5482
2353 2990
7963 6802
8439 6853
8999 8548
5383 636
6894 737
1548 9848
1755 220
4639 136
4714 6520
9758 1245
1703 7324
1358 9768
8291 8275
7525 1561
6929 1633
2494 1887
6065 8140
8085 3097
222 6287
5922 1024
8210 3718
6616 7852
4333 3345
4030 6063
5037 3180
6395 3803
4588 5291
2483 9650
7790 5092
513 1125
6285 5163
8623 2225
6651 617
9841 458
4775 7078
6021 39
4465 8525
7663 6562
9337 6
5927 9513
1630 951
575 7463
8226 3933
9433 2244
679 3588
8222 5098
561 4700
9681 7393
8961 6383
1824 7539
2249 6772
1652 7808
2187 6082
2301 9928
4265 4166
4458 5532
2046 3750
7170 3629
4969 7372
4543 2309
9640 5262
4433 8211
8079 6916
267 8909
8461 8923
8896 3652
287 5418
1252 506
5235 202
8148 51
7360 8130
7533 9648
1641 805
9439 6248
1932 4863
5867 4239
4144 2526
4179 8358
1290 4287
5337 4508
1714 7947
6260 7663
5860 5312
6708 7949
1514 7985
3484 5454
8938 9063
4515 8037
8634 80
1558 7582
1297 9626
2395 5223
6153 7000
1891 879
8989 3029
9936 4033
7828 7844
9042 7099
7362 6955
684 8424
2369 1195
1901 368
0 2166
7258 4017
6117 4732
4681 6279
642 796
247 4179
8213 9526
8817 6582
8023 3316
1578 5834
8856 1215
1660 6193
6608 8716
9725 9031
6731 2161
9297 8170
9655 7204
6442 150
8760 6207
1831 4811
9231 2286
5071 5109
8389 539
6421 5330
5044 6379
8285 4458
3431 9478
7818 5606
4174 1970
1568 9409
7463 6326
8655 1026
5291 9004
1673 4916
4290 5857
601 6521
6864 7246
6326 4441
1019 9647
2603 851
5053 24
4841 9899
3411 8505
1775 1350
9462 2068
4421 6796
6388 9801
8762 5198
4949 7197
570 3158
8401 4598
9753 1849
8873 4091
9998 5049
6512 3104
5629 8399
6252 9404
6124 8511
2253 3976
111 5467
88 3813
2768 777
8583 9576
5616 2088
2044 3946
5933 2992
2667 2679
4196 6180
9580 9986
8644 1728
5998 2487
681 1922
7406 6765
5172 2009
971 4526
5921 9343
2854 1662
6325 2332
6014 6871
8804 940
5956 51
5525 2262
7774 154
7065 268
517 7611
724 8000
3669 5824
1428 4588
2697 5709
7150 9439
4157 9548
482 1363
590 6255
7862 5514
3314 1171
2369 999
9345 6605
8365 7642
5004 5493
5285 1305
6806 9699
9389 9509
3016 9227
7477 6864
12 1835
1869 7736
6818 6229
9590 4488
5053 9827
3163 7722
3736 3359
1367 2214
3968 8352
6935 4772
1530 5507
2553 2534
5596 3511
6416 563
3792 3519
1142 7253
7073 945
4978 7270
9500 5608
348 6096
8262 8421
2920 3084
9599 6903
4810 5961
6993 1077
1091 6650
2763 7985
8542 3403
8216 5370
8251 8398
1778 2947
4056 6929
6426 3904
3184 9061
1366 2773
6603 950
8892 7746
5275 6995
3179 9325
6162 2524
8524 9247
9828 7457
9098 539
2370 6790
3947 5524
2235 4487
5370 8756
1237 3742
3852 6252
3665 5038
3699 8659
9060 1732
1811 8465
8743 1580
5536 8288
5755 4693
9615 3192
4657 9877
4173 2229
8629 757
1841 7856
5389 983
8654 2743
3747 3360
2549 3480
8867 1476
5449 1399
7971 9975
969 4598
8434 4864
722 3370
3160 5099
5281 1885
494 4746
4879 5627
7085 4483
3921 2701
9066 7068
6691 9479
5915 4634
1361 2834
6405 5312
5181 1093
6627 5007
6713 5708
2160 1790
3270 3505
8790 2217
7237 4447
615 7469
2152 4022
4378 6099
5182 7977
4950 4556
9739 5661
8501 7005
3119 8464
9252 3027
6284 5083
7534 4702
8209 5765
4893 5056
4169 394
8252 1527
1457 7713
446 9560
7789 9211
4476 525
4397 2808
8026 8066
542 187
8473 9342
5108 7666
9637 6605
559 4628
9078 680
2498 1267
7567 1162
1906 4028
1110 3174
6040 4820
8558 4166
6989 3696
8362 2794
2479 909
5546 620
891 8630
9046 1233
745 2220
371 8376
2512 4399
9297 3413
6992 1882
4882 559
7797 834
660 5943
1215 9844
5480 1437
2806 1085
1211 2112
367 5506
309 3294
6770 8920
4368 3430
9596 3769
8196 4671
7692 8509
2736 3552
610 6384
9891 685
61 1328
8892 5527
4100 1742
9323 9769
7459 1192
465 5614
1782 8700
3376 6510
1813 7417
6327 4244
4066 5594
1798 8671
7278 3151
8176 2255
9518 8327
4706 2066
6290 6795
449 3418
9356 9133
4864 8669
4801 6027
1817 7137
4764 8673
8228 6759
3525 1103
5598 1102
6090 5924
2307 1963
8769 7523
2986 2685
8925 1643
4762 1425
2767 5790
6971 8632
9708 6920
8820 9097
9069 1527
8288 6079
9006 1240
27 7266
2949 8454
319 8780
8075 6839
2010 756
7255 7120
3347 6279
8962 8458
7896 4601
7227 6853
7682 1879
7776 9904
4169 1153
5531 9876
687 6989
9957 1806
2346 9258
7062 4651
5584 6508
2042 67
6505 2323
2727 1356
5156 5496
2458 2645
689 3222
7540 2904
4354 1921
4322 1771
689 7621
4682 8764
9695 5697
9845 3512
7310 5784
8239 289
7476 8885
8171 6960
7885 2784
3639 9575
5045 4314
9634 8391
8824 797
491 9004
2095 5739
3089 5443
613 6469
473 8346
4154 4458
4795 6823
5197 3763
8636 349
3239 8509
1256 1874
339 76
8925 2654
9260 3657
9741 1543
687 7338
5541 395
1319 7923
1338 3678
4515 9611
4935 1881
5648 2989
9105 374
125 2628
2896 4181
6538 6422
5860 7262
7741 7635
6662 2988
9564 9607
4077 4222
3989 9966
9520 7459
9465 3035
4581 353
7064 3910
9243 2095
218 1071
7664 5891
2675 3763
239 77
4459 5392
683 5684
7939 7284
4227 1861
4755 5776
1100 6620
3833 9442
9973 2575
6112 7795
8657 2314
4711 9466
2083 4301
5894 2927
7772 5477
5844 1529
8649 4467
3171 4789
8899 4754
9350 3114
137 4678
2669 6869
1000 5839
7629 2387
2434 604
9580 8111
8455 5890
1796 8893
5885 7921
5455 2165
6499 9858
4161 2257
6094 1990
933 3454
9413 8500
9124 8516
7839 9199
122 5186
4544 8124
5512 7874
8413 4094
430 3785
6286 9662
9681 6199
2231 5753
7586 9124
354 8379
5478 1540
7538 7308
3501 8697
8376 4749
8352 9650
277 2944
2724 7085
4648 4086
7718 6394
4444 7233
5756 5241
551 9949
1741 1224
7646 3372
3168 7900
5851 2896
8130 6722
1396 2157
2205 2559
5481 9019
2909 5010
4849 316
3701 4057
1884 2104
1218 4058
9300 8865
8368 3855
3654 9434
440 7761
4081 9282
2043 1721
7125 2251
6828 2786
2825 9120
184 6823
3258 7353
4231 7358
7529 7678
5119 7379
741 6726
4553 9633
6792 7533
6401 3054
630 1740
8337 6146
9625 298
9972 9468
4080 2093
9393 5184
4838 4964
3947 6701
417 8303
6880 9730
8497 2704
7356 1379
1601 7089
4700 7871
8272 8049
2307 7580
5459 8454
6909 1756
3076 5453
2354 7299
1570 541
4658 4240
4627 9627
6371 4912
7168 7788
300 1223
3674 7313
8693 5132
5019 2402
3441 9379
9513 1351
7812 4750
7662 4917
6980 8079
6223 3073
1759 4900
7909 9793
3338 1947
7758 8329
3719 853
7914 2268
9474 6111
5575 7215
5826 795
3033 6599
8912 4145
8075 4488
6851 1638
3619 5028
7794 3744
318 8573
5280 1263
7242 3364
884 7360
3476 844
6975 8814
73 5158
8218 7496
9792 2495
5565 3269
2248 1402
559 7323
6207 1728
1428 8344
9675 8714
8638 7349
9445 3954
4486 5171
972 2178
7994 1858
6305 6221
2131 5111
6178 3194
634 7840
2184 50
9416 8589
632 3312
9848 408
4447 9232
8423 9633
2686 7274
795 1819
3588 2648
6610 8600
8524 9260
1160 6553
9162 9428
9351 2303
4652 7603
4757 5160
548 177
1335 5695
2243 8795
5046 1761
13 2643
9737 4698
359 9322
1997 1828
3260 7825
4638 6523
6910 4245
3508 3910
4663 2562
9806 4732
5802 7680
4021 872
7371 6739
8762 7961
2212 7600
8963 7401
3204 1863
5610 6779
983 5009
55 2239
8125 3818
9955 547
5997 7342
7886 887
7089 6129
3813 8090
685 868
4113 8315
8453 8277
9702 4120
9320 6702
7166 1433
8265 6878
357 4838
3224 8849
8875 5682
3070 266
4144 2774
7308 226
3358 5617
6986 1545
8106 6113
5026 5089
5530 6997
8041 8356
4724 5421
646 973
8002 5540
203 8664
8289 6137
3905 1576
6666 1892
3134 2501
9032 7420
6158 425
7029 6972
6836 698
1675 4518
8483 3814
3485 4335
6181 9556
2830 5770
8791 5125
9671 7070
4399 4713
4907 7209
1166 253
2033 5034
6617 4539
535 8991
5454 1037
392 5650
651 1475
9089 5253
675 4869
4425 162
3856 1194
9275 3449
3986 9800
8614 8160
8085 6665
3858 5885
7032 5645
1980 3254
4909 7221
9436 3720
6647 4782
3525 1722
2761 7011
3237 9305
1728 6130
4061 5831
117 8442
9570 2104
620 5574
1185 4603
1178 505
1580 6055
8597 118
8722 4847
8313 8523
1168 4184
2429 6595
1594 4473
1627 6247
1204 7606
2915 5534
2798 5348
9373 4246
4108 96
1359 8755
1391 8328
1988 793
9382 286
8109 9403
6995 8728
4392 9199
604 716
6897 1320
706 8818
3206 486
240 4871
2131 8118
6514 1236
9582 3887
3091 9996
7308 4694
1065 9137
5721 6956
1204 3270
5514 9597
6116 3126
4306 2623
5354 35
4188 6238
7757 1006
5025 3368
8957 5305
6436 990
2230 4704
1637 7226
7105 2506
5165 4109
2442 7203
4990 4608
8054 7838
5449 7997
9852 1121
3355 363
3118 4576
9777 7433
4084 5240
9870 7333
1974 6837
9641 9633
196 8674
8231 7348
7030 9504
8430 8673
3751 7519
8906 699
4571 3227
7700 6124
3543 8387
3497 2964
7657 5213
1783 3725
1361 4225
8661 7273
6409 8016
8176 1215
2338 6354
8752 6925
5241 8559
556 217
4545 9396
3926 1340
9815 3288
282 8931
8534 4214
7574 109
2926 3682
5718 9090
4494 3060
2382 4759
6161 8915
9644 8452
9892 6334
8068 7735
165 2858
7346 9729
5936 8274
2258 8832
3012 1686
2417 1573
6874 6252
698 5525
3145 1988
1090 1215
4018 2422
7495 8270
3918 1105
396 412
9855 7283
9997 772
5705 6953
155 8270
1437 4717
6950 175
3189 9352
6561 5311
5955 3634
7355 2788
2558 7675
789 2884
722 3165
2130 1084
6657 1323
7204 6202
6194 1765
2167 6833
9557 2907
8181 3273
2818 8694
9180 8152
7031 6548
1572 4972
1897 1205
9782 424
2453 7133
1895 9490
1312 9026
7418 5377
9762 7275
3152 3843
458 686
4969 3603
1950 4015
3547 7131
4540 3036
7977 883
6650 3854
1024 2180
2971 9001
5592 3376
1339 5166
3492 5156
3695 6843
5249 3659
6818 2762
6234 6514
3924 716
3398 4984
511 4431
2673 662
4190 1734
3870 8952
5782 3277
2660 2939
7375 6393
620 1188
7155 5314
330 2577
9977 8670
1557 5526
2998 6327
909 4304
199 241
4205 6037
5359 4440
2755 4065
1541 435
7120 6479
9279 6528
1131 6547
505 8272
9987 8619
6575 6787
3774 7465
5234 7198
2535 360
8477 5856
4676 8771
4384 9655
7552 1338
9584 3586
4192 6537
2611 995
2445 291
8686 4292
2196 7152
2481 1977
5245 1865
9723 2162
7301 1795
4611 1281
9720 1295
9402 5649
539 5581
2091 8000
8105 409
3009 9785
6266 6475
5112 5875
8040 671
3137 1388
6702 4019
2634 9700
2174 180
2025 2312
9911 175
6361 7779
1837 6956
8127 5181
6847 2137
2658 6457
8294 5342
8898 9277
3641 5437
821 4182
1642 7238
463 1176
4970 7305
8394 539
4216 8147
9396 6184
7502 9176
6467 2810
8395 3033
5499 6198
7516 4225
1991 994
1084 3620
415 1378
2440 1527
423 2161
6046 2902
159 17
6319 9047
4243 4191
4704 4797
3817 4344
828 9395
1440 3793
2032 2894
4837 6792
6416 9022
8082 4504
3285 3008
4705 6660
725 1748
5973 8485
6118 5435
3731 1583
1715 5035
8779 2254
2003 1485
946 6853
1876 6928
3422 4057
5330 1634
6298 6136
6989 3067
9683 6882
2468 224
6969 9023
5783 487
4670 6712
3380 4301
4610 6207
2062 6831
6605 7659
2509 1301
8538 1574
4660 1531
9273 772
8394 2223
7915 5605
206 8557
6580 1546
3491 9838
5266 2649
1788 5358
5403 4337
8539 2957
9114 7366
8448 2128
4616 1259
2535 5642
2340 728
3606 3545
2245 7058
310 3041
4920 7405
6018 4387
1660 5328
7441 6417
480 1620
9862 191
8428 5337
4446 6585
5449 5491
1517 5591
5197 9427
1539 9721
1575 5016
8045 1024
9622 8684
4490 8803
166 6947
9333 425
2828 6245
3253 6659
9713 9836
469 6761
2885 2836
8612 2928
144 754
1836 8088
5356 7563
2577 9191
1537 5497
7829 5904
4104 4310
6634 8646
3264 5534
4597 2959
7242 6447
8235 4817
409 3062
3075 9507
5295 8008
5535 5884
79 7363
6807 2606
481 1075
3077 1428
2403 1860
9917 6711
2800 1749
8077 1964
9582 3110
4113 4575
7399 316
8107 3020
2638 5304
5686 72
4686 4183
1539 6933
202 8036
6194 5059
4895 2558
5073 9274
5542 2636
5497 3535
4728 6977
7931 1654
7213 5110
7364 6703
626 5238
3257 7701
8697 5978
474 2121
1780 5252
7671 5218
7510 4083
8776 4836
3562 3760
8097 6783
2606 1331
9932 6511
6736 356
4413 871
1524 436
9670 6032
5136 8684
4554 6745
4913 430
9094 1063
8794 7741
1948 7013
1825 8299
3868 6215
8140 8320
7988 862
4992 5920
9053 7065
9343 9093
5258 5050
4428 6275
4229 9701
3720 6671
3386 9157
1558 2593
2087 6213
4958 1059
2073 8167
7174 6821
4955 9373
1014 5897
8848 2348
8258 5948
4662 7350
6320 9608
9905 1264
1104 2937
4583 9710
9194 6599
8515 1609
6974 6793
9344 7838
780 8727
2063 3944
3078 1791
3178 6487
7437 1414
3972 7649
9420 4787
1579 1584
3619 4550
6388 3965
7323 3014
2325 1407
9326 8947
2955 8435
657 9381
2997 6185
2285 5393
2758 219
3822 8597
7961 6726
7399 3451
4853 7143
2818 8798
2003 2018
489 1379
7817 950
7541 6282
507 4059
9777 3494
2941 928
7866 5030
5422 6440
6575 6398
6316 2789
6742 8070
7414 3071
2643 5804
854 843
6077 6810
8786 1274
8902 8092
2656 8109
8306 3886
2090 4283
3524 420
9821 767
5769 2027
1813 7946
2075 6353
9060 100
6824 4763
3321 8846
9991 8636
8454 7346
9486 4300
4704 5835
5092 3982
9858 6869
7024 528
3401 7464
8630 5893
3859 1474
1924 9437
1551 5592
1023 996
4837 4720
1973 1226
6677 601
6537 336
126 7802
9255 3255
1890 9263
1612 5916
5573 9706
1295 3182
3684 9427
2594 8326
7972 2625
3779 7819
9198 6502
7001 1820
1022 5144
8815 7068
1631 3189
8683 3216
2943 9930
2449 2912
5448 1233
9099 934
6058 4970
5417 5943
626 7175
8430 8156
8547 7987
8858 1033
8404 3366
2416 3307
3685 6811
2133 5055
7293 8046
3203 697
5725 6
3966 6626
2579 5875
8100 6515
1468 7626
47 2085
7600 9443
8510 4074
2374 2686
7541 9601
1653 3797
8622 6669
2641 8012
6218 5172
7281 278
1752 7590
691 4382
2672 2671
9200 6855
4581 2465
3804 3419
5892 6172
700 1230
5807 2592
8606 5911
8667 2861
6306 7248
860 4618
6090 7656
8896 459
5507 3391
4812 5397
9724 2410
2187 3251
725 6360
2260 6210
3909 2143
440 820
524 9853
9223 4522
4814 320
9859 7246
7620 5008
3721 7352
3378 614
3311 6005
7959 8023
7909 5600
9152 681
8660 4176
9062 9577
8579 4041
4709 9915
5247 5545
8366 9003
6089 5136
7931 8681
2648 4048
682 5126
8570 2978
1635 3729
4024 9706
67 1086
9258 4784
4249 986
4774 2283
8685 1298
5879 6797
935 4532
1552 5952
3513 9779
5984 8450
1911 645
7028 3176
2933 2876
4918 3235
9869 6879
4086 5620
7890 4070
171 8127
4588 1511
7883 6271
5641 4428
7755 4365
7145 9281
5962 9420
4788 1555
7110 8160
4011 9812
9316 4229
908 8686
5388 967
9685 5375
7867 6034
8155 9973
3418 8850
4149 3790
7088 5133
9136 4674
1581 7139
210 6741
9875 5986
3299 8058
6205 5563
5113 3459
8995 6982
2049 6052
9401 5802
9012 4038
1494 2281
9416 55
6115 7933
4219 6509
553 5160
3333 4896
7286 4570
3024 7582
9305 6108
2342 6594
1679 9459
4965 1692
2269 5329
5923 622
2739 4053
1437 2454
5202 1538
1858 3575
6555 5456
3698 2463
7265 2066
5863 6472
8172 8214
5451 7956
6044 4935
2485 8297
8014 5113
6522 3665
867 8526
311 1075
3346 9502
6095 4871
1640 2443
3214 1599
312 6989
8247 6397
9219 8608
2725 6354
2235 2455
8643 6389
5401 496
8200 1269
3315 2107
5721 2355
3799 9452
2409 7310
2678 999
1159 7497
7138 9404
7580 9944
7131 5909
2105 3438
3285 5906
54 7478
4440 3169
3114 1303
5181 6130
9638 5140
5541 7559
4437 4415
8901 4771
6197 8634
2850 6100
9636 6723
1182 4342
3945 2846
8059 2366
8388 1080
5607 3691
8225 9476
8169 956
3497 6778
9550 9551
6997 5632
6108 9894
3135 2560
9264 286
9758 2707
9184 5876
668 3851
4317 6038
3391 2562
2986 7498
1903 4111
5504 8594
9586 6526
1723 5910
4643 49
1696 3338
4467 4182
9704 5773
5652 3989
7993 1408
9059 475
6180 8156
7151 7012
717 1173
4582 3947
8858 5126
8830 3052
361 1730
9368 6186
4592 7261
5777 6428
9437 7828
4842 9632
4372 6453
931 9140
1317 1497
6269 7155
7636 6612
7270 7025
7318 7833
2968 9154
6156 7032
1550 4667
7341 7596
5473 4611
8072 4818
4293 3734
5186 6876
7531 8389
5345 5780
2427 8835
1266 1434
2273 4454
4087 2817
9849 445
4285 6449
5436 7870
4744 3206
4032 1494
4352 19
3188 8761
804 9514
8988 2779
8576 8369
7749 5373
7071 4481
4857 5954
2063 2803
4138 3493
5510 2198
3304 6519
9611 4075
110 4991
9233 4502
8775 3258
2584 5841
3219 1349
2660 9428
3712 4702
2393 7709
3414 2041
4954 4539
1719 8920
4794 5776
5890 4173
4758 143
3644 2485
9244 3190
4063 9209
9335 5466
8788 4589
4280 6388
7779 3229
4535 5116
3058 4638
8613 827
5424 452
9186 5730
2706 1290
1209 5855
1644 8321
5857 5497
245 2365
1085 7309
8251 7527
5428 9930
8709 214
4263 5154
7628 2716
7697 1339
7014 3185
3657 7135
7013 8862
8104 3584
1668 4789
7102 3265
7781 6756
1117 1068
6102 1036
5287 9816
5444 7174
8843 9929
8102 7527
3116 8661
4058 6691
8655 654
5252 6420
7666 352
5340 2469
7669 466
9738 6810
4157 4844
8062 9147
5126 647
629 4687
5563 3188
9674 3557
9765 7351
8948 4282
5473 8770
4938 1597
2890 8427
9592 4117
7597 5401
1561 7897
412 2425
1114 4054
1702 9642
3648 7480
3484 9080
9530 8860
3009 2367
9612 3044
279 490
4216 4740
6662 5105
4404 4036
4118 3048
410 7253
5989 8953
7884 2470
1985 6291
6164 6781
1021 5273
6057 8607
1688 5508
356 7611
6354 6344
4813 2868
8279 6578
7724 9426
3087 3766
6130 4347
8540 4922
6013 9755
3218 5064
5304 1303
5219 1527
5357 3688
5022 2027
3907 6473
4435 7167
5815 6745
1372 2923
3276 3854
6875 2197
8819 459
6341 8504
569 2855
5031 3463
2929 9798
1947 6441
7759 1805
4364 975
264 2098
7709 5591
8186 6794
4924 2180
4531 1232
2804 2095
8192 2349
1395 648
7965 5949
856 3188
8261 7721
2903 9267
2457 9665
3215 8159
5945 4362
1561 813
1348 5398
3662 3334
3516 5232
4458 3807
8020 7949
9287 1448
3860 6228
3056 7203
342 6390
7270 4930
7587 3017
4026 6524
3017 7851
4353 3719
3291 5442
1211 9677
5095 3714
9604 1714
2366 9506
1161 4003
9381 818
6245 1898
787 7486
7455 2451
5726 8793
3609 2620
9142 838
9299 1028
8801 66
9685 7931
841 5123
4567 2432
1522 913
4131 9733
9010 6005
89 85
5621 7666
7686 4276
8205 1999
8808 250
7639 3478
5960 5913
5043 6619
117 6929
7457 1716
9856 9459
774 1869
960 9636
3660 925
8223 6841
2015 3584
264 201
6623 3026
2650 1412
4613 5500
7686 9166
6059 9217
7270 3297
9796 36
9244 3641
8183 256
9030 917
4218 1805
3750 817
4290 6324
5265 8407
5966 1273
4657 6065
200 7322
1483 4419
3896 7961
613 7373
5194 8144
3848 7620
7412 3098
4730 3421
2086 2769
8027 1640
3421 7816
2394 9301
1298 8914
1162 742
7259 339
8518 7137
6587 1602
9996 3406
5299 6777
1228 7898
7815 3340
2561 7111
4764 6147
3990 5282
2031 9833
6330 2778
3898 8609
9867 3152
5395 1394
2826 3589
795 161
3595 6747
6882 8234
4783 2821
7452 6291
3106 3549
6261 4291
2148 3912
7940 390
6906 2471
6664 4234
493 5942
2656 9126
4653 7187
5612 5557
4544 3991
7832 235
4034 263
688 4573
563 5438
5760 4521
15 3830
846 5292
3350 487
2000 1306
2498 756
9167 5164
1973 2404
1934 9882
6131 6513
1976 5584
3731 9093
5175 6523
4144 5073
7531 8737
5115 6801
5946 9310
6847 5407
2986 5855
1044 6498
620 5201
4151 7820
9190 2978
6965 1937
7395 7486
6323 8791
5837 5129
7169 8816
4847 4605
4637 315
5519 2527
8611 4620
5988 172
7189 4736
3399 4997
7159 6061
5431 6278
7632 888
3746 6921
1751 7447
1442 9174
2282 7803
7168 7662
2370 4027
4355 7773
4672 4017
1429 7316
1385 1686
854 4734
4207 720
3585 6568
5902 5869
7641 8927
4476 7759
8631 7069
3752 8253
4369 3057
9429 5245
3702 9932
4595 5528
9092 9849
4523 4588
7624 5165
7298 1241
5181 9397
2867 186
6847 6281
5013 9301
6013 3489
5202 4414
1085 2527
8683 3485
2704 1554
2308 1588
1770 1038
5894 9067
326 4607
2121 3199
419 9749
3453 2607
5610 1685
2435 3652
2875 530
5367 9036
4023 7359
6144 943
2963 1299
7063 885
8988 7690
8382 8711
4179 8620
8802 8586
3272 9881
9353 6319
1056 543
8567 9893
1604 3570
1708 7421
4639 9763
9655 2175
562 4217
5555 3034
2839 7968
8697 8361
7737 4583
3484 4471
3078 4245
7598 9410
3591 2271
9484 1441
6899 4656
2170 4350
2154 4184
166 4084
4274 940
2542 7869
6913 975
3411 4152
4138 635
4472 8443
3062 9472
5563 4103
5078 4558
34 5441
4238 9722
3294 774
5508 1260
8532 1551
382 5993
9501 8895
4419 1302
9108 1924
8901 8439
2551 2499
1690 7202
6331 1692
6677 510
2053 4040
8327 4557
6668 1567
8462 3861
2468 9624
7596 9424
127 8515
3994 7412
329 66
38 3978
1596 5520
2988 6866
6100 3556
9233 9502
1616 3946
9448 7621
8454 945
3282 63
8195 3541
8122 9561
7720 4523
3635 7122
7206 2194
3879 4652
352 1547
97 3176
3308 2651
6764 8473
9095 1755
4192 3167
2635 3848
3895 5366
6846 4181
9931 9081
1920 9828
8426 6287
2919 4692
5541 4433
9282 881
1458 9817
9603 5514
4324 4984
8186 2742
2108 8163
8916 9050
593 5647
8967 873
4492 9070
7565 9257
3714 1471
1079 5755
2964 1334
6192 9268
628 5085
6849 7531
6948 2075
8590 259
7596 732
4894 9077
4627 2133
5052 615
2260 5049
4282 3855
1115 5242
2487 347
2586 2429
4227 1691
8936 4736
7737 8269
9863 4953
9512 1988
5643 1265
8404 9645
7958 8604
6460 3185
4805 9590
3024 3880
6493 5068
6130 4144
7029 8988
8058 4403
1633 3582
50 5498
6853 9938
755 4020
5838 7428
1578 3490
5129 4680
9525 8810
3765 8756
2390 4466
8283 1499
9187 1732
5732 2563
3717 576
5517 544
8698 3823
7770 4683
1278 4226
8850 3495
5664 8032
9383 5822
3452 7837
5099 4192
7648 87
6168 4381
788 7112
8633 9641
7634 7049
7813 3189
9853 2909
5635 3647
7849 4133
5027 9283
7998 8044
2470 7174
5468 6713
1295 3618
2640 5321
9625 7537
1833 2695
5963 2290
8692 7464
9425 3182
5221 6246
7005 6287
5217 7519
6924 6811
662 4250
6385 5569
9895 1640
4 6810
5102 3706
4464 6590
5118 1644
6187 8578
4014 562
5642 7002
106 7659
5314 7882
7070 7257
9489 2423
6895 4803
100 5683
9572 890
6548 8561
7394 4203
8028 7720
8860 8267
4403 9360
1379 2372
1727 4609
2956 5256
1690 9690
9334 1548
1379 446
8562 3571
8784 8084
4184 1846
9092 6069
149 8763
4353 6386
164 561
9025 8851
4111 1785
583 3701
5411 8668
9225 9610
4519 3502
7014 7962
3834 7232
5440 9130
3865 244
4936 4518
6809 8565
1876 9284
9120 8393
6678 6155
1419 7200
6879 2222
3332 1732
8490 1597
2598 4346
9600 6302
3382 4907
5618 6480
5420 9140
3886 1109
2830 9879
274 1529
9646 6340
4966 4332
2872 6872
530 1569
9447 1369
6761 4493
5857 2081
4192 8236
8359 1543
5030 3690
6801 959
8582 5187
5490 4865
8047 5951
6882 6444
7800 1018
3125 5121
1002 5903
3570 1228
9230 1455
831 2516
1908 1134
4822 1562
5260 8492
5565 939
4176 6370
9527 48
4490 3433
4987 5994
1888 1484
2627 255
3791 5799
6311 5150
3971 6586
2354 6718
254 2156
15 8166
1676 6870
8626 4869
4906 2079
9756 202
4143 1860
5670 5978
4411 2291
4868 8266
1670 4714
5824 1236
20 189
5961 181
595 8876
9919 7106
1841 8612
6776 2114
7454 5821
1085 9716
7119 8618
4887 8347
3917 8358
7456 869
167 7829
1383 6370
3176 6710
6091 9125
1733 4818
9823 7388
292 6371
3979 8907
3107 4137
186 7404
5645 878
7918 8517
8292 6303
3430 5521
8646 6639
8762 6858
3456 2021
8266 1936
1347 248
2770 2492
8450 7182
5781 9226
6758 8760
8944 514
3481 751
792 6656
6915 2289
1169 322
4674 4765
7032 5195
6397 4712
7726 2030
7271 5964
6627 5987
6775 2601
4707 3554
2812 9796
6083 7841
8210 3521
515 2387
1046 2811
8690 6252
7715 5303
3585 1129
2672 961
1771 9658
9121 5990
6955 4637
2019 8381
9961 5531
5793 788
2914 584
2030 2652
5166 3979
9590 8695
8389 6278
1288 516
3 8078
1210 3127
5382 5384
5500 8960
4064 54
1156 6930
8982 9856
8983 7127
7165 495
614 9865
5574 6646
1230 9804
503 9891
9084 2172
2915 8480
2217 4475
8246 2745
872 3262
9406 1188
1011 3712
2772 6335
1160 8719
2396 1999
4180 7959
1254 5001
9250 7794
6837 2308
409 8726
3723 6102
4453 9871
7337 6067
1112 6534
3191 6135
9973 7280
9210 903
13 7464
9481 1059
9579 7907
6736 8371
1462 7859
4824 6295
1040 1604
3341 2647
3120 6005
4590 6023
6174 6466
9089 3343
1212 9366
7010 4733
3112 3841
8605 4624
3486 6417
4173 4709
1871 8253
8386 1087
4658 663
9247 4013
785 468
7444 6751
7688 9279
8318 4059
1550 322
8958 6934
8213 1607
3558 2279
9400 1140
1001 1456
1726 6934
2200 1587
1678 920
3608 848
6780 6155
7873 2749
9158 9349
3318 4430
7865 6523
760 2516
112 964
6119 5068
4096 409
2251 8382
9072 3154
5846 1701
1863 6689
1116 5818
6826 1722
4398 7038
3335 7246
9331 7922
3133 4130
243 5710
4138 2021
6072 701
8092 6604
6452 5492
3114 185
6640 8243
9599 2254
5870 1443
2292 9679
6284 2053
2829 6680
5888 3659
8749 5183
9230 2572
3897 5842
3134 4541
9293 8046
7149 4000
6728 379
2557 7299
3146 4211
9329 9652
914 949
2744 6340
5812 6132
4910 1024
341 8662
8864 2766
8887 3867
6011 7013
6479 1742
9906 447
7365 5554
6408 5888
9164 6319
6029 7326
4191 4687
3903 7695
9824 4181
5584 7762
3070 4794
7347 956
573 5648
1689 4891
6292 3762
8374 8392
5482 4418
3075 3194
7298 3008
3606 3036
6622 533
4988 4674
5503 4282
1573 6344
125 5222
5553 2611
2069 2464
2210 7991
1390 1345
4805 8268
4299 3141
3948 3846
5364 6224
3736 9558
2471 7032
278 7779
1400 3515
190 1122
2404 4665
230 2365
2880 8252
6876 1894
1444 1789
4998 1255
8099 8235
6080 1129
3309 8745
2799 8187
2157 6159
7960 9186
5638 2115
3351 5662
1322 4561
951 8871
9489 6980
4387 5015
5270 6413
2290 8756
8783 5487
9648 7593
2388 764
508 5647
9542 9272
5200 1685
9587 1800
7408 2396
6978 4568
3724 5212
1015 7748
3689 193
1325 8228
6981 7482
9427 8974
1179 7147
1594 7413
859 1752
4371 9139
4647 7321
8298 8110
7530 1510
232 5603
384 4538
9335 9220
83 6007
6813 1170
1357 4629
4778 5332
8530 451
1716 7134
7904 9688
4707 5883
1939 3202
3117 3037
6697 2962
4048 1926
297 5870
5393 6842
2754 6643
9539 3916
8380 9138
7918 1174
760 9538
3589 5402
1321 3442
7735 2145
5432 2477
902 5263
7010 5724
6412 7673
2146 7555
6849 5730
2743 6983
6615 8527
3800 1518
6096 6393
2387 3053
7567 384
6309 8351
9430 2345
5246 3640
3753 6815
3033 5986
4186 2785
854 9785
7693 4387
7726 7604
1591 7122
8457 7133
6796 2150
8605 1064
52 9185
1121 5350
6053 1830
2078 675
1802 9988
388 2999
3559 4406
1688 4313
9844 8309
4730 6113
5255 1063
763 8666
6303 3499
4020 4089
3578 2394
8222 6201
8775 2109
3022 3141
4134 4465
7642 6642
2491 9728
5374 4487
9015 5394
2081 5942
5909 9076
8446 7391
1858 8227
2499 3326
2981 7985
861 147
1113 8919
1182 17
2613 5214
7370 7773
8944 6884
6266 2358
1846 3961
5408 265
6109 3285
5369 8707
5180 3923
538 8805
6347 3087
9556 5559
4348 3072
5912 3861
8360 7362
5091 8602
2210 7698
3908 6173
6188 3009
4605 3571
7468 9920
5135 372
6022 4590
5185 8255
5487 1949
393 4586
4688 7135
8420 4280
4213 4758
3811 6559
5189 8965
5754 3332
8082 7066
7435 7969
9494 6673
5298 9325
132 2146
2132 9757
8539 4691
3737 2399
7529 1473
3247 6498
4652 381
2838 3367
664 4735
3376 2589
7383 8868
8686 262
940 4590
8546 8706
7716 5064
3173 1447
563 9149
2494 3402
9377 6134
2871 7497
3686 2958
251 9966
7268 6099
9784 69
2226 9611
4230 1055
4894 5094
9701 6092
8874 5682
5074 7355
2688 209
5238 6743
836 8487
2891 2036
7138 9512
3745 9688
8702 4719
7766 4197
1856 1812
787 2270
5941 966
2618 779
6204 7636
1054 3315
7254 9735
5270 8422
6264 93
28 9492
5598 1385
3763 8317
7009 607
9984 7191
9654 6128
4474 9057
449 708
3950 2920
3081 8156
3940 4087
721 7933
8772 223
7387 2456
5124 906
1484 3035
2843 5881
3597 2292
2271 8089
976 2008
7235 4002
5680 4308
3221 6836
5602 8025
8158 6037
5915 2216
2109 3551
1436 5081
9117 1776
5306 4423
6763 4593
7623 5305
3815 1243
5529 7488
7782 5963
5 1271
6102 2544
3573 8071
8438 9380
5468 4392
8754 8231
9837 7360
9885 315
5874 2776
7820 1199
6583 2939
9657 4269
3831 7155
7993 7127
3325 5783
8040 9530
9008 129
957 3173
6586 8931
2877 8363
3164 1160
9599 4138
1496 2520
1824 5002
8754 5879
7868 680
2742 6277
4171 8836
632 876
1683 587
6774 7720
655 389
1740 6015
7370 1738
2418 3609
5334 4124
4929 9480
5472 4753
2071 1665
9387 2610
9838 6350
2463 4017
6041 1799
6008 7963
4503 7411
9066 4987
7319 8473
716 6931
616 4026
8737 6675
937 3175
7699 418
6782 8313
9172 6734
6157 3160
2247 6769
1411 6193
9839 7080
117 4566
5569 7503
477 8569
4648 1498
4322 4601
9556 5418
3104 204
1336 979
6283 4151
2264 3241
6608 2549
9207 4606
5297 7689
158 4136
6432 4460
4071 7912
3938 5763
8035 7308
2842 8172
3295 8911
7340 2085
421 8201
7032 1140
3167 4273
6992 9469
5200 1935
9773 8695
4646 3835
1792 6909
9323 8271
8311 30
691 849
2883 8681
3620 7082
9197 1825
9661 2992
3426 5004
9122 8331
6875 3934
4787 2032
9044 4905
4019 1096
5679 7809
7885 4233
6371 8882
858 3786
6602 8541
6530 6826
8245 5629
1506 1104
8462 2618
1856 1777
6179 2196
1850 2969
2079 6996
8064 8454
7854 2861
8141 4849
7057 2531
8665 415
5771 3963
9237 3166
523 4911
2167 2813
1603 7894
4782 1951
5914 5874
778 9767
4125 9201
1299 8738
5340 3244
1647 985
4783 5586
7180 5411
6769 5584
235 4801
1256 1376
496 9757
1632 3873
540 9684
4828 1980
1932 7673
5980 403
2387 7210
9785 8677
229 6541
9638 2547
1751 4051
9742 6832
5843 2706
9127 7649
95 6496
819 5873
4301 8837
325 1282
5666 9680
4169 4949
9991 1155
4497 5417
1380 7468
9306 9930
83 7459
8340 6658
4089 4999
9068 5795
1360 3231
6368 6065
8801 4983
3371 2610
7447 2578
144 872
8980 9145
6532 2405
9102 8081
3432 8701
3722 4898
9467 6260
2387 8286
9434 1866
7103 9405
2680 4873
7946 5114
783 6674
6907 3567
9203 8143
1935 8897
3226 8511
3015 2803
8744 6438
1131 718
8199 6091
9316 7681
7197 6751
6399 4398
2578 4676
9392 3851
872 3826
1404 5109
7695 2453
648 6245
5044 4424
6705 8835
2993 7671
204 5659
6887 7738
2483 4007
1394 1566
803 9017
8204 4219
8491 3649
4065 8215
5460 5641
8376 7321
9034 5893
9833 1668
9788 8795
2777 6617
8865 956
2244 2408
148 5297
268 5492
8444 3830
4309 2049
8649 7583
6208 4569
1643 4889
5515 3341
8710 8187
9461 7624
622 7888
5667 4388
6048 8353
6220 4122
5677 7204
6848 1300
6690 8960
1189 9386
4039 2192
3976 8207
3542 2513
7250 2727
7289 9743
6602 2894
2765 8224
6133 8847
2529 4235
9184 2141
9051 8437
2370 1772
5257 8040
6497 8127
6769 4045
3175 6632
1094 2189
8065 2504
6756 4739
86 4259
8773 1614
9743 5769
805 3347
1516 6715
8269 5030
1005 6262
8889 4972
7711 822
5560 9017
5338 2101
4180 9810
7704 9085
358 7074
5795 3502
2753 432
2827 5211
6863 3781
2521 3884
9419 9764
3480 7222
3722 9884
8051 8087
7999 4456
1075 6607
7772 725
8954 7953
7234 8372
5562 735
2965 467
3779 4390
3779 982
6675 2451
3186 339
5128 1335
8905 9242
5405 9276
324 4674
5098 6967
4522 7985
7460 1409
4792 9100
5038 7789
3031 4804
5224 6543
4009 7452
9888 593
2600 1250
2322 4339
7582 4573
1577 9202
614 8367
4092 5520
2807 5796
7527 9225
6549 7962
3111 3715
7267 5784
9522 6682
8972 6291
1788 8961
4092 838
3161 5709
443 790
8403 2730
1940 9510
2841 6812
327 4434
416 1346
9181 5595
9687 7029
9953 4166
6006 2949
9015 473
6227 1287
253 6056
3644 8230
7735 1401
8638 1959
15 8237
7561 4178
5470 9722
1945 8678
8717 885
707 1529
4502 9822
3565 6985
8744 7381
7 554
1878 2712
8586 3302
963 5333
3382 8625
938 7811
5020 2392
8496 492
9237 1402
1037 4155
8445 9713
740 5017
3099 670
3083 6308
5802 8821
5514 4828
6418 2713
9362 4888
9740 7630
5745 5741
5603 3217
402 3103
9275 5814
3139 8159
9820 7268
9936 8016
5140 6504
9977 5726
8136 8871
4388 2756
9143 6050
7734 5476
4476 1088
5652 7751
2775 5672
7003 1751
7218 7034
4449 8621
66 7939
9153 1266
5157 1632
6475 6392
7535 8709
6506 9669
2588 8828
9404 7335
76 4947
6877 4491
9787 5241
9006 246
6139 3145
4573 3025
3905 8051
3673 576
3552 7205
2149 8641
6570 1502
375 1623
9445 9198
8947 1979
7846 9621
2877 1003
6683 7999
6088 1116
5787 9765
6237 484
4641 34
179 6744
2010 618
1383 9755
1278 6711
9334 8305
5432 2677
7696 6243
8499 3050
5119 6806
2850 2513
8892 7483
7206 1904
7480 45
8312 8064
9549 4195
9633 1667
6395 3607
5348 8100
2030 9795
5624 1470
5790 6719
2399 5107
6677 2969
4120 9704
2587 7336
2683 3112
3574 4096
3330 291
7627 7303
9012 5903
6374 1561
775 3804
527 5286
5336 6307
1028 4480
1397 350
3030 3593
2137 5601
8766 2246
5698 1031
5873 5302
4044 5738
2805 3171
2203 358
4319 4727
5082 5704
9770 5552
7242 1843
8395 3882
3549 8179
6341 3048
5351 3685
9423 4396
964 7426
4994 6146
5538 8513
458 5429
527 2359
6885 7965
5177 139
5116 2515
7285 5728
1123 3537
3665 8652
1565 2019
2360 806
7575 7023
3432 8957
7182 2603
5539 996
6644 988
2568 4591
9342 3341
7841 7159
7812 6694
85 7365
7607 3241
5733 7597
8003 9351
5508 8439
9312 2729
104 7770
4494 3033
1829 7139
8198 6091
5837 2584
3747 1937
7734 4101
7735 543
5091 6927
725 105
4979 216
158 6380
1804 1308
9263 8826
1942 7733
4223 523
4897 6213
7243 4789
7619 5330
9012 1968
5001 6222
1876 9259
2847 8977
8330 5942
8786 864
4825 4644
7500 4709
2864 7229
8698 4329
6661 9103
3887 625
6790 7826
900 1933
7752 3019
2086 4311
3290 6032
6017 156
612 801
1067 6686
2699 2007
6855 523
512 885
4536 5921
7645 8880
1997 1271
9368 7859
7264 759
2237 4917
2630 3331
852 9740
3968 1179
8129 9051
771 1744
8867 4897
8925 6439
6351 2644
1638 8260
3884 3936
2851 9282
1548 5038
2688 5525
572 1307
3417 756
3733 9434
6363 7683
9256 8432
6053 3376
376 1669
8853 4683
1450 4532
7468 6262
8308 7446
8211 4686
68 5939
7408 557
5782 1659
7047 5749
451 2472
9592 6061
4052 808
2755 7043
1973 6098
9191 2164
7584 8010
346 2954
3799 3600
9565 1413
9206 6718
7149 3463
9745 6704
3004 2472
5950 1952
4349 9313
7725 3085
9623 2648
9612 5075
3389 516
3642 1243
802 3820
5684 478
6780 7743
7213 2820
9024 7898
137 3410
9361 3093
9745 594
7410 2177
1602 3080
5074 9030
1356 2952
1040 1808
2047 4513
8231 2484
3554 2368
6656 6681
3069 1330
1187 8089
2162 210
8161 4720
2809 781
1598 3035
5236 2755
3998 4067
9619 2080
409 9745
9862 4668
6425 8286
1103 9398
6054 8509
2533 5058
4397 3892
3047 4056
2901 206
4904 7606
94 8060
6854 1112
5833 1399
1570 5571
4039 7572
5447 7533
8929 637
8435 5303
5940 7094
2257 9832
1019 9726
4561 7524
386 770
4813 2233
9599 6544
9153 7750
1804 5312
85 1700
2126 2560
9717 7705
9646 3462
2376 928
8922 9560
914 1990
9483 4830
7624 7207
5188 8468
6859 422
6253 1835
6223 9578
1691 6231
4098 5440
5295 9533
9685 8791
2859 2178
8157 2196
2224 6213
916 2007
619 2926
8215 5251
9054 9294
7354 6941
56 5135
4620 6996
1571 7126
9008 7702
8583 7791
9588 7988
9995 4122
1355 9408
8495 6181
430 2091
9301 7929
8112 3630
1893 123
2634 3671
4237 5758
5488 1975
1654 6901
1382 5500
5177 3805
5654 6081
9330 6114
3670 1853
365 5452
4141 2419
9740 3380
8648 4263
437 2720
7848 5825
6613 4910
9128 4320
1983 5045
469 3936
2335 5023
500 8433
9407 2799
1971 6947
5524 3798
7875 9575
3149 3964
2323 1640
1625 9654
8609 274
5957 1650
4387 7446
5062 6628
2920 9121
2097 1144
1046 8547
7004 8943
6873 304
7855 5219
8832 7903
5786 3834
8582 8393
1156 4717
1299 9535
1231 2145
2373 1909
7054 5904
3739 1881
4843 8930
7763 5602
9482 9529
581 4729
7466 3894
1234 9931
5428 183
1723 2126
9933 5435
5587 1298
7420 6412
4151 6567
5273 695
7776 5149
8928 3344
5552 5455
6962 4358
78 5757
9999 7225
1725 5310
3080 7218
9666 6678
5597 7447
8332 9060
8869 1925
2728 2501
1471 4756
6404 7801
6990 9971
2648 7196
5148 3145
2961 6611
1893 7765
7595 7443
4660 4834
9693 6042
9349 7827
9805 3009
5613 2052
9161 6764
7490 8885
169 9016
9214 1610
7485 3474
9218 9746
9187 7292
9741 2778
4276 7767
4930 2035
1235 1763
5244 4572
8379 6411
4718 3236
7396 8170
2090 5191
8012 6495
9683 3344
3958 9854
5702 4250
590 1886
6720 7712
8377 1513
6294 7231
1763 3823
499 1910
270 5918
1287 2565
9947 438
5693 2605
733 1957
2499 6341
5443 5360
3531 4996
1712 7368
7160 1759
8948 8709
7725 1944
5072 4626
8250 6573
3211 3830
9853 1503
6799 5434
7167 8113
2531 6581
2364 5158
8050 678
2729 9237
6391 7609
7743 1834
5896 3537
2364 6423
8892 6034
8325 7625
2895 1043
6764 8397
8184 120
8438 4726
6459 4280
4187 1282
6207 9919
2531 1472
8705 3375
8129 1044
2362 5028
2879 9988
4205 8465
4369 8933
9593 9595
5069 7230
5302 7528
8899 6378
3224 19
9449 995
8036 8946
5687 5288
1856 1994
42 8374
9813 1804
3201 66
9537 610
6938 17
9677 2445
4254 7805
2479 8886
8925 9404
3561 8987
8417 6692
9905 127
8123 9390
2738 8531
4147 3878
4855 7903
1184 6012
1895 8932
5970 1446
4998 2321
3227 1933
7795 2556
806 8685
6193 1840
173 2983
117 9244
5324 366
5873 5062
3985 5735
4636 9885
1870 7113
8364 4478
9668 3045
3738 5890
8272 4373
8083 4082
4959 5661
2924 8234
1084 189
2929 708
8455 4858
3289 4144
1905 8587
753 2641
2725 3461
5683 2292
3515 968
6538 8453
8401 4544
2244 4279
5836 2036
3961 6029
9546 6949
149 6669
4456 9553
1017 2944
1645 8000
6169 1876
242 162
9999 453
2339 5701
962 6272
8199 23
7227 5662
8348 6011
7403 6348
9724 7185
3701 7145
5188 9540
229 8216
9370 3475
3560 2043
1299 6598
7982 9328
2764 8432
7230 7453
1467 9796
6897 7241
9088 1462
6752 5377
7633 9157
1335 9908
2999 3415
4586 9999
1365 3740
5865 3676
8046 8578
7141 5775
7050 2504
3775 7650
2195 9000
4663 1534
7363 5084
5339 8480
3486 6963
626 9916
7554 3532
1628 9371
8017 1355
2802 4367
3286 978
7064 3558
3138 247
6966 436
3627 9560
5495 1655
2301 7114
698 1429
2721 585
9430 957
7173 860
8944 1933
7657 2712
4964 3298
4993 4946
8674 1838
4786 3131
3182 9703
7425 4632
295 2363
503 5917
7114 9970
3727 4388
4215 6453
5645 434
9431 9465
3412 6861
7792 7042
7573 9029
5867 8560
8789 3344
8717 786
96 4096
4086 2530
5176 2305
7027 7716
9281 6841
9171 5692
4467 3059
7154 5267
5942 2679
6394 9450
6738 7677
4199 1758
3726 4927
8009 8959
401 3504
7254 2973
8954 2371
263 4931
7320 8182
8175 670
6969 2531
8944 1088
4895 7245
1998 4469
2124 7635
7684 572
9271 6214
8364 1249
7928 8118
1931 505
7881 9618
4442 5169
5862 7814
6807 6410
680 9562
1630 6127
5122 7754
2352 2557
7314 1684
5916 5073
8433 3600
9484 6762
9493 789
6790 8863
3876 6920
6531 7616
4581 5349
9178 6555
6833 3295
4953 4696
3617 8855
7752 3806
2015 3369
8650 5659
6904 5007
7905 524
3818 140
8645 5941
413 5216
3871 6866
3210 8265
8760 6300
8038 4547
7747 6537
1964 4861
4510 5918
1890 3032
9148 4137
