10000 9999 1023387281549703999 5588 5
5618 5109
5413 8100
6607 4665
4662 4887
3402 2232
2716 9870
2271 8244
756 2114
827 6257
6872 4406
3667 126
7727 9170
8789 2542
6042 1438
4367 4428
8382 6364
7812 3813
3606 905
3370 9809
7719 6845
4522 30
8561 2081
3052 3681
3986 631
5885 8572
2052 5972
1036 3859
1072 1375
9041 6937
1800 8600
2176 3336
405 796
4093 8679
6841 6867
4900 2103
6030 3352
7535 1751
4258 3192
6600 6334
5761 8975
5156 137
524 8366
2762 967
146 242
6982 3324
6042 5250
608 6728
7927 995
4522 7597
1286 5571
2206 2370
9211 650
605 2022
319 644
6383 8563
9625 3751
8959 925
9088 1134
8445 5878
6488 9020
1397 2573
4246 9133
1206 6894
8787 5002
7207 4947
4206 966
35 6435
9021 5462
1497 3956
226 190
4018 6408
6398 5778
7364 4706
2358 4506
6840 1160
6100 6485
5520 8674
2657 9106
912 4333
8946 5662
9511 6295
1126 3532
2295 9209
4347 3458
4802 9331
4417 6460
3555 8646
8691 7637
5469 5699
8411 5497
7335 1091
325 5709
1806 5789
5127 9502
9791 1390
4856 2447
2811 6964
7193 1088
1688 1931
807 863
6982 3097
2077 6262
5798 6971
890 2260
2414 4300
5467 4333
2325 8803
6099 8115
1605 2178
4836 3229
4136 7670
8556 9563
5882 159
1482 2402
8276 6854
3221 9333
6768 6378
2423 4375
1713 4332
6111 8683
8592 5263
5839 1969
2193 4978
4151 3346
417 1027
422 6494
4060 1948
8418 5075
9053 6247
5077 2433
7849 1359
4646 2030
6574 4585
1626 3359
97 9075
6817 3062
589 5632
9553 2749
5800 7369
4033 7046
6837 6545
3456 694
3311 6378
5901 5391
4797 7331
8565 7855
7223 3395
2907 1162
1745 2425
6097 8167
2360 6055
8164 9080
5406 3843
8046 5485
1150 817
1578 6287
6324 438
3473 6410
8877 6345
7209 2792
8031 644
6793 1453
1943 8829
3697 4904
2159 2803
8539 2970
6237 9410
3653 7093
4060 5605
2189 4487
3380 1894
6903 6198
7699 8658
9942 7179
1784 5912
6326 355
5294 9491
5969 9655
2972 4224
579 1347
3411 4541
8905 6512
8552 721
6566 7210
2464 9948
2405 941
8349 3810
1543 8204
861 4081
1776 5744
7529 7201
2218 3916
1691 9298
6064 1784
8879 9515
1004 2223
5534 3574
6586 1665
7049 9467
4513 4460
4453 130
4918 5907
3109 3506
1786 4280
7245 1263
3031 3172
1165 1650
2822 3554
6482 2527
5603 9759
2784 5748
530 387
2519 4815
3857 7996
5977 6125
3358 8387
6483 145
2690 6083
2462 8213
2652 2996
8305 7586
4728 7194
203 9326
3337 2991
8955 3149
9592 3983
1973 350
6578 5713
8291 4714
9905 1421
526 7329
6322 1179
705 8050
7214 6425
3063 5602
871 5610
6000 7818
5215 3721
511 7709
6989 6977
6508 7630
1623 1397
8088 2858
546 1223
9446 689
2251 2784
8037 9596
5260 3157
9588 1840
9358 5768
7168 9113
3261 6294
5753 8433
201 2117
3454 7869
6529 6582
7437 7107
7491 1784
206 9134
4391 6588
7281 2814
7007 1590
7749 5171
5977 5247
6341 1448
5139 4688
6345 7666
5739 4686
177 8245
3361 4326
2023 2916
4447 8749
1473 5523
3437 812
9570 1825
1784 7872
4519 1572
6562 8039
6006 4306
7042 4847
7563 3617
6422 7727
7207 7953
3675 4711
7116 1506
3135 702
7237 5869
5915 4446
1500 5954
5361 5752
1538 4123
7429 9871
3401 9231
6197 4237
1784 9699
7264 8696
6477 6539
1438 5605
1617 9380
9984 1600
9163 1080
4332 1834
456 6734
2802 6845
6551 184
9141 8885
1183 70
8381 8081
5680 3206
6924 2649
466 5773
2849 6629
5171 1803
7564 5067
1130 4298
3021 7364
6832 4583
6144 5136
7973 4463
8036 2935
4455 9752
3892 9208
2930 1501
6686 9501
4142 2821
5810 4165
8945 3283
6731 5633
3848 8558
219 2309
9075 605
8613 2899
5455 7113
5021 2946
6258 7349
8775 4140
2572 9697
1412 692
7145 9513
3346 623
6226 8198
9795 6232
3939 5403
4257 8493
1775 4869
8385 7315
3788 2400
2346 3262
8757 9319
4823 7739
3223 9334
5375 9198
3961 7390
9603 1173
2113 9196
8851 5878
917 9636
9274 4338
4860 2683
2661 7385
4395 3489
7605 2102
3811 5105
5921 6151
5726 1403
7203 8317
23 9764
6075 6041
3400 8720
3802 4232
9748 8007
7823 6625
5340 8762
464 9788
4001 6228
7224 4472
910 1468
7323 6207
6327 9747
3030 1035
1689 460
4682 1724
9385 389
3358 7487
2400 6673
5460 4063
2338 7399
1784 4880
8391 9157
1077 352
8340 8163
3461 6440
6423 4794
288 4278
1643 5693
1874 7083
2421 1677
7103 1131
2460 2473
2689 5800
9952 5633
3929 6374
4963 8251
2911 5370
393 5558
5383 8008
2784 5342
4845 7486
5571 6102
7745 2277
6063 9181
8369 1040
3156 3198
6425 8621
609 6138
7253 2589
6595 9367
367 3222
6884 2222
5611 1381
4904 7287
9396 3931
8960 4115
7335 8553
7398 3018
7794 738
7241 5422
9985 1999
7271 558
3424 6135
1413 4180
562 6744
3958 5695
638 321
2643 2794
1784 5289
69 8757
8472 8521
9524 1784
7432 7179
1308 529
8245 7374
8100 6666
2062 7479
8943 1784
6366 1381
4097 5440
2276 7522
3183 9607
3668 7955
8339 5891
408 5167
4564 192
4014 4335
3346 5622
3108 9214
1933 7530
9419 9038
4509 8108
9528 3617
9436 2524
3492 3701
5914 7109
7847 4157
8833 9394
544 7785
6761 1131
1673 1119
6339 6638
4374 5073
537 4645
4962 1784
2078 9696
2482 9530
8321 5894
8591 2253
3394 8202
2936 864
3921 4911
5641 8750
9833 7167
4672 3451
6368 6337
8647 4073
2993 5853
8463 6194
5365 2715
7843 1622
5175 9211
5120 2098
4222 4133
7865 8285
3564 1779
5197 3019
6225 4641
2858 8284
1240 7610
5668 2995
4124 658
4493 1488
7553 1784
7249 1839
7490 3192
8476 9098
5652 298
253 2049
8272 3898
4837 4637
4159 5066
5998 3309
8278 4380
6071 4004
4842 674
6126 4045
7533 2531
6240 7725
58 6167
6281 9174
6791 568
7091 3497
7505 989
1364 5671
6556 6568
6880 8204
152 1028
1322 9787
3211 856
7549 7076
9463 6500
2059 340
5702 6354
5 5622
7759 560
1708 4662
2750 5574
1935 5803
133 2109
5258 2966
6229 6090
3935 9907
1705 8400
5039 7099
8925 2580
7461 3891
7756 8494
1120 52
1181 8182
2937 6998
905 2115
2111 6402
4469 1639
1397 873
3681 668
5435 4346
5424 9097
1005 8014
5645 1308
8745 6992
2791 5224
5325 844
5490 6835
4706 9908
8653 2236
2875 2698
2355 564
1314 1158
9981 6414
2989 8752
2331 2855
4045 9306
3905 7657
2168 2625
9898 2211
1784 9852
3157 2445
4062 7947
778 1903
348 8640
7292 6154
3891 2205
2564 479
3533 5526
8860 6563
6416 6198
8774 2393
9264 6081
5885 3675
1397 2444
9060 3211
6122 9365
8600 3548
8162 3800
8756 2672
6861 8429
6286 1282
8734 553
6162 248
7229 936
1871 487
4208 3125
9666 6128
9542 4835
2597 585
8292 2422
8852 5188
1540 3481
6513 6462
1366 9775
9647 9227
6410 9156
3949 799
2125 8361
7218 6564
2716 1166
2422 9075
6711 8063
3710 3296
5953 7228
6421 3926
6954 184
1555 5784
4086 5220
1273 3696
1302 2121
2123 8476
5027 4503
615 5252
4978 2095
3401 8408
7809 4732
3322 9315
822 5597
2383 6509
2546 1039
3371 5882
2000 2579
7937 1673
1124 6127
1875 6126
9427 3740
2707 1784
6247 1378
9050 1244
9954 2723
853 4427
1318 3470
1572 7327
5864 5857
530 2177
8379 7033
3343 137
9156 8474
6445 6183
7584 8085
1255 7533
6443 317
7452 8692
7139 9797
7416 1675
346 8648
3356 7965
2863 8304
1117 9019
6284 1793
5546 4444
5975 6632
9700 1085
4667 6260
2418 960
347 8949
4798 6212
6738 559
1922 425
9043 6292
8870 5485
1909 4196
9446 4400
1728 5930
1833 8722
4560 8714
9552 4482
7808 6962
4105 7127
8837 1741
1368 4409
1570 8081
6555 4396
3224 3456
3385 9617
317 3602
3777 3168
141 2292
8103 9040
9995 949
5033 5385
2679 9865
8027 8875
1284 6411
6861 340
4672 8329
5988 2758
9380 8055
1795 2495
3112 9248
3808 9109
2651 1001
9498 9344
5102 7828
2442 8689
9829 1451
8734 9885
1409 2800
7270 8532
9781 8772
6234 401
1982 5323
6779 1562
6268 3244
485 4009
4464 4897
9308 8125
688 5556
1235 1572
6430 6626
5185 6406
8210 1784
8778 6365
1833 9729
714 3822
1701 4645
7669 1487
106 3630
1583 6655
9961 1514
3482 5688
3271 1830
4652 2110
6457 2902
8627 5519
7148 1658
9609 2130
7120 8169
7873 6246
6651 4426
7891 1429
4074 6919
6253 6524
3127 5963
9431 8512
9191 4732
7297 4168
9474 8479
8701 7080
8653 9850
1784 9975
5675 6435
8470 4097
9152 649
9780 9029
2837 1631
9362 1732
1784 6586
3134 433
1146 58
5611 632
1053 4555
1889 1411
3197 8133
3038 5910
6022 5950
863 3470
6540 4896
3190 2068
9913 224
9556 280
9393 9319
3698 2858
2916 889
4788 7877
9155 3370
6943 3633
8042 228
5254 9729
5084 3473
2460 3999
2751 4725
5332 6352
3470 3161
9103 5248
9813 3607
6140 4772
7175 6110
8193 7019
256 3961
7664 6493
1079 5684
1629 2634
114 8847
1058 5916
8248 5476
5151 8875
5507 3842
7452 109
4817 4101
8046 659
2195 7285
6936 8863
6892 6322
5098 1784
1433 509
9782 7497
7254 7517
5554 5915
4339 1819
3501 2395
7408 6180
2989 9904
8401 2993
9810 998
9241 1709
945 5986
2433 6513
4241 9215
9474 3693
3911 3675
5873 6547
20 6360
853 8536
1123 4220
4564 9782
2102 4630
533 3066
5644 9858
8878 1055
1440 318
1679 5375
9043 6158
5700 4779
8299 4059
4635 3982
7369 2225
9478 6059
6356 311
7482 1784
1171 6982
1108 5241
5143 7449
8555 5102
8067 7372
3970 176
3936 2352
5123 6514
7332 4706
8358 2079
7389 5644
3190 5923
3925 4571
8692 7124
8622 4011
7015 4565
8727 4021
5372 2679
3885 6373
9005 5528
3428 4893
6930 4548
4240 9419
2656 8380
8161 5422
1784 9980
1784 9575
6812 7160
6816 7713
5944 5084
9286 8975
3480 420
3457 259
9291 3803
406 4860
2033 7012
7437 6415
5041 4891
5866 9891
5789 146
8767 8732
129 9384
1600 1404
8429 4177
7519 2871
4134 7374
8806 6524
5645 3358
5582 4648
3158 6636
8848 8967
2491 8109
3667 8023
5970 8347
973 3256
8583 9171
7864 8869
199 4236
7706 5321
346 2325
2741 2931
1482 9946
7565 447
3467 7417
2365 6116
8638 3431
922 7433
1784 6033
356 1045
3795 7320
8230 9936
8924 2333
1972 1157
4109 8264
1037 2227
2088 2971
9307 4027
6436 8166
2093 8942
7290 8136
7611 814
7435 4582
4317 7649
4011 2817
4572 5236
7294 1848
9089 198
6289 5516
8073 4878
560 9648
7452 77
2122 5700
5083 2585
4995 7545
5521 2819
5637 5866
7086 5633
1630 7394
2270 9414
515 7818
6450 803
3560 2679
6379 4063
2428 1875
7730 5546
7167 234
3735 118
9511 7903
1937 1955
3102 1283
4378 6780
2929 5401
5858 9602
8418 6688
3411 1044
2817 1264
940 809
6905 8715
6088 3734
8868 3782
2339 1784
7025 8305
5436 2291
7514 8137
9089 5744
8579 8186
1872 5783
5789 6417
5318 2200
3486 2860
5184 9069
4804 4283
463 8594
6695 6348
7540 7647
3783 5491
8403 5261
8993 4740
303 412
6744 5602
8142 2624
6576 4897
1105 9475
6026 2557
1989 3582
193 5025
2471 2422
9133 321
7180 7219
3897 9771
1377 2578
7469 7524
102 5393
5878 7919
2062 1341
3861 3946
1845 3890
8966 4690
8438 7090
5162 7091
8609 2882
7909 8898
9295 9855
6744 5172
1050 5767
9905 7190
8517 3430
9075 8082
4056 4188
6232 5507
5489 1784
951 1937
7387 4398
6278 9242
5225 2867
3574 9554
2278 8433
903 7063
7909 1103
8222 96
8526 6899
1063 8843
723 5098
6927 2612
2077 8344
3320 2722
5916 6584
8106 4561
4552 4968
7646 8239
6148 2504
7064 3391
5160 358
7762 2129
27 4344
2897 4360
3220 516
3574 2676
335 3329
6203 1477
2864 2046
6105 8891
6598 3508
2606 3813
1784 5931
8406 2961
3813 2911
1248 2957
1002 3444
8707 3780
2181 6399
5303 7210
2676 2284
7168 7413
9145 1172
9190 5145
4133 8302
5261 1260
8423 8366
6981 1950
7213 3699
1497 2143
4898 7277
323 2424
2702 7553
532 8203
2886 6547
5686 999
7924 576
7097 3485
3476 8503
7286 5551
2442 8822
7063 1920
2611 1285
3496 3470
5465 7088
6105 9968
7714 6152
5828 7915
9215 6544
940 9719
5831 733
3059 8562
1009 4701
401 1180
5364 4414
1731 6881
9290 3998
2689 5484
6652 2548
8111 324
4982 9809
1148 9673
1491 6306
8980 9317
466 3555
5262 8925
2197 486
3783 987
8988 9793
430 907
2450 6871
6784 3311
9507 8337
1214 930
7477 4689
1784 8454
1639 196
9983 5661
4489 7375
2750 1184
187 3911
2395 376
6283 3014
8968 520
8701 1853
1493 5580
9504 6667
2331 5801
9336 8112
1652 959
3534 4844
1828 4623
3797 8905
5424 6797
6946 1385
6140 7610
2162 4079
5907 1379
686 40
6793 5664
4680 5628
1155 9312
7231 8686
821 7472
2928 3117
440 696
2402 9659
5794 2583
3799 1861
6400 725
5112 3196
2161 6651
9616 4541
13 1317
5823 1686
4607 1212
9961 7419
2797 8353
4666 1657
3092 2761
1518 3994
4712 2767
5039 7058
7142 372
7521 7605
5980 1942
9202 9047
5997 6771
3573 3578
5377 9577
9406 7386
8606 1080
4842 5884
6341 651
9310 1671
5935 9052
4533 7268
373 9057
1395 7178
7494 4850
2321 385
5485 779
5110 5385
9432 3158
5063 869
319 8327
4408 9337
2840 1281
7403 8006
4694 4645
6689 6395
9421 4981
161 6072
4880 8089
8560 5849
3794 9923
1345 8840
8976 829
5902 8815
2311 4077
7136 7057
4590 3784
3075 152
5929 3824
5029 5025
2496 6939
9454 8861
9170 4797
8345 3682
1607 2147
8956 8700
475 7307
3673 6160
8440 4997
1579 8608
2712 2450
9287 5471
71 3274
5414 3949
2643 7274
1113 1789
7023 3015
3321 3226
5925 8558
125 717
1417 9761
4458 1021
2491 2830
3753 433
4111 9240
3813 2248
7952 532
94 3917
5073 7724
1893 4407
7869 9486
4076 6412
9158 9590
3321 6694
5778 8792
9640 9618
3256 6910
1256 7677
9621 1117
1250 2573
7082 4909
3746 3308
8036 8822
9339 4628
7893 8376
2290 4700
4230 7383
6349 3332
6410 8456
8546 4295
2399 8873
315 7971
4123 4042
8253 7455
7602 2207
7288 3999
860 2395
7280 9049
1911 8812
2662 7545
4642 3778
7796 8476
2717 4717
2265 6734
3237 5873
6008 1057
261 4520
3740 8710
4 1784
6857 8599
1257 8265
4663 2773
3813 3843
1904 4348
4786 7081
4576 242
9905 58
236 3443
6968 6317
5321 5007
3366 6391
7951 7740
7985 6059
4422 8047
1971 2289
47 6303
9569 8661
4285 3769
2641 7495
2087 378
5794 5356
5235 8228
3090 6072
4909 7329
4397 8798
9274 14
2640 1055
8670 9740
2492 1184
8123 4436
4982 5000
8842 3793
1937 4954
6336 491
6381 1784
753 1112
5703 4380
457 910
9384 7144
477 1035
6406 6877
538 6224
6984 6235
153 7256
2314 6859
5411 1826
4185 9650
3772 5292
8926 8855
6957 7107
2174 5403
8342 2594
8638 4149
4186 9516
9541 7764
5609 1212
6942 9972
7864 1747
1331 9658
2696 4232
8257 2570
6367 922
3712 1247
8936 123
6758 8866
5866 2777
4835 5079
6493 6986
2850 7140
7832 2222
9314 259
6221 3320
2956 5052
8020 9075
9627 360
7962 3895
7892 6422
7189 2410
7359 4310
7639 683
5398 4381
9434 5407
8657 6580
2408 7306
9955 217
9228 8205
3012 2019
9156 619
5632 910
9469 8330
6506 7620
9108 7526
8418 7252
3898 6960
8328 1193
5822 3853
724 3830
5163 8507
3104 5426
1561 133
7467 2097
9901 6893
7420 4405
905 7276
2054 1582
4882 5123
5599 8954
8594 5047
1784 5570
975 5189
5930 8075
5284 2345
211 2518
5403 7551
9673 2309
3772 7630
308 2780
7249 6855
6039 6018
1390 5071
7668 4279
2972 6629
803 4164
9237 4130
9748 8644
1784 1879
6487 1191
5482 113
4792 4131
1639 2556
4793 9921
490 1227
3691 5931
6248 2217
2471 6150
7366 7797
3013 9689
5928 779
7512 876
1531 7470
1176 6654
6897 9186
3470 8672
2153 4553
6599 4293
6380 6090
2872 679
8867 5540
5667 6176
4598 566
3263 5296
5229 7837
9450 1737
8287 3974
423 6374
2873 3306
7379 2667
9903 1154
4247 7982
1032 6443
4195 1556
9541 849
7694 7455
6679 3262
2553 3330
7054 5824
8060 1663
8993 1521
545 3455
2271 3975
7265 258
2725 6327
8632 1752
7901 6708
8343 3357
1645 6015
8692 7964
4337 6656
3343 9602
190 8365
8137 3858
8196 6455
6873 99
5361 5421
7155 6557
482 418
6038 5203
8067 8953
3962 8519
2730 1253
4759 2785
8118 988
4724 4775
4423 6891
5659 6844
9139 2291
4538 9340
4339 3326
4802 8823
4388 2163
3992 262
8596 1301
8777 1858
1002 1520
9699 4700
28 663
1823 3406
1941 4156
7514 1849
4498 4476
713 5681
266 4283
2824 5281
4357 9736
59 7412
17 7677
2911 5410
2014 160
3052 9509
9287 9849
9130 2545
755 846
9705 1747
4019 8022
279 4625
9199 8097
2235 3930
732 7551
9817 8356
7333 1808
1784 3917
2014 3722
824 9722
8006 8631
6884 2088
8744 3937
106 5169
260 4046
8809 390
1951 8941
7497 6335
4877 3281
5626 460
3537 3186
1932 9631
6676 7294
4664 3583
6652 1773
6056 5698
1408 5317
9659 9273
5798 5633
6260 1310
2569 5345
7719 3111
1132 2646
8618 4827
9850 9669
7912 9366
6151 6119
4314 6016
913 1253
4605 7009
9170 5932
5556 4970
1483 3691
6 7285
6289 7835
4737 314
859 7878
3306 4136
7375 2706
402 9150
92 7261
8435 1052
2884 1908
2396 4737
7450 6333
273 2481
7881 9989
399 4504
555 4923
7692 8449
7233 1624
6188 8360
2061 6951
3426 588
8441 7421
364 2751
1215 3609
8351 6809
9808 1039
1878 202
2820 4182
6490 8250
8896 9216
3736 4722
4715 5625
4410 1784
3003 1710
1864 3502
5751 8325
779 4632
7718 6417
9477 3270
3732 1231
6418 2977
2755 280
1938 2906
7820 9121
8449 5514
3931 4476
9058 3862
8254 5833
7862 4020
444 1003
1277 2389
1646 2867
8534 4354
2120 1045
1889 5242
1366 7262
5463 3258
142 677
4188 874
7782 8241
7329 537
5677 2085
5509 4449
4861 272
1034 55
8308 9011
8338 3131
1682 5169
3381 3489
9473 4905
4800 1599
9684 3198
8164 7493
616 7661
7551 9267
4573 8892
3377 9757
5967 8372
4674 9097
9384 8293
7873 5935
8025 474
5639 7670
5212 4564
7778 5455
561 960
9183 2930
9398 4709
1053 6734
600 43
4218 5061
7965 8547
4003 8729
7727 6307
4569 5742
9810 4600
5056 3347
2433 9522
4813 7295
8727 9412
2051 750
4901 3484
3574 4864
4936 6331
901 2435
5268 528
34 2118
3785 5789
6065 539
5978 3714
4543 9843
1015 3913
7671 5453
1755 2491
3760 3023
2987 9924
8573 262
8646 8794
3323 4166
156 1215
24 7848
2077 3522
223 801
7065 3100
8904 3941
7775 1784
8890 8473
8932 1684
5742 7519
4524 4054
7260 3024
1839 1605
1326 6629
2002 7770
5893 5341
7056 7952
8629 4913
9394 6380
5901 3103
1413 425
495 7273
3852 7242
8511 9089
7184 390
8305 2077
6101 889
8275 7473
5503 8015
2668 9095
7259 2726
8252 4836
7881 543
469 5101
1141 866
8664 9616
5416 3721
4195 1784
4527 6869
3904 7803
1273 2773
5777 5317
7485 6396
8223 1153
5900 6806
3053 2210
3886 9723
7963 4006
7057 5269
7164 9068
7726 5871
2757 9043
5443 8759
1289 1272
7183 6129
5209 7655
7687 7298
8555 9824
4568 3537
9089 1700
506 2310
6694 8995
9847 1207
2519 2966
4835 2306
2406 445
2878 9846
3472 6308
8013 3195
2859 7130
2475 2512
798 1436
1784 6098
8626 9760
8157 4225
6634 1772
5104 8261
4829 3748
1227 6900
2441 2829
9048 4425
2707 841
8250 7052
1509 1096
42 6731
5282 5639
353 4633
9306 6099
7961 1784
5233 4189
5417 1084
8404 4028
5124 3257
418 9525
3937 1125
4327 7738
3981 5937
4766 9685
7158 7772
8504 4570
6002 1956
2583 2053
8897 6532
2731 8766
5510 8909
4093 5135
6488 6044
6693 4683
7295 6796
1699 7810
1251 5763
162 1346
7370 9742
7585 4853
2827 8065
6505 948
2271 6278
5672 9595
9909 4761
4971 6301
2296 9742
9256 4515
1630 7902
9655 5015
480 4571
5696 5794
4317 6770
284 1784
9691 3757
9324 554
7673 5976
4299 4085
2083 9652
4420 2826
4812 9731
2127 9818
5579 3499
5458 3843
8029 6501
3454 7949
7004 9439
2047 2928
6254 6163
3471 7479
3267 180
1411 528
8540 2945
2954 3284
3520 4423
1784 4185
4706 4637
500 9031
5026 8238
6057 5501
9978 6138
4599 9653
3550 682
8127 9040
3606 310
2032 7424
9731 2521
2038 3643
5542 4233
5789 6951
5645 1234
9281 2312
1784 8529
4732 4628
4516 5986
7504 5739
6162 8687
3064 9038
5908 3426
4237 1428
4012 8080
2642 2240
5632 8944
599 1963
6923 7213
6549 4236
8946 5245
3491 8404
1478 286
6497 2202
9766 783
7855 1953
4169 2234
4225 1446
3823 955
5858 7206
1013 5032
3355 9923
6747 3198
6727 3973
9470 936
5969 468
9451 5773
1055 239
9626 9411
7926 9987
2846 1899
8826 3212
3751 8034
7758 5016
117 5387
9556 8540
8776 7512
7689 8019
5900 8259
1906 1826
7765 5363
4893 9602
8470 6933
4120 8538
7313 9560
2858 6913
2239 771
5871 9700
5337 3311
4164 827
4980 2553
3788 4850
1777 9382
8742 1692
5070 4661
8016 5089
7343 7512
6534 3569
4773 266
2596 2955
5473 7556
5985 4051
7391 7750
7733 1032
7133 765
1689 6223
5089 9103
8612 3720
2093 7334
4231 5444
1784 5308
1716 9636
6823 8983
3690 3125
9733 9262
2327 1126
4978 4577
4270 5180
9125 9424
6459 2184
2850 8743
1220 8056
3868 5709
694 5641
395 4827
7202 3464
9790 6626
8111 1372
6794 2173
3106 2049
1395 830
8421 677
5607 2800
4665 4302
2048 1840
5398 107
1930 6662
1221 3988
6414 9198
6465 5674
6426 5489
1769 114
245 1987
3813 6818
165 9123
6838 5183
6295 7400
6631 3788
4476 8942
5256 1924
1173 6914
6713 1650
8802 157
8293 5651
3332 1784
1360 4060
8321 7115
9537 9717
9465 2697
8716 1382
9199 6572
7015 8369
6079 9097
1623 3242
9944 6275
7546 7077
487 7496
1786 8825
396 5615
8702 4847
2922 8862
2075 1615
5789 8377
3790 5446
8548 8121
6846 2281
7112 2433
6499 1154
7784 6642
7890 1766
7341 4184
7572 5880
6650 6322
7055 7045
7649 9881
8624 8630
6493 4221
7476 2404
6659 3343
4599 6371
5721 4482
449 3529
7559 7280
6467 8154
4323 3353
9145 2340
6830 4365
8165 2686
4327 8441
1178 9026
3773 3003
192 4468
4172 6081
4949 9669
697 979
1944 8285
1012 9397
4175 8193
1142 5110
4593 4810
6271 7414
2784 876
7938 9258
6613 4381
721 7221
258 1677
1819 7208
1784 2037
8874 8030
3575 5953
3117 5060
8668 3234
658 4559
5868 4869
7464 2229
4720 2159
553 1950
9349 8216
3365 3864
8688 9480
9865 9104
7132 371
2837 3079
5200 803
633 1021
4110 5599
3341 1164
1425 2130
6526 8505
7436 822
4670 3754
4978 3526
1366 9602
7439 6672
6342 1784
5061 8459
7751 1132
4050 7590
9746 7764
6731 5456
9002 1705
7035 2009
459 314
19 8133
1733 5050
1367 9370
7981 2557
5603 8895
1896 6329
921 1777
5549 3502
9610 3657
2845 5846
9755 2530
4271 9065
1293 4355
6734 2403
6139 3388
7302 1085
3023 9814
7477 1496
4483 2077
758 6591
9787 3543
8375 114
6962 3132
6218 4179
8639 5857
5742 4389
4066 8024
6372 1759
2998 8854
2144 2457
7642 5996
5617 6410
1031 6242
7948 1857
5669 8793
3128 6845
3592 9470
8115 564
7548 8199
4146 4018
6249 3622
9102 8601
6717 1499
6953 8399
1533 2387
8183 4897
776 396
2931 6316
9301 9264
7965 7015
6901 6415
2816 2363
138 2784
3147 1766
3617 6124
3389 1690
9224 9626
7642 4205
3262 4650
320 2849
9803 6159
9167 1355
289 5058
7382 2668
3191 9939
92 3201
4593 7238
7431 6382
8437 2364
2445 2834
1197 9723
3356 4504
8652 4708
8645 3678
470 600
6577 2040
8206 8892
3448 7449
3497 4894
4629 7587
419 5869
8229 6356
7300 4107
6026 7560
5361 2888
305 5857
929 114
5582 7100
1857 2339
9200 4554
2304 2348
8901 7020
7665 5517
4922 3343
8430 5908
9785 3785
8414 1020
9513 3650
7092 8890
6488 3674
7886 8146
2523 3877
999 7348
486 5855
3152 2933
9352 2182
4729 4785
7795 429
7084 7678
3637 9568
3501 2167
5410 5398
4639 2567
4528 4120
5048 2941
5528 8802
6436 4450
2340 8775
2503 5159
602 9778
4392 3882
6119 7049
3191 5033
348 7619
941 3309
4084 1819
1819 4003
9198 9405
2250 4758
7039 297
2295 3762
9145 1267
6069 9439
1859 7555
4643 1245
1340 2207
4463 3638
8796 9645
5509 647
4784 3556
8963 4751
6229 9143
7638 2098
3427 4527
6887 467
5789 6965
1318 8360
293 6441
8424 3729
4547 5638
6753 2803
8096 9128
5087 1784
6690 6918
978 1669
9155 9517
4645 5790
3889 6293
9712 4932
4701 9097
9613 5325
8704 8158
9484 6127
7585 2767
9000 7451
9578 1784
8742 3107
1419 9979
9969 2315
1713 5048
8739 7454
3021 6777
3717 2845
4414 3350
1684 5836
1655 9413
4544 7446
7851 4727
6553 3625
9000 1169
4716 7735
2233 7074
123 8662
8523 1791
7293 9914
4996 8888
5872 9518
7595 1784
4793 8077
725 1844
4807 1461
2367 5536
1539 4673
4609 571
6292 9265
5217 6951
6458 8587
8589 2633
1213 8399
5765 84
8971 9855
3419 6492
4893 7517
6446 7749
5101 1078
4135 9650
5404 1784
4261 4148
7147 4464
8468 4823
7992 6302
4942 5706
1276 2637
9309 5068
9859 3048
9610 749
4204 1287
4935 3266
4476 7051
616 1338
2573 9239
662 3021
3816 8351
9675 8897
3269 2873
5826 9702
5249 7786
3099 8917
6913 8696
2934 9817
8291 9387
7602 4491
2359 5526
8419 1517
7358 5837
4248 1988
5828 133
9201 4967
6775 6672
4620 5877
9459 1037
3559 8820
1323 8400
4413 4925
1817 9934
3617 1977
7541 3952
9024 2886
8359 8114
8698 9106
9029 2324
4256 5
2451 6979
1191 910
9254 8133
1103 3010
4803 1581
4801 4371
6310 8984
5448 1693
5658 4703
8218 1127
2870 3715
6314 694
1316 5092
5641 8461
6491 8726
6347 5861
8712 8945
1743 6283
4062 7857
7547 8090
1990 1889
6953 26
6393 2024
6483 8196
3434 6804
8501 1645
557 332
9461 6398
7050 1048
1092 5776
9025 1237
380 4279
2778 3028
5302 1393
8409 9357
1409 5826
2787 4733
9202 7236
9113 3124
8695 3261
3470 4239
2736 5496
6656 2327
3805 7271
7449 4460
8761 9077
4867 9064
4586 484
7060 2193
7835 3498
5225 788
2583 4506
4119 2913
2583 2011
2222 7856
6234 7456
2933 8465
51 9406
7071 5614
3810 2990
6077 6926
491 9072
1784 9716
6265 2732
1377 9606
6052 3810
1725 4300
3839 2727
8 1784
8471 9187
4234 579
5595 8119
7008 6860
2241 5578
1835 9164
3941 3586
944 4721
5991 825
5385 7844
8835 6521
5517 4552
7348 9265
6906 3891
9817 8190
3230 3060
1706 518
3176 5088
1127 1139
3992 2470
7801 3589
3636 6621
2645 5163
1648 5772
6713 6357
2352 7203
4803 1295
5231 2317
2558 3284
5706 4469
5104 271
3174 1784
2927 6611
1946 1518
9265 1829
2818 1362
4844 8328
4525 6402
8378 4964
7391 7376
6164 1550
967 7886
5374 1005
6327 7835
5610 5525
8688 7972
561 1433
385 1125
7254 1071
7341 7858
2985 6655
0 5936
4144 1964
2213 1784
2390 9086
3327 7586
4315 9785
6603 1276
9060 1867
9353 6702
468 2664
3029 7913
3927 131
1764 3049
4229 6511
8978 8232
4969 1057
5220 7735
9466 6650
7002 9151
962 3993
5625 4808
4713 4171
5784 1499
2764 22
9720 4016
9266 914
3157 4058
1812 2518
8648 974
9623 5444
9899 2713
4606 2399
6127 1098
1498 250
7097 1371
6642 9799
1625 4333
1380 7025
5232 5555
6330 1186
6942 7552
4483 2365
2443 7985
2859 8574
7330 9042
2760 2337
2113 9397
2888 7876
997 3099
5791 5497
6137 9701
9992 4191
6172 9370
2607 651
9775 7445
1636 9220
7799 5953
5176 6781
5292 8072
6309 7999
6836 3526
6579 9212
3232 680
6616 9315
6889 5808
9859 1018
6269 9446
7808 7936
1344 4409
5856 3849
7682 715
3933 9919
7876 5297
344 9791
8964 2459
9196 5005
9428 5789
5309 2751
1991 4394
7310 8868
2237 8721
3053 5267
8138 1169
1952 4441
1507 8900
4172 7096
4847 8775
7883 5197
3813 7785
1093 130
257 6386
2163 1589
2680 8775
4196 1077
2 8755
8450 5940
4306 4931
7610 4671
162 2187
176 4268
4206 5463
2109 3861
2881 7963
3453 2172
8875 118
1090 8800
14 2060
3719 2061
2588 4070
9031 604
9798 122
5141 1153
2479 2590
8299 8960
5007 6143
1975 1402
2833 1573
448 4274
3147 2182
9333 3118
9423 1940
9000 5606
4333 8977
5274 5775
8857 3167
6408 983
8363 836
5216 3981
6844 3241
1494 8672
6010 2076
7560 4160
986 8906
4876 6372
1165 7554
6411 2334
9996 5757
6461 3202
1055 2396
6296 1439
1601 2999
7165 8668
1085 7821
1691 7317
1784 9824
979 3684
8746 2199
1070 9740
606 4435
4134 2785
1866 8382
9126 5777
5725 1588
8854 1379
7550 1474
4560 9134
4773 1313
9347 2249
8947 9069
7168 5632
85 9075
8441 9974
1189 4464
7008 1466
2729 390
2187 1219
344 6047
9440 7005
4811 2608
6287 5051
8099 2217
6359 2466
9602 3627
149 2924
6307 8364
1992 8080
9097 4856
5991 9469
1784 5010
4388 9988
8042 8747
5536 281
1285 5913
1111 9768
9204 6981
2016 284
3675 2185
1405 4872
9545 9957
7822 8113
9749 2297
5708 9286
5935 9288
1462 596
8590 3363
4802 7565
9334 7645
4615 9062
154 396
7730 2300
900 2016
1177 8524
7696 1362
1821 5794
6511 9055
5329 8164
3507 1784
4345 8982
362 3537
3082 6801
37 1572
9694 1264
9838 3098
2805 7215
9825 1931
3355 6451
5177 8362
1132 560
2678 8328
7722 3724
2273 8424
3446 7771
4464 9580
7448 2681
5213 4374
7081 4958
802 1942
1663 2156
8289 1536
884 3876
7854 5488
9810 2694
8006 7618
3874 6235
8282 2568
2279 1576
9991 4658
230 6564
2234 4106
261 7045
5752 9046
5806 4761
1784 1654
2715 5668
4337 4211
4100 8857
5978 5319
1784 8761
8124 7300
5090 7645
7423 1657
3073 1634
1694 7287
9168 2942
5973 2319
3479 4177
8459 6327
2995 779
2166 9222
4718 8042
9739 3852
4906 6014
33 810
7076 7703
9101 8548
9797 234
4748 824
1880 8232
4701 3920
563 8658
9332 6214
8811 4202
2942 1788
5284 3776
7977 5863
3493 2472
836 1771
7046 6199
1223 3356
8244 6322
2541 1657
8255 1927
7084 4148
9898 7864
1709 2557
6541 9413
5279 2677
8679 2535
1100 3085
765 9008
5520 5798
4767 4775
1762 6637
30 4092
7847 6098
7763 7918
17 3436
8231 5276
374 1305
6334 8165
6624 5132
699 7143
9888 2369
5604 86
1490 8382
2308 6912
1935 200
1330 7406
3443 8130
1818 4298
3282 9307
1762 1063
1439 9661
592 1701
3772 1643
712 3339
4457 5597
6675 4603
1786 9381
1744 1749
873 2201
2090 386
4177 7073
3751 8925
1550 5987
6530 3452
1755 9743
2237 1513
8992 1239
7786 9728
2985 1788
9990 3816
7820 1802
9722 4728
9074 647
882 7306
6114 5307
4373 9769
5589 9499
795 85
3527 934
2445 1230
7793 8035
6915 5943
1006 8596
174 8882
1697 8916
1879 24
1985 3783
5034 4316
4502 3727
1784 1151
7922 2811
1784 8970
8469 8084
9852 8477
5709 5348
6351 1784
9445 6922
8074 4873
4360 9276
5113 3473
1731 7313
2779 4571
6954 2943
4613 5754
6271 1029
8959 7316
5342 9072
8772 1358
9336 3867
9670 7369
4219 1400
5816 957
7748 2569
1784 7910
1784 108
6097 6059
2830 436
4004 2076
3243 6077
3700 6014
9177 6830
1593 1538
704 7567
1824 3343
2533 804
6389 77
7834 6664
4655 4835
2340 2929
5756 9130
1639 3953
7864 8581
710 6141
354 1226
9559 8266
1784 837
7596 7282
1136 6201
8925 5764
5815 9768
977 5027
768 4077
5636 5946
3132 8838
5565 8093
8578 5263
1687 642
4944 2959
9239 6363
1887 3813
5561 737
7016 2440
1022 3828
5812 7373
1669 6369
6235 7411
5536 8866
127 7265
644 7539
9145 7025
3838 7248
4955 5279
5139 8280
4762 6213
1672 521
4932 4723
5458 7335
634 416
1178 6280
7174 467
9016 7086
8775 4127
6424 8277
1401 4390
5961 5124
8011 2250
9730 6356
7537 4706
5220 8173
5668 9667
7779 9847
6447 2164
1303 4702
9157 8277
9155 757
6256 5697
4284 8471
9504 5774
2701 601
6054 1789
2964 6235
2600 8742
7978 4531
4027 4784
9679 3735
5550 7209
8461 1596
3989 9118
2146 7520
1748 904
6343 8573
9539 4942
5848 6987
4856 2843
4340 7122
1966 36
839 8777
7412 4248
3993 7785
918 8736
150 4777
5736 3743
2633 1271
1826 6538
752 7990
4561 5860
8389 8046
9757 2830
21 9927
947 3113
7420 2803
2504 4849
1948 9348
5789 7835
8429 5257
6145 2586
1229 5436
2397 8173
3581 355
3870 5997
1081 7659
4627 5080
5977 4428
6346 1884
6722 3191
4057 3902
3954 5612
6053 6702
9381 2536
8126 3664
30 3276
2950 2034
571 6026
60 1905
8349 605
1868 9927
1302 5117
5740 2687
5228 1089
621 8273
8370 1784
3776 676
2385 7720
9227 3751
549 8641
6632 4794
919 7276
1516 2097
1142 3812
7858 7470
37 2342
2195 4672
4318 1016
308 7153
8513 4881
2450 3536
7732 378
8602 3137
6066 1317
3968 9834
95 3586
141 9361
6503 9371
9692 261
3890 1174
4555 6580
1105 8517
9568 2557
7325 8386
3776 8189
1143 5309
618 553
4549 2399
3603 7013
5267 2096
8921 8578
7141 2594
5974 4426
6628 5338
5044 7077
5904 1979
9882 7758
8077 4678
9531 5906
5768 2336
2543 4488
9737 9373
9680 366
3529 6119
6512 3508
4723 3869
551 8946
6949 2719
5588 9330
2886 5342
981 8240
4041 2137
516 89
308 4897
5965 8852
5326 6346
618 8340
2968 8846
5131 923
5125 6803
2703 4750
6270 4235
8290 1928
5230 2532
5638 235
1201 5860
7690 3617
7288 4143
184 41
876 1901
3683 5770
4118 7397
4370 8178
512 1567
2748 2310
8970 3144
729 3051
207 7583
1883 7207
1197 832
8409 7517
6741 237
4054 6375
1109 3178
5346 7581
6434 8046
7920 1052
4596 7683
6921 8122
6587 6547
8897 1433
1422 8946
4510 6467
9854 1910
4473 2589
8841 5024
4972 1585
3858 8323
9917 6333
7575 8606
5475 5474
1642 2320
1408 4467
4087 6385
8299 2994
2663 3313
6463 1376
3667 9400
6811 6869
2619 4255
378 110
8374 7128
5831 1321
2660 4898
9168 8697
2534 1030
6410 9546
5174 8936
8276 8464
1575 1784
1698 8245
2984 5655
3307 4765
5736 8964
4866 2631
7408 1946
1660 9276
1784 8045
3470 2995
1905 4217
4951 5604
4937 9958
3753 1784
9125 7347
9177 3410
1181 3310
2521 4243
4799 2976
455 2463
4294 4987
640 8193
7592 2381
5176 9812
8459 3809
5267 7866
4766 1264
4112 9875
2128 5679
2896 4322
1984 7138
701 1296
1598 8164
1851 4296
6928 958
4036 5181
2743 9723
4517 6762
202 796
8560 5476
334 6804
6291 775
4463 797
3058 1312
571 4566
3022 7406
8924 2799
2226 7062
1461 1507
8096 4598
2415 5817
9779 8775
7272 3015
1235 9397
9562 156
4539 698
6800 9423
2170 4035
3471 4374
1898 1327
412 1325
2062 8505
8093 5160
4327 7275
476 539
998 5066
3677 4315
4935 4785
911 4992
2659 6175
144 6250
856 3151
6997 7094
7247 1444
5683 5234
1454 9747
5123 5536
5814 2859
9811 6644
6248 3336
2195 2861
4306 3730
5743 2610
8641 4554
3999 7560
5419 3706
5527 6507
7274 2862
3646 7364
5895 7245
8122 9487
3747 5619
9234 7325
2643 9662
300 6557
9 5434
6931 4695
2712 6898
5221 1784
9741 8191
8195 2150
8603 7138
7022 7206
7186 6205
4936 5777
5081 2712
3110 7156
6041 9789
6987 7407
7054 1862
896 940
9205 7966
9495 4290
6254 8526
1784 8856
5366 2760
5380 2404
702 7906
9188 7623
4520 2874
1484 8358
9860 1584
3959 7587
5951 7330
21 1805
7183 8400
1014 1525
4521 5519
7989 2134
6725 7719
8437 5512
6821 251
3561 5433
4293 9664
5668 1552
8500 1784
1409 1017
9503 4055
4465 1809
7901 1094
2497 1394
2449 6792
1784 581
9825 3155
7357 306
6078 8462
7454 741
5305 8193
6666 4913
3181 1403
4591 4658
6526 7473
9817 5003
9327 6437
1538 5462
2524 6002
5615 4475
5299 9078
9784 3757
134 7814
4417 4885
3839 3718
3629 110
394 3608
9406 694
9830 9489
4249 2656
7091 7531
9807 2248
7125 7822
6516 2268
6660 1779
3210 880
3442 2802
5592 5777
5160 8697
4745 5591
4547 167
4267 4534
8441 2572
5711 1784
5160 5692
2122 3297
922 80
7177 3849
4429 2303
9992 7587
261 3918
5145 3939
1440 1732
8849 8748
5171 9490
5519 9166
9659 9187
2803 6511
3364 1990
9595 8742
3145 4131
2014 2509
1264 6920
3880 5651
5419 4578
6479 3259
8912 5982
6388 1235
5082 2050
66 4356
3655 2470
1333 6825
8973 1530
1172 5915
5837 5913
6865 6971
6022 8657
2883 2088
6027 3500
5778 7947
4637 8459
9950 6401
6969 2244
2184 7245
2946 6423
5450 395
9659 9676
6112 711
5556 9259
9795 639
8773 8443
1784 3273
7766 9167
7398 442
7875 1083
7027 3357
972 7746
5399 1771
1761 7901
3186 5894
312 3800
4339 2626
2798 2637
3450 9457
4445 2490
8323 5747
3515 3464
9165 4399
5059 8461
1708 9953
6476 7488
2614 6847
3373 7197
443 1499
8423 6342
4785 3135
9809 4502
1932 7513
1502 3259
6703 3331
9288 6391
1331 9178
5838 1661
9755 5169
8166 1122
3827 1940
5427 4985
3791 5293
8117 2974
248 7653
3574 8493
167 9665
773 5990
2602 9057
8595 9867
2830 150
672 3293
2647 7034
1829 2983
3604 3422
2558 508
1610 5389
7303 2720
6301 1175
4028 7743
734 780
2073 7752
9196 1073
5971 8419
9363 3016
9269 2176
8348 7411
4133 7976
2588 8074
1792 9377
3657 6093
7369 4140
9160 8143
956 6900
2468 697
4897 3352
7968 2622
2166 9424
5313 1783
5286 9087
9495 511
6589 2243
6377 6675
193 8819
777 3567
3363 5660
9688 7836
2659 2051
8665 5135
802 8442
2428 5956
2766 8069
368 4958
8050 2812
5531 376
4493 3206
9581 1542
4362 8163
9067 8522
890 6202
6943 7845
1847 5159
44 7509
39 454
8522 932
6344 6469
6290 7927
1954 9417
1463 98
7912 70
1447 8164
3355 3351
9386 1080
8934 7385
7901 7270
4366 8621
3199 4416
3246 7464
4142 3351
5267 717
2044 6868
8184 2623
9384 7745
5370 3272
6766 862
3667 8775
9694 6716
5793 4606
9799 4052
8782 2913
3460 8697
2294 6893
8487 4164
1335 2497
391 7500
8737 3770
7438 6241
2127 2913
9610 3186
7700 3938
3356 4988
8822 3381
1784 9706
4780 5152
9910 4752
3560 3466
1426 7287
9958 1051
3432 8917
4024 266
1670 5028
53 120
5913 8646
9719 3215
8268 9984
6095 4462
1935 6862
8929 6004
9614 2290
8230 7708
6807 2136
9884 669
8602 7601
1656 2710
2165 3938
6905 9973
560 7363
2263 5792
1327 3750
1854 6432
8623 4370
6422 4713
5152 8307
9932 9940
2249 3783
5837 8172
5770 603
5902 3676
8369 3190
9380 4244
7020 7960
1260 8392
5844 8546
9997 3450
205 7723
3752 5475
8255 2801
12 5846
1385 2995
4745 5244
453 3348
5577 7458
7254 9402
3403 8573
3468 4427
9659 5875
5493 4409
1378 9203
2101 8037
9809 380
2455 3847
325 2343
194 5052
2083 7314
8227 9398
4361 4578
1979 2812
8320 1903
3870 6034
7545 6633
3354 9360
7930 3325
3751 7996
4686 6788
9694 3183
8543 8130
7320 8866
8356 9519
2212 2921
7281 2563
6289 3675
1300 6871
7345 4737
6920 2684
2012 5649
2060 2842
4496 5502
658 4445
9235 3742
8293 1191
13 7089
9721 6620
6222 8425
9800 1331
3429 8516
2237 9080
5758 1109
9715 9766
4162 1276
3916 1008
8515 3392
378 6340
9044 5394
2553 6289
8942 1026
4729 1582
3987 369
3851 3838
5190 6307
5048 3636
7853 1072
4682 4370
2557 3927
7993 8419
2219 8442
6178 4572
4961 696
8998 1942
1512 5957
3400 5092
7574 7826
8890 2885
5017 9975
4857 5329
2536 4859
6690 9120
7355 9277
2369 4589
370 1046
3506 7310
7482 8495
1567 8484
1 4624
8669 9507
7457 6806
4084 3914
4282 1784
6473 1493
8230 1703
841 3969
8587 3350
5677 3160
6688 7992
8983 7197
138 552
5285 8989
9233 6339
2258 876
6918 770
9503 2845
6718 7179
7042 6640
7940 7346
643 5424
9731 4406
1275 6288
5285 656
1638 1001
5968 951
8512 9025
3817 2005
1685 3015
6639 185
7638 3084
1516 4587
4925 8540
2255 6917
3776 1932
3804 8790
8249 8406
3021 3333
2067 8380
394 5808
7837 6410
2813 770
1830 9906
4926 676
7447 9494
8562 5898
9349 6268
4844 2775
355 4916
3581 1522
7756 6225
2246 3294
4086 6959
8894 8205
1333 4510
8064 1033
9800 6118
8573 7104
5295 2867
5103 2502
4313 3749
4322 420
514 2615
7445 4698
6575 9899
3978 3824
348 2975
63 9053
5204 2850
4424 139
4350 8128
1336 5647
3475 9157
8912 3120
7263 4397
1398 7251
6886 6580
9891 7589
32 2678
1952 1444
7106 859
119 3660
1933 8713
3987 6884
6735 3543
4670 5339
4056 1509
3502 1518
6054 6328
5185 2431
1292 9710
5192 8804
8336 4616
6105 533
3141 3668
9404 8740
1999 1099
932 4275
3588 9402
9809 2494
8616 9835
6546 4551
1140 9916
6672 4749
8960 1241
1565 5932
3891 1787
107 7916
7261 1560
2951 4282
2793 5741
5293 2679
2642 9089
9610 512
6955 942
1784 1371
9938 3026
998 2826
7318 6404
5626 7320
3580 3967
2323 1784
7853 1217
9901 8518
8235 5171
7779 2622
5014 4725
3174 3653
9754 212
8661 8171
3312 380
5377 4338
355 9455
8364 683
8143 1453
7164 566
6055 1678
1335 3751
4398 8568
6876 610
7402 6905
202 2806
6271 1147
4192 9156
8813 4266
4914 2026
2195 8006
4550 376
2419 4726
1815 432
1102 939
1579 3033
934 1923
4248 2804
1649 9601
7693 2090
2364 8382
8160 9139
9598 9134
4242 5738
1369 935
4645 4463
1392 6087
6800 93
4316 9156
2150 5088
9602 5900
1897 5736
726 2868
3184 3750
9663 2536
4936 8335
294 8391
6612 5330
3071 7350
6617 3841
7324 7831
8952 7495
7907 9990
9081 9516
2864 5304
5909 1948
1814 4449
3882 582
4760 2690
5724 8158
6793 3370
6858 3836
3675 9828
8828 386
5514 5126
4255 7961
1784 1927
5243 4625
4709 202
1465 6882
6117 5198
156 6556
6915 4831
7603 4522
6929 4481
8787 8763
3589 4295
8864 8076
2415 6441
8244 9167
8974 4941
5626 7769
4928 675
6789 8798
2396 2338
5898 9010
381 8204
7773 880
2806 9987
6344 3252
3412 6813
5322 6088
8980 4044
518 1164
2948 757
7042 1343
3808 3129
1408 1574
814 7499
4243 498
9083 8018
9866 3924
9438 2414
6655 9410
7282 9734
121 65
6268 3214
58 5867
297 4344
9411 3742
2056 3625
3249 8927
666 3929
418 2598
2261 4435
4214 1545
9637 3728
6842 785
2183 2157
6684 8469
1530 7008
5647 9573
2325 9404
6210 979
1885 2532
8635 6280
256 9693
2548 3732
4617 6634
2858 7181
1433 7286
3121 4453
9503 6115
5 4596
6359 6455
166 4037
3755 9520
8202 6541
7841 5840
6821 3665
8859 365
6481 8073
3828 7386
5811 484
7481 5258
1614 3025
2761 4036
1932 6619
844 762
9540 8384
6165 8781
728 8814
849 1277
3568 8711
3658 9449
2834 6319
6008 1049
370 8407
5932 8681
9187 9087
8505 714
9868 1096
8611 3263
1559 3522
7551 2864
7247 1195
627 8368
2599 7620
521 8639
5744 7599
3990 8011
1637 6521
2476 2799
5036 1004
6401 9742
2781 8702
6681 8090
6848 4472
3179 5606
5799 8174
9097 948
3547 2171
9566 2157
1562 4271
5617 5962
2228 9272
9582 9662
6641 5623
6130 389
6217 1784
2803 7824
539 9443
2900 1612
9765 4620
5662 8746
4203 5767
5698 7401
4740 6931
300 1030
197 232
9478 7169
8032 408
7615 7738
644 8457
277 5457
3686 29
2218 9408
6475 4424
213 4934
3774 5555
890 1435
2890 6173
9964 2762
3280 9526
1891 276
5738 9621
1889 4869
6178 5988
2107 7137
5709 5093
8820 6332
3150 1487
397 2249
4321 1619
3047 9378
5752 5663
3969 3223
4150 595
1178 3055
3881 4706
7071 8946
4197 1154
2605 1696
8497 6769
8571 984
55 9057
3706 4006
1510 2687
7344 9680
6297 6154
7588 8201
5823 6168
6653 658
3743 6020
5905 6065
438 9080
7237 2387
8040 2922
3596 6367
3909 1390
9852 3813
9638 8164
3621 1784
6051 8506
8931 6929
5902 7366
3891 2679
1853 7021
2835 2548
1745 9811
8149 9320
7299 5455
535 8628
4950 64
7129 843
5502 3016
779 2345
5605 9989
1080 746
1967 743
8188 465
7628 3179
1211 8869
9569 1954
3977 5837
3337 7990
4172 8939
9444 760
2972 1100
2133 5570
5106 6393
892 6201
4325 6041
8872 2819
7078 2561
7071 5242
4502 9380
174 6293
1306 4020
2784 9435
4431 8774
7714 9458
622 6167
6061 4802
7297 855
9831 9039
9788 7240
8310 2688
7424 7897
4984 530
8104 9136
2164 6888
3689 5895
5890 1835
7829 2248
514 6687
4333 6594
2245 4522
3447 148
615 7796
8331 3716
5209 4284
36 3595
1784 8665
8414 3825
8887 2232
4569 8732
9032 1973
8363 628
6036 6428
5116 1451
8425 2399
9786 3373
1781 9996
667 4660
3798 6874
98 3597
7785 7233
4328 9878
6091 6145
1901 8573
6520 7656
612 2398
4158 7458
2995 8244
8541 6262
1973 9955
8458 3688
925 2933
9464 6733
4374 4693
1145 7535
8867 5874
7392 6930
1415 2849
8907 1739
2077 9911
3381 9488
1052 254
8086 6047
8369 240
2038 5637
7029 6623
5656 6846
1676 8958
4661 1038
7024 788
1978 7593
4100 9430
372 884
6157 537
7618 5896
7841 6160
0 823
82 5894
3766 4011
3616 2676
4372 7920
1455 5257
7742 9521
3572 497
7316 9066
5857 7850
9035 6355
8774 5421
5807 6979
6883 7608
3416 724
1936 2309
4934 5571
1011 2208
2089 3351
6085 4788
6749 782
9558 9841
6753 8145
9657 4958
8238 5151
3255 3947
1438 6493
4114 4883
4948 9648
5576 881
4451 3444
3726 8953
9848 2299
5771 2382
3712 1585
9097 8520
6666 1103
1960 5175
2838 5830
1227 3342
7149 6211
481 8737
9399 7913
849 3459
8295 3281
3048 7251
637 4223
8196 2313
8919 3585
3973 6239
39 8250
6120 5299
3221 6155
7817 338
2836 3210
6599 3615
1059 3982
1842 9989
8918 7830
742 2116
5334 2886
7020 6575
281 4677
5561 533
9918 9239
9033 5834
6718 8515
8233 5476
5510 261
8309 7451
5796 9207
1958 672
570 1748
6683 2049
8191 7250
1527 4781
1666 7809
3620 5886
2057 2088
4121 5737
7979 5030
674 7446
1375 6837
4094 8066
3074 1066
1338 2000
3413 7779
3441 353
1784 1243
9149 6160
4537 3788
1082 1176
6367 8004
9486 6229
908 6645
5122 1784
632 1293
6663 6616
4657 4829
7562 1639
4120 3260
2481 5396
5682 5897
7453 5769
4510 8192
2526 4730
1405 2604
5353 8528
5270 7616
5455 6087
4815 6058
6870 2763
4842 8832
7463 453
7431 6576
2926 9707
9804 1598
156 9701
6078 3244
1746 345
4066 8315
1250 2979
3945 6465
7819 9847
6278 5838
3245 2611
5426 479
8070 4414
81 9804
429 6556
5680 7014
1963 3579
5560 3102
5271 7155
7586 5690
6298 7202
2127 1467
1717 241
155 1216
333 727
6843 7770
6319 7418
3513 4584
9920 6937
3752 5689
1784 3798
1223 9079
206 3659
1507 2551
9732 2502
1784 3410
6733 8422
202 5792
1515 9131
7783 8085
4814 2090
706 6855
1499 6782
1339 4818
8556 3551
7197 3272
402 6472
6108 9289
7608 700
3225 1618
5001 3975
3179 1170
9157 3423
9999 2513
2476 2746
4134 5757
4146 1054
8988 5935
6666 1911
9463 7145
709 8692
1851 1784
8698 8570
9599 1784
1505 2437
9535 3723
5238 9720
9674 7702
7292 3774
5891 5982
3545 4854
6921 4710
7964 6258
3346 3837
3640 1389
800 1784
1047 4613
1152 4951
6037 3945
9551 658
2529 3303
6119 6439
2592 4343
6812 1622
5402 7200
576 2910
6808 5893
673 4531
5605 6884
5426 1687
9753 589
9166 5704
8692 5818
8697 7646
6207 8893
169 6827
7547 2619
1674 8487
1731 9377
8783 2494
4653 4816
6374 7322
1628 7507
5137 1337
8314 1639
5691 948
1485 1606
1496 9834
9512 4095
9694 7938
1784 7123
3211 3963
9171 1114
2112 796
4805 344
8061 9511
1365 9864
5496 2164
523 5933
3007 9502
9364 7139
3341 752
976 8379
101 8247
1784 798
4082 5521
3921 5156
333 8606
4560 6556
3054 9425
8583 794
6451 2077
9611 5340
355 1518
7710 5576
5439 1355
7863 4010
1158 750
37 4824
3541 7884
9187 3619
5616 7874
2616 3070
8179 4060
9837 4510
8177 2622
7484 2198
4877 6263
1643 675
7388 6027
6700 2779
2867 9118
5175 3034
2392 5715
3328 9740
3495 4123
4522 4719
6227 3586
8800 484
5561 3860
1442 7600
5378 8247
2166 6751
1367 5886
273 2912
7522 1409
1269 407
8525 813
560 408
941 5763
3436 2362
8735 1342
5546 4845
4836 5566
4522 5872
2231 5280
9955 3343
5441 5924
5314 3640
2790 4832
4687 2808
9790 5532
9156 4636
5876 3813
6974 9218
1933 5205
847 4069
2154 2892
4074 7436
5188 9064
5063 7975
7248 7868
9272 3170
1687 1272
9198 9119
5216 4742
2196 8246
8036 1079
1798 574
111 8824
3119 7759
4893 4758
3116 9352
6319 1838
4262 6208
5661 8472
3497 6976
9074 8117
8449 8801
8578 1583
5266 8992
7198 1838
6667 5809
8889 1471
9060 1308
6236 3618
3240 6765
3781 3760
9217 5794
3720 9023
7237 6961
9906 7502
9124 1123
3784 2009
4459 6363
2733 2851
2937 2091
3316 8606
3638 9713
2192 8019
5872 8791
12 9863
2723 8221
4155 5777
5514 8759
9332 7805
971 6464
2420 9704
4807 1117
1419 8559
911 3565
1013 8562
8176 3770
961 7441
2035 5776
9481 598
9318 3108
8634 6942
9453 3316
4161 7339
853 7551
5140 2340
6415 6264
181 3530
3222 1866
9545 5955
5494 9872
1053 6827
1862 867
7991 4490
4653 6667
7067 1802
6525 8753
2098 7517
4645 9850
3853 8051
8740 4479
8360 7098
8460 6974
1924 2511
6846 9236
7754 2070
1838 3422
9357 4512
251 5290
3258 2252
2839 6462
172 9187
4628 9080
4297 6111
7462 3348
2191 5913
7179 9156
611 8021
724 3891
3797 8436
4752 5851
8381 5120
8089 6788
2653 1250
5465 3623
4672 5243
3658 1568
2074 7917
6585 2021
748 140
6325 4477
9405 8957
5560 1515
4957 2008
5970 5240
1073 4870
8847 5758
9681 8748
9278 1475
4877 9935
9669 3296
1948 5966
9352 5608
8754 8374
9634 7928
9710 1126
6050 6127
880 2503
1104 1361
1928 5353
2980 3021
8012 1172
5166 8316
3078 682
7841 8707
2534 8313
8705 8361
6235 2113
7919 8930
6501 8037
5820 7005
8764 7564
8095 4279
3835 6994
7058 1388
6063 3962
8965 686
7387 9953
9492 5391
3854 8755
6410 816
8822 2247
922 6538
1784 7085
7402 4645
1784 3445
2603 7121
8858 8213
8180 9413
3483 9903
7152 6970
7226 2756
8264 9986
6825 6392
7879 2703
5169 8944
879 5030
3145 344
9635 7776
1321 5026
2356 2326
4810 9157
3749 8729
8105 740
7537 5168
9151 1897
8662 8244
9047 5623
3987 7672
4440 374
3534 8869
1980 5294
3775 7859
6726 2642
3919 1999
9055 9093
9691 7741
9504 2381
9205 8028
6974 9512
7468 3996
8703 8974
900 801
8279 8156
5760 8652
1056 1201
468 2366
9045 4084
7104 3302
8422 3863
877 6494
4402 4619
9097 7888
2853 3622
7977 4637
7404 7284
1887 8444
5800 8489
477 6188
2729 4821
3388 4382
6249 9296
7581 6461
9776 5267
9271 2835
1643 7778
5751 3819
5339 4935
3829 4289
5632 3053
7685 5463
9180 3473
3739 5164
6390 2491
5279 999
4312 2854
2130 5380
1399 4182
3477 4459
1107 6590
6172 7135
1707 6651
4060 4835
3044 7587
3668 6884
578 4041
1303 9925
8509 8643
2209 4939
9565 2697
8251 9270
437 6966
1465 4127
3602 2065
4651 5932
1265 1487
5462 2714
736 1308
4732 2764
3474 3043
3164 5332
5385 5415
1224 2823
2387 5057
4785 6131
4276 9922
8769 2553
3472 8603
6861 4920
9857 2484
701 3541
6771 6734
1480 6407
7221 3711
8052 3294
6067 5637
3982 5654
5404 6407
3583 9998
2456 4664
8149 1972
8375 3845
3228 1322
4501 5784
9338 6932
5184 8355
8541 6344
2031 6625
9309 550
6688 6559
9687 3470
8281 2569
4073 1308
8411 1727
6990 6866
8374 9162
3143 3510
4363 4532
110 8573
5096 2145
3266 3801
3692 9531
7015 2376
2228 8617
5696 3397
480 1390
8040 6895
638 922
5430 3505
450 2033
9138 1101
9991 1828
9456 4263
9926 6017
5907 4825
6432 4180
9959 2616
8196 9595
5605 1191
1821 7340
7980 2233
2241 3948
6025 1095
3444 3704
5784 9275
8378 6509
7163 4147
2875 7983
3805 3154
4579 4965
4744 1842
4486 9643
9039 6736
7860 332
5537 8330
9402 5197
1225 9293
5727 4
9832 3527
4656 6984
8454 4731
3967 1000
1207 3268
8537 4506
7607 3730
8196 9035
8012 7787
6879 2572
2021 415
7727 3501
4912 4279
3159 3871
3976 1957
3109 4678
9153 5877
8876 4406
8381 2465
2340 5573
9343 2776
3950 4290
124 8123
403 5210
1784 1376
7380 4304
472 1212
4296 4743
5772 7594
185 7566
5629 7305
3323 6975
5483 9724
6418 7329
5771 6705
2654 6043
8042 4113
9809 1141
9488 7177
5732 2539
5389 5731
9602 2430
354 9112
9088 9183
8029 2919
3754 1983
2093 2528
5930 4447
6697 743
9698 2801
115 5454
8306 4820
1792 4047
1535 9113
2298 3675
1750 6155
1006 3850
6798 4454
3318 8698
5634 824
6529 8724
4309 2868
7319 1058
6251 9443
3413 2573
7765 1214
255 5169
1277 1908
4626 9742
2017 5662
9742 3911
9876 1865
8179 2617
5291 6555
7278 1784
9701 1998
847 3497
1338 8312
725 2759
2584 3156
1808 6702
8984 280
9913 9104
7685 4763
269 7861
950 9655
1770 6743
428 9763
2972 3569
5165 2203
8184 565
6859 6791
9247 5543
7771 3062
3313 3458
7803 630
8633 5665
9769 6923
2715 7855
8144 6356
5910 5360
9125 7374
1031 1523
7348 6688
6187 1845
9447 8405
7402 2283
5875 6558
3885 9127
8308 2111
3052 2005
3642 7278
7696 7043
7748 8918
2019 3944
3574 2609
4820 6745
9892 4459
2287 6604
2749 1441
6240 2338
9483 5651
3611 4275
3209 2242
7979 4791
1117 2182
89 5354
3787 8385
465 5227
7424 3632
6084 6954
3133 2745
1786 5589
4919 1587
5541 3690
426 3560
5947 192
3285 1389
6315 6625
368 2299
3317 5643
7739 3126
8215 7745
6088 2865
8566 4952
6518 2521
2013 9413
3164 111
3631 3120
9959 9075
2906 1644
4213 4459
6942 6027
4129 5062
3593 2356
8033 1848
7355 2992
611 2323
5641 9172
1784 7004
4723 4628
8974 243
410 9545
1688 6835
1863 1784
7407 2658
4351 7602
7541 8656
838 2442
5722 92
6162 8526
4507 3009
7918 9116
2838 7999
128 8260
8330 4252
2147 6421
1765 2116
6241 427
4800 3651
2627 1784
6744 5150
1821 2810
8536 4152
7191 7376
4260 6340
5323 5778
4879 7680
2987 6195
5081 6543
5307 7034
6840 4029
2691 1113
9184 7123
7477 1783
9422 3551
1060 8318
4849 3923
6029 1784
7362 2839
1891 4277
5717 4976
7178 4709
1812 9077
9589 8752
2744 8428
5983 9593
1495 6702
1357 8936
5298 1615
4696 2920
3176 1048
4253 4628
5902 7134
8606 7444
7617 7169
8736 2454
4116 5598
9303 5719
4447 9325
1043 4841
7384 3783
9460 2876
6808 8664
8708 6114
3205 8002
6147 8630
2304 2527
4497 4856
3865 9686
2160 6618
8968 4469
8526 760
5632 5383
2632 5127
7825 258
2255 6839
4244 7600
4603 4615
1315 6999
3469 4494
3267 4843
3656 1784
1432 2775
9970 7455
331 7551
4741 9537
6351 7507
7986 9338
4679 6539
600 4482
8144 671
959 3155
2539 5789
1394 7818
7904 9482
5284 7284
3778 9955
9004 3991
3662 836
6738 1645
7532 4075
3517 9118
6638 1187
1348 6295
653 7614
6772 8751
9878 6256
5432 3590
2175 4691
1361 9600
500 2841
8015 8467
6956 7352
4526 4794
7164 9555
2355 4471
9826 3980
6275 463
2591 9568
2543 8748
3941 2537
5594 999
6036 7756
2783 1197
2162 6945
1784 2417
4511 1511
7105 1396
3851 8223
7896 6972
1425 9859
2458 602
169 3998
8452 7459
4543 9478
1784 7062
2296 3582
8291 6850
7285 2337
6904 7494
6272 4070
8300 5116
2592 3716
8025 2166
7141 1556
3702 876
3011 9511
8899 2682
2924 7320
907 2413
5935 5485
9231 3782
2010 2405
7037 1311
2585 7590
427 3965
7193 2911
3982 4800
9368 921
4807 8174
7131 396
4138 3880
8848 9864
1753 8835
2779 1097
3042 8655
7052 7391
4999 9448
2373 3951
1642 6531
496 413
9007 2844
1181 8100
9346 2975
6232 4557
7425 9222
8765 8699
1549 1010
6610 6744
2849 4151
9865 2446
3616 4154
4518 5588
227 8519
4809 4273
6571 1287
1047 4323
5534 6617
9520 9360
375 1493
96 7595
5375 6844
6255 3041
802 4989
5744 7434
8745 5083
4951 7739
1657 1212
9453 7038
3239 8584
3283 7792
6719 5907
9777 8364
3891 4279
3398 3985
7352 9090
1990 864
3300 8394
6260 4990
7569 1177
3875 8658
5048 6888
8129 1915
3253 3107
5610 1261
4003 4297
4303 4048
267 2756
37 6947
6167 4013
4031 1311
2026 2958
5041 8092
29 6706
8752 687
1825 2500
9654 4577
3914 7943
4946 1292
2426 3421
9055 164
2380 3788
1249 3001
2498 5507
5082 1236
4868 521
9818 984
9008 1784
2514 1420
7694 349
6255 4421
9657 3540
1779 5019
2978 4749
8793 2492
3997 6687
8305 5568
6670 7848
4341 6978
6896 4436
2875 664
5033 9092
6378 534
4060 1779
6885 8805
380 1777
6096 5255
3173 8142
5375 1604
907 6133
6327 5134
8897 6618
1470 815
7226 9635
8577 7085
1080 9899
3345 9919
6778 1591
2877 2231
1171 7449
3299 6820
6541 3727
9816 5766
6081 716
6510 231
9216 7934
1449 2293
1784 5207
7272 9805
375 9486
5854 7357
1308 4810
9424 9604
6717 3670
4283 7328
868 9880
7801 2889
5518 6999
8890 5438
5766 9220
8757 5335
7169 8723
745 9818
362 1587
9288 3901
1637 2116
831 1816
3365 3118
2976 7544
6208 2412
4444 6276
4912 5566
6677 2851
7923 8960
210 4506
544 5749
4770 7599
4922 1117
6300 3542
8303 4951
9829 3502
6974 9071
201 1132
1767 15
4278 2326
1948 1469
4193 7408
9662 3467
6204 8635
344 7366
6696 9474
3393 5814
429 6495
4207 1324
48 2439
1016 8041
7845 2238
3835 5154
4073 8684
38 802
4382 6053
8952 8908
3188 3444
2887 5753
8234 4951
9360 977
9856 1867
8312 4432
2390 6760
9760 1784
1401 8788
6419 9140
9967 7835
6815 7406
8768 2028
8585 376
1127 4751
3918 112
8409 4307
4755 7636
2554 8675
2788 8888
8930 6095
6085 4430
7532 7204
9864 9165
8068 6027
7861 5984
2753 9247
9371 4543
3638 7642
9639 582
6912 5625
6352 5416
5667 1390
2625 1843
5470 6165
4113 8480
3601 5524
1970 2795
5713 9902
7231 6230
899 8708
9166 263
7780 9328
755 8776
1191 7091
7290 6826
9730 9768
6190 2338
7422 3999
9422 7154
5237 3258
7403 5862
1999 8933
4492 5033
7903 9261
3112 319
2978 2505
9748 5357
4515 8847
5310 2272
415 3916
3846 5006
9298 3024
937 1784
8843 8128
3971 1004
7026 5892
8703 6422
8808 9806
3569 9294
9422 620
9230 6571
7044 3128
1450 880
7077 932
5087 2818
1569 8214
9516 3194
3648 2758
7942 522
3112 9188
6479 7885
2569 8380
2532 7556
7863 800
8851 1827
8539 1464
4480 3511
2722 6472
6445 4829
13 4151
5039 3644
6702 7446
482 7079
750 4869
665 563
3235 1817
591 7613
2710 6849
738 1563
9594 9037
3542 5938
1576 4038
9342 735
9818 1383
2363 9104
2614 4458
9468 2416
1614 9193
3001 5521
5678 2976
9582 5368
5840 9788
5724 1784
1546 432
5752 7835
2298 8382
9155 8732
2139 4616
3066 9282
9751 9020
8425 8287
3880 6723
4780 1642
6678 1973
2737 2718
4060 4333
1990 27
1644 8336
7586 3455
6009 8559
656 1969
4979 8876
249 8890
5999 4393
630 3328
1585 3048
3169 1460
7279 2188
1387 1784
3873 7015
537 2719
6804 115
8639 7984
6363 8828
9166 8015
9317 4359
2254 3203
3129 2128
9853 1784
7551 1660
971 5270
3761 4376
7351 1557
517 5917
4786 2502
6086 9313
5784 1416
6834 4460
4022 5325
6459 5119
146 9397
2554 7790
1412 6741
7979 5869
8871 9631
1087 1249
7737 3683
3113 8578
1932 4697
2520 1667
6819 2243
108 9926
4861 3581
3356 4034
4801 6090
7255 7099
5442 3352
2036 4539
6465 1397
1060 5702
1852 5626
2845 7479
4999 4839
8496 5544
925 1876
2774 2642
5730 3440
7053 3639
1328 1197
5844 2073
7389 9284
6286 126
1413 9017
1649 9011
531 9497
7550 1130
1860 2570
8508 8661
6793 7471
8913 3956
2317 2688
4877 5471
9308 9644
905 4883
6485 1873
9582 1081
920 1784
2901 7413
5827 7612
2857 8180
3859 6651
2574 4959
3538 9955
634 2845
7756 490
3497 9199
3965 5919
7614 8425
4894 6630
6897 1349
9970 3153
3699 5553
8696 8827
4357 3409
7075 2035
8890 854
1067 8782
1294 1408
627 2935
9105 4409
25 3112
1458 977
8558 104
26 5994
2196 151
8012 1820
9881 3089
8942 1191
7720 1212
9968 7003
256 4227
4327 826
9061 1793
9738 2641
7720 7268
9893 49
1298 7943
5153 3213
5225 6560
741 2467
268 9723
7812 5736
5054 922
7474 5210
478 2637
1270 9229
1738 1375
4270 2953
5190 8705
601 2775
2122 4637
5666 9223
7272 9292
295 30
4668 3559
890 4379
2484 2639
7676 3261
8088 6454
6442 7606
7909 7296
5294 1406
7111 7182
4764 6372
4482 8371
3520 5049
8480 4357
7274 3101
3737 3510
1943 5392
1981 730
6893 5763
3574 7587
1544 7219
8459 5870
9873 9850
2517 5632
6463 3376
3197 6907
27 9879
6073 5712
355 6476
6568 2413
3929 7760
3705 1137
7244 2338
7115 421
4251 2788
5287 8028
8395 5108
162 1551
6704 1001
462 2900
7289 2564
8159 2341
1775 9797
5858 9099
2049 4543
4070 3900
1330 6177
6905 3779
179 8427
5896 5264
1784 2586
9335 1893
1033 3133
252 9569
7625 6277
5765 3799
6981 3505
590 4581
9356 8120
3558 3592
7512 9640
8027 5219
2399 7788
100 9374
5718 1383
4502 3280
3017 1126
3040 1628
4906 1452
391 7691
3736 8526
9778 9800
2942 820
2583 3192
525 5485
7460 6367
6370 3421
308 4292
4982 4202
1784 4529
9004 3591
5468 1845
4908 3176
7568 2297
4869 4078
6252 457
2711 2385
7939 4604
7536 6748
5302 1333
1321 1754
3635 7987
6911 9036
7087 8491
585 1228
3415 8770
1292 9991
925 645
9403 7901
4649 7358
3110 8590
1949 4039
8660 7021
8457 761
1784 4373
9485 8256
4780 6092
6829 7748
8190 1715
3985 3622
1503 8033
2968 1934
8123 2620
1538 6800
8209 9255
4068 1081
4915 4721
5813 4451
6119 1567
1549 5621
8965 1683
8678 7374
8890 4060
1784 63
3605 3407
363 8004
4333 6215
8870 9961
9078 374
1710 230
712 7427
1384 1288
6714 8440
4883 1600
1998 8996
494 9874
3979 606
2229 6856
7520 1297
9060 2681
7575 3725
1054 2510
5809 6995
2274 1659
5757 8777
4003 6431
2632 1043
3219 7699
2573 4164
8662 9930
5155 1449
5169 8649
7088 4515
3551 9170
5605 4203
1037 9470
4209 3818
5111 2599
6299 8082
3048 2340
5581 2548
7608 681
4297 1801
989 9998
6229 836
3206 4070
1149 3115
2735 1135
6082 1705
5949 7910
1719 1390
3209 3588
9341 2606
1988 4094
8732 8451
6803 2569
9299 1489
9886 7210
738 9086
6979 5459
1737 5472
4286 9740
4888 50
1784 9018
640 2644
7108 9407
8681 5538
880 2027
8476 5277
1633 2628
9622 8447
9652 526
3928 2753
6726 3554
3083 586
7974 1955
8869 8412
9989 8738
5575 3520
8196 9574
7490 6132
6662 3448
7880 7612
6134 4304
5062 1723
712 5666
949 158
5598 8226
2088 7185
7470 3675
9238 3551
7551 8260
168 3826
2995 7409
1308 1105
7767 2148
7532 4414
6054 7300
184 3192
3470 6674
507 6404
6121 233
2842 9361
3343 308
8786 8910
8400 3357
1633 5426
6939 202
7851 6911
7891 8590
4659 5606
7000 8717
7424 9290
1092 1095
8469 7749
5324 6199
7785 5335
1600 76
9390 5708
4374 7527
6283 1131
2190 8928
8094 7017
4025 9818
5427 2754
7998 1674
3511 7259
8498 5133
5338 20
8395 5637
7762 5195
8712 6477
6890 6456
561 5026
6631 2106
5494 2951
7662 5990
1784 5341
8362 1600
7555 5453
2528 1481
336 7619
7640 716
4851 7451
2325 9162
1784 260
4795 504
6267 5968
6259 5507
2724 8741
9735 9412
8224 8264
156 6422
4575 4803
1611 1204
2216 3115
6122 5122
5789 2372
4331 8674
7285 7483
6260 540
9374 6588
6595 2767
9644 5112
1615 7069
9075 75
7846 5423
2937 8822
5127 1244
1930 4828
1785 7161
6820 8861
3993 9564
4822 7951
4972 4053
6522 8274
6781 3762
9137 975
3514 4455
5887 7988
1423 910
9532 4966
1127 6825
3876 9977
7266 3334
5347 3249
171 3370
2197 3534
2328 7144
2982 6899
9007 26
5367 1862
3870 1434
7157 7036
6548 7167
4957 3403
1784 633
4048 5099
2587 7931
8742 9702
3666 7901
3382 7919
3685 1436
6643 1347
1485 762
6280 8297
6693 9989
309 3024
9730 3424
6029 3385
5671 5251
7510 9084
3589 328
6941 2477
6525 6944
2905 6347
1116 5610
3728 6745
2796 4279
134 5653
5648 1752
9020 894
6211 1407
9391 6250
8410 8487
7791 3788
1973 626
7286 5483
9878 9087
5725 5711
1998 9251
5446 9865
2456 996
6023 2378
980 3334
1705 5987
6818 2960
3533 1163
4327 2992
359 8152
2140 2213
9375 2165
4966 5417
1784 9876
9191 7301
2655 4821
5147 4938
7403 9610
8663 4301
1784 9880
7534 8846
4314 7884
7199 1870
4014 9249
8722 9721
1784 7833
7835 8864
223 7908
2074 9189
1856 6007
3656 4691
202 3117
7835 9145
4122 4859
8199 4461
7479 9852
1796 4706
4590 7402
6902 2233
4371 6783
8682 1734
2209 3398
5487 4832
9015 1626
9080 8619
1747 2820
9686 1478
5498 1207
5425 7542
3618 6430
9233 9550
5259 8250
5127 3458
5730 7815
1766 8424
1807 9506
2985 9556
5288 5204
202 1484
3634 8449
8889 3386
1703 4341
3317 1422
2742 6431
9978 2113
2723 5630
9986 7336
8614 1317
2550 8229
3961 8431
3731 6480
2180 7315
7979 9653
8311 9377
9677 1302
6393 5099
8850 404
932 7484
9216 2763
3823 6940
6374 8606
9279 8519
2204 6320
3004 1178
4072 4501
3877 5186
4046 1486
650 2898
8806 8953
1640 3417
7768 5270
5100 910
333 7675
4353 6350
5026 3549
2237 2474
4736 786
3375 5994
7378 8943
2308 7827
721 2005
4922 884
4509 7273
5370 3165
8810 7361
4556 4753
5852 9677
3090 5596
9687 3289
4178 3548
2650 5284
458 2635
8489 2390
4000 561
1305 3613
8573 8888
654 9837
4385 6232
1571 5183
6615 1023
3057 4985
7450 625
5452 3335
417 9107
5920 9550
970 4701
8579 7173
3159 7196
5477 3146
5775 6702
8512 835
7254 3761
8801 3813
4510 1222
5095 1823
6085 3216
604 1210
1978 267
4291 8004
2427 7930
9512 3100
4310 8432
8200 8723
7619 4004
594 7745
7393 8179
2795 8913
3437 3264
4702 2025
7546 4439
8534 3997
5969 8815
8229 8524
3787 6026
1832 3629
3308 5078
9735 4342
4005 2581
1659 7543
4943 4631
5642 853
4101 5612
7632 6863
183 1784
148 1756
7915 7900
4032 4574
9478 6854
5482 8514
5317 891
9473 1480
8005 4164
8997 8399
9367 4921
8179 9159
4782 8739
4393 6466
9198 4543
6350 762
2368 7728
2993 2354
7371 8616
1698 8596
9617 444
8240 5848
9111 2288
3198 9406
6853 5690
9928 293
45 4595
3029 5095
282 8193
4857 7914
2753 2102
7691 3967
6367 4238
8037 9890
1520 4703
9726 1640
4346 174
9816 2740
4669 6153
7839 5767
4231 2017
9501 520
2884 1086
2058 2187
93 9999
8803 9544
3892 6876
3516 5251
3686 922
1558 1308
121 9140
537 2381
2997 4374
2909 7042
3264 6186
2578 4215
5502 2823
9122 9204
4984 8821
7592 9557
9757 147
2548 4279
9877 5236
5654 7538
9248 8271
9597 1025
9516 7618
2092 5253
5007 1579
9833 744
7210 9003
1699 4575
3621 237
4581 9892
8953 571
3546 8883
1784 2244
5025 1687
6260 4060
1504 5583
6323 2790
3263 4871
8197 7151
8248 1541
605 394
1742 6580
7713 788
3163 870
5077 7209
261 5364
6734 8922
4703 8492
941 7058
4553 4788
7813 6847
3292 2469
61 4580
2289 7168
6369 338
2312 8006
5191 226
2220 8027
7172 8596
520 8841
7705 6958
5655 8055
5433 1461
3177 4275
4000 4761
2564 6593
6394 8533
6662 8207
3607 2939
8872 6128
9965 4839
1732 1518
1313 230
7266 5149
5363 3181
3187 9961
100 1553
2237 8419
8530 9424
8229 1093
9096 6420
4370 1950
7875 3894
3381 4614
9059 8126
9819 8721
87 5863
8876 5865
632 8339
7571 8881
9182 821
5801 4429
225 6481
3507 6460
281 2288
2140 1727
6359 3888
7761 3205
7186 473
3388 7159
8013 2915
409 1615
2077 9834
7058 4447
7689 6627
7498 7013
418 441
1958 6939
8250 5293
1920 1784
79 2424
7463 8923
9424 2675
6223 2674
1800 4743
1784 3269
1687 977
6602 7051
4645 1618
5297 9608
6711 9520
625 7160
4167 4096
2023 6291
2727 629
5281 6186
3832 2547
9020 5216
1446 2729
5215 9965
8527 6814
2490 3687
7146 1575
9600 726
3611 4418
5171 412
9192 935
3891 5521
6304 7556
1103 5429
3675 4811
9266 8342
561 3758
1784 649
2545 1476
8123 368
4706 356
1379 1205
7492 9336
8830 2510
3908 3396
9623 6750
80 5199
2603 5336
4910 8113
9395 5371
1877 4671
2717 8334
4190 7606
1932 969
6243 4982
3233 4452
4901 2170
2088 9392
5218 8138
6772 3374
1947 7166
6942 4064
4978 6496
8502 232
5584 5617
285 3148
1609 8046
7508 8395
9852 380
5605 9586
2082 1722
7969 7199
5772 2205
8193 1318
3949 630
870 5646
304 1645
5094 2484
7492 1526
5804 2895
5859 4598
9994 8875
5318 4470
8272 2109
9548 9082
9001 4090
9630 8893
4026 1784
5451 4779
6013 2928
8296 8027
7055 4574
9556 5099
1667 8334
8078 1440
8864 2927
1418 8680
8992 6210
9044 573
8273 3275
1784 8682
981 6017
2814 2344
4070 5067
4127 8606
3856 6441
1881 7744
4510 1478
513 4785
6185 4023
6032 6566
4710 996
8451 840
9464 9368
8071 1837
1258 4039
485 6059
2585 4747
2563 6645
6682 6314
5795 9254
1777 4734
328 5640
2639 7094
3204 4784
2431 5130
850 4751
6004 1848
8148 4891
7853 7205
3130 2566
7304 8544
5516 7540
9049 8720
493 3123
2740 6975
910 6327
2432 3752
6912 3399
2475 7680
5142 7919
1594 9300
1449 1669
685 7801
1678 692
4264 6963
1410 321
9453 7503
7882 9862
8775 9582
4638 2006
1492 441
6872 7011
805 4115
1784 862
3191 10
6379 7129
2875 263
3361 374
9997 7775
2567 2351
2935 3907
7455 2925
5447 2461
9193 1373
4329 9598
8267 3036
6353 7749
8526 2985
2646 897
3892 5536
8123 155
5055 6747
7641 3305
1203 9858
8399 3521
9060 2741
8432 4847
4727 110
7170 7189
1784 1448
3207 2622
883 9253
9101 505
392 1567
5132 8601
6375 3624
3431 8779
5599 2717
5106 523
2183 5734
2424 7130
2789 4390
1815 542
6822 9842
6518 6938
4796 2620
9202 9715
5545 1097
4563 9176
8338 9488
5914 7454
8869 1290
5521 1525
1941 1784
8459 4530
7812 3707
1945 1776
5676 9761
7059 210
7681 3683
7687 1995
8112 7674
3000 806
4912 4396
1780 6866
8217 1458
6394 7115
3007 9514
9265 1349
7988 80
2665 4767
9828 2516
2085 7951
8419 9482
9315 3667
3908 6130
7403 7173
8429 8471
493 9078
5530 7058
4057 1269
5008 1643
9201 9794
5891 1433
5409 5026
8400 8920
9138 6303
6068 4983
9875 7598
3432 8719
7580 225
6283 7236
7792 2669
7634 4364
484 3867
7007 7859
8498 6541
6453 7964
3867 2452
7211 463
1631 5788
3473 61
8797 5329
7015 9869
4538 963
4387 8184
4696 6720
4528 694
245 6192
7071 9202
8826 4768
1132 8740
7935 2824
8831 4297
4702 1228
7320 1623
3298 7594
8960 8164
3751 5898
3806 2433
5546 6218
2593 1634
2148 2256
4900 5939
6919 9533
3708 3369
5568 8237
1950 117
4558 2962
3703 2894
4339 9080
7481 3685
3531 2803
8350 8231
3715 3664
3050 9397
5447 4204
7290 2161
7293 4903
9982 9905
4471 9980
2753 6979
1784 4899
678 5156
5478 4860
98 2239
3453 2195
1790 6304
4769 6920
7695 3458
236 4524
6378 3158
6541 9762
7929 2452
182 1784
133 4230
3982 4132
9839 2232
2119 3532
5406 136
2529 9916
1058 7782
915 836
8495 6637
944 3145
8538 7307
9112 7911
4993 9199
3274 7736
188 2069
3660 6523
1592 229
824 2779
3350 4876
5621 2769
5012 8238
9887 2936
5702 262
9174 3360
7587 6060
4716 3420
1784 5020
5349 4158
6218 7958
9034 1535
3379 648
9099 9350
5479 4640
3158 9146
9108 1955
5754 9678
3014 6579
9426 3904
696 9989
4248 9610
1162 5707
7051 384
1002 6980
4941 2469
4794 8432
291 9789
157 9941
1064 1901
9632 829
1449 3186
3230 5902
789 4568
1356 4380
3538 7793
4060 2026
9568 1077
7032 9552
9317 7971
2398 2499
3349 4842
8371 1015
8652 8230
3344 8191
9252 8988
2716 2750
364 1578
23 1726
7635 2394
5289 3648
1312 5744
202 9770
2957 8633
3316 8131
704 3914
6535 2212
7322 1602
5044 729
7735 1901
1892 6767
4089 9821
8294 5329
7061 3585
4178 8733
7462 4128
3002 7371
8219 8632
9949 8480
5061 667
5846 9677
3807 8176
6843 7729
5359 6608
9865 3912
886 3741
3354 2124
87 4886
3520 1212
7566 1784
4838 7691
2552 9194
1342 9293
9241 636
1017 6565
5991 8608
6244 7051
6592 3061
7126 2385
3890 3539
9291 4981
3015 9147
8646 6282
8001 7954
1184 9474
1751 16
3949 8742
9448 3642
738 7356
3187 3600
7353 3075
458 3387
6817 7143
1381 4500
4549 5499
4348 4006
1291 4902
9268 3124
5513 3371
9250 1031
1233 590
4854 3340
2728 8583
1784 6910
3576 596
9773 8503
787 1040
5045 6592
9669 3189
7831 9064
2942 7608
1772 8582
4187 7188
9391 1784
5151 652
9378 936
4581 3641
4884 5515
7537 9173
5985 4232
1926 6985
1288 4768
6468 4339
6436 3988
7811 3787
3027 6901
3449 9511
1772 8596
4333 8490
7746 2169
6493 5572
5414 8985
9615 8959
8642 6878
5231 5282
7095 6768
3278 6903
4819 3572
7719 8001
453 6242
2981 4507
6552 9376
727 3940
7379 5672
6367 888
4123 756
1964 8822
5238 234
5362 1895
1137 3129
6374 5018
605 5914
5729 9672
4033 892
6985 1792
1806 1457
4875 1731
5069 2007
9040 5775
5327 2948
5843 5175
5888 4228
5141 9633
1784 6770
9955 2423
1601 9246
4634 903
2274 4713
3125 4869
533 212
2455 4125
1356 2673
4895 8853
1848 4456
8529 2938
5140 3683
1053 5534
8370 8837
953 9217
6556 5052
1704 5828
5810 7657
2354 3042
5232 3168
1066 1307
1967 2279
3855 6649
1831 4316
1770 5632
9075 2486
9559 4735
2286 7214
1312 9610
9964 5130
9714 4972
2566 1002
1299 1278
1007 2482
3374 3086
9471 1595
6044 5547
4758 7730
3571 4546
9285 7675
1456 6314
2098 9419
3815 2738
2911 8548
8951 3901
1916 5302
9774 6880
2092 4198
8045 7118
9013 1015
275 9209
4279 8092
9883 2237
9672 1506
8889 1202
3832 3876
342 3493
4635 4383
5821 5301
5657 5223
5835 3945
329 915
1482 663
1816 9254
8792 1511
4575 2029
8856 7161
5350 8363
214 4019
758 5510
2770 3129
4764 5562
9205 576
3637 3039
9984 132
796 256
2777 7326
855 5746
1190 713
4523 7587
2689 2582
2135 55
3709 7360
6742 3740
1566 8489
2985 9248
4583 3775
2708 7247
916 7470
92 1272
9914 499
818 8345
4644 6113
9962 9738
4644 7556
5196 2808
7722 3382
3 5257
9175 5584
301 7328
9512 621
9114 6870
2705 4677
9940 2427
8544 9900
1198 1829
8017 2074
6974 7106
356 299
7479 3936
3326 8480
1613 4989
5456 1519
5644 3879
9297 721
9222 5883
7621 7560
400 8957
7777 9560
5857 6538
7468 3733
965 6410
8245 4827
4480 5182
8042 8728
2078 458
9309 4502
5514 5223
9056 1616
6950 1019
6295 537
6025 7018
6429 3916
1914 8535
1618 9437
6787 1441
1691 2797
8304 5229
8677 9363
4375 3625
8467 7101
1784 1683
8792 1449
78 2227
6121 1777
574 6322
8561 3280
46 3111
3804 8980
6834 4452
6551 6480
2208 5917
2360 9571
8566 8625
1466 3572
5115 6221
2352 1972
5576 7810
3048 4730
2570 4840
1105 7959
7250 1262
4618 4325
4833 4121
6620 5020
4342 7075
1068 8151
2666 9797
1593 2604
3265 3159
7415 2087
4234 2989
7515 8844
4327 1061
3372 6908
794 6358
1259 9782
1669 7131
7357 5701
3020 6757
885 6562
4509 1767
7520 8304
2786 3595
7068 5709
7950 1329
5033 2094
9600 9259
3894 3456
1268 925
1529 5188
1620 5617
3132 9493
2936 8694
7891 880
9012 8738
1386 2108
2932 5256
6147 3185
6376 1118
6166 418
3090 9510
8440 1351
5666 8263
3532 4831
9147 3335
5934 269
1784 4546
1867 1608
7545 1449
548 72
8986 1950
2989 1252
8305 8497
5752 8742
1377 7374
5935 332
7994 3796
2377 3308
5866 2995
961 3983
4460 5699
4582 7928
4966 5035
8256 9931
9933 7364
8389 6285
5033 7691
9492 5398
3566 8500
3509 2037
1186 4621
872 2893
4885 8927
1757 3974
6831 2223
1784 9661
4577 4785
7430 7416
5829 7575
679 9125
2610 641
272 4020
7158 1890
1731 7892
3404 1914
2296 3005
4352 6517
4601 7702
8209 5361
2540 3060
7208 4219
8113 645
5632 6127
8607 1784
421 1428
3612 7619
9110 8630
1431 359
1770 8554
3132 7094
4536 6299
9665 1784
2319 2399
6152 8961
9899 4428
9872 6484
1568 9637
8673 8845
9481 1784
684 4644
5343 2999
7071 1161
7824 7870
5508 9821
1771 6181
7756 2778
786 4354
9054 613
7864 2585
4200 7713
8813 6699
1530 4855
2218 3356
4889 842
43 648
4253 2739
6261 1284
6596 407
4031 4244
8434 5823
7675 7669
9441 7369
4520 8766
1241 7119
9095 6018
2776 954
2449 9559
9195 6515
59 9022
110 5418
1865 8064
3991 8486
4794 9538
991 3111
9380 5275
9628 7772
4304 1318
5895 5311
6026 404
6870 2105
4435 5772
5548 1040
3949 9862
162 2268
8862 5470
3122 9931
8003 5207
9307 123
7397 292
5214 6509
5879 7535
4404 9863
7217 2827
5033 9125
6790 344
5011 1514
6701 5537
6209 4974
2341 7116
1784 4021
1611 203
3422 1550
7511 3338
4836 1629
1901 1132
1185 6106
9703 646
9150 71
7466 217
8083 4017
5927 490
2741 8452
8528 1887
874 7872
3740 8463
7006 2484
2088 8319
8939 2489
2031 703
1191 1025
6008 5635
5468 9783
8562 6305
6024 5360
8526 4555
3305 6031
1592 494
9803 2693
1532 9470
732 3657
7919 6005
2605 2848
5875 6444
9069 1458
8356 5782
5770 3922
9655 4542
864 8211
4892 1862
7738 1872
184 143
6210 6798
1784 5734
3816 9351
9322 3515
6709 5385
7781 1017
6133 1855
3188 5091
9960 1468
868 4102
6908 195
1232 5809
2350 6014
4125 1863
4929 7015
2108 7164
8962 7607
3966 4173
5620 9821
3796 136
7711 1664
6206 1351
3125 4538
3836 7448
1325 1238
1129 4869
6695 7590
5149 7989
3971 3359
7446 3844
1491 382
8107 1518
7799 2779
1065 5849
8388 4680
1146 7991
153 6930
5500 2917
6861 1338
5991 2645
7967 7857
7798 7431
8980 7996
1784 9585
3623 5428
5393 1670
2829 7759
4516 2318
4733 1950
6481 6149
1216 5422
1974 1023
5223 259
4517 3512
3313 3814
1489 3069
7382 7833
2436 8011
3301 2110
1567 7624
1039 7631
607 9652
8851 7953
5097 741
9138 7597
9610 1889
9644 7381
8950 2236
7026 9138
3952 5668
7031 7760
7939 2175
585 5194
9192 9866
303 3076
1984 3447
6080 2078
4651 7078
2191 4696
2515 3899
1784 4736
6106 9253
424 6200
4888 1391
4706 9545
343 4852
165 5475
9842 6825
4266 214
5727 8139
7923 7048
8914 2830
5501 8730
6156 3615
4528 5752
448 5013
1627 9961
7747 2947
5263 8638
3066 5300
3390 2692
813 9375
1397 308
9480 769
3528 3090
5053 7707
9990 2354
1231 7367
6759 3150
62 2103
1796 8087
7094 5482
9702 5239
3032 2549
6297 2718
6332 7712
1405 7687
2379 1588
490 4897
1484 8109
4553 8551
542 2003
2783 4415
1256 9969
4693 7516
555 3100
7453 7791
371 2267
7304 7879
3509 5552
3143 2623
3161 293
7411 7227
3396 7744
5800 1108
2598 6669
2018 4374
1868 6361
6311 9407
7421 90
4890 4285
6279 8706
5273 7333
1339 1440
8890 3254
1369 3744
7898 6148
8363 1427
1069 5488
5896 7321
4876 2453
1335 4015
6722 8059
5225 6918
3593 6383
542 5333
7206 9929
4356 5455
2649 1784
3340 1784
8944 7556
999 4834
8505 1886
3368 1869
9530 2314
1894 2221
8775 3281
2363 9521
3876 8741
2152 7054
3486 3524
1623 4673
6844 4945
9548 6422
9709 150
9895 4341
7504 9633
2508 6300
9363 4707
298 2158
4378 333
2866 8326
425 4194
8390 13
691 5752
6184 2587
2384 807
308 5136
2850 9089
6327 9198
2598 7746
1784 8408
7654 8201
3584 5622
6349 527
7056 8906
2704 8091
5352 8485
4922 1744
2322 2590
6303 501
4689 3006
8586 2363
9340 7283
6330 2122
1961 5707
4986 1361
9060 3367
4505 7288
7163 7697
2353 377
7467 8152
2727 2911
8792 6749
5368 6868
8571 886
307 7876
4265 3092
2434 2258
8029 3350
5516 1925
6046 7232
7951 5419
103 4516
1171 1643
2546 6010
9954 8937
4638 1077
4236 1027
2147 9745
1510 9358
7945 8842
9259 7987
2005 3879
2723 5504
1476 9200
2267 8680
3739 5935
7921 8889
506 1200
6708 5192
5866 6729
254 6218
5373 3776
2622 133
4738 527
9421 9853
932 404
8144 7010
1618 2613
5221 8159
2989 8992
5492 3826
3279 4219
1653 9891
3765 2605
8235 2807
4103 6951
8976 8909
8185 7256
341 2161
4890 2269
496 2208
9782 3016
3805 8637
1264 6452
1828 1635
6697 9897
8098 2600
9877 3338
4305 2305
9042 6874
313 9901
6792 1196
8299 178
4499 716
6326 669
1449 7953
6327 4339
6405 9651
7498 8332
5601 3166
6381 1134
1463 5916
9311 544
2335 9477
101 9573
1784 5460
8042 8147
2652 2923
7572 6162
6365 1284
9955 2327
5405 4339
119 2459
6976 3661
4326 4852
7192 7699
2962 8920
9643 828
2955 4245
9900 4156
2416 469
7246 4553
4950 876
5813 7501
2807 8279
6260 8999
7247 8526
4767 6307
8044 2494
3117 1614
2902 8409
1135 1744
7959 2595
5429 298
7190 6810
5419 6930
3620 9599
3080 5426
2149 1388
1270 4640
7774 8199
5466 3916
992 6405
6932 3415
7234 4751
2560 6492
8471 1729
1962 9482
3780 3083
9602 8573
2830 2880
2911 9345
7619 3048
326 6933
9707 7559
7303 6021
8938 412
4951 5875
2041 8994
9798 811
5567 624
3709 9546
9706 5518
7654 9037
9646 7607
2717 4783
6230 8521
8855 3362
5278 3195
7684 4998
1124 4005
769 8657
2559 4577
50 7668
244 4689
5903 8243
8438 3992
6940 5907
5137 7043
2362 909
9899 8580
7016 893
2170 8405
4727 9567
7582 255
4330 8330
3960 3159
5655 6491
3924 6484
7040 5624
1186 6550
7457 1802
5927 3713
833 4365
8352 1137
9267 9496
5781 5587
9027 7669
8528 2257
1917 9803
48 9614
8994 6008
1204 9601
8204 7195
2230 138
9206 994
9662 9169
6931 2888
8286 1503
6901 4871
1132 5841
7271 528
9917 3018
5370 9530
1144 5808
9813 7945
5109 7741
5878 8886
7932 9589
3045 491
4217 1784
9750 2783
7291 7706
7657 9630
9814 8306
8851 5481
7785 3300
9698 6385
8371 3114
3834 7537
3414 3740
9054 4108
155 2001
3094 8625
2225 7840
8400 9096
4604 939
7687 7377
6213 1313
5897 2954
8709 9939
2645 1175
4148 5989
8590 5816
8499 8803
2894 3682
2515 7114
6993 1707
1015 388
948 2544
645 1548
964 2660
9397 7626
6193 1804
9312 3678
5486 9401
8770 1654
2319 3343
6540 8693
4681 8291
7532 4311
834 9225
4117 1732
2478 2429
1244 8503
7258 4689
4570 759
7749 7699
9550 7222
722 6455
7532 1280
3315 1225
1248 708
6497 4126
6831 4765
6409 932
6732 6110
575 7252
1838 6599
572 8299
6448 9065
1784 8106
6337 6618
2985 6940
8463 5626
8048 9371
3203 856
7551 4100
1909 6519
7736 1784
4002 1006
8599 4774
6231 6293
455 6799
3054 5316
1108 7117
7506 60
9379 3033
978 1597
1591 883
7030 8150
8246 8519
7506 3723
4959 4416
8667 5595
5759 9850
7187 308
3497 3855
7443 8527
2501 3501
8759 5478
380 6595
8222 673
7987 437
529 1145
5309 9063
3295 1703
928 9570
8659 9647
6324 7469
6813 6506
1430 1353
1892 2266
9602 553
9540 8373
6755 8560
6765 5208
3200 5797
122 1385
7835 9401
4388 8193
880 5546
3096 5439
9695 3987
5156 2010
8146 4495
6803 4308
3065 4476
9342 7460
6926 1784
434 3384
3813 5891
8756 7685
5362 8505
8471 1125
2607 522
9402 8000
3608 135
6064 7064
8274 7419
3580 952
8559 262
6786 8332
6796 1861
7901 3046
1784 5114
5574 7704
9032 2316
5523 8140
913 8298
4001 8697
7619 3356
3939 351
5842 8994
9505 1990
8236 4607
8305 6538
2379 4690
725 8773
806 2991
8916 8363
8123 4037
1062 6028
5487 6403
8944 162
9549 5757
8899 5347
6901 5376
9017 5945
7449 5046
3532 5731
8795 7055
713 1468
8272 8135
1103 2918
876 6475
6232 7597
9703 1335
3680 9196
2480 2266
2967 2684
2426 2938
4788 4706
2721 2960
6556 4624
5480 9865
8481 2109
5959 5566
3852 4809
1235 3899
2033 6606
8293 9494
1536 4573
6065 9569
4386 2184
6296 8978
9718 3708
9436 1093
6706 3557
1441 4749
5324 7223
9058 7111
3386 731
9158 6814
8037 5283
7432 2631
9983 1784
7309 979
5449 7440
9166 4615
8420 2314
630 3291
1758 6918
7956 5118
3250 7255
6308 9860
7623 3319
7455 5634
8936 3852
8703 943
215 2093
2802 7354
8388 9827
1601 4502
8584 6419
4924 6319
8485 1322
1784 8568
999 7102
2212 931
1132 5149
9852 2375
6844 6867
5556 1744
9216 9511
7049 1472
1327 979
3903 8887
6168 9168
5385 8692
4723 3383
6973 9039
9725 9622
3131 1919
9125 3706
2984 6828
1477 7935
7054 7586
6717 9761
2949 2149
1524 1770
5190 6193
5802 3064
7207 3052
5990 5136
2911 1123
6136 5963
1041 3422
1784 5349
541 1454
8740 9125
2645 8814
8613 7088
6639 9838
535 9641
7478 8969
3105 9155
9360 2709
4734 6146
6492 7585
1402 5143
704 5107
3209 3277
1053 849
5906 6486
8509 8692
9279 1813
9719 5596
363 4806
2680 1848
5833 1734
7378 7105
2666 6318
9100 7951
3227 4689
2832 9832
5456 4377
1375 9020
2330 6312
245 1775
3958 5448
8009 9938
8816 1882
3733 9711
9539 5911
7008 6167
6597 7243
5479 6270
6238 1394
3200 9399
2216 9587
7033 8424
9182 4555
6515 775
2336 8700
6427 6875
5948 3712
7522 887
9017 626
146 8651
1115 266
9388 3880
5502 1508
5464 4061
6274 9781
3788 9089
7588 3290
8367 5316
8194 4112
5439 5069
719 1603
1771 5328
7648 5811
1702 6580
6405 902
7210 2166
3533 2828
3209 2141
4340 5017
3701 1077
2407 5315
6922 2045
2601 6755
2509 8620
67 1864
8768 8860
414 3226
270 902
6315 7058
5846 1463
7755 1518
3087 4233
1530 8129
3082 4545
8073 6109
5929 7701
6413 8646
9135 1429
605 5485
1387 5477
1370 5770
2028 8908
2741 5187
6048 8863
7705 4826
5583 2285
7776 4010
5637 7753
876 9009
7946 508
9731 6929
5061 1281
6422 2573
493 707
2438 9902
8480 1001
1784 8416
821 8834
8903 5981
9968 9248
905 3529
4922 8844
218 5793
7652 8054
8897 6513
4080 6916
3012 3533
9500 6032
5522 3518
7650 7417
9073 455
4799 6538
2961 3793
2876 1632
8848 2539
3677 6805
1664 3458
1891 8356
8822 308
767 4869
5089 9202
6019 6752
9525 4612
8425 5571
3159 1782
1458 4595
5128 4144
571 4746
9085 2315
2086 5089
7894 6282
7889 3161
481 2915
7264 4757
8865 3905
4567 2477
4080 8173
7669 8730
1582 556
6161 6691
4646 893
8606 8242
6757 1656
2325 6913
2767 4749
1860 6698
2815 7786
4871 9185
968 2087
7835 8049
9369 5997
1508 453
4584 6887
6948 749
2630 4157
5472 4500
1784 954
1965 6315
2643 2136
308 1748
5930 3140
5171 7104
5110 615
4104 7657
9572 1810
1704 6312
5563 7028
519 8228
599 9651
1996 5424
5073 7478
6748 4983
6736 5048
7428 2554
5759 3218
4048 3371
3208 9901
7666 8724
4212 7933
4529 4494
4835 7528
1795 5265
9841 7656
6089 1443
9245 1351
6410 516
1893 6573
4299 7343
3767 1600
6403 4899
8184 74
7118 1736
7889 4187
2796 5600
368 5432
1197 5564
4410 3315
7104 3523
6357 1501
7532 661
4336 6824
9117 7942
2639 4758
9683 5786
6035 1674
8936 4040
2977 6041
1287 6468
5110 290
847 5390
1156 6436
1907 9302
8301 1929
6023 6050
3388 8324
9502 1673
2590 2307
3551 875
2886 2147
4934 6478
7402 4334
657 3021
6665 5695
791 921
3465 9921
5625 5582
1836 4297
2637 5632
6682 4771
3503 3513
7806 7523
531 7678
9419 8187
9194 8987
4163 7277
818 6069
6220 9909
3883 7665
4423 9543
461 30
2040 4129
6085 8322
5861 4484
4346 3669
3617 6884
2487 8888
6314 9688
8836 3466
6210 5325
8960 7005
6884 8199
6449 4270
1128 2148
1872 8866
5427 7947
8710 4170
3984 4689
6045 4598
926 1018
8482 749
5788 695
4784 7235
2275 8518
9683 7989
7026 2856
1470 1841
1396 3547
7189 9484
645 9332
3566 6203
9234 5784
845 3412
382 938
4275 5076
4874 7212
2832 7212
2322 9690
9184 7843
3525 1046
1784 6895
3088 919
1950 4753
1502 6766
7523 598
7385 5894
4416 5368
5471 858
6800 9145
258 4079
1822 6426
6494 5299
7312 1186
7583 6659
5569 7500
1242 2004
7344 7236
1722 3040
4324 303
8926 5687
8542 712
4443 5026
9472 3843
5733 4339
8891 9803
7083 1553
6103 2392
179 5761
5023 6219
1778 439
4048 6001
6521 6440
5431 9171
7410 9443
1308 8526
6179 655
9820 6074
38 3932
3112 68
626 7303
6574 3573
6123 8474
5581 3903
8941 3439
7531 1764
2392 4766
9708 4761
882 3098
5301 510
4790 519
9718 7757
8101 8684
4522 6456
1778 345
3603 4639
6658 551
6546 7413
3469 1473
9202 1226
5972 5678
1184 9176
6346 6548
3038 2142
2155 9051
4085 4594
2345 3176
7660 4589
7534 5781
5198 4257
4137 6279
5752 6837
173 2750
2548 7182
8972 6866
3581 788
1308 1390
2974 1712
9915 886
6094 3633
2417 2882
9335 2700
1894 7808
4913 6277
7338 57
6680 3571
8384 2401
3542 1235
4907 8890
9325 6171
1645 2570
2924 7475
4852 4099
6504 65
2932 1784
1888 8583
2033 8441
7912 6754
8786 4463
1691 5495
4201 7546
5836 5503
5635 8748
5987 5850
2145 986
2495 7707
4406 6502
4076 2258
7634 1583
1140 6195
6540 9321
273 7807
2034 3255
8541 5023
9893 9605
5952 4088
1133 9511
6086 6597
1431 9328
5866 1955
7802 3998
2537 9547
2354 2080
6934 7783
3745 5424
2969 8339
3563 4510
1993 4808
3544 4084
9771 5942
7110 8218
2321 5993
7236 5246
1513 4438
2673 7374
5503 8341
1241 3626
4472 8369
8225 7058
2126 2136
5527 5084
1366 380
4510 5752
7269 5590
8817 5737
4898 1235
5610 9097
8662 5779
8413 1486
8955 6917
0 8721
4628 285
3267 3645
8935 9410
3438 8612
8587 2957
105 66
3117 2493
6806 7518
1483 7536
3702 3136
5511 852
1334 3149
271 4053
5649 3542
1015 7874
470 2565
8415 6102
4530 9201
187 7442
6003 5796
3287 7443
5713 9155
2030 7784
6704 5720
5066 9591
8506 1008
493 8558
3694 6638
8822 455
3136 8354
8577 1923
3114 1841
9530 2831
5441 5650
6527 3957
8643 3166
5100 3595
4223 9280
5636 9639
4994 8519
3925 5206
5785 2004
4861 2499
6715 7533
9524 5378
2921 2771
4476 8867
4597 4267
1250 4669
6188 9682
3847 7217
5717 9409
3089 6311
4787 7250
3837 6209
9006 9197
144 1814
2870 1784
9057 5425
6028 7901
9048 2034
1716 3550
5685 4243
2472 2931
8258 4812
9796 5706
9806 4658
6334 2680
4739 6167
4026 8711
6664 3186
5741 756
5596 4510
6929 3759
1681 8373
6657 3179
3068 9234
4776 4659
4336 2766
5244 9419
3267 8004
3406 6878
2972 4049
1283 9059
2209 7171
9187 6422
9189 2562
1106 3123
7261 7849
9091 7609
6707 8337
5646 3972
44 9318
3344 4756
5004 9886
9756 2402
1308 8244
5033 576
1658 2056
7912 7254
9113 7688
7293 3972
958 377
614 2129
8210 6801
8697 9875
232 6232
8982 8575
8610 2308
5881 9905
4905 1959
9185 3821
4140 1171
8816 8535
2782 9283
9000 4692
685 693
6744 3017
8733 84
7780 2887
6112 5235
6820 2264
7070 4842
231 3117
9136 857
9355 9459
189 5317
6712 4553
4236 4210
2305 9188
1784 1218
6558 361
9541 5492
4555 2207
5726 8056
5785 1999
9039 2605
6011 7452
4335 1136
6920 5735
8356 7047
1726 4917
5631 7517
5805 3202
5085 8876
2669 5558
4778 4701
1023 1058
4881 759
2186 4927
1578 3995
1784 9460
4922 2797
3457 7789
6794 4183
7253 238
4537 754
2699 7842
8652 5559
8704 35
2082 1208
5603 1319
4781 5182
204 6827
2671 1128
2782 2555
9893 7622
6306 4858
6502 774
4265 8003
4598 9116
7698 6189
2593 7496
8273 4532
4250 1441
6225 2066
6671 8876
1278 9924
368 3667
6024 1784
2629 6580
9976 1302
3523 23
9094 9295
3517 2427
1968 7454
4935 3854
3916 4514
8591 3067
9993 1167
1841 191
3672 2849
4007 4786
7459 1619
488 5646
3054 7864
4730 7529
6316 5544
3441 9326
3077 6260
9154 3542
8885 9464
8155 8797
147 5673
7891 1767
7633 7365
6174 3755
3867 2077
3273 158
8567 5169
4139 2491
7406 675
8847 656
12 2525
503 4897
4169 4528
1296 5553
123 8446
8652 289
7014 246
9629 7109
4161 2539
1578 7723
2644 8132
5900 306
8673 6128
6044 1182
1623 3738
5912 2730
9670 3562
5086 5889
269 797
4943 3303
7216 145
3395 2036
4279 3186
1784 2072
3873 7311
3638 9433
2817 3671
380 1550
1938 229
2222 6397
6433 1099
4651 5306
6495 3942
5812 5045
9748 8599
7618 861
6731 781
4637 3311
7127 3071
5713 3716
219 2235
8884 3056
2027 7510
4846 3101
8807 4660
7087 2182
4279 1815
5317 5385
8116 6319
855 7852
6107 2442
1015 9189
1663 8953
3919 3013
8007 6229
4588 5839
2077 7565
2935 8762
8010 5710
1408 7716
4705 7866
9734 3591
1947 9147
6762 828
3144 3601
8879 983
7790 3964
814 3543
2248 7816
8703 9576
7557 9128
9787 9000
1912 7761
8853 2229
8162 8660
99 53
7585 9244
810 5400
9645 7953
766 1764
6499 5502
577 7373
8360 1733
3968 8283
3346 8447
8199 163
4391 4755
1819 9956
9758 7015
9438 8928
4816 7578
5146 8436
2765 1739
5208 110
9727 9571
8810 2240
1665 6964
911 9244
3951 1366
510 5503
7678 3787
2679 3271
5310 8607
4052 7574
1347 1675
7663 5539
6316 4890
6612 1197
4434 3357
1287 6290
7810 6846
2370 3173
2568 5299
7731 6837
772 8448
9982 6852
1637 2507
3667 1290
8593 3433
4676 2572
9468 8858
9124 8523
1437 9750
264 7489
9153 7146
4586 7351
1794 2399
6044 9851
1561 4174
9691 1714
8646 5898
1445 8267
1662 6
6489 4752
1024 9143
2944 8220
7712 4790
9453 6466
5524 8718
9778 5042
1784 9085
4320 2107
1314 7337
3101 5500
4972 3499
1717 1784
9010 7705
3639 8455
9339 5918
3062 2327
9037 2506
6496 5625
41 7800
9356 1939
3628 3523
1423 7867
2881 8170
2363 6043
4272 6737
1414 9219
9785 4264
7008 2685
5919 1218
7643 8312
8742 5598
5930 2610
1663 4214
6683 3577
1484 7025
3280 4627
9823 4996
2921 3435
6924 6590
2986 5529
6233 7219
5447 4442
8780 133
2878 580
8646 9986
985 1227
7657 5866
4733 4960
9076 9288
6376 2335
7232 627
6967 5445
3551 2598
4545 9963
5169 7219
5164 1121
5312 5369
393 869
6279 5595
7654 6689
5740 1784
3608 1534
6307 3142
6699 3376
2959 7940
1138 5967
1346 4254
4023 2521
7254 923
7438 1652
5787 8481
1368 8851
6471 7207
6996 6254
5472 8053
9457 2746
2692 5522
1785 2765
8153 8413
8771 354
7366 3462
5490 8478
899 7093
8269 9367
6482 1460
4243 3175
1406 1174
2072 9948
6682 5488
4065 2114
5229 2869
8364 8564
7896 7760
697 7561
8601 9
4044 1778
6265 1313
5320 7024
9091 1569
5271 595
2019 8652
8181 9719
9 2911
5762 6394
3622 6170
2092 9830
473 1549
3115 5284
9620 9852
8160 937
3943 4560
3614 9817
3519 8841
3686 5319
9956 5173
2585 8256
6209 2596
2238 3231
7265 1188
7540 5175
4726 484
1320 8006
3494 6942
5053 909
8220 3594
4274 927
3471 2448
9871 1393
4111 1704
1191 5127
5222 2327
6028 8516
1462 5419
1891 4008
865 5321
278 4530
3193 7342
5530 5397
1593 8880
1112 8205
946 6881
4312 1316
6736 1465
58 9531
502 4027
2985 906
923 1577
4897 3771
6751 5976
5926 791
3625 3138
3902 3996
5099 1671
6540 7727
3553 3247
6320 8960
3413 3255
9206 9767
8671 5987
6196 979
1274 6475
9520 5193
8855 505
932 8383
4846 9523
1184 8209
816 1929
6708 7654
2332 1725
2116 7591
3108 2965
5371 3043
554 635
940 8265
4412 7049
488 9420
451 7861
9070 5164
530 7057
8571 6764
2538 4887
9136 7995
2612 8
6542 975
2886 5202
2808 4732
8039 2791
1401 9242
1150 2511
3100 2224
9548 5272
4403 1450
7001 836
2963 1988
3383 7368
2682 7485
3674 8839
4510 9943
7679 5527
3599 8199
8783 4098
591 6836
4595 3314
4902 5048
5158 1060
8890 7899
8105 7133
9263 4647
5290 8784
5344 2995
6756 512
142 23
5941 219
3617 56
5960 1093
9702 265
6059 4077
2514 7122
8191 58
4070 9305
6909 6344
9772 6985
799 9445
1103 1637
7066 2405
220 6736
4358 9902
6631 88
8781 614
4952 5830
3172 2738
5369 9318
8543 2439
8175 1350
326 2627
2645 9696
4977 3637
8525 6727
3186 530
221 7572
5645 3783
7470 7957
3829 1845
5209 2488
4949 7040
8863 3866
9905 6255
434 1704
5653 3970
3683 7721
7835 6026
5895 9424
7440 6710
9624 8204
4501 3535
2478 7371
5099 3111
6991 984
9106 3061
9705 4675
190 3686
4465 6929
5171 4598
7556 4448
1013 322
3139 1764
4269 3329
1711 849
3567 5362
4469 7996
8009 8956
785 7920
4190 1025
914 1564
1212 2387
2866 7718
8356 3820
8619 6321
5161 414
2048 5535
1720 9275
1918 3885
5705 7327
7680 9854
2988 9754
6944 9207
790 1446
8962 2504
8980 2485
6840 9405
4460 4661
6455 6647
1771 1540
2867 9354
9161 3581
6497 7778
6520 8642
5038 7623
1784 2726
1629 6608
5832 2826
8993 9257
1735 3291
1019 2286
5056 2862
6157 8549
5939 4597
584 6908
1390 1212
8593 2576
1803 5708
5750 3818
2193 6081
7533 8662
5825 394
6210 4871
3452 1784
8258 6988
4535 1693
6339 6739
9416 1773
7895 8818
5587 3833
6776 3668
593 3644
9989 7076
8047 7986
9213 7667
8251 4281
1440 9649
999 9527
8815 6692
3048 1536
908 4634
1308 304
2104 2232
6485 9002
1723 3578
5888 6059
7806 445
3478 8031
5542 2332
11 1732
3612 2618
8006 3389
3896 2102
1304 7219
5671 1002
2813 3093
8546 3598
8197 8441
5149 2569
2717 6410
8817 1784
3180 530
2908 5086
3087 6245
9343 2699
304 8569
7610 1850
4181 3025
6288 1721
1155 4166
5157 2497
5557 2394
8630 6668
3522 8773
5195 1843
5917 724
5878 3808
6753 6229
6861 3885
7390 5170
7405 7381
7568 4651
9515 2630
9243 2482
6844 6623
1670 7812
5963 4836
12 7230
3570 1186
9588 409
660 8333
5784 4933
3788 2192
6323 6885
792 742
5121 6580
7909 7440
2805 6767
5077 6648
6217 4633
5890 4876
1527 9533
4043 7779
5510 1010
6356 1745
6445 1873
8991 3738
8979 9141
2358 1459
5728 3708
5716 1103
6721 5321
560 6224
3369 5140
9744 7448
9536 4840
7951 8940
7017 4598
4466 1900
1495 7658
5505 8498
2509 9182
1736 2407
7465 2109
9409 2237
3439 8439
3530 5578
5308 3231
6438 5178
452 4674
6983 2297
5964 3360
9449 1784
8822 9265
9216 2229
5190 3649
918 1420
8391 2587
825 1612
6035 2256
9030 2308
6161 9710
6085 209
9360 8992
5463 680
1969 587
2151 89
9886 4508
4368 3394
8439 6928
1314 5379
9666 8636
9859 5314
7627 2319
4369 7009
1328 2411
4023 8168
9000 7374
7988 2621
1902 7165
8389 3081
4153 6965
2802 222
5408 7219
1940 5780
9118 7573
9299 3654
7435 1810
2222 4433
4973 9157
7604 7018
6785 4607
3652 6531
8545 4393
6083 1741
5529 7240
1784 1874
7115 3286
6033 730
8632 4780
6387 8121
1771 4133
3335 9373
5343 7982
4610 8046
374 1446
9307 7338
3351 9958
460 6567
8877 3072
779 7008
9401 1621
2064 3592
5031 6840
8204 8780
6464 4090
864 5210
7220 5732
3091 1429
2706 7593
1208 6832
1350 2879
8792 7905
1797 7366
9210 4735
5127 802
2188 1731
8402 8113
1197 4120
347 7183
380 3170
9023 9671
1784 3000
3577 4863
3934 187
978 4754
1107 9235
8363 2233
5382 8254
6628 7558
2225 7944
8355 5138
1199 3112
927 7080
9397 6917
9469 9446
7137 7941
5982 4965
256 5475
3220 4611
9821 8562
6480 7225
394 1537
4339 1103
4145 7953
7150 6646
1799 3335
2725 9845
2070 997
7964 7176
6569 3785
6427 4167
7162 5690
9812 5129
2658 7174
7946 1784
3867 4485
6360 1784
4975 3465
1418 2542
9668 5742
6173 7853
8735 4268
264 258
2225 2751
9110 9218
2747 5444
8043 2569
5532 2142
747 4932
6761 3514
2734 2917
6026 6753
9968 2481
9727 1547
694 9129
5234 7087
2019 2624
9592 3675
9179 3086
5233 9239
4810 7901
1784 8203
886 277
2361 7521
1411 5016
4135 6101
411 7866
4699 2363
6343 7698
691 7570
6337 6142
697 4130
3445 3833
5458 8288
453 6076
597 8872
5175 6864
9966 1363
4713 6537
9494 734
2132 1852
1055 3378
9509 3108
1950 9840
9801 7709
2131 3491
1988 8690
2282 5791
9937 7104
6773 5186
7852 9142
3504 526
6936 404
864 4301
6510 7239
9344 1907
3262 6050
1693 9781
348 3763
485 4478
506 254
3787 2623
8141 8776
1479 1772
4060 6866
697 4270
5972 8676
8955 3663
6211 6282
2226 3036
1004 3350
2076 890
1784 8188
5181 5924
1712 3427
354 2050
660 1873
2411 1354
7617 1554
7200 3966
4383 1550
5072 553
6528 9805
6088 9476
1811 190
3552 4374
8954 2394
1542 3288
9822 5162
2444 7717
700 5506
9014 1329
3008 2270
520 2670
7629 5114
9456 1122
5520 1528
8597 3193
8789 1784
1352 37
3257 7086
3278 9385
8397 2179
3248 6740
9844 6977
8990 254
6038 998
8483 5488
3628 2071
4182 5211
1016 1123
9742 9057
7964 6073
2773 3064
3955 5229
7741 9509
7948 8719
1075 5849
5464 1547
7140 2940
2121 8057
7786 9694
4934 4259
7887 8890
2712 855
990 4371
7533 539
4502 1508
5178 9531
211 2303
4000 3042
379 6969
3785 2259
9155 2388
1784 3948
4704 8288
72 6670
2737 524
718 5792
6481 3280
3032 7404
8243 8524
711 5227
4048 4518
8227 1994
3638 4680
4331 2973
7734 5867
6554 7039
8298 1976
7729 492
4592 2099
4297 9583
3679 2222
3134 7152
7305 2729
4784 9031
7556 5074
3418 2528
8484 6763
5040 2872
8595 5546
8398 1539
5875 4562
5175 3247
7663 7397
2301 3532
4684 548
4176 4161
5694 9586
1005 1487
2878 2637
6556 3213
957 4665
3512 1784
2319 5214
8609 2555
2069 7556
9303 6765
2357 7663
9301 5670
1518 7680
6724 9634
3906 4965
9642 4522
3751 3589
8598 3674
4384 9195
6863 9638
6045 3695
6317 6605
8787 8208
4102 9801
2921 6905
2181 2850
251 7749
3667 4401
3108 1424
993 8100
885 5511
9558 8416
8221 3490
617 4871
2347 5654
3672 3831
431 6340
3884 7500
183 9094
2186 1901
8193 8221
8801 9270
1446 463
9512 1397
7891 1774
4750 6778
6806 54
1933 7531
3350 9852
2462 1784
7597 605
9612 2855
8002 9302
9951 7086
3053 8510
4241 7842
3162 1579
3440 83
793 2482
116 9052
8021 1970
6844 751
9886 5619
3957 2523
7053 4087
62 2483
779 6717
8586 383
2577 3614
2435 6026
9680 7287
8393 4830
6633 9861
975 8018
9596 1500
9781 1876
2116 7684
480 174
7579 7634
8360 5981
4587 1243
6968 5276
8897 8512
5593 7699
1189 6325
9820 1383
3017 9508
1349 7610
2144 3650
7701 2702
8792 3581
9089 9717
2033 6313
6007 4476
7635 1586
6003 8995
1579 3463
146 578
8652 6210
7633 8760
9372 1953
5780 4685
9329 348
1618 6583
2893 2823
3683 8550
9389 8295
8356 5188
3864 9765
6977 6167
8881 3140
8698 2424
7601 2891
8246 262
2042 5234
6300 2100
8062 8805
837 5129
6104 948
7308 8545
1449 9817
3706 507
1094 6141
5420 4876
2155 8466
4668 1730
2835 3074
8145 690
4865 3131
7838 8949
6746 9660
3751 7835
3304 9835
583 4446
3107 848
719 8055
6873 2435
5552 3605
876 5991
1360 6935
941 1180
5898 1542
1305 5845
8486 1784
9815 6866
4258 3470
5613 2933
2419 4411
3372 6734
9144 8692
1939 5951
3893 3744
6182 1299
3095 7733
9136 3675
4315 1120
1849 1315
6239 7922
6450 1695
9148 8889
9300 7828
6208 6948
7577 2275
2049 4906
5148 147
3967 9221
5255 8523
4622 1524
6056 4504
5183 7929
2391 6844
4070 7348
8175 1934
1641 3159
9579 6497
1078 9945
4516 9424
9398 7072
7474 4232
4473 2272
9193 5388
6563 1784
8576 9687
8686 3353
971 4702
1151 2190
8655 8531
808 354
2825 6592
1266 8570
4030 4802
1943 2835
4833 1871
5395 1010
759 308
3280 988
8775 3976
2522 5888
3501 3910
3701 5144
3890 6362
5983 8623
2867 324
3238 9966
2908 8062
3887 1872
1057 8526
4253 7576
1020 4534
7799 6191
6833 2451
1065 1744
5355 7954
1079 9656
5637 4812
5819 296
6273 7050
3079 2406
6601 5171
3055 4017
5064 3855
1585 1167
4482 480
2926 2877
3015 6800
5208 2847
1594 9324
6410 3009
3585 2141
9352 7365
2287 4183
5365 739
2340 9570
1796 3425
8758 325
6538 9966
1077 4199
8026 3492
386 6012
3370 9106
6913 115
5022 4916
1464 576
8225 7871
5317 3408
3235 4684
8626 7975
6027 9486
4083 8036
2784 8079
7434 5633
2318 5714
258 1212
1799 7637
6088 9442
2374 7377
5970 9705
379 772
8725 7953
7597 998
5733 982
6731 1209
5188 1999
1784 2480
186 8102
3046 247
6070 5009
836 2262
2539 4147
2161 3350
1475 5651
7815 9995
18 9713
7651 7257
1846 4511
7446 1990
8654 6989
8006 6410
9111 327
4734 1718
6169 1179
599 2904
5033 2575
287 7915
4339 715
1475 3756
3239 9313
5634 4848
8840 4962
316 5286
4515 3413
9283 3020
7071 5261
4212 2280
2246 1899
6722 6489
9233 5846
8396 2541
3251 1443
7686 8638
3853 1422
938 5010
9335 289
8591 6146
5920 8557
2396 2194
216 1517
1818 6068
2712 8870
810 8921
4638 7199
7644 5612
2457 2464
258 8376
3078 6049
8892 4474
8538 6774
8716 4727
4874 4830
1935 9401
2851 3840
4348 1332
34 5648
9226 3994
679 5723
1147 8725
6937 2689
5263 7667
2809 8898
8397 4609
8262 6260
8859 5974
4072 8357
5358 7638
8652 712
5423 9436
5481 8488
5100 6635
1065 6979
3941 5455
2793 2099
9767 7394
175 1829
3171 3581
5899 3108
6802 1294
569 5433
5071 2772
5043 3368
2695 8079
6779 6580
4652 6939
3095 94
8480 975
4067 2907
3390 3287
2903 855
2608 7728
2606 5745
9018 4585
4560 1414
8632 2923
7962 6595
757 7790
8103 8359
9733 8872
8177 6062
4761 5147
4654 4644
1699 5857
2767 7941
5662 73
9462 4785
4419 1074
2214 6834
6820 3876
6927 5346
7442 5381
1921 4589
8669 1375
4889 7384
5224 1632
217 8010
6740 6453
5577 7671
2340 4922
308 5590
409 138
8594 4091
6536 6039
2752 3243
8519 6622
3346 6851
2063 1898
4608 6218
6558 720
917 3485
8134 58
9157 4066
5041 1176
4470 5188
254 7940
2424 6819
2353 1784
2109 3486
8615 7814
4805 483
1505 9406
5655 8731
9941 1981
9660 1761
9971 8777
2282 489
5868 7397
3706 1668
4397 2166
8604 5485
8145 4226
6730 906
3872 7222
4150 9578
9962 2891
9610 1313
2985 8266
8881 6570
9415 3886
6530 8346
7332 2704
3610 1496
631 3803
9800 2623
8874 3312
8133 3667
9376 658
6925 9548
3659 6609
7404 2638
3574 3546
8620 4437
337 7891
8313 9225
8707 5155
5521 8632
5105 3031
6054 3499
1986 9858
9716 1118
2504 9817
4196 5755
3197 4789
3140 5585
7584 6499
8810 424
1199 9383
4408 8933
2302 6088
3037 5287
7207 7997
6970 8407
6245 1740
8441 7396
7041 5065
9678 6752
3768 9935
9705 4207
4987 8914
7088 5979
5226 2207
870 9115
1335 8958
8420 8915
4369 1822
4349 7148
6307 2084
2322 7270
9316 3460
5220 5037
895 6655
3825 9726
1068 1784
5384 7494
1681 3807
7715 5403
9955 2849
1784 2440
9044 2689
5763 6279
6498 1065
110 6206
547 1508
9575 312
9465 1784
8911 4377
6558 6685
9179 1564
4333 2571
8605 9742
8560 6436
7970 5305
1127 8685
2371 8383
7714 8572
8595 5515
6744 6216
6556 8458
6044 8453
7772 4375
2952 9290
704 6384
398 6177
4795 321
170 4333
1246 2656
5461 2006
8419 3308
9020 6952
4392 9704
7395 4077
5627 1039
182 5280
3484 2182
876 2189
3294 9380
1991 1973
1669 6795
6467 4445
5448 5804
4991 5503
2947 5852
8948 1624
4319 4114
7135 5756
1784 3811
5819 1845
8884 4738
9323 6440
5118 1463
5311 325
8426 940
5435 9889
3296 5992
9584 1763
208 9222
9894 6359
4031 6427
973 9874
3594 8412
4862 8762
6504 7491
8058 8012
3589 374
492 1784
2483 920
8038 1076
8285 298
2154 2375
1881 1784
5165 3789
1948 3587
2538 7353
2314 8588
1943 9802
7480 2149
1103 1258
930 8966
1784 698
6894 7659
9359 1759
567 2026
5445 1465
942 5678
8417 2000
1955 6920
3182 3146
9619 8113
8196 5006
7925 7413
6026 784
3169 8153
4472 6338
4067 9585
2647 1384
9674 6049
7350 8065
1110 7583
5957 344
6317 1913
7426 6493
9033 6840
3270 8430
5448 3236
6633 1580
1573 1172
7652 238
2939 6091
3957 2622
339 463
670 5452
4071 3986
9010 2039
4366 5563
6088 9989
7334 4956
4375 8316
2312 3954
6474 4577
2643 5179
7864 2270
5721 31
6382 5412
3159 4476
2852 8237
1319 4869
1756 8346
8818 8944
4235 1784
630 357
6604 1807
1277 4643
302 8619
2648 5864
1037 7996
6824 9152
4890 7921
1374 5813
6598 1784
8902 4701
2845 6179
3136 5940
9418 6581
7351 1159
9418 4482
1254 4858
5750 6582
5315 4209
8535 9259
9565 9487
4236 8006
3518 40
3182 9280
2280 3048
4345 1178
8778 9106
9132 1731
1595 9609
5517 5637
3370 7371
6953 7607
5533 3826
8734 1002
2043 1808
8589 2752
5112 8657
3595 5688
274 8787
2215 7665
3523 9771
9056 1869
5922 7662
9489 9260
4327 6212
9911 7525
6755 6661
2178 804
3727 5417
9606 1760
9506 4731
9579 9912
4598 763
8399 1680
6327 1786
4940 3383
2659 8475
4012 1345
1992 9671
202 5139
6680 9498
1468 6110
8753 7629
4502 1837
2167 7257
8652 2015
4426 1647
9651 3727
8650 6551
4352 8773
3305 3497
4577 6422
4716 7804
9792 3062
3433 1602
3015 1168
2222 4930
1763 2559
9090 4464
9304 2808
3919 8894
7233 130
9907 5744
6595 3792
723 7880
6940 4702
7000 6893
7895 4216
1601 9327
6359 6533
791 6078
1636 1784
9830 9404
368 2131
4428 4540
1961 1074
1174 5898
8150 8623
9176 8666
9502 4288
6470 4356
9520 3487
8738 933
924 2207
1484 8102
5065 9952
335 7554
898 4428
3751 2217
878 8816
2133 778
7284 283
4447 1651
624 5643
5995 4894
435 3522
5589 9836
5386 3009
4810 3261
9054 4244
4876 1279
9602 6210
4287 9345
1784 5278
581 6281
8981 4628
5201 3487
4673 9197
6705 1445
8389 4619
3878 1006
748 8140
4272 817
5402 275
4088 2921
4060 8291
1976 2533
5407 9502
1784 9711
6288 308
7293 6652
6681 2896
9896 1704
4504 3789
470 1353
6314 9097
9039 8799
4344 8110
9429 5836
2615 7902
3220 9947
6545 6561
4898 330
8270 3438
5586 2770
8151 9061
1178 5041
1784 2292
4611 446
3683 9289
1997 4357
6682 9479
8787 2474
4466 4727
2386 4645
8765 956
9339 5847
1784 2420
3217 6062
9817 5503
3391 6786
5351 5429
8606 3398
6980 428
9627 6793
9342 2329
6380 535
4528 2324
1784 9322
6677 6905
7036 2065
4495 1784
3832 3764
1598 8198
5432 8785
1698 9700
8382 3488
2285 2767
2409 4975
5111 3545
9395 2423
9577 2768
9603 6266
1489 683
1438 5228
2349 3280
1192 8394
9168 6968
3877 1329
8721 6386
6329 3455
8079 794
1498 6579
3405 5862
3835 245
2191 9529
8032 5958
7131 6941
1433 3647
9797 6703
9452 3829
3496 2338
1768 8067
9596 6347
9602 9818
8509 2138
8835 9232
140 7342
4062 1076
5904 851
83 6914
6051 4141
9955 1308
6734 3345
4038 3568
762 608
1869 1289
8214 8310
1444 7685
1443 6422
9572 1336
3354 7
4647 6132
2914 2723
8169 3562
3192 2636
6950 8320
9922 2454
3815 851
1482 2744
471 9646
7267 2061
5331 2246
5364 9781
906 6040
6646 4406
536 1898
1042 1701
9754 91
8139 6182
9561 9221
9778 9893
5009 1721
8916 764
5611 8987
9566 3094
5437 9352
1921 1990
3250 8212
9826 1004
1775 9028
5949 1902
5941 8505
9437 5967
6608 4953
478 2020
288 9365
3915 7654
3035 2154
7252 1194
537 3413
3819 9535
4602 7627
7121 241
9534 4798
819 8165
4849 2055
998 6614
1309 8959
7929 2155
6298 6361
3786 7615
