9987 9986 11546591785258877 8683 5
6315 3563
2342 1562
6178 1717
4124 3696
5284 2711
2342 8715
4447 6977
1460 8507
2266 6451
8348 8131
2968 2868
9238 3066
9348 3345
2342 9314
6958 9235
4803 7282
2513 4624
1499 3815
5442 6039
405 3466
801 8909
2342 7719
3898 521
436 7584
1987 5691
9965 2878
2342 500
7230 5607
9595 4825
9158 8516
3886 9105
8803 2239
6850 7879
5715 4961
4255 9224
169 3880
6302 3206
3636 7337
2342 6617
1663 9362
6924 1676
6980 1477
8968 1517
8849 2180
6384 445
6889 8327
9083 4060
6331 2917
3220 1747
7718 2213
6414 8789
6513 9259
2342 897
5617 3879
2418 8093
998 4700
7844 3056
7175 2042
9773 1758
3548 2342
9481 9554
1200 2342
5614 4658
3705 3373
2342 8769
1553 3472
1980 4836
8119 3077
1479 7458
2342 4153
7942 9788
2342 6646
1136 9945
8280 1412
7891 5089
2107 2644
3786 7051
2342 1819
5658 8495
2120 421
3816 9479
1267 5786
2849 4347
5272 7992
6198 6895
9595 7703
8653 7180
9925 8907
2342 3853
3692 4424
4213 4259
4470 9780
6842 6828
1163 1579
3060 7954
6194 3783
5996 9437
6165 5857
5266 4238
1574 8712
9107 1193
2068 5283
1856 4461
9144 2054
215 5631
743 5174
9064 6642
7375 3333
4923 687
1917 975
2414 3610
5566 4649
7549 2675
1678 3655
5029 1637
1650 4432
6701 2561
7772 7588
4770 3155
4740 7620
6318 6946
2342 1038
1025 7697
199 1149
3676 1143
171 8526
7825 7519
1162 6933
9220 2926
6652 7771
1101 7872
2342 9677
5271 5193
6324 1062
6221 7687
4164 7044
9943 2037
7909 355
6948 9145
6201 4664
5791 2134
3047 2154
2342 9171
6460 2501
3059 6596
6345 9384
2138 680
2342 4150
1223 1951
7614 6129
8172 4205
6507 5414
2813 8374
7680 5544
1423 2722
6332 6494
2342 5563
9219 4144
7420 4733
1291 3272
3360 2342
1106 8998
4573 3710
6557 3069
8453 1187
6196 2092
2652 5715
3754 3300
3190 5887
4676 8782
1500 3806
3127 5564
798 5257
4159 431
3644 3228
821 2464
8861 3865
9933 7855
2047 6490
8779 92
7390 8785
3825 5322
6681 719
6441 7910
2342 7649
8348 9471
4367 6043
5589 7984
6542 3187
1766 9213
775 6478
8377 8273
8741 3312
425 8007
6757 7659
9966 7481
3183 4457
172 2726
5575 2342
6937 8765
2512 1832
9514 9278
8139 9877
3182 1018
7832 106
6488 6605
8326 2551
8770 7525
5797 6405
3863 1215
4419 1664
7143 1312
1396 4399
9048 1233
3116 1931
6323 9325
7342 5660
1786 4758
7796 1941
6712 8854
8762 7555
3698 2491
8199 1020
2757 2481
7618 4235
673 7989
2913 6738
9113 385
2315 3377
1361 5088
5613 1299
6134 8368
5661 2952
9296 1960
4229 6895
8281 8253
207 3720
8307 503
1598 4440
816 4459
7901 693
8274 9564
9883 5526
6145 7301
8167 731
1225 9455
7521 3839
2342 6294
5463 1544
5861 4413
7662 7987
6317 6565
3048 2454
237 6510
7246 7286
8669 748
2342 1551
7662 5898
8676 2342
8062 1353
1097 3386
9678 528
5518 2538
7691 8744
893 5752
2342 9407
5516 7093
974 6839
1191 3883
1537 804
6633 9441
1884 2622
1838 5946
3215 9902
2613 6480
6366 5408
2919 6037
7462 3030
5568 8016
4795 1638
2342 2343
4608 6964
8537 2861
6355 9881
8648 6949
6878 2469
6388 2356
2342 6717
4566 8939
3831 9912
2088 9238
8652 2066
2189 6542
7669 7031
487 5317
3317 2912
4174 6791
2767 5493
6052 357
9446 6205
4165 8933
7070 9311
324 2756
9751 9488
7153 9651
8461 9036
6511 2674
4734 3507
4869 1665
8 5943
5223 5653
295 3390
9062 2158
2342 5192
3196 7699
6006 7446
1992 116
9157 495
6018 8566
6364 735
7875 1262
6440 1196
7832 2342
860 4677
8907 9427
4527 5720
2342 1158
7676 2962
7932 2133
7737 6936
386 547
3473 8425
3660 5934
2342 1171
2298 762
3969 3023
2342 1579
8409 4479
8805 9718
2342 3991
3844 8874
2704 4665
9404 1211
7831 9071
7688 1582
4204 3709
8775 1409
2006 4114
1025 8912
9126 1262
103 5584
6554 7878
8794 1549
4505 3963
4445 2331
1564 5830
5089 2342
2342 941
6086 5181
4930 8729
2342 5812
4611 3309
2342 5826
9192 2927
9501 9283
6679 7093
7226 8480
15 3319
7202 1742
2683 9650
8798 2342
2234 3624
2342 7145
6154 1095
8251 6250
8207 4182
178 1487
2873 150
4952 292
9909 1803
1407 8348
6678 417
8530 4165
6832 6643
5644 7881
225 2342
7812 8680
7005 6588
6243 2199
5500 2342
4321 6214
2843 9320
8145 3065
7522 889
9636 7803
7053 7225
8730 937
8749 223
7167 9095
2730 5837
282 1856
595 9799
1283 101
2342 1827
5884 5736
5319 7961
6616 893
5429 1839
1741 9095
9509 4959
1790 9863
418 6782
8649 8400
6853 5330
6951 243
6358 2342
8164 8880
4503 9537
2342 313
3559 9368
4333 8376
7638 4
3782 8902
2389 2342
9384 6995
1414 9827
7664 4465
5046 3873
4585 1099
4571 4373
9039 1444
1245 9341
5569 5992
9350 2342
9646 683
934 9365
1701 3608
5824 5579
5086 5170
5123 5255
237 6961
9512 9401
3757 2655
7206 5452
6096 4661
8600 3919
5508 1963
6031 7370
9771 5882
8296 4548
8534 739
9316 8204
7880 4610
4380 8701
7043 3778
6767 5280
2013 3079
8246 2643
2342 9719
1402 8422
2405 7965
6543 2949
7162 7849
4306 6992
7666 8435
2760 30
1119 1495
8887 3321
8493 2756
4348 5974
4121 3554
6406 5659
7386 9449
1761 684
1040 9013
6583 1551
4944 2234
1351 2342
2802 321
7120 2029
828 837
4635 850
1655 2342
6322 1000
7186 7307
2050 2968
5763 7150
1283 9186
9267 4352
8295 5337
800 7197
7020 736
5288 4424
511 1273
6353 2728
1145 494
4623 8644
6751 5944
4211 1981
4688 7040
2616 405
4998 3728
83 5574
8904 4914
290 4530
2859 4568
3644 5629
3747 9202
4601 9745
9174 4518
4010 9812
4710 5777
1871 8918
825 1802
4986 7246
5194 9343
5657 8217
945 8301
2416 3049
4263 3344
2105 3463
4516 6232
9056 2342
8013 3689
8905 7306
8885 9474
1625 6036
5525 2088
2012 7818
184 7658
7706 9026
32 1592
2708 9460
3422 8444
6090 2343
1224 5175
69 2342
5184 2342
4742 6854
1968 1477
449 1042
5671 7140
1671 6684
1534 1680
6661 4389
1893 3862
2215 8186
6112 7123
4084 4864
8952 3036
5084 5382
3145 8370
8906 3719
9086 2808
9561 2447
26 5813
8068 2342
6219 3151
3972 6273
5669 1953
1541 6928
4259 9254
1797 7369
2898 6414
813 9550
1156 2342
2643 6265
7775 4746
4252 146
3851 7331
585 1661
1686 2342
3230 5688
1960 7136
1799 3354
7524 6005
6301 6339
1568 7083
4076 5524
153 2396
9738 71
3090 1611
2260 9723
7129 1556
783 3058
5969 3864
9900 8550
871 4546
6054 2069
8034 6166
1076 9962
1066 6606
1911 162
7359 3932
3215 6267
9507 5164
9672 7151
251 1150
5738 2342
795 6930
1209 2529
1673 5957
1687 2119
1293 9031
2136 7203
6188 50
9387 7230
2289 5709
4298 2342
1657 4209
6411 1483
6184 3784
2556 6784
8434 7919
3231 4704
1362 8968
2596 1779
8655 2342
833 5135
4355 2941
1763 2095
1069 697
3917 8230
6444 202
8595 1464
968 9115
197 2673
3017 524
9639 4378
1616 9120
1354 790
3920 3510
6471 4514
8287 8992
1525 8931
2241 2342
1861 7876
1670 5234
7184 4060
1172 2488
3602 7120
9947 6402
2681 7613
2281 962
149 9744
2342 5641
4781 1545
8984 3595
8159 4676
8077 6908
2342 1746
5458 2911
9355 2127
9377 8023
6921 3331
4105 2342
3750 6722
971 5423
3748 802
9226 5762
5188 4143
2342 3726
2393 1238
3487 7271
4710 828
824 990
5915 8383
2455 2342
2342 6966
1867 9245
5823 1427
2543 4325
903 4908
3925 1288
1356 8481
476 835
9383 2277
6604 8531
2342 9720
5567 7937
1784 4993
3041 9128
1899 3048
7321 2986
3229 4897
2204 5984
2839 7773
6563 8342
5354 846
3485 2342
5072 2241
1646 3062
4728 5036
3824 8545
8371 5922
5753 206
5295 7663
1085 3080
9516 5765
210 1102
2201 5932
4202 8529
5569 5236
2100 5488
2605 4163
121 4741
8711 9924
7889 8627
179 1175
9452 82
4678 785
1527 5599
59 8944
7853 7546
1380 288
9552 6823
486 3671
61 2175
6171 9177
5408 2342
3083 4301
2342 1932
8838 2342
5180 7943
6040 8362
6197 1133
9937 4095
9832 3211
4392 4936
8509 2451
2637 6108
8255 878
2342 4675
1052 3967
441 9429
6986 1735
1142 4145
5772 7045
9723 3583
7816 1968
880 3486
7958 7674
6222 5689
1006 2342
5162 1100
5940 496
4126 3821
5710 2453
3089 7071
6084 7288
3357 1013
9326 5679
4400 3848
1138 5150
6496 9820
3961 2048
4478 8677
6783 6730
3293 7553
3339 2342
7241 9777
2321 21
1054 6689
5475 5077
5538 9693
631 4432
6559 9331
9478 827
6773 3126
5231 8615
6733 6556
1574 7941
3625 81
3114 2639
7451 9958
9413 6474
6846 5833
6969 2701
5130 9543
8523 3833
1082 8593
7266 1524
8853 3543
7192 4864
7103 5338
7292 518
3431 1802
2222 7444
9530 4410
2419 6820
6376 1548
9169 7431
7437 28
9384 6524
9056 8318
177 7341
8869 6013
4436 1996
5774 7616
9656 7041
7259 6105
9828 139
3890 4355
5741 9912
6604 5260
2662 5718
4575 851
7506 5681
2849 3556
201 6871
5616 9574
9822 2742
308 4702
3927 6972
8095 2342
2801 3451
346 5177
3012 665
6056 3799
8176 3294
7878 8282
4067 3986
5147 4994
5897 7960
6934 1588
7119 7018
1865 7988
7512 9815
4081 8859
5676 6362
3082 6442
207 4522
4875 2346
6906 2342
219 5854
766 4854
3188 8386
5488 7786
8050 5014
792 2342
2191 5141
9265 9263
9528 8446
5623 1924
8312 2035
7145 2423
2955 6950
3311 3987
6755 3136
5987 9733
5069 4901
2929 5948
2306 756
4155 6524
4713 3010
9931 6410
6320 3410
8291 4748
9283 7609
77 404
2230 7244
5082 2666
7519 8942
2131 8405
4939 3318
2640 6894
3760 2365
8950 5682
6345 4455
2816 3777
4949 5355
3014 9600
2314 5752
8539 3848
4557 3596
2342 4097
2342 5165
7971 4229
97 9253
7417 4545
4760 258
6084 6259
4753 4878
3324 2874
8104 3654
560 4554
8665 6141
3416 6870
38 4746
4643 1619
8434 8407
2342 3502
4990 2390
5914 1328
4021 5305
4788 5587
2879 1326
8843 9617
196 5592
9582 2026
4273 7152
5837 8901
3226 1180
3490 8043
6543 2040
3838 3274
8071 2071
8915 9271
3227 7487
6377 2451
4166 3691
5159 5310
1268 1037
8638 7646
7168 7017
368 7389
3722 4281
4836 7772
9536 5950
6277 3097
3659 1955
3776 9314
9730 4083
4178 7064
9379 157
4144 8240
5831 7027
2163 3900
344 2366
3068 2149
8967 2896
6719 1727
8829 5859
4750 5919
4964 4986
2672 9629
1636 9580
2342 2080
9948 5427
706 3613
1572 5275
9398 5551
1875 1184
897 6732
1594 2342
3075 1394
1132 2118
8193 2567
3819 2960
5678 9772
4606 1594
8155 5695
4835 5096
4871 1234
1495 8375
9944 7053
3380 6638
8433 7322
3404 2342
7623 1693
562 2023
6789 6929
5074 3538
7703 3419
8044 1582
9242 8488
1954 9675
452 2881
4778 1181
4040 6653
7374 6268
6847 2592
4999 4637
4661 793
6327 2396
610 7398
4885 7312
6940 5550
2400 20
5518 8553
523 9946
8947 166
4662 7294
1608 3115
6554 4525
3536 418
8982 3660
5909 4137
5803 2877
7606 327
6382 1859
4323 8413
4181 7751
6195 885
7820 5845
3786 6189
3571 9511
369 5068
9700 5371
4046 174
8072 1088
9967 670
4768 2671
8234 5105
9211 3411
6618 9527
7104 3971
3247 5243
6244 8972
2342 9108
6347 2846
3194 4882
3710 1970
8801 5353
4030 8818
3363 2483
9584 948
20 3947
4169 4233
9085 2368
2342 6826
7124 8242
704 7412
575 7079
5421 2342
7919 2912
4548 7568
5850 8706
8520 3348
4834 6877
8455 3430
9411 609
5665 4473
7280 6467
2724 7154
4506 122
4227 3239
6978 7361
288 4356
6303 1001
9907 6945
2157 532
5530 8806
9659 5822
6487 8449
7905 7539
493 4626
7529 2342
9010 5067
1051 5886
208 554
5273 9059
3841 2342
1766 8763
2228 5653
2663 7433
1702 413
2412 9557
9442 4517
1203 5320
7875 3586
5941 1473
5178 411
3696 6372
6754 5788
3461 8716
7945 8997
7403 3818
1956 3964
7303 7805
5976 6809
5978 25
3704 5608
4142 2342
8885 6146
4454 1115
8238 5093
8233 7268
6837 51
3685 2137
8494 9556
9131 3003
1416 9250
1517 9201
5715 2636
939 5185
9639 9393
2342 5234
1074 9835
4789 1110
992 6660
7586 2911
6470 8458
1043 151
4887 3519
6373 4496
7526 8520
9282 2955
6095 8323
2342 4768
4868 5294
1968 4580
1543 8121
9602 9845
4262 2311
5767 4681
461 5166
254 3634
1002 7852
1979 8303
7581 2008
9463 3586
4820 2913
973 4268
9976 5292
2342 843
2953 1074
3072 6099
7818 1462
9611 1188
2863 381
1668 4250
6257 9267
55 1377
3913 5545
3505 2294
5928 3496
7639 8893
9191 1135
8035 8431
8699 7983
3887 9490
3365 3844
9380 9297
8290 2804
3512 2035
9122 641
2342 8932
8850 2903
8571 2342
396 3988
8338 9925
8108 1455
305 3564
9447 9369
2353 4161
3279 5648
8348 2644
799 9819
9740 3173
2849 2527
2378 1476
8739 4238
3640 6156
3653 5287
8846 9290
5300 78
9306 7487
5681 157
7185 1370
536 7540
9838 14
970 8218
7913 1876
8572 7830
1847 4148
200 62
1098 2
3851 1807
1815 5380
2342 8406
3344 8038
5396 8440
7710 6182
3503 8367
9586 8632
8958 3190
9868 5528
2342 1704
7166 3387
8469 2342
5100 4580
9496 2342
6173 6724
6279 9225
466 7141
2875 5139
5713 2342
4915 6385
2342 1327
1895 2342
2342 4889
353 9139
5356 9911
9914 710
2591 1688
3352 5101
235 9279
185 7141
7900 5372
6777 4377
1023 4267
5989 2342
2342 7652
3539 2778
7174 8800
3399 1708
4041 8976
869 3109
5381 9073
5081 5742
7473 2964
1155 7129
8119 8317
7450 58
1045 3566
2369 986
7822 864
1285 6464
8539 8209
6661 3221
9840 6614
7002 6798
2798 4272
6398 4798
8475 8797
4884 6591
3435 6419
367 1382
7967 6481
7718 7976
8300 8852
1327 5164
1410 72
6686 7156
6892 1968
388 4186
8820 5622
8065 8552
7758 931
5404 5992
3870 8986
8132 7595
3498 2443
6309 5322
1787 2627
1515 6645
891 9824
4364 7109
5851 2342
7933 5702
9216 7957
3639 2579
3288 4603
7454 8506
1786 255
8740 4193
88 8526
9554 7164
6893 9057
7865 4443
6429 9003
1531 7747
844 3516
5771 6974
4016 4866
1217 565
3795 2701
1859 3345
1958 7753
7926 7839
5274 6229
999 2342
1835 7425
1399 2174
1222 7883
2947 181
740 2342
3389 9499
9508 3425
2342 6834
7737 369
4992 5787
4640 1963
1331 7969
3805 8041
1104 2333
2385 764
71 2423
5380 7874
7173 8748
5233 9280
9105 5878
4457 1516
8147 3092
9938 8950
6876 4958
2342 4719
6425 6478
3217 884
2977 6104
2342 1342
8115 7116
6682 5818
7680 6518
3956 2266
1811 8432
4992 8576
9732 938
2718 8995
286 1947
9446 8758
6516 5565
5597 2016
6421 9286
3737 7647
6912 4948
2773 9628
7875 6128
7668 1418
26 4756
9391 8155
5628 352
8102 5898
1494 5388
9660 547
2342 1657
2342 7218
1475 3162
6923 4670
8049 1861
4694 5748
836 1862
4267 8642
2342 434
7124 3528
1285 7301
6020 5883
310 3231
5971 1045
2468 2342
451 8925
7820 3901
830 6031
3466 933
8122 8594
6271 6550
3235 3248
7067 8584
8700 2542
8011 8588
6495 6297
2495 5133
7387 3091
6215 3944
9794 2342
4127 847
5867 3879
8856 2661
9678 7369
9116 7641
6534 5827
1466 1945
7310 5043
574 9406
5597 7694
677 8363
2139 7095
8903 2342
9522 2670
2770 3769
9897 4960
4521 7297
3389 6969
1305 8159
2308 5728
2140 7582
9977 7508
5560 3672
2829 299
2634 6028
167 5973
7592 1829
2994 1560
6756 1716
4888 7805
3800 9959
8024 5449
4707 2714
2034 7838
3278 202
837 4817
2114 5529
7702 8458
6835 9613
4195 7042
4640 243
5621 4932
6868 2285
3852 6335
9036 2342
702 7576
3358 1889
4131 3655
2640 4173
9612 9359
8923 5635
6089 3583
6399 9711
6787 8973
5342 744
7015 2342
3065 5235
6851 1605
6198 603
6292 4590
3329 7864
4439 2198
1117 6497
2342 4551
1761 9304
1350 3809
2031 9515
627 1799
8265 5190
3103 5065
2104 454
9609 4388
2957 1717
8979 8565
917 7254
6795 8003
8056 1837
3552 8681
9722 8019
5109 5838
4030 2848
7298 5369
8406 6262
7821 3721
4236 4184
4081 9044
4236 1240
1360 2342
8084 3744
6737 681
2107 8585
741 9940
3146 178
94 9111
437 3603
9239 9524
9804 5512
2342 254
9878 7871
4031 6509
1192 4326
2093 45
3601 5141
8418 2342
1967 1561
1535 3921
9425 9112
4879 8836
850 1774
1590 8326
2342 4534
2264 7052
2342 4200
748 9669
6103 5046
8487 1151
4089 1153
6860 5061
7409 5612
6203 5936
2528 8219
4126 2583
5917 8174
9423 8760
4296 6942
3868 2425
3993 7897
347 1229
5886 1101
7907 7414
8629 4873
7746 24
2057 4316
9497 1696
6537 994
1613 5295
662 2402
2342 4461
5106 1017
1326 4209
4647 2108
7017 1457
7178 1870
8807 9763
8049 6630
5739 8372
8056 7284
1065 3166
9841 3750
8881 728
8191 7800
7091 2631
1371 8822
8687 2733
8921 6037
8575 1899
3042 2342
5644 7993
3264 7766
2845 7583
3922 2346
6285 9701
4983 8282
1271 8173
6623 2996
2476 2812
9563 9529
6917 2775
2529 652
815 4518
3855 8583
993 2741
9791 3832
5246 9443
1284 4849
4114 9206
681 6358
930 8508
5426 1812
5027 341
3192 8690
4216 8868
9872 5091
3937 2535
1843 2342
3004 2342
5536 3808
5367 7269
9420 3268
3252 9791
9310 6109
2342 364
2342 9527
5013 8133
7845 2342
608 9667
8969 1334
2342 1820
3764 9403
5112 3907
3007 8091
9809 5841
1418 1612
2342 6710
3303 1
2342 2752
5296 4101
5010 7209
1122 8774
2737 1287
837 8613
4446 2342
500 9387
4332 7837
4673 7536
5455 5706
1035 1589
6555 185
2395 2583
5184 5342
3106 6439
995 707
7588 7635
5714 3690
1014 5627
3327 5787
9495 8739
8521 3565
6760 7190
8477 7571
1142 9251
4215 1294
2540 8815
8768 8397
1959 7960
8413 9665
6873 5295
1850 8286
6043 7542
8723 8141
1199 4699
6557 2794
1248 3853
2409 8633
9004 3714
5906 4659
2800 4811
7738 4188
8524 1429
5084 7410
4114 9552
6773 1614
860 9049
3476 2342
2937 8978
2342 9555
4450 8321
7554 4671
2096 8879
4508 1936
5051 3232
1635 4743
165 4858
2342 4315
4976 3966
4480 7211
9201 8713
5638 7501
6204 8651
8328 6320
2342 4495
8709 1301
5429 9581
5252 2342
812 3189
5235 8954
5251 3319
6691 2342
2632 8552
963 8173
477 704
498 5245
6444 291
8858 3443
8394 971
1963 9797
9714 6453
6344 4905
3882 4306
878 7446
6656 148
5915 4485
9336 5623
2342 9323
2125 2418
2431 7023
7768 4979
2342 6768
3244 7921
4101 11
4612 9845
8858 2342
9864 1801
2253 5521
4035 5306
7314 4614
9649 2484
9452 5214
5997 2677
6131 4657
905 8370
480 7580
3044 935
8679 6819
5970 4104
2948 1785
464 9140
7637 6484
1623 6758
9564 4221
4650 2914
2231 9544
583 4582
1048 6471
2873 3866
7305 9939
8453 2342
2223 5128
4896 2342
1674 1207
9393 9331
5419 9808
6208 2194
7021 2515
9261 3883
2342 3898
2459 1423
6323 7236
4579 3540
2632 3445
8558 9529
2039 4260
9162 9203
6173 2193
7169 6886
5555 2986
1683 9009
8005 7311
5135 7520
1346 5179
9955 1506
777 3491
4070 2638
7352 1107
3735 3436
8283 8678
5520 9597
7993 888
3664 1210
4821 9947
2456 8776
5189 7261
4772 9929
9053 6056
2464 9668
6829 2380
4317 963
1934 2690
3233 7840
6299 9136
2544 4266
8483 4948
2009 9142
5900 4474
2067 7224
3528 7397
5222 3701
4702 3121
9384 1934
8529 144
1627 6538
3284 3088
426 8353
7875 4640
92 6890
7078 8639
9495 4409
9003 2310
2342 6016
2810 998
8210 1278
7177 3163
9505 9691
7317 1591
2342 2227
9471 9484
9588 6743
7597 6420
2342 4420
1364 7054
4251 594
6150 9974
4801 6601
4922 9605
5385 6463
4719 1369
7583 5366
7668 3322
6546 5685
4246 5079
4157 7223
4305 3482
7792 7313
3417 3656
3895 1836
6876 5336
1237 2278
8641 7640
5983 797
8122 9089
2342 8834
8515 1147
3662 3733
1877 7482
1708 2342
86 2783
5286 9422
9777 5254
2342 7835
5122 2289
8796 2280
2342 6528
4773 8512
444 4024
8926 9695
3514 3811
9209 3976
1610 7214
2970 9940
3964 17
9100 7708
4592 2622
5924 584
4047 3255
8036 2983
7505 7389
6981 8832
1738 6858
6836 1198
1384 4872
8737 4185
1901 4941
3941 8784
1669 2136
2342 6690
8141 3267
2487 9378
7353 5924
1428 6128
5745 2022
7110 8021
8094 4061
1218 5656
9357 7009
7088 129
6366 1812
8953 1267
912 277
1718 9340
808 8912
412 9549
9304 5930
3553 4622
9227 4906
5098 4113
9982 2233
8179 125
4141 2056
146 827
2342 7135
2633 9932
3656 930
9101 6031
7063 7404
3106 117
8333 6975
989 1309
1492 9147
8848 8985
4943 8403
4196 2474
3203 9123
5144 5641
6278 3093
2342 4237
4991 645
8871 187
298 3729
4934 2342
2733 4522
4918 6772
9361 7061
7077 8810
4001 7295
12 2304
9341 6318
4161 4799
5571 2238
2115 2045
6103 6970
6492 4634
5373 7068
1413 339
8471 2342
6233 7442
8315 3909
5686 2837
4977 3508
2781 403
2532 2354
8567 2262
9037 4748
1631 170
810 5424
6308 757
7296 478
5856 2060
1082 203
4462 7328
6191 8262
7557 3029
1026 3224
7130 3765
5324 8579
8901 7600
6380 3775
5101 8202
3125 5204
6564 1152
7158 612
9784 7730
8311 3035
9012 1961
770 1651
3675 6934
3808 486
8256 120
2342 698
5303 1600
8309 2342
9499 2
6640 1128
4970 3717
8764 9482
3713 8565
9206 173
3340 9963
2382 1320
6943 730
7009 6864
5610 1684
2342 2893
2342 3276
721 7507
6100 1773
1373 6038
8817 7815
8063 42
5730 714
4610 2342
293 9909
4279 236
2832 8200
3243 3927
3060 5499
4467 2317
1439 2878
4513 4153
6726 5735
4953 6761
6211 7445
9304 7978
8206 7287
1432 2342
4717 7210
6461 2139
9674 9418
7153 5790
7447 9688
1452 1849
8395 1476
9743 3981
3437 874
8257 6388
3416 553
4500 2894
1814 1197
3419 3793
699 6549
6160 6900
3204 7101
6855 8750
1965 5782
8448 9883
1275 9867
886 558
4358 2630
8212 2342
3026 5063
7431 5486
2644 3333
2342 4744
2342 8158
5100 8860
1848 2342
9680 6157
7191 4253
2899 1313
1978 7743
4305 4093
1707 5240
3551 6155
8894 3659
8606 4113
6073 6074
8505 5280
7746 8009
3143 9585
133 1322
312 6651
6371 2167
6097 5020
5981 5196
3755 2397
1565 350
5080 2342
915 5806
6267 8814
8841 7974
6858 6548
2448 8647
7676 5037
3471 8051
7631 7249
6680 8624
9446 3953
8147 3269
7340 3684
239 2005
2469 7277
3169 8555
5577 8354
7190 7759
6593 7971
4303 5853
5358 1539
3181 2821
9747 7022
5795 4346
4710 2370
2295 7801
9619 4004
8062 2087
2342 6397
9325 7366
2216 3818
8924 7407
6286 2782
1723 6501
4041 1053
6560 9569
3962 6867
7798 3038
2896 1555
6914 468
6063 4088
6217 9117
3600 2342
2915 5800
2339 8497
4275 6683
6892 530
3414 4544
6811 2915
1421 2342
4435 1430
3528 3075
3234 1275
257 2117
7819 9428
8598 9250
4486 9594
3186 4537
1569 3561
9893 9582
8501 5942
2342 1921
8104 9158
654 9562
273 3473
4365 6475
5364 2176
912 9032
9477 4880
9763 2691
6331 8064
1677 2342
4665 8637
2071 6242
7917 6310
258 5322
2342 1720
3464 72
5903 2590
3253 3872
7125 6553
2954 2342
6734 4927
2441 148
9546 2713
3489 725
376 6887
4926 7486
4962 7499
3074 1424
972 3588
9935 6837
6924 9851
8722 6898
4497 9193
2398 2689
5547 4842
2803 5650
1665 589
9060 7693
2638 7861
2430 5358
1482 9110
3852 3281
4265 1089
5363 4852
122 5838
1900 7840
2442 6872
9601 7991
8496 240
9411 384
6884 4812
3979 4383
7494 7387
6559 9492
3107 8842
682 5456
9973 564
8752 6215
8649 4394
7749 6058
5962 3305
7475 6766
3689 2707
5294 4642
2342 8006
2495 6249
2299 8208
2777 2755
570 4122
3626 2891
6295 1323
3688 8283
9359 7069
2342 2128
2342 3063
6673 7217
6778 7426
5421 4750
2738 415
2237 5466
8943 8213
9271 2342
2927 7590
959 2720
5867 7800
1148 1905
4488 1776
1624 5836
6370 1817
2354 9540
243 3851
6457 5836
3862 7609
2407 2933
4736 4367
6033 7605
709 1945
1806 213
794 7799
57 2041
8669 6862
9647 8890
8361 701
9438 515
241 1469
591 8432
9895 5111
6038 7218
1798 4093
2684 6010
7621 5422
7221 2974
7064 9225
685 4119
969 632
9930 7243
7690 5993
4014 1239
2600 2342
1916 7884
7709 2342
5274 5043
334 2939
9694 6390
2081 4279
6488 235
2818 2342
783 7743
8187 9874
7464 6658
3055 2342
2083 946
9559 4023
3928 2900
1230 6633
3249 6716
4605 3291
7260 2658
1302 3822
7177 9614
2342 8793
3759 2342
3272 6879
7482 2342
3440 8293
2673 2154
4686 1474
8523 862
2342 4718
2981 9060
4231 3912
888 2342
9783 8355
9133 5237
4475 9256
9617 8171
8142 3932
9585 903
8522 3511
9453 7701
4131 240
4460 293
6395 3525
5828 5114
2414 1220
1305 9135
7762 3299
1088 2379
5877 6669
3733 6489
549 2969
5178 4722
9409 4040
6319 9364
2783 3854
6548 4160
558 4293
5624 3816
8880 6234
5939 8899
7400 4187
685 8541
4663 4278
8018 6123
3078 2342
9008 5364
3479 5136
4598 2320
9917 2500
4402 9225
3493 4573
8962 5994
7696 4841
6192 5347
9603 3865
7253 427
9758 320
5229 5092
4720 7731
1828 8161
6688 2120
6692 5232
3573 278
9818 8324
8592 932
7289 5995
8540 1014
3521 5951
3138 2900
2302 8267
5733 8678
5912 3022
6815 1095
8237 9865
3001 6759
1477 7009
7875 4259
6149 9408
3444 9985
1457 9485
1230 8107
5418 4492
7416 6526
5140 5025
6594 5979
4253 1174
5180 1042
2727 1465
1632 7321
303 3176
6806 1175
3057 6641
7716 3709
1178 4095
4899 8839
1351 8641
5432 6125
8831 1262
6351 2342
8559 5386
5731 6973
7916 8229
7782 5154
2806 3051
4672 8374
6025 5316
3 2754
4636 5737
9388 3854
4589 4331
9510 5014
8800 195
2460 9333
3996 3504
6646 8814
5377 9895
4303 3365
183 2578
2019 1605
9276 7447
9170 5766
8457 5770
7533 3801
3509 7618
5574 4531
514 5315
9185 8582
2922 5933
2342 2607
9549 79
4859 5603
6463 1319
9371 2463
1821 1407
9152 5579
7656 283
7363 6692
7858 6974
2580 2717
4620 8750
1454 789
2546 8709
2342 6736
2779 3985
9222 9941
7970 1946
4537 49
9050 6116
2342 2121
6962 3774
2051 9350
3892 4290
699 5876
4327 1094
2342 4503
5502 2498
1369 8410
6007 911
2254 4855
2347 660
4520 1200
8463 160
1262 2654
9165 1149
4169 5344
3440 315
5902 6009
1784 5137
9198 4708
7493 9471
2563 8746
8662 7657
4550 1891
935 213
9006 3269
9704 2342
2880 271
4266 7264
1714 5761
745 6875
1505 8236
7704 6741
9479 726
8352 8248
94 4493
9351 8897
8286 5873
571 1217
1894 4234
9550 603
9830 7810
252 1499
3013 7579
4398 8114
8903 296
6158 9258
3970 6169
7000 391
4606 6648
1671 6859
7316 8029
5058 4504
7147 728
1317 801
505 3835
8821 5017
992 6562
1904 2342
786 8327
991 8131
2158 5443
5083 8601
2725 2342
2619 6416
105 4574
8390 2502
4705 8718
7037 8183
2342 5247
2342 5727
5065 1824
5473 1904
8045 2342
1247 975
411 4154
7326 9690
3089 5498
2731 7151
4254 9535
7413 8349
6289 7072
4868 2542
5075 1024
2642 1241
4795 847
1994 2481
2526 8605
719 363
2510 2342
4136 3160
5815 6836
204 9622
618 9519
8710 7853
2816 4366
1743 4171
2342 152
6040 1279
7955 3547
8425 2342
3118 4098
5665 9141
3661 4384
8074 5891
7405 2465
7300 6870
5852 2342
4612 7416
9734 6136
9441 9558
5367 1286
3189 9506
2609 2342
244 2342
9974 1314
9624 3354
5889 4726
7438 2167
5116 1887
4674 2342
5647 4549
5618 1202
950 4996
780 8585
1913 2427
616 8109
4877 8225
3697 6153
7734 2342
1469 1631
22 3734
3428 8012
1991 3794
5161 7148
7288 2288
1463 7748
4984 8144
3641 1456
797 6361
4166 3980
1930 5960
6796 7269
2044 4907
3205 7672
8274 3330
5808 2342
8059 7187
6462 5575
2342 9531
19 2342
5715 8844
2324 7051
9645 5158
4834 6381
3380 1249
6214 9292
4875 6174
3150 7379
7444 7406
5216 1595
7373 3647
8249 5580
7054 0
6236 4188
3965 8370
4275 6288
2762 3622
2342 881
4753 8139
580 3250
3242 5205
4001 8452
8142 2179
7899 4188
8358 5704
6799 2828
259 2841
1415 2648
6841 381
703 2614
3067 9336
5104 9374
2321 9587
908 8278
9635 7931
6846 6515
8250 6443
2262 2340
6687 2342
5700 6296
5508 8866
3151 5217
873 6425
7373 2793
7554 5736
7826 9556
7199 1262
8874 8266
6290 2342
790 6170
8604 8382
3605 8227
4668 7014
3575 2491
4151 3513
6720 5362
8464 4437
4271 6841
7999 9504
7573 9764
8872 8090
9354 6540
6244 7889
5566 3400
9750 3515
4818 7900
5872 1445
2950 2764
1575 4149
8046 5926
8454 8767
1818 2856
9234 7228
9094 9548
807 9748
2141 8185
2814 2475
4214 1264
4047 5412
6330 6181
428 8154
6418 409
5966 180
9226 605
7685 3113
8791 5508
2342 6955
345 5596
2032 3361
3582 7510
1363 1673
8464 5532
6865 8538
8092 1871
842 585
7924 9707
5171 6465
6803 482
8810 8548
3871 1386
501 982
5419 1882
2355 7998
9767 1355
3057 9471
1245 1595
1376 512
5651 3309
3586 3178
4588 4035
5134 6104
1926 2342
2342 7655
5106 3461
3346 314
5172 6317
2342 8604
2342 8989
2342 677
556 5645
5751 5332
4561 1880
1587 8353
995 6905
1133 6904
7503 9524
3376 2651
730 8806
1211 8815
9805 7952
6065 2295
3141 9798
2796 118
9436 996
3791 1620
2384 7882
8933 9099
8114 7811
4096 5721
6451 3318
7502 1925
3011 950
9847 296
7268 2342
3564 4048
9475 2940
1483 216
4680 5955
2675 902
9878 8755
5241 9507
7032 5266
7675 4322
3646 9384
1201 6794
6435 7531
7908 5737
7489 2342
2781 5825
3372 9661
8634 5313
6231 6647
6369 6284
1064 4197
4865 3540
5376 4511
5403 1886
7470 5451
4458 6239
7479 2164
1528 2342
2342 2403
7730 1250
3461 270
9133 9961
3718 3287
1819 7236
2342 661
8607 2342
9436 3320
6376 6224
2798 3347
1765 6968
4751 9125
6062 2164
1311 3913
170 3118
1616 1015
2916 6981
8010 5768
3795 1477
8461 216
9027 7817
161 4395
7296 6077
69 5916
3751 7987
2342 9045
9881 7753
7427 3924
4860 3364
7345 7396
7966 9072
2342 9342
5251 2061
2342 8335
3519 564
5895 135
4093 232
2342 1581
6790 3216
1138 4473
1766 8166
6399 9945
1682 5171
9490 1898
3606 988
2315 5927
5817 4428
8564 6754
2342 3387
5797 1356
8957 9869
6032 9190
1707 1630
9753 5599
1422 5451
987 4834
7613 7972
3649 2342
1940 2342
1013 2006
6006 8662
5625 2578
1214 5393
4946 2342
3198 2342
1969 8118
3025 4132
9031 2945
7366 7727
23 6864
1067 1313
1140 8259
6508 1886
2576 7146
6769 2618
439 9260
4479 3817
4980 4124
3594 5976
6218 5723
5688 5483
9446 2242
618 1985
6766 8269
123 7135
8024 2416
2197 5618
586 2522
9735 8961
5407 2281
1329 1203
555 103
7368 7025
3102 6907
3683 8022
546 7668
4315 7623
3538 1054
6400 9367
6014 5692
701 2131
8512 5656
1735 8359
8481 1131
9526 8239
843 8160
8450 3022
6434 9899
2726 1013
4660 1296
7460 4214
5984 1148
1336 6190
234 3336
8347 1929
4038 1160
7201 3839
3382 3508
2342 3320
1885 4834
3455 2284
5228 8562
317 1529
1281 5684
2701 371
4039 8808
2726 7195
8487 4981
9319 2342
7371 2166
4036 8578
9510 9342
5330 7372
9080 6539
156 4945
5207 9590
8149 7206
70 8486
2367 3716
8870 5543
7651 6597
7875 3155
7548 7455
2577 8397
1461 1258
2995 3115
5366 9473
6652 6578
455 7742
7797 6197
7955 1731
275 2763
7381 1219
4790 3536
4405 8754
2646 2342
3872 6977
6003 4
3667 3857
2318 4685
6483 9746
4594 382
5203 465
4219 4827
6665 6926
6903 6459
3158 8673
2615 1675
2342 5941
2228 9953
3836 4576
8114 9443
6128 5769
8795 8878
4968 8657
3603 1778
1271 6610
9562 6703
4975 1804
2342 6378
3899 3249
6486 554
1931 416
3952 414
4025 3177
9212 2521
2342 2840
328 7949
2014 8757
3135 6175
8011 2312
5422 7770
8541 3147
2855 9823
3154 9766
6952 2342
3567 5054
2116 5509
2106 9061
1302 5389
7584 3741
1050 1822
2186 5557
9618 7435
5875 9208
803 6322
1578 2342
2363 4735
6724 2965
3157 7679
3962 8714
4840 2790
2342 4464
9973 9414
406 8916
9477 7343
1952 7000
6375 2246
7875 9455
6254 4212
2430 4829
7969 7434
124 3264
6272 4270
3217 6421
4248 1087
604 650
1908 8768
4988 1234
4015 6943
8827 2130
3478 9982
2751 5998
102 4031
5296 7622
1442 1141
5264 2323
6795 1967
4239 8596
2342 2381
9850 394
2453 9194
6625 6029
6324 2442
3533 3029
5197 8031
1312 1872
8823 7757
7283 2173
3680 7894
7904 5420
7547 2342
913 6468
6768 1180
9715 2112
3896 1332
4351 3104
1386 6790
2342 9821
9498 8121
4043 6209
5638 806
1920 7148
7951 7946
9739 4918
5799 6265
6596 3990
1649 3778
4295 2342
3053 772
2893 2635
2342 2270
5959 570
2435 2975
5011 9811
688 2342
585 6064
7557 3119
8025 5817
1798 8693
5476 1254
3020 9240
6245 6621
8911 198
3224 2331
2151 8731
6172 2472
8612 3342
1934 4714
1193 8877
5298 5747
2795 8582
2342 3585
8524 8393
8344 3589
7240 4723
5927 56
295 1628
2342 4452
1827 2358
9496 9017
9952 3204
1764 6005
9308 7096
4478 4168
5546 8975
985 1322
1700 2342
5802 8965
9738 8502
4406 6729
4692 4817
4062 9209
849 8099
7339 2769
1632 189
7528 2268
3886 1987
3427 9207
2091 759
9596 7964
4387 8542
2721 2074
7477 8534
810 5153
2789 2270
9136 8124
2581 881
6020 9176
6287 5705
2208 9258
5858 2967
8661 27
1655 5223
9182 3201
5213 4224
6275 4312
7181 8938
9069 1764
1354 4988
2342 6516
2944 7278
6845 7843
1152 5200
6758 4171
8875 4667
6051 2342
6838 2076
5008 934
7954 3592
3517 5578
9384 4023
4363 7397
5282 8905
823 7037
8632 9700
9363 6612
5734 8186
9028 8114
9035 4804
373 6807
1847 1331
7923 4038
4710 1309
7963 9250
5570 160
282 4951
1588 2759
291 5517
3675 2765
4391 8126
8055 87
2381 8394
1585 9370
6723 4937
6290 5447
5149 2622
2500 2516
7195 2095
6935 2471
6792 7384
5754 6572
1324 4574
9699 7254
2309 9712
1834 3576
7326 4731
1725 4721
4077 2342
2020 4982
3889 6229
8036 9435
5340 2604
3456 1219
9321 102
68 2342
6260 8014
5067 4170
1404 2770
4572 3685
8195 9722
659 8418
4823 9408
1694 7845
7756 2316
7056 4353
4130 4914
2342 7011
1855 2406
3579 3492
9487 6598
3829 2135
5102 2587
6629 9736
1929 2766
8946 1015
6729 2744
2342 5302
7287 9875
8621 915
2682 7636
9947 5227
5772 7166
3588 7189
2163 744
4910 6396
3224 854
5842 8052
4109 4096
3141 9487
2342 5345
3423 2898
7785 3924
2612 2342
6575 2080
9879 1924
509 7264
5255 4980
6330 6205
2806 9642
6688 7896
5118 4022
4701 4188
2703 1947
3851 4473
438 1418
7408 1157
4662 5165
666 3495
8867 6506
3601 1492
9713 8493
4961 5838
1775 2941
6525 2342
1748 8129
6183 7925
7608 5929
4242 8943
9802 4757
1748 39
7611 4292
3091 3518
2448 3251
3760 9772
73 8638
3418 243
963 5920
5106 4731
9302 6140
9662 8001
2888 9710
9867 6002
5775 4928
7787 9718
6303 7522
7647 5020
4614 3414
9661 8743
8439 9523
3280 8988
3278 2962
8445 2539
7781 8143
257 3752
82 1205
3630 9915
2307 6783
4638 4175
8888 8204
1286 8599
6423 9589
2342 9146
3524 8194
8385 61
8860 1596
9262 1347
60 7757
2342 1213
5838 3795
8292 9266
1968 3931
9986 4246
1951 9264
7302 9275
6245 2889
4370 3163
7008 984
4082 8629
5830 7327
8243 9618
5948 5402
2719 8026
2736 2342
4529 7628
8608 4681
7073 7058
2008 4631
5698 3990
7882 5585
3793 5524
1566 5253
4655 2342
2951 2115
4392 9091
6721 2342
6599 6992
4442 8633
2408 1488
3657 9904
3008 8499
471 8707
4147 6878
3561 2105
7883 9130
2765 5107
6749 4587
9124 1886
5401 4121
8656 5191
3665 4805
415 4509
5632 6547
9346 6247
6710 1269
2716 8303
3103 9978
4138 2342
9371 4741
2342 3855
5534 6797
4711 8224
3271 8564
3327 6504
6875 3142
2342 4380
8284 3027
4752 7483
5394 527
3703 9648
7897 2342
8981 4902
9681 7136
7906 306
2772 5747
2329 3767
6812 2030
7808 8672
1939 9399
5776 4695
2460 2371
641 4051
8205 8987
7801 5776
7866 6341
8588 8025
6068 2828
387 2572
5707 5066
1502 7549
1120 3302
5514 7
1364 9059
6573 4362
1098 8420
1065 7752
5485 579
4900 1210
3770 9170
5661 9732
3019 7258
234 7024
6004 9088
4600 4023
1246 3762
2892 5967
5268 5756
5261 8460
2374 4539
9020 949
1813 3216
2342 5438
9007 9852
8060 3805
6774 4143
93 1460
2342 3152
8403 8401
2342 7234
855 179
689 2698
3625 7242
2214 3013
5540 1102
2998 8413
2269 3767
7754 4208
5076 9502
9972 1783
965 5675
5583 6441
8785 4431
7833 8595
4024 74
2342 8776
2730 2342
4552 1265
3286 7768
3052 7767
515 3200
8167 4496
1061 3350
8078 9275
560 2342
8022 8790
2342 1504
7311 9514
7089 7542
1516 7465
3010 9312
9337 3337
6164 3829
931 5751
3531 4651
2437 3073
1750 8556
4960 8447
5350 848
1206 5558
4533 7627
5849 529
8920 4071
4337 4102
163 5531
7814 9839
724 5981
6541 5729
9517 3427
5985 909
7319 1393
3540 1337
7207 6908
2249 5733
7645 4270
6456 3307
8647 3627
8245 9143
4319 7261
1937 4863
4089 225
4016 5346
9093 8650
3631 4328
6627 6180
4621 8209
3669 5395
4577 9345
3397 5413
284 8468
2391 4415
2588 463
3350 1277
4609 1303
8554 3999
7132 2342
4467 2908
4848 9443
1012 3905
7673 1898
7290 5670
5719 4504
2342 7928
8770 313
2342 7143
3140 5548
2342 4368
1013 8433
1391 6057
9716 6777
2342 17
5650 2646
2342 7002
6503 6092
6253 8069
2342 8699
6850 3104
168 6520
4029 4202
7042 8869
2342 9790
3250 4793
5256 9160
8310 2191
5819 2809
976 9502
4359 2316
1689 5158
5058 447
7994 3909
5539 670
2160 2925
2964 4117
9102 8144
8761 4523
2342 3446
7604 5794
8273 6833
4532 5631
7841 467
5789 5671
9216 3258
2342 1451
4808 5452
3771 2328
5334 838
4446 8668
7076 2676
5706 4944
5399 1003
1287 2342
4068 3887
6540 2342
3670 8840
5637 1321
1188 2342
9200 99
9681 821
6311 4725
5957 1266
2342 6024
2894 3174
8525 8348
7941 3472
2317 9749
9064 3813
2158 552
1367 1301
4195 1049
1711 9576
1940 7903
5433 2326
31 212
7843 2039
5537 401
2342 6287
8384 6394
8562 3974
8830 9630
5759 3056
5461 557
4070 4408
9166 3692
6446 8270
6315 81
359 3282
6514 619
2342 4570
3922 8683
8427 1892
6179 4565
2626 6916
3633 2127
8360 6343
1144 1864
1097 5145
1259 357
1307 9578
9322 6728
2392 6023
6171 2319
3986 5106
2342 2434
7082 4070
177 8614
1487 8983
8310 2342
6368 4373
2254 3333
6505 7009
2077 4763
7419 5201
3418 1934
6288 9858
6167 3209
5633 3650
1684 8347
4361 1790
3369 9089
1962 8883
2204 582
2342 3899
6901 869
5918 3389
7593 9762
5224 2011
7107 5954
4223 7046
6165 3785
5169 6101
3668 3488
9540 7052
9164 8569
9032 7108
7495 8725
1691 3672
3262 5949
7608 6668
5748 2342
2805 3501
4411 410
7675 1239
1738 9000
3911 5190
6636 2127
8384 7392
2605 3863
7907 7936
1599 7018
4206 6999
5106 1668
8470 7770
4775 9934
2258 2342
1766 4684
2916 8013
2342 2543
7939 5907
9384 1868
757 4292
63 5191
8563 6316
3991 1059
3126 4254
7704 5252
3570 8643
4206 9464
6400 9607
8010 4823
4769 2486
3442 1461
7377 4291
3906 1477
7060 6764
7160 6576
6544 2342
2342 4338
1642 7222
8591 1709
3606 6387
6732 7681
771 1948
6664 3587
8153 9046
5157 8300
4938 7526
338 9148
2712 8365
4975 1715
6787 2158
50 4429
6021 2140
1510 2944
8000 9870
4717 3859
9810 3066
4997 9581
6955 6517
9499 113
2612 7061
5816 7674
9394 1935
7764 2293
1371 309
7931 4351
4739 4037
9928 2342
8759 8705
569 8696
2342 85
74 132
3973 1556
330 3993
2342 1277
7352 4527
1320 3553
7958 9726
3830 7489
3902 7259
5779 6118
9330 2098
7497 4350
7761 9778
7041 8966
1439 2934
4721 9118
2671 8783
3270 2648
5788 2065
352 2342
4971 56
2033 508
6725 2342
1537 345
2551 5226
9546 1971
2537 3943
2342 640
5934 6628
6447 2349
8271 5018
1171 2908
6257 1972
52 307
423 5668
3175 8344
1625 2342
1985 1443
9547 4066
5554 596
2342 8953
6344 2251
6749 8999
6329 8454
3136 8549
7414 246
2342 4642
5351 1858
9750 5434
781 5556
2687 1050
8572 5938
4870 2135
2263 5049
7122 6427
2342 7325
8220 901
8667 6286
2342 3652
8389 6519
2123 4057
6193 1761
8090 2342
7153 1480
2313 1855
4280 7428
8981 2161
9773 5269
3098 3101
8146 9274
2342 4042
2342 7421
2342 7332
8298 8322
477 1567
726 2342
3128 6605
5540 6708
1315 7666
5353 8288
3717 2342
9775 3858
1182 2260
5050 2342
319 2815
2268 2365
6879 6796
5300 6162
4965 2254
2342 8497
6950 708
8569 8120
3546 8346
1406 8908
5482 4453
2342 9139
2342 7901
2075 944
7640 1948
456 1779
4853 9508
2593 4269
68 7022
902 5840
4190 6127
544 8075
329 4389
7927 1860
3465 1659
986 3212
1513 6170
6393 4613
855 2342
5625 4561
4476 4628
8042 3197
7784 6622
274 1872
4565 6527
7656 2342
2342 7915
3338 9005
7601 5620
9706 4815
430 1417
1076 2342
9722 3612
635 8245
7892 1058
3206 7996
226 7152
1000 2520
6258 6045
90 7684
9621 9960
7754 5281
455 264
2558 4690
141 9079
7887 3497
5780 1964
408 3967
4125 9082
1173 2127
2725 1950
9860 9557
7099 5290
1589 403
6959 3878
8470 6889
6447 5905
6990 6135
2342 4056
9107 3443
5375 9762
6483 7785
9538 1379
823 7649
7603 787
5939 6713
2342 7990
7163 3846
793 2076
1385 8500
4159 8103
4773 3958
3598 7059
6602 2921
3004 2572
6715 754
9437 1780
8836 5773
6637 9684
2342 1485
6835 1194
7451 9144
3711 6471
4241 4059
2979 469
8970 8223
1176 491
8654 6307
2342 4936
5311 2342
2342 3246
1425 8207
9498 1762
3960 7507
9307 1510
3179 7495
5055 7278
5726 4308
1282 9295
7429 9869
5669 1292
1976 2342
6353 8963
9124 3839
8531 5049
8876 6430
2342 2055
7627 700
7764 7669
7567 2104
741 4300
3807 6487
8878 5872
2931 2490
297 2928
3983 366
9022 1558
7124 2422
1984 3616
1906 2342
525 365
1666 9127
9823 2493
9887 9951
4902 3256
1262 8626
4607 554
4397 4904
3605 5581
846 9263
3153 3223
5016 361
738 51
2342 6571
5287 3959
4167 5662
9418 6264
3341 4215
7804 3393
3979 5822
5515 3180
679 3128
5573 8004
2425 3083
1029 3683
2476 9910
1186 6575
6874 175
7477 6941
583 4752
9135 7263
6356 8857
6076 3875
2461 8285
5888 9121
639 1488
1719 908
5185 5636
8281 4271
1886 2372
3323 2596
5447 6313
9043 165
374 7312
9054 6737
7495 3814
5859 9077
7566 1879
832 2902
2744 9320
1894 2710
1944 399
3192 5298
7916 2596
6615 765
2568 1259
3437 5955
6845 2992
1121 4193
9816 7607
2287 7021
3033 882
2433 3829
9469 5079
1760 4646
2394 1140
7494 9807
6989 9742
7275 2042
1867 2276
1471 7318
3908 8040
3739 190
5508 1070
1739 3290
9671 1348
9669 5814
4000 7877
348 1909
3111 8070
1761 6969
3467 4627
7427 4499
4876 8412
9205 6462
3985 4544
1041 1883
9560 7854
3199 3723
4003 611
1761 9138
8411 228
9839 3130
2749 7235
2181 9151
4258 1787
2549 2342
712 2342
3632 1976
2060 7579
6137 2342
2713 4916
2342 9528
2182 1652
8826 3
46 9985
8525 7273
7723 5953
9756 7593
7979 2845
7966 5783
5728 6404
3325 5057
6054 3622
9635 907
4341 2342
49 5793
2342 9076
1642 1503
8387 1541
2342 8113
8941 3843
4629 1868
3270 2291
9210 4539
3939 7153
2342 8145
7552 7219
696 43
9740 6853
8073 1531
6216 5866
9757 3610
8943 8528
317 9600
5186 1036
6921 2342
1116 3351
5958 3498
7165 1314
8811 2344
1198 8942
9781 8462
559 4895
4490 2360
3802 9223
89 2817
6848 7819
8446 9829
1306 7463
4036 4216
9851 3032
8751 2657
672 5383
1934 5095
5030 9000
6785 4806
365 319
2602 1555
3245 8358
4406 43
3722 976
4476 3168
1491 9890
5863 8301
4955 4679
3161 8123
9871 2857
6820 7198
7562 2333
3770 2342
6518 8978
6787 7154
7426 5615
2342 6098
5071 9962
5640 5819
7516 9156
5117 472
7788 2380
7782 7099
1163 63
669 1281
5850 6679
5312 2342
6640 2342
3458 4324
6386 7634
5829 2342
680 3929
4156 6
3349 6987
7681 3261
452 3934
4197 3578
3412 3611
9555 6696
3612 9230
9019 4989
1168 1420
438 8503
2753 39
8438 2562
1660 4207
6316 2342
9464 4716
2342 2206
3984 8334
5217 528
9442 7602
1081 580
5023 5299
2072 8448
7575 5931
4923 1740
7728 1481
5331 9929
7670 8737
2977 5572
4198 1388
5045 7671
6129 8920
5598 5976
4476 4778
5480 2140
2342 2731
2342 6551
8561 1998
504 9577
7688 561
6207 7080
2342 3789
7133 3907
1421 6212
8110 9217
5899 7809
3724 8845
2785 4996
6674 6346
4381 4330
1653 2342
7950 2342
3110 6091
2319 4765
7833 9851
8884 2342
5619 9048
6914 2681
4033 7231
7379 8897
7561 1328
2032 3931
4185 2330
4528 4828
2342 2219
9789 1411
9167 2923
2125 2342
6365 3061
6669 4830
138 5857
5611 7699
7460 3676
9565 4684
8100 4828
2853 1621
4474 6266
571 7836
8305 5523
8994 9152
8780 4473
2090 2879
2177 859
184 7963
7826 3651
446 3123
7070 9611
2283 2802
4684 1389
2634 1532
5794 4856
1796 5962
6843 1961
2190 2943
517 5326
5978 4286
2342 9381
2078 2224
6840 2597
2867 9980
7873 8059
2426 607
9069 8838
4073 3306
5151 4576
5799 2342
5221 9894
4037 4596
2342 5823
7711 8051
1105 8182
6774 6568
2342 2842
5491 2342
7009 1516
2101 6132
9168 260
6026 7107
3356 6248
1704 3678
8240 4203
1772 7096
9472 1078
4766 8489
2342 3143
7939 8988
7092 6844
3031 1496
66 2342
5825 5642
2609 4002
5441 6204
7395 1472
8452 4053
814 1470
8639 1506
2313 588
3479 6547
2428 9859
576 8415
186 3039
5078 4881
3567 9899
7521 4136
6936 963
9821 3159
2516 2555
7071 6438
951 6252
5926 8206
2410 5104
2342 5528
1557 994
1512 8695
7491 6385
1903 1137
3084 3945
2515 2350
3834 8555
2663 8600
5176 3663
8775 3544
8818 4683
5764 4348
1963 5319
279 9866
1815 1246
7385 8125
4344 6641
1143 2172
3910 6155
9390 4133
9256 2981
6085 7089
4210 2788
2984 8055
5443 164
4399 4837
3580 753
7413 33
9313 907
2626 6261
5357 7035
3120 4966
4156 5871
9539 4618
8002 9774
6125 3541
9698 3193
6058 2769
7153 8331
2749 1849
3861 1013
5744 4502
2342 3930
8848 8509
2342 354
3408 9307
610 1678
9983 5293
9281 3268
3952 6011
7327 2342
488 3884
8659 8948
7518 7233
6429 5961
8603 2342
5374 4815
274 7948
1216 4524
9150 7773
6969 393
7777 7293
4915 7543
2203 6552
8805 2369
8031 3780
9029 5126
7353 5993
6490 2342
373 9252
5843 5323
1866 4624
6696 9449
2342 3989
2428 715
1151 8628
4499 326
5062 2966
6283 4819
9164 9199
4314 8132
8669 1968
3774 9457
44 3875
1032 8026
9788 117
350 4649
5601 8515
4957 5448
4636 7982
1015 2127
5570 2342
5713 9104
9672 2875
4777 3146
5187 2614
1730 2342
7917 8922
5051 8316
6781 8618
785 1345
9460 1840
5880 2342
7617 8079
705 2691
1615 1687
6276 2592
7736 2854
3112 941
5515 2342
7252 5039
6566 6933
6050 6220
506 5884
8929 2989
8447 9435
4276 5439
3236 4353
7721 6857
2342 5015
5382 1442
1816 4458
3324 2415
2582 1927
6996 2350
2342 64
3334 2688
655 3134
3371 9211
2050 4543
889 9908
2342 2109
2169 763
999 2165
9153 9874
953 4552
7537 4263
9023 4021
4893 6910
2058 483
4192 5142
747 8603
80 4283
3378 2506
5873 8589
6742 7625
5703 238
7989 2342
9070 8164
510 8576
9282 2563
3050 1409
6454 695
520 5163
1850 3432
9673 1205
87 6608
2708 6735
1475 2748
2439 5490
6683 2388
6432 5834
8778 7445
2001 803
8732 5897
3499 5672
7539 4304
2046 6031
2891 7634
2004 7560
6124 2384
9486 3077
9213 6570
9666 8332
48 5811
7183 2
6360 3208
9399 4498
7102 3469
1833 3745
9165 7710
2183 9179
1941 2342
894 2024
8665 2818
718 3277
929 8306
7516 5115
788 7279
5552 7877
1063 5593
145 7607
1647 7164
8479 9590
4894 2170
7602 3608
2342 1643
9369 2705
5756 6924
6345 6059
2761 3980
2342 638
36 221
6715 8308
53 5263
2601 1808
2389 7401
928 6627
8165 1383
4955 2178
3254 9454
4390 137
6031 7551
4759 1913
5472 7692
2441 7272
6663 5958
1781 567
5457 2342
4167 18
7138 1518
4968 2707
9655 6834
673 6660
2174 9357
2342 6785
511 2376
1780 9829
5437 4099
1407 4492
8664 9624
6585 3772
9451 5905
440 3864
9846 644
6147 1563
2002 4259
3614 9018
3054 3316
923 749
3629 7181
3057 4737
8941 2357
7787 7080
3429 4289
5334 8386
3347 1433
7894 5919
8151 569
8479 6762
4094 8320
4794 1854
5454 9770
6122 3646
7677 6059
3858 7459
8726 2838
279 8032
2854 4477
6745 3612
5663 4872
9001 6753
7411 7510
1647 7084
6740 6558
3615 5009
7376 1977
2342 7420
6697 7105
1119 4935
5619 8217
4240 6826
7509 1084
2342 2674
4559 2342
2531 2199
1244 8328
5120 6423
2342 7058
6375 8674
9901 2485
2969 6864
7060 982
4294 5212
379 4235
9561 2342
3490 7574
682 2342
1424 2342
7606 1512
9429 2342
3978 1897
5864 2667
8703 2974
5660 1795
6572 7806
9293 9572
2811 5554
535 7565
2507 4073
5013 4419
4931 7473
3426 2342
2027 7388
2297 5881
4226 9270
4545 3963
4288 6936
7385 611
8384 3540
7856 7687
6066 653
6172 8558
4108 1381
47 2342
9970 7257
4691 2606
2460 6809
2784 4961
6052 2342
5626 5963
6636 1619
3024 9228
245 7731
7374 8105
2275 4397
5390 2684
4595 7134
412 4307
9725 2740
3300 3210
7807 2007
2188 2342
2429 6739
9137 6577
8613 2236
7984 5542
5301 1092
9129 3820
6000 6362
5779 7456
3799 765
8607 4532
1380 2237
9703 2342
1529 4103
6061 7749
5052 8732
8462 3476
6913 4454
7603 4602
6360 126
9971 4452
388 4120
1157 5085
7619 2611
8379 8371
1955 8277
9497 1991
8208 1835
1609 9662
981 1648
1808 9948
5087 8780
272 5519
8704 516
9609 5258
735 4732
2745 1370
9834 9702
9610 2130
2342 9589
3384 4140
8931 5828
6541 6603
4381 299
8928 6231
5152 7811
8269 9800
3788 5063
3802 5854
3238 6220
5434 8306
1264 4427
2342 7496
742 9603
9063 2342
3609 3895
3005 6068
1262 5328
3292 2699
3093 6077
5639 9967
366 3958
784 8579
6199 448
3634 7541
6861 597
762 2421
6750 3403
1113 6997
2252 601
753 8168
5182 628
9090 8812
9676 4516
2342 9637
7794 2099
997 5576
2036 4091
6703 640
4948 6223
1515 9360
8822 2379
9860 4841
7716 3064
3371 7996
4018 1269
4441 9803
7988 1366
7935 2342
5553 453
3840 7500
250 2342
4264 2342
1690 2200
2342 3768
6022 1902
701 9176
6379 1917
2553 4881
2177 8517
2342 1803
5211 6745
5746 457
8340 9335
3712 6431
8430 7582
6 4244
4205 1316
9862 475
706 1462
8752 2342
5654 2096
4502 7325
9942 7115
2342 5357
4734 7668
6691 9075
9911 2360
5735 4953
1127 7219
2075 3040
3522 6792
5945 1419
8409 1448
7086 1733
5603 4724
4052 2342
1702 2342
4080 2342
7357 5548
7144 2358
1159 4715
2740 2858
497 8318
2651 4648
7081 8378
1047 802
1330 5091
5952 3132
8222 7888
167 4494
3781 1505
1060 119
2693 5679
9548 750
3806 2746
7685 1040
3351 5182
8693 4986
2323 8419
1698 9112
6151 7717
4521 8130
2342 5591
7707 342
2179 2168
1435 1096
7598 2615
2342 9290
9111 5708
1344 275
3845 963
9579 2420
3860 5437
3994 9453
2993 9057
7194 3009
8106 3914
3310 34
7336 475
9598 2570
9654 6439
3259 7839
5035 7299
1523 5759
6880 1057
2998 3077
9626 3904
516 6654
5242 5868
6348 1604
5244 2524
1056 6067
9726 1116
6793 2292
4247 2342
8706 1228
7946 5812
5590 2342
2036 2342
4284 3052
2342 3219
5249 8426
6174 6111
6811 2407
2162 5925
3894 8112
4179 8601
4451 3041
4590 2359
973 4801
2785 5949
113 4320
1440 3214
1950 1557
5557 6004
2342 5687
191 8482
9125 3449
2342 4641
7578 8754
6801 7250
8258 5186
9236 6128
6159 7459
4384 2342
9445 6574
2223 1725
2103 6066
7344 6403
9775 8373
7884 7734
2146 5682
2342 1841
2342 1448
5676 1878
1443 4118
7711 7270
1650 9541
6742 6296
6035 8916
9438 4490
370 8143
6126 7232
7822 6237
7938 724
101 8251
3096 4885
1432 1494
2812 501
7255 4616
5019 5151
1773 9923
2342 805
3628 3811
1602 2895
6080 6736
8346 4874
8203 2342
1627 6014
9904 4519
626 9986
2342 9521
6222 721
3257 4465
9884 9673
5604 2850
4903 7506
7045 6339
3237 2844
35 5740
309 2342
6881 2478
7075 2809
2925 9456
7128 2112
1564 1936
1208 3699
8896 8573
5331 839
2559 5253
9511 911
3452 5829
2342 9787
8994 9364
3254 6466
5479 9918
4998 1236
6997 5694
9247 3839
961 5719
9195 6567
3340 9466
2511 6152
6965 5455
5525 5710
3251 9753
7695 7049
2415 6993
5192 599
5431 1533
3021 1974
3650 337
5835 5166
3951 1873
979 6383
3938 8742
2342 1887
8384 684
7252 4440
3339 4160
504 2342
5346 1395
1907 1436
3304 8135
4249 8325
6437 2342
1222 5272
8856 5146
2150 7913
3543 8050
2342 8999
2399 2936
7860 8193
8063 2689
8416 5634
5743 9234
4644 6246
4046 8134
5576 6930
7581 8354
5343 402
7356 6558
8551 9876
7090 2100
4012 3842
3405 5860
7193 8917
3630 5064
3520 3032
4698 62
383 7216
2862 1999
2815 1910
2987 9831
4023 7760
9317 9295
5891 1185
4444 8201
5119 8773
6003 2862
3289 752
1204 6697
904 2012
2020 690
2500 9067
2018 8099
2662 9482
3633 533
7391 3681
2342 3248
7159 2025
6552 6601
2342 1602
4008 9765
2610 8586
3194 2685
2030 2356
6659 4099
7421 3782
7869 1615
1532 537
7131 8400
3069 3298
16 2332
6941 5
4535 7149
7982 7358
8244 519
2342 4409
422 7457
1942 7521
2296 3375
6961 4852
4350 3926
2342 3705
4144 6816
7612 6718
2371 9097
4385 6337
2277 344
9591 3725
8169 7855
2043 1778
6891 2342
8602 535
8408 3396
837 5964
5959 7531
8605 2111
8087 3219
7162 327
7106 4901
6995 5467
4829 3123
9746 6906
565 6609
8808 615
6359 3374
3502 5839
712 8196
463 2342
85 7351
4666 9252
6120 2306
3229 9898
4349 963
2734 2634
4403 4598
7016 7577
9433 6586
4704 4599
2342 6532
5778 745
2342 4313
2342 1067
5940 6239
3526 2342
9981 4072
190 229
2138 8080
4472 3388
8260 8582
8198 5876
6561 4749
9796 3847
9230 4701
9583 2342
159 2939
3605 4837
6667 5188
9663 5351
5805 7375
3900 1920
338 7860
1060 5903
9469 1534
5206 4540
2342 983
4217 4586
9021 3514
1178 25
6186 7565
3945 8402
7534 7191
2058 5448
7659 3021
7966 9609
5373 8352
2676 5269
4044 5398
9071 818
9620 4982
1321 9188
7280 8094
5099 2938
2342 7534
1842 2083
1741 7793
8082 1604
34 4395
1212 7921
8736 9178
2054 900
9337 9068
5034 9176
7594 1253
5604 5686
4330 9531
1165 2342
182 5573
8663 9077
9161 7741
9455 5600
2334 2682
5856 2342
6093 7305
2342 6427
7137 5160
9264 6830
7066 3334
8767 9045
2656 2996
2861 9094
6960 5804
2841 4762
8663 3097
4226 7504
5491 9137
7729 2066
563 7181
3328 4175
972 5489
6277 2793
7380 6969
3558 1907
6472 7464
1378 2342
6078 8366
8499 1341
9262 3599
2141 7956
621 6642
137 2803
2249 9503
6881 4892
8421 4918
4056 3607
9843 8687
8467 3099
2342 4261
5758 8793
2824 8575
7986 5721
3084 9416
4697 7723
3426 1716
1618 3871
2952 922
9051 1144
2584 8797
7973 7362
2342 9279
5920 8456
4840 3972
2827 8330
887 5588
8892 6116
4586 5203
5617 495
3140 1768
1173 9197
6237 6689
3803 6743
4141 2341
978 1686
8033 3558
5928 9920
4482 7877
5691 9686
9685 2948
2937 5
7198 3292
9363 1571
8865 2342
5470 9421
2797 1817
5666 9358
8297 3643
5904 3860
9149 2555
8309 6264
3409 5522
2338 5536
1616 869
2342 2503
6072 9163
9483 1693
8643 2282
9947 3916
3159 6744
1511 3368
1879 2377
2865 6263
4732 4412
7705 694
347 794
3680 3568
9273 8982
8473 816
3922 905
8764 2842
5960 6694
7997 46
8449 2342
3188 253
7513 5977
4289 9187
9701 895
8846 2232
5744 2569
4013 2561
2171 6613
4941 733
1057 2686
2635 3653
9444 9462
8021 1791
459 1347
6491 8863
6446 7480
9580 8040
8440 7100
9268 9046
5786 5946
3156 3496
297 2342
6300 6632
9949 7490
3016 1581
2547 9346
9327 6025
4555 1477
9817 2484
3749 4304
5531 6671
3742 3132
7235 9560
1893 5080
2521 1005
8235 7349
5256 5535
8417 8379
7576 2052
188 7181
5664 4692
1261 7744
3849 4045
5507 3940
5701 6217
3063 3804
3240 3330
3548 3701
4554 116
7995 9568
3197 9851
9183 7104
3225 5847
5492 1837
4542 7940
637 1430
2342 4372
7009 4834
2342 5391
4832 7003
7949 1622
9692 4907
4017 3500
9851 5269
2150 3597
3798 702
7204 544
8781 5299
7920 2342
7964 4139
7667 4218
686 5921
249 5022
8192 2342
1393 4686
8348 9215
5478 3768
212 4787
7639 5584
6162 6530
6665 9855
1983 2342
5305 9725
4129 5459
6499 755
7790 210
4814 2834
7238 3835
3736 189
9376 3362
7388 3049
8645 9042
153 1029
9118 7629
4894 9984
7672 7105
848 980
8937 440
2273 2243
2342 65
6250 8769
7344 6108
5697 5116
3584 2768
4335 9873
789 6256
5809 2117
7355 2650
9935 9132
1994 1903
9321 2326
8939 3338
1353 2552
5212 6802
2082 7828
592 4376
8180 1600
2017 6397
6355 1959
3857 4405
3260 4549
2023 9826
857 8578
5469 2536
2837 2836
2376 4118
4647 3342
1332 3116
1507 7992
710 2721
1988 4897
200 1077
9229 6406
6806 8577
7063 2601
146 911
1874 3555
9659 538
8812 2342
1237 8187
1560 7056
5175 61
2116 7178
5283 322
936 2038
507 2470
5508 9301
970 9610
8138 4463
8542 2342
1223 7423
420 8584
984 286
8636 3331
175 3753
5443 2988
2412 6566
2924 8042
446 414
6099 4918
3621 720
6101 4745
1998 809
2860 8602
7809 5755
2274 377
2086 7484
4715 8112
9919 5882
3888 5492
5663 2342
2148 2186
8214 1523
4402 8930
8823 3439
8518 3359
8883 5335
582 7726
6782 9319
7967 9005
4187 1159
6763 7629
6969 9808
8547 3318
3370 6234
1232 8689
402 3385
1876 5806
1490 954
5793 9068
9764 9285
7696 2826
3639 7193
2458 2342
2121 6142
9861 4462
3263 1520
1989 5990
3222 312
5481 5162
7303 8969
8357 8702
4774 1478
3743 4966
3184 4844
7755 8571
723 2669
3727 294
9880 3545
1573 5847
545 6808
2342 6506
4789 2820
9928 4558
5605 8242
5866 2921
817 2342
990 2342
9804 1227
2750 3137
6938 928
2049 1395
8743 3800
8597 7807
5980 2839
328 8097
3668 268
7698 8333
243 8544
6228 7890
2127 1397
921 6283
243 3942
2642 6544
4608 3492
2342 969
2342 281
1096 965
5075 9092
2342 1066
4792 8960
913 9876
9410 3454
8332 3460
3166 6902
4991 155
6759 474
9455 6695
1854 272
2342 3092
909 5858
8156 1785
3406 2748
7180 600
6824 9691
98 3224
4737 146
8785 7875
6726 3619
4919 6612
4201 4259
4449 9121
7161 3186
8304 8537
237 2500
7381 7624
8417 3797
9521 3912
7182 2342
2342 542
2274 9332
7915 284
7632 2640
9120 2885
5743 1629
9313 9859
6081 8180
2342 4827
2342 4334
2831 4023
2342 4084
5483 1359
2342 5230
9419 8974
4811 608
1721 8661
2124 3075
5475 4556
4298 1300
7538 3528
8319 6637
5220 9040
6521 1881
4739 4375
5865 1699
3087 9974
9553 40
2342 1408
4186 140
3935 8720
4862 6320
6432 435
6240 4476
7028 1763
7857 9914
4546 2093
6693 9766
6080 7033
4129 4032
4766 2342
4716 6075
8231 3333
4007 131
713 7467
9455 4809
1745 263
5826 5086
3341 2718
5291 5761
1722 3869
8233 3240
6972 5132
5094 2009
3766 2064
4492 3702
1670 5348
1825 8128
2576 9456
2897 5045
1762 8998
3207 5768
4034 2342
3880 484
2342 1238
6350 1243
2284 7789
3788 2359
9525 2439
513 267
4220 8227
4176 6354
2876 3058
7959 5947
2158 1547
4969 1304
1002 8553
195 2056
4142 2213
866 863
3918 8348
3599 9019
7636 8736
8952 1276
7769 3275
1818 9
5372 4260
858 9754
2342 7635
2342 4296
1114 2932
5338 8535
2061 8676
3086 2342
2342 95
6473 2510
7253 1513
5199 3263
2342 5530
5512 8668
2155 8884
5441 8312
2972 2342
708 7930
7298 1048
7985 1164
4345 8891
3001 635
7849 2342
6512 7621
4327 2982
6326 3950
8957 346
3153 6094
3247 6966
5426 1514
916 4177
8174 2794
478 7351
3237 5567
4423 2665
3156 4736
2704 2342
1971 9284
4443 4846
2960 8490
9942 2342
9532 3433
5438 2427
9608 3682
9379 5635
4199 8351
1626 9244
808 4724
7827 6293
5996 732
3866 1640
6329 8956
5411 3274
4764 9504
7817 7342
3018 6435
8083 5760
114 9543
7973 3850
2107 9702
3527 7097
8369 4567
7796 7174
355 2342
9697 3781
3226 9841
8864 8955
4792 7977
3494 8392
4774 9837
8682 1073
9886 2259
7780 4913
6775 9244
360 6657
7498 8890
5131 5904
837 3131
7087 147
7786 1196
2991 4583
7038 2342
8577 8293
7944 1199
7179 8809
4318 6136
4022 2982
5506 3415
3966 4346
130 6641
57 7478
674 1858
5262 8582
435 8653
2218 7256
760 7569
6776 3843
2362 548
2342 7851
2267 2849
4947 3679
4421 7092
2472 8722
9425 7137
7077 382
9786 4222
2928 3034
4867 2888
42 2342
10 2717
7457 5445
7437 506
9512 6356
5440 7698
6764 2017
6232 9366
9124 8384
597 9825
4283 5309
6499 4578
2342 2963
7227 3357
1723 7485
8221 2129
1266 2342
2128 6268
1028 6352
3579 9127
323 8986
3312 1794
6698 1227
647 572
2342 3310
4460 1434
3265 6728
9033 4583
4237 4820
4890 4683
1378 3491
3569 2207
7850 3252
7409 6954
2342 7501
6452 2342
2588 3647
540 2011
8061 6179
1536 8275
3395 2236
9641 30
6107 3856
5340 6105
6493 5359
2342 7456
3424 1059
3129 7841
7159 6130
9952 3796
2342 7488
7339 2342
8314 8232
2672 5293
9592 3462
824 7780
8256 5129
6039 2342
7452 3544
227 8275
2751 5513
1900 7527
5322 7594
7790 7652
8238 4282
5443 4630
41 1603
3315 6573
4824 9100
8669 8581
9318 1749
2342 7858
5845 7999
1593 4891
1567 5693
250 8514
7654 9119
7210 268
2342 4956
1927 4473
2978 1829
8263 9232
2595 6126
3028 5889
5385 163
248 5031
6731 7546
6251 420
2342 3484
5484 174
3043 5860
6062 6919
9286 6567
8365 5433
2097 5750
5699 9675
6698 131
5999 5277
3740 8715
2014 7586
5037 7665
2377 1890
7724 1276
2747 7585
7245 663
5444 3364
8214 2064
1077 826
5387 9131
8984 7776
4833 9535
6228 7308
1601 4508
6514 6614
700 3589
9172 5361
115 1433
419 5463
2890 9082
3550 5368
5163 5409
4844 1071
2566 1928
5628 6373
8043 1122
4333 1384
3787 3218
7277 9353
1641 2195
1015 7082
6801 3708
3018 3142
3936 7241
6968 3235
3125 4779
230 5379
740 7068
7574 6578
2342 4533
2703 4886
4354 6331
5692 193
757 2990
9380 6600
9380 8733
5009 4900
2042 1019
1396 2939
3529 5595
5467 9221
4536 6562
5430 1123
2508 8205
2299 6335
1087 2342
7239 9781
2342 3888
1041 6139
3474 3574
8259 8230
384 1836
769 3578
7893 109
5840 1842
449 2827
613 9129
3652 7572
6071 9634
9235 5409
714 4086
9343 6351
5956 2063
7524 7767
6343 1450
2445 9327
8616 3877
6409 7025
5167 5888
2617 3633
8294 5131
1013 1083
5156 1081
6410 2178
2342 605
9966 3296
2859 443
6632 642
573 2487
9332 9703
7383 5988
7555 4978
3772 1711
5335 2792
8007 6539
7802 8108
8970 351
7610 8773
3994 7648
1154 318
9905 7094
9885 9674
2089 7598
2342 6073
4487 2541
9491 5673
3738 6241
876 7036
3765 2342
9551 5543
8589 1208
3032 6674
2342 6475
2342 690
4495 490
6624 4481
4228 9132
3585 7408
6918 1891
1826 6787
4278 9769
2010 6651
2417 910
114 2473
1396 4756
9303 2342
1083 4416
9196 4543
600 1003
2216 8544
5364 1975
6426 9926
3712 1398
4210 4908
3986 2906
9047 718
6849 1027
2342 7027
5106 1943
2342 9011
2342 6182
2346 3795
6781 7125
8119 3070
7309 8543
1744 1754
9594 4807
7454 7449
4092 9454
5639 3085
3563 5800
1105 8909
9842 3995
105 3997
2081 4646
2985 8224
1473 5042
5115 9041
7650 9233
5292 4880
6711 2342
7732 2969
8254 3882
9814 7653
1798 1779
7600 5630
9278 1202
2342 7229
5602 3291
2918 5885
1769 8718
5473 6588
331 4437
2328 1478
8372 2530
2342 4182
3617 192
5622 5040
914 3200
9889 3367
2246 767
6387 2446
3379 576
4393 8689
5233 99
5986 8593
7291 9465
3307 8076
4293 8560
4005 5389
6011 6748
9021 5202
5634 6484
383 3470
7066 6893
1857 4658
3068 8951
3266 4014
8287 6027
7592 8252
9155 8003
2997 3099
3011 5468
3686 2534
2342 3792
7829 7434
7029 192
4677 7211
4778 5148
7100 3557
7604 9767
7004 5154
5665 920
2525 7265
6690 697
5757 9134
1956 9568
3562 3332
9851 9916
5313 9820
7520 2853
2959 3673
4553 9716
6582 9613
6088 5349
9822 5316
993 8058
1638 759
7333 7067
8000 2342
896 1058
4723 1039
6608 602
2322 8949
2342 9534
4893 9754
1524 9052
2577 1757
2874 2342
8098 5871
8413 4984
914 3149
8077 3353
4569 1852
3602 8123
2409 2637
4311 9389
8924 590
2526 554
8937 1697
5896 1644
9870 2760
6818 6916
9074 6394
6751 3273
9905 7393
2342 6647
6075 2342
1993 7846
9002 703
8027 7307
4761 9033
6649 8514
8896 2342
8717 1316
5674 5647
4403 1128
2037 6392
3425 6326
2449 5705
2504 2832
123 979
2172 9489
2399 3308
1073 6049
5407 2342
5000 6117
4634 829
8765 173
2901 9228
2342 1714
7238 8816
2342 4735
1995 158
5469 4700
8965 8152
9862 3432
6821 3732
9396 8627
389 78
2257 6227
9526 9857
9494 9964
7436 2513
8799 709
3837 532
5339 2342
5645 5547
6903 2028
3349 9657
9844 6546
4257 7673
6765 2467
7302 1981
5012 7865
2505 1731
5040 5851
7461 271
278 9389
5219 4604
666 8729
7471 6810
315 5501
5406 4435
2001 4898
437 6476
3467 1722
115 9461
8020 3114
9417 3306
4873 458
7563 5813
4217 1794
3592 7139
1446 395
9583 4605
4564 1768
2857 2342
6099 6449
5460 7630
1584 8851
4281 831
8242 4942
2256 8583
630 8491
5807 8745
7502 255
7575 5230
4167 4837
9950 1242
2679 2608
481 2214
7713 6979
9941 1426
8961 6819
9450 6060
1325 1260
3903 7186
4463 9688
2145 6188
7415 3343
4788 8468
9467 8477
3687 316
9072 6976
9731 5031
9657 6973
642 2342
8089 4556
3122 8976
9715 4905
3796 2283
2956 8153
6008 9719
469 4074
1407 7737
6857 6648
5467 4625
9803 9445
2033 2342
7626 4675
4239 4635
394 9729
3616 6740
6733 4376
8189 3510
5489 5416
9927 7871
2978 3946
6144 7449
3690 2109
4922 5971
5503 2411
2728 5060
2440 9428
2936 1450
606 9175
9742 9827
6852 6473
9851 910
4971 3631
2342 9695
8799 7072
6206 2342
9946 2766
7187 8146
4449 214
4483 6130
8093 8698
554 7740
1334 2196
9410 7733
6556 1862
2342 5507
671 672
2887 5965
2846 2400
9124 9403
5278 7835
2419 3640
9323 8396
1577 8066
8378 2460
325 5138
9447 3397
2342 256
4375 249
7950 450
6622 9115
2507 7332
2599 6939
2408 4553
1109 3557
4832 8854
2342 2918
5325 7196
7813 4793
6031 8959
2714 2194
2296 568
5211 2806
9921 9779
1751 5339
7368 310
5564 9542
1146 4671
4481 8488
5082 6477
9903 1363
8433 2024
3632 483
6418 6121
6210 905
2342 3273
7789 9370
4631 6779
4648 1357
1405 5462
9749 2608
2835 2342
7297 2942
5177 4906
8061 1690
3228 7111
952 6712
70 3911
4743 2945
6952 4026
8882 7105
4231 3420
5420 5417
5485 6628
2094 5356
8749 9491
8457 1135
6469 4740
2547 15
6266 5376
499 7705
9412 5833
2342 9795
4134 6945
8979 2345
6110 3830
9128 7625
3776 868
1831 7026
4640 2028
4011 2420
3033 6114
5672 4639
6178 5064
4003 3408
5325 3751
2599 1653
1413 1233
1641 9316
2342 360
6525 7934
3807 3545
9714 6194
7512 6967
9694 5387
2211 100
2449 8759
1701 5476
9899 6053
2522 4782
5261 9682
2920 6350
638 2467
8616 3823
5260 5110
5329 1174
7126 2810
8803 9599
6828 2973
8980 4070
8334 9747
1160 7059
14 1109
1477 3825
6464 264
3438 1085
6842 7188
8125 4534
2342 3232
6304 2342
8563 561
7844 7990
4300 8543
3607 9656
4350 7809
9248 9015
4973 6190
5454 6022
5559 5118
6597 1459
5754 7091
7944 2048
853 5500
4144 4472
4106 9204
5168 4413
231 7138
7886 2342
2187 3366
239 1187
2342 5023
3820 4154
7959 3417
1425 2149
8738 6458
4277 4629
5709 1195
8190 5795
8868 1840
1072 3404
2342 1864
2085 8402
7870 3968
5281 665
5504 3094
386 5611
527 8095
5523 4070
5502 4757
5410 9049
4318 731
6200 5942
1268 678
6031 5594
9745 3187
2342 9476
7204 7040
4911 5318
6672 9607
4256 9096
5000 16
4172 4390
6055 3842
165 9065
3677 9785
4230 1343
6702 9655
5004 3119
4851 9037
9712 2773
4693 129
2342 6693
4932 5193
2342 4234
2762 2979
8910 7614
7062 5319
7012 5091
9850 3688
1358 4148
8573 8150
1107 2221
4949 6954
4104 5892
2852 8867
957 4843
4853 9898
3468 2342
8413 7867
5831 7337
7745 6523
329 8489
9787 2290
5796 804
7515 6798
3407 4594
4242 1057
4571 8073
6774 8855
5019 7492
1744 3925
5343 1569
6430 9887
9599 5333
7240 1608
3054 2676
4033 1083
6825 1660
5517 2342
8692 1108
3500 2110
7241 1616
4557 2942
5403 956
6731 75
2610 8742
2774 1368
37 2825
4668 2355
3867 9103
2342 3122
8175 8956
3230 2518
7140 5746
3810 2683
5659 2598
9335 8555
9616 8408
2342 9664
3856 2342
6383 2261
3277 2312
9954 7057
9218 6409
651 47
5323 7881
226 1767
9242 543
542 2496
8518 2342
9831 9340
3482 4143
1453 3550
334 2126
2053 2771
3822 5360
2613 9091
6775 5094
301 64
1538 2756
7864 1243
7276 584
2930 425
408 3598
587 5161
8222 8264
6018 7980
4374 5123
7233 2298
2244 910
7179 2849
2342 2780
8111 2342
1863 2629
2849 624
4869 4468
4687 3369
3202 1455
1114 952
2018 865
9863 7007
3480 1986
2137 4068
6587 8780
714 8852
699 9384
5529 4904
5778 9392
1295 1152
3884 2606
2585 5273
8278 8645
4650 2373
652 3377
7788 5329
7440 9776
1823 7013
7142 9633
5615 3572
7948 6093
2336 9897
1253 3296
9799 1038
7034 6312
9240 8987
2375 1736
8477 7962
1796 6589
5108 4928
1362 4240
8054 8792
5216 7856
2342 2259
6534 2288
6163 7223
4800 2797
453 2342
8253 5655
8755 9769
8763 7399
1795 6867
6258 2342
6238 1350
96 9836
2342 6699
2013 3197
1411 4891
2872 1015
9547 3575
2666 9373
2761 657
8067 2823
1968 4093
5505 289
4366 9289
3201 6963
6107 1576
9409 733
8472 3832
6086 6527
517 7304
3889 2623
2265 8172
7630 9644
2325 1
9687 1147
4297 6580
4394 9837
6047 7231
5646 8619
2342 2805
2676 7658
6704 8549
9984 8413
2621 4138
8851 2524
4592 9384
1381 9842
8582 1089
6333 2892
9040 8919
7692 5462
6817 2697
4050 5784
2342 8674
2342 6593
3501 937
2342 3450
4696 3677
960 3596
773 2462
578 5024
9348 3172
4541 5696
8035 3954
4285 4017
5471 6677
4456 9419
1293 2217
4633 7205
8574 2342
705 978
6135 868
6500 781
7194 2342
3167 7589
2113 3236
9681 4159
4917 5893
9533 5711
6755 9843
1011 9971
4599 5208
3095 8096
5011 9485
8782 3638
645 364
7039 8240
4426 7898
7622 2811
8872 7243
771 3982
8023 1852
3462 6590
2466 1866
7875 2042
6832 7323
901 2342
9384 2849
1449 5950
7591 9917
1629 3402
8194 9154
1746 2052
8044 8631
5103 6273
2342 787
6416 9953
4581 3953
4593 814
5008 924
5630 9106
1942 4146
2231 2342
4846 492
7585 7213
7412 1355
267 6786
5270 4167
6859 9686
6331 8437
8350 2690
7810 7828
3289 2517
1508 8622
1134 5784
7087 7158
4851 9361
2344 9640
2290 1752
9358 6929
9458 543
3638 107
9347 2864
7890 8034
9233 7714
7215 714
2443 9939
2342 1654
201 6531
2059 6489
3453 6491
2342 550
6137 9786
1358 2435
4581 4085
456 3874
7863 2342
1273 1946
503 2950
957 135
8796 9161
266 6020
8435 2342
1218 6860
4453 5048
4816 9573
5269 1183
4177 2342
2041 6269
831 7709
7212 4940
7727 4796
326 4494
2342 1918
6827 4838
5801 9854
2535 7491
3748 2342
3253 7257
4343 128
7170 4065
436 7619
3357 8750
7393 5504
4484 4639
5894 6791
2871 880
8596 9054
5124 7160
8992 6127
6083 7319
7573 3450
6788 4632
6807 2342
8642 5966
1592 7432
111 229
97 9086
3723 7682
923 6299
1308 3107
7769 1706
3669 6138
7401 5219
8850 4651
4762 3494
9793 1804
7276 861
3360 1844
2342 107
2051 4593
4078 8475
6334 6705
4466 4135
1392 1658
2757 2342
2252 5222
737 7458
5360 7371
9679 6148
7057 6509
3997 5972
426 1441
2342 9570
3225 4813
935 7324
3726 5633
1130 3352
3505 6611
2342 4693
5665 8828
470 59
2278 2122
522 3171
9312 8163
2342 9270
4004 4540
5241 4092
4603 2342
5375 2342
4322 8478
1777 4015
2068 5497
6501 2342
2342 4329
2660 1325
9303 3905
1004 8199
4781 3031
5076 7545
1352 3525
8675 9024
6350 9374
5187 2195
5704 2342
1435 3779
3612 8894
7149 9625
1826 3761
8339 2337
4212 2342
4140 9513
1860 27
1927 872
7443 4162
2090 4529
7115 6354
7922 1431
3394 1091
8947 5279
3528 8348
3757 1509
8345 3903
836 9761
9457 4670
2318 648
8390 6721
5716 6152
1103 6936
7514 6450
817 1258
395 4208
7282 1011
6248 7111
9067 2342
217 9148
7708 9311
8226 3870
2015 2518
4505 1427
4055 8423
2342 3698
9808 1090
4834 8878
4076 5006
1221 8110
6298 2935
6332 4401
3358 2028
7440 2342
3595 8098
8898 7562
6009 4329
904 7831
2294 9078
8070 8556
7661 340
6965 6511
3923 2991
6134 3752
5997 4362
3457 3057
7556 2342
2696 9199
4940 7812
4925 4501
2342 6161
6891 6275
8008 8290
1648 3002
3014 4450
3917 1618
9566 6010
2327 6325
1558 8444
2079 656
337 4427
1310 8438
1263 7601
4338 8680
9268 4547
322 5111
9488 7511
3346 3405
7985 2034
6717 8088
7019 9770
2342 6115
8484 1345
9505 8727
4656 7171
8777 3865
4434 5749
9858 6474
2633 8246
639 6455
7065 9480
2152 1640
7119 3326
6864 9728
2205 6002
2882 4349
2824 7834
1925 7015
6888 7410
5406 2342
3497 4013
8493 280
9039 4158
926 5998
220 6750
8087 6405
4045 8272
1699 8429
3841 8794
9783 4010
7742 1926
9541 9273
6533 3697
2342 1527
3483 218
5265 7188
1401 36
3442 9682
7425 4615
8124 5875
7157 8119
5965 1493
6603 7728
8089 3593
4112 1761
7441 1525
6536 2371
4919 3485
1554 1012
3037 5435
3314 5288
3158 5221
5391 3714
5424 4961
4755 4423
7660 737
5078 7478
9109 2659
1190 1979
2723 6156
5143 1877
5405 1869
2342 1377
2352 2226
2645 4569
779 5590
9620 7359
9728 9975
4627 2342
29 371
9203 4295
6085 2342
7873 8659
8212 3445
2665 3833
8496 7957
8683 8975
9239 7750
8727 7925
7633 9351
6645 4369
6825 6896
1692 1138
5610 6852
6249 2999
8928 7827
5541 1262
885 4302
3359 9309
8857 9584
6911 2000
3477 2342
9287 3139
3681 2342
1705 1679
892 1973
768 8940
3846 4511
2869 1823
5874 2233
9181 4819
7073 9116
8429 7892
6196 8295
1712 5033
5986 5033
4370 8048
1365 6055
7402 834
3451 4867
1390 323
6034 4090
5862 7326
6202 298
2242 4839
2446 8111
430 4284
1048 1779
9339 2628
2342 3433
2657 2971
3572 8557
2738 7192
9440 5596
7719 8058
5913 7094
8533 5818
9873 8080
1139 1262
647 2729
9774 2621
3600 1282
8617 7356
7203 4767
1554 3019
3286 7940
2595 1292
6956 2342
1568 5632
2741 9976
2509 5006
4787 6496
5520 7453
5319 1179
9001 7721
9974 6394
684 9851
9680 9871
3131 5295
3694 9476
8726 6302
8787 7650
2092 2474
796 8082
858 5592
445 9629
5395 8960
2342 9431
9758 2160
2907 2993
4257 4604
2342 1001
4064 3674
3885 8101
5908 7168
2342 5535
8129 8536
2342 6027
9918 4349
4310 1726
6083 2342
3902 5849
4077 758
8005 2342
4530 5265
7048 6678
3177 8313
7299 7378
8700 8958
5113 1883
4974 7963
439 3568
5416 4433
9825 5442
1241 8955
5277 2342
432 9451
7320 2786
3072 6402
2342 3458
9604 2240
8615 4028
2479 2729
7891 541
3094 6902
758 5039
2342 3560
9344 88
955 6671
52 3452
7121 2342
5443 3418
3227 2475
6185 9963
7758 8811
5827 8424
8944 8171
9014 2849
1637 8116
5865 4264
1500 7294
9466 3239
2935 8498
4488 6235
7556 6192
3428 3961
9890 2533
1226 9155
6390 1729
8329 4019
5935 7496
3047 7863
9950 1405
9891 1333
4764 9752
4172 5167
5415 1549
3532 4899
3642 8567
2398 1403
4626 3101
3090 1737
2438 8376
3763 4688
4663 3584
6563 7595
5024 1528
6417 6555
5509 1449
6799 6923
8188 9329
4439 3144
5636 2292
2700 1826
809 5498
2003 8451
6809 6801
6817 5032
9499 7334
3812 7263
6971 3661
2094 8697
2342 4491
3042 79
2887 8161
5821 2342
2342 7722
1743 2743
6964 4026
1633 2342
9621 5456
1811 4044
1004 4065
1679 8272
7797 9708
646 9439
1756 3523
7258 4765
7935 669
2639 5071
7620 7281
8416 9956
8526 1068
294 8590
9907 1075
822 3896
4483 2835
5920 7911
4898 5341
2342 8264
9761 9162
3362 9030
1583 1963
9300 8500
2342 6676
3825 2127
943 2903
161 2860
5810 6595
2342 8873
5496 2351
1858 6309
6270 5503
3790 369
9888 1253
1456 927
9184 6451
2390 798
1290 7466
6143 8819
4232 5028
2938 9633
8753 6706
2342 5988
736 2752
1792 7905
883 7124
9322 4402
8451 1155
7384 2271
7173 3998
5239 3813
4309 3604
4471 9012
8460 9811
3920 6780
6114 8359
8307 5544
5616 2984
7926 2342
8974 8181
6636 9422
7394 6770
896 5465
1675 4339
2342 8364
1023 1997
283 304
3487 729
4123 6960
3034 8069
4025 579
7824 6553
1982 3734
2597 2348
4680 8859
1965 7927
2838 7888
1129 2047
6347 8391
8071 4498
2692 4837
497 4588
66 5390
1022 6331
9922 8482
8422 5486
375 1656
7116 7572
8158 348
6282 1562
7229 4882
40 1024
1654 1255
5099 713
8357 8388
6272 6203
7122 5969
8443 7552
2494 2571
6872 8092
1388 3686
4884 9856
0 8247
9230 7484
7476 1514
4149 7559
2992 9104
2445 1129
6247 5026
3992 3933
3541 9957
4493 4418
6927 4251
9416 2383
8195 6291
5649 6502
241 2554
2342 9604
698 7970
6030 1177
7936 8691
3368 7469
7914 1338
6337 2736
1906 4411
6128 1771
5961 4706
7918 1597
7755 955
1224 1851
5312 4886
4422 8669
4640 4350
5365 592
877 9138
1280 8320
9260 6513
5093 2342
1770 4191
6586 7997
1755 204
2966 6301
2110 5855
307 5137
4114 3023
8734 4418
1539 1504
4480 1912
1756 5693
9231 9735
3944 8426
227 361
8801 7049
1846 3064
9051 7908
6885 2477
829 4617
962 1161
206 7347
2342 4063
9182 9299
125 2849
5202 7176
1474 3921
9229 6503
1262 5198
1158 5004
6928 5495
5674 8343
5936 5954
5708 1431
397 9765
4999 654
4441 7488
6830 5868
7284 331
3165 4515
2342 9558
2983 1996
6119 3073
4404 6738
3682 5400
2342 1232
6081 6752
2067 7848
6048 6452
8667 9407
8201 3509
4822 7558
3095 3475
612 8871
807 5494
1912 2210
1933 4042
2340 4926
154 2745
8148 3759
8469 5048
6208 4672
6869 5160
8608 3527
7974 4861
2019 961
9405 4125
7646 7085
2680 6707
2342 2980
8115 2705
4838 1713
2990 5608
6074 1745
2477 6417
2570 7396
3738 5910
6289 2342
4660 3376
2227 448
4550 577
2581 8712
5015 223
6281 356
3954 2567
4798 6219
6379 9768
8368 2852
6305 9196
9627 9160
9339 2366
4091 3161
9274 8455
8485 8594
1444 7442
5326 8921
3233 6304
5059 6345
7098 304
4977 637
2205 2342
8781 3987
9785 6778
9117 7922
4500 951
2342 9396
7765 6810
874 895
8917 6282
263 7161
1870 7880
6739 8996
749 5689
1636 522
863 1308
8266 774
6805 8929
2566 3513
8192 6925
5411 4396
1408 9494
349 6591
3081 7511
5979 1111
2342 4062
2025 4584
1606 9889
5609 9865
6519 5450
3940 4383
7121 9194
8485 9711
3894 1597
2342 864
4280 2931
4596 1550
8433 7495
4009 5355
2342 9367
5597 554
7956 7023
6735 716
4491 5436
5257 372
2101 2342
9433 6638
5311 8279
5906 1379
5972 1634
2378 2342
5427 4139
6863 7467
405 9921
2562 1928
9921 5573
6545 2203
2342 4887
5121 7360
9636 7462
8609 841
6611 108
1053 4108
2973 1918
2342 7329
6625 244
2339 5497
2069 6990
2742 6803
1008 948
2759 7684
3951 1349
8114 7737
7335 667
4929 7628
9660 1156
1798 8328
434 9813
2585 844
734 1447
2864 392
1391 7717
2253 2342
777 4343
3678 2560
4817 1372
2189 6392
8660 782
3736 2782
5194 589
2429 1298
717 9368
2322 4414
2285 183
5881 5724
5545 9151
156 8747
8477 3077
9022 9317
1346 573
910 607
6871 7347
1020 859
4150 3881
6191 7803
2342 3523
2342 5562
5032 2342
7034 1623
5834 3102
3982 7134
7928 7281
4059 7538
3812 3391
1307 1750
2342 1721
876 7838
2432 5237
4438 6415
333 2579
1718 7097
8734 6520
9193 7513
3392 2015
3148 3459
7778 4837
620 1992
8540 5832
3238 9849
3506 8693
7330 2587
8650 701
8506 8821
3828 3532
2558 7866
2471 3484
2248 9889
1502 1542
6168 2348
8492 4956
3411 194
6124 5785
9207 9007
9603 5295
7981 3666
8628 2697
7108 7779
2737 9670
5717 838
2114 2342
1437 7523
2995 7784
9893 9692
2432 496
2434 5108
653 1607
1755 8694
9930 8184
693 1257
4399 3724
2823 1734
1571 4780
6177 832
7439 9776
2220 5861
5318 997
1533 3077
2695 8900
9025 6787
3000 4597
5090 9515
1209 770
8466 8028
6183 2165
1451 1280
6808 6985
9432 2858
2342 4967
7720 2240
6664 9192
4128 3729
5120 2799
4128 9654
8465 8922
8686 624
3730 734
6607 4831
138 481
7074 9889
7016 4560
8006 1540
9168 4993
302 6618
9696 6454
6051 7095
7386 8424
514 2712
8175 1624
6917 2342
959 8493
6706 4597
1776 6705
942 6700
4818 3707
7938 2958
8624 2028
7392 2521
38 3167
424 9085
4299 2500
3671 7026
5923 989
725 5684
5568 1807
9653 5354
5937 5259
8902 764
8510 1995
9224 3815
1092 634
4111 791
7500 8554
5757 1357
4572 1374
6529 1063
2963 2497
6616 8319
8097 4313
10 2541
4943 5446
3996 5732
9374 8493
2897 1284
8640 5168
285 6331
4117 9255
9969 4855
2342 6609
2947 4845
5901 5309
4087 9698
2987 6776
4592 7153
2939 1420
8790 5306
8787 7035
6590 6763
9459 3953
4379 4151
752 5975
3775 7667
6532 7248
1402 2342
2193 5880
8889 5100
8202 9076
2070 7682
2951 1545
5282 9720
502 9430
1043 918
5124 778
1260 262
7090 7535
4286 8535
314 9302
3547 9309
8075 5821
6325 4248
3503 1573
5731 1498
2342 7069
480 1519
671 2342
2342 1146
2526 5683
3301 7330
1289 6922
191 1373
1824 1422
1375 1299
1294 2342
4725 1177
6341 3037
4985 4075
3869 9066
376 1526
3399 7155
122 8582
6064 845
2871 6940
2971 9697
2342 8971
6455 9415
9381 2383
7875 7877
4947 8934
2492 1297
1728 4297
9259 7638
7285 4791
1843 9852
9530 6253
9378 2272
7660 4340
1044 1104
8486 8133
1021 493
2029 8772
1705 211
8054 6436
5658 9737
2367 983
4654 6202
9218 6422
1184 37
1536 9375
5321 8328
4865 1809
8525 8786
916 5435
5784 2
9288 1858
6254 6340
7310 2342
643 8908
4616 8315
8728 9397
4690 111
5722 6574
4082 5229
3910 7197
3059 7848
2342 7372
886 3948
8181 3516
387 2520
2342 5308
8138 5226
5239 5714
7643 4332
3865 2624
9578 3326
7406 84
489 3891
6931 2804
470 8870
6866 2342
5096 5003
4857 3110
5125 6700
4509 7979
4402 8521
942 6046
2786 4726
9744 7868
5742 7641
853 4699
2342 9944
5718 7876
2218 399
3134 1242
2776 1472
684 3801
6143 9961
3730 3766
2156 8853
2342 8819
2010 9458
985 5495
5896 152
1150 6278
6274 9518
6470 6699
7001 6140
7808 7364
2202 2480
6252 7360
6468 7043
5791 6480
8072 2286
340 5879
6079 8851
5879 8136
4114 112
2455 631
1099 353
3747 8296
4223 1317
9615 4585
5637 4053
3401 8995
1489 8708
4709 2342
7055 4914
1339 6727
2457 155
1079 761
9892 8592
9474 7739
3645 5249
8270 5383
1639 8654
7644 9768
7088 1359
4890 9034
6822 1895
5232 8401
1930 1697
4374 6517
136 7735
4473 9901
3482 9198
8701 4523
9087 9596
899 2245
4243 3540
6812 1577
7895 112
3130 7527
7762 196
7530 8188
1410 6448
6498 1927
21 7739
4528 9810
4738 8450
3674 8017
5907 9509
5402 7759
5302 7114
8018 9816
792 4158
3363 668
8322 1798
5649 4854
9200 8074
5102 7509
3531 2870
6863 6389
6460 28
126 8351
7260 3135
9172 8724
8341 8817
3989 6677
7842 3573
9493 1830
2465 3138
1468 3439
3721 9402
4232 2557
3624 9648
3528 4402
8740 9122
6396 3801
5204 2747
5894 4469
4232 7279
1969 3783
8119 3977
3999 2106
6992 816
5218 2342
2496 2792
2147 4335
6142 906
2953 8495
7030 4369
6008 2848
3198 6932
9166 2342
8218 2155
4786 215
231 4061
8835 2342
1645 3434
5991 7079
9174 5092
1767 2342
2264 2549
6401 6396
8276 2607
3193 2082
7441 7214
4695 747
529 1820
805 6149
3076 8015
1127 9667
9576 9326
2279 8940
5315 8622
2171 1643
180 8105
9658 55
8501 8865
9246 2817
4954 2970
2102 1728
8220 9981
2293 6530
143 7877
9619 2548
6583 5864
9349 8656
1340 8419
2342 7394
224 3000
6426 8380
2342 1021
2362 3724
2330 5911
8991 5587
3891 767
6110 630
6982 3098
9053 4184
2209 577
3139 31
2870 8279
550 7981
2185 2450
3658 593
3057 1396
485 432
7555 2869
4861 2976
2342 1570
5740 8742
815 2342
1759 5211
4963 2620
3567 3075
9067 3057
7515 4497
1933 9759
8945 9249
7479 7543
4914 7984
3335 4019
567 1983
8544 8299
5885 2388
791 5155
5820 2135
9640 2342
7251 2342
6716 2877
2026 2584
8057 7031
1507 1231
3164 9970
4133 2694
333 8330
2161 5317
4302 4696
1161 4276
4179 7212
4069 4410
898 8669
8898 8702
5729 400
4903 2949
7463 1964
634 8672
3288 7651
5301 176
8412 7411
8428 742
3071 6848
6357 5319
5246 1335
8337 3969
1559 1466
7419 1769
1869 2342
3147 2669
5580 9868
7783 5285
2826 2659
7205 2342
8324 2709
6577 9977
8507 3526
7273 6336
1695 1429
606 5648
555 2890
3521 2342
8241 911
6450 2073
1919 3746
1436 2641
2342 919
4995 2974
6168 646
7495 598
4090 8913
8927 9215
2346 585
2342 6779
7712 4952
7086 879
9866 3522
1828 538
3949 2555
8646 6584
7799 7862
5460 2342
2087 9980
1923 8130
2263 8635
2162 228
6957 2273
4273 4430
4349 8261
7382 1927
6631 1576
4448 8423
5430 7124
2062 4786
917 9894
3441 4002
2229 3053
1145 7983
1939 6784
9563 6230
7380 5370
4485 1426
5155 5097
5668 7975
7348 739
4183 8169
122 4998
4958 2865
2999 5332
9087 6702
2342 9427
9465 8414
1874 265
6615 7098
3574 2342
5248 761
7661 2342
9385 3385
9665 4619
5022 1974
8741 7532
8610 6199
6024 6685
2573 8340
6060 2594
8321 499
4584 3919
2342 800
5538 8300
3420 1324
6261 9880
6856 5696
2822 9222
6240 1703
9955 1732
5775 6668
7391 6393
8943 8384
9736 2320
2342 6521
4802 1621
7112 4122
2134 6001
2450 205
9796 4934
6292 2308
932 9356
4189 6814
5586 9
658 1700
19 1742
3942 7870
5467 7700
4132 3628
1801 8675
2611 849
7783 5474
4028 6133
1805 7747
1695 4115
4644 2501
5103 2342
2620 6956
1071 3374
5792 6829
5727 9824
9386 473
755 3477
4878 8441
6993 2211
1407 7617
7265 7918
8134 5846
3017 7428
3430 7722
4874 8060
884 1403
7047 4777
1252 4615
6001 9324
3314 8053
6984 5133
581 8710
6804 3394
9173 9374
9380 6019
4749 6492
7225 9214
6707 8502
870 4294
1953 2342
5056 2800
6327 9832
5902 6983
9891 4451
4110 8845
1580 5278
4961 9609
5005 1278
4336 2159
7795 4911
5560 6734
2303 4058
1662 6461
954 7569
3180 7167
243 6619
8926 6538
651 5410
9468 4733
9666 8154
1698 120
5002 7778
760 8914
6216 7340
1763 2664
9462 9593
4321 9061
5901 8170
8196 6589
3754 2460
8002 4433
8513 5665
9968 5551
238 4054
3529 7605
9545 2342
3071 375
4790 4168
2158 142
9304 788
4589 3045
1086 1520
77 5199
7378 6935
8342 2342
187 4570
9848 6321
2342 5056
2342 1414
9140 1255
2910 1832
22 1522
5832 3396
4994 6904
1342 3955
265 4538
3586 7550
5477 6067
8383 4094
1766 7715
2342 4933
6595 6175
2342 5917
9920 8101
6485 6023
2342 2538
9778 9357
9265 2342
1841 7262
4043 3915
5384 9315
5181 6613
5371 2342
4747 2454
5130 566
8027 6224
8508 9298
6720 8692
7923 3478
6774 3731
9913 74
8666 9591
7228 2342
6833 7671
6407 61
4918 8942
3421 4581
4455 6069
8971 8720
8623 6300
1341 1543
6128 4754
6874 2634
6765 4785
2732 5025
421 892
8951 9506
4747 5982
316 7343
5989 2397
9567 7920
5990 4232
8127 6576
3144 4048
2103 7564
1603 1775
5126 9567
8078 4064
8913 3542
3865 1418
6310 4336
3182 8442
2342 2255
2342 3777
882 4262
684 5175
7952 9519
3223 9707
3213 775
2342 5848
8399 8696
2342 220
7490 3105
9113 1779
4713 9602
7365 3337
5726 1712
2482 7870
2405 7290
2342 6948
9896 7264
7483 2342
487 54
9593 2187
2808 8802
8613 5652
5218 1166
4191 1614
4301 3402
9220 4486
9400 607
7424 5333
2361 8504
2342 41
336 1938
2342 8843
5534 9493
526 3666
7914 3773
2956 5887
1617 8742
5061 8708
9886 9943
1535 9027
7007 919
8673 1137
8735 1130
1319 2184
1441 4049
3825 3418
4163 2364
3413 256
7555 5359
4779 7842
5236 5613
7596 9922
2788 7599
7851 7644
3046 590
3998 9287
9179 7020
8211 1333
2394 7720
2306 1823
238 1963
2470 8463
2829 7423
9315 2819
1749 1420
5344 3694
3191 8294
1447 5044
4525 7815
3413 715
2393 2660
3214 5231
1922 3524
8225 5361
4722 8292
6255 828
9570 6545
4679 3285
5446 2678
1213 2280
7156 8705
2342 6662
2342 2406
5877 3302
474 7047
5487 9004
6897 4961
7951 3317
2774 182
6071 6656
2656 9936
349 4791
2693 325
7665 245
3283 4364
5052 3755
8845 7791
3495 8236
8216 1802
3876 3742
9073 422
1365 4784
9520 6259
9936 4972
2833 1415
7558 2884
8745 1169
784 1797
3241 9018
6967 5183
6036 5172
7249 7184
8411 6963
281 6684
1740 464
2917 222
1726 6905
3665 1118
7176 3007
6944 8415
2540 2261
9523 6386
9729 9637
1172 13
1533 6650
958 1459
6365 9099
1559 4575
9472 6029
4758 2404
8847 9029
4069 9284
967 7508
1540 3202
9906 4580
2530 5423
4106 7765
134 8756
622 9450
8691 8363
9771 3257
7689 7430
7226 2342
2342 6285
1166 2763
3006 2523
9884 8030
8777 8771
8522 3026
822 9676
9109 5053
9571 5284
9406 3779
6824 2335
7637 3930
6985 7994
4305 2173
1963 7181
8297 1339
2559 8267
9879 9281
4972 9855
3398 9347
1272 9623
3061 4611
7776 8648
5732 3148
3984 7631
3649 119
2309 8923
4848 3530
2698 4218
9328 2830
1291 4559
4877 6428
3746 691
2342 768
772 4761
3423 3826
9175 4684
6187 4607
2909 3529
2655 2901
2940 5760
8491 6042
6097 4057
3744 4520
7902 4162
7438 5521
6412 5624
5643 5110
2314 5072
4784 7532
8891 2514
76 5098
8433 6218
906 4712
9157 4785
5890 7893
136 1652
9612 2021
2775 8033
7517 1061
398 7331
5397 3105
4875 7127
2337 996
6725 1195
2625 3499
743 5654
5807 7470
7450 3737
2670 575
5445 9372
9016 8137
2972 236
4920 9145
7869 2342
7213 2458
5070 2031
6160 4020
3566 2258
2904 9708
691 7432
3570 2680
454 7006
2990 9180
3353 8136
8684 3295
6565 8760
9795 4287
9631 7363
9882 8548
7750 1570
1521 4687
450 9634
4889 6044
6800 3627
9266 8574
133 5401
9789 5914
7209 4111
2342 1018
2618 3474
2151 4170
5734 233
2840 7568
5804 523
2247 2342
6659 3276
5953 3016
2452 3936
356 8088
5516 3611
5975 9426
9650 9517
4638 1013
9483 8345
1831 2489
3587 9417
1080 5685
1458 2342
3554 1093
303 9023
1566 4973
9175 2386
2932 5811
3303 8249
8304 9189
5327 6109
3556 8990
6942 4058
7991 7590
6606 4378
7422 1343
3120 9864
4063 3591
7580 4510
5026 4802
9574 4800
2342 5846
9430 8561
7813 8148
3780 4127
3372 6241
5364 5224
7436 9588
2866 5999
7448 7693
2225 9908
2007 8498
1190 3074
8631 7271
7181 6306
7553 5336
7103 1153
5450 1032
6089 1027
1585 4698
7216 1757
377 6838
9402 3493
9024 8847
8107 2479
6352 9833
5384 1235
8015 5477
9631 2342
4290 4859
5725 2043
3108 4935
7657 5240
9243 5134
7466 4328
9924 655
4857 1822
2181 8393
332 7165
320 2342
4196 362
7560 8724
7498 799
4255 9146
8719 7153
3170 7756
5565 7847
2342 9231
3878 6321
9084 5197
6070 4745
5766 6456
8792 460
2575 4742
2463 4591
9058 8241
2739 6580
3829 5968
3636 4157
5453 7418
6635 2866
3838 3795
7518 9709
7885 6350
5050 6704
8271 5614
2342 8120
8289 3009
6909 6330
6163 3293
3465 8651
3922 3829
9011 927
1270 3024
7439 5069
4656 754
9793 2342
6445 2342
2881 9915
2342 505
539 1938
1736 2564
6481 4176
151 5935
1189 7846
6854 2044
4560 5290
2342 5910
6500 8887
4838 9124
400 3422
1254 7443
9689 4729
5025 4114
1511 5478
4251 8324
2113 8895
3706 5943
3393 3504
602 2342
2045 2342
6274 1398
1491 6800
5210 3311
3621 8459
336 7774
7885 8268
9956 2997
330 6158
8066 8966
578 9926
6442 1669
2342 3715
4261 4849
3281 2980
7266 3335
4382 857
4123 7615
9665 8671
9362 8996
3174 1682
599 5088
6269 2342
7968 4669
1214 4582
8606 3055
2342 4909
1802 7875
2342 5041
2820 5499
8118 9577
4692 6523
6123 7085
2342 5643
6971 8918
9329 5870
6469 4591
3537 8012
4337 588
7001 9790
3591 9143
6635 7725
9614 4712
5129 9709
302 5352
9405 8620
8369 9760
4727 6944
1117 9730
1265 8644
5404 3154
8474 3212
3769 6078
8339 3664
4737 9446
8516 7777
2245 502
9251 4641
2905 8882
9055 7139
8300 1761
2342 7804
265 7082
2342 2072
3297 8152
4526 3323
1033 4180
4822 4436
6947 2716
2301 4657
3165 5561
6953 7707
6342 8177
2005 6494
679 1685
3612 3418
93 8086
9055 6046
2342 3003
7902 5738
2849 9889
8396 5189
6396 8736
2342 7850
6374 2342
8065 186
8511 4920
6866 9979
3976 510
7664 2342
3657 9974
4782 2460
1262 127
2395 221
6294 5855
1167 7407
7078 2461
3803 3400
4912 2965
4810 7886
6472 5994
729 3971
6311 5878
9237 3609
4678 8117
2631 9938
5944 1923
2386 91
5279 9424
7633 5789
9066 7945
4921 862
1932 5038
4361 8127
2603 2886
3893 7910
5377 4357
7564 557
5694 3797
940 9390
1289 8560
3067 1361
3300 5781
2715 8780
4645 2219
1055 7050
6180 6281
8004 2650
5466 2342
8243 8935
61 287
9334 6048
7798 3657
7348 2342
7616 3934
7887 551
6412 9232
6655 6413
9875 2342
9885 1310
5762 4083
4152 214
4484 5640
1392 3546
9849 1486
4633 4039
1034 1779
6561 8410
6920 3429
7536 8258
8635 7050
5818 4640
6212 7448
5114 1360
1110 4341
9470 9357
7075 5417
3149 7655
4251 2158
479 1719
9782 7200
9972 6624
8820 7118
363 964
7362 8527
1010 7526
362 6113
7395 2746
5470 7802
4292 5677
7906 4896
2634 6072
2300 7775
6099 8779
1497 8257
7239 4816
48 5843
9538 1186
2342 141
2604 7220
9782 6308
416 7689
8587 4691
100 4804
7453 924
2107 9618
4006 248
2503 8717
5243 8014
7934 2038
7405 707
9737 1390
5774 3637
4188 6041
4567 711
5388 3282
410 4542
8711 4404
6998 5720
6747 6312
1553 1279
2494 2055
2342 723
65 3960
2645 9013
6443 4324
6148 4817
9289 4507
6436 5308
8698 4703
6936 701
5792 3172
7102 4421
1865 8521
4654 2569
2342 8748
2727 5117
1586 2706
175 9471
6753 4309
8068 9575
6465 875
2342 13
5007 378
4806 3213
8053 6420
3129 1766
566 2847
6869 2342
3150 9154
5582 2152
1765 3343
2342 7300
6398 2342
3715 926
757 2702
5271 9063
3155 5238
9338 5127
3447 2954
1563 2153
7529 3691
4755 5027
7670 8862
6571 5699
2342 4055
2118 247
6984 6709
2097 6793
110 4259
9424 936
6064 295
433 8993
2169 5173
3308 8480
5285 7320
4145 5289
12 1963
2424 3168
6125 8268
619 7852
6213 2550
6584 6504
5459 585
4969 5526
776 6260
7318 4244
6896 4945
617 5170
2098 9035
3076 7492
974 5646
9421 45
1412 2342
1367 4352
2889 1247
2373 9699
3549 9592
1922 2342
4684 9305
9814 6797
7172 1858
806 5922
3890 4987
4667 6987
6314 5929
9306 2833
5539 9353
2276 8466
4744 5481
443 6371
7313 7541
9830 1552
9813 2629
1789 5179
7255 513
1590 2834
3191 1016
8237 4358
5493 6995
3381 3794
1677 2444
2074 7724
3483 4694
429 6843
4448 7868
8788 7048
6076 4198
549 390
7314 4535
1052 4200
2342 1446
3758 1927
8467 9009
4135 8183
4247 4199
1694 4469
8612 8695
4287 9784
9553 7114
2880 9677
1572 3245
3057 5295
3384 4087
4051 5139
2556 6437
9285 2490
2550 5667
2411 8476
5824 2342
3773 6482
8150 3941
6649 5276
779 1649
433 1091
2436 811
1853 5214
2403 2711
5081 2143
4645 7101
6012 6206
80 1633
8977 1752
1874 1966
5900 2667
3577 2486
9782 5527
9608 1248
8830 3481
8052 9473
5368 7376
1013 5200
8624 3355
6767 1064
8735 1111
490 568
9354 1482
6714 6364
2939 6992
4967 4738
6994 8620
5415 7418
8707 9826
1990 6585
9545 9643
6663 419
7976 8658
6070 7011
6653 2342
4959 9365
2275 4797
2342 5174
2511 9847
4414 9440
6502 5005
6697 2132
5510 8954
3220 1047
8529 243
689 2342
8302 2342
7354 1406
2783 8894
1526 3552
2598 7814
8670 1501
3370 428
8570 7475
8985 2462
2089 124
4914 1736
6992 7546
9299 3981
462 6419
1484 9632
4164 4587
1497 9020
4652 8137
2111 7678
3015 6983
1550 2342
9345 7295
9448 2342
8833 6176
2078 6957
9108 3876
4513 8527
8824 2482
7903 7350
1753 1030
4637 9444
6713 4331
2336 2342
2053 636
6953 2342
5785 2327
8669 854
1338 3366
7133 3935
5097 5553
6378 4049
7737 7264
9960 1591
6230 2560
7605 8943
856 7968
147 676
9978 8610
1454 498
2302 9647
5588 5029
2743 5042
1957 9352
9002 5228
2687 1329
2342 8899
5295 2460
1079 6424
751 938
4222 305
8302 5767
2063 9644
3581 6856
6044 3005
3937 6687
8660 6932
3809 1880
6305 5712
821 6569
175 6102
5250 1100
67 9480
1957 252
1108 3015
3582 9245
6243 5626
664 125
494 7752
6900 1666
6666 5068
3810 6413
1438 2192
9601 1914
5073 1664
7816 2424
9954 2342
5974 1958
8343 2342
3897 9652
750 9806
4850 5201
5678 4489
746 3318
8975 8754
7517 9412
8721 4285
8886 7132
5399 1888
6207 7909
8747 1315
7792 8876
8335 2489
2352 3028
4356 695
2856 8185
2552 632
4488 2024
9710 6184
4918 5025
615 5651
1934 6408
7274 5002
1970 8753
9075 5749
8288 3157
966 219
574 2182
2342 4444
7341 2196
9110 7400
4393 1734
5844 8240
2574 4250
5303 3732
1008 2142
306 2886
7308 4826
6644 1892
6813 6629
5869 559
6958 4562
4879 5352
5583 8568
2342 4078
8892 6748
5381 2057
5215 6363
3970 3100
968 6814
526 4763
5493 9853
4731 3057
3695 1863
9704 6189
367 626
4767 1781
6910 2342
856 3518
3549 2342
6348 2301
4456 3468
3448 441
2342 368
8590 6756
686 3995
7309 8490
9705 1112
9741 3124
2342 9181
9294 3325
1881 6920
6898 5267
625 3535
9501 4442
2342 9645
203 8157
5739 8875
521 3040
3313 3096
2342 1039
2342 9949
2498 3817
2166 5457
8945 2844
1972 3789
9293 5010
95 3512
8414 9391
9838 6440
5159 2387
6495 8948
2505 3893
7247 4232
1274 2527
812 2902
661 1167
8441 2342
5506 1552
3027 3035
2519 166
1062 6015
1262 9277
6631 6978
7217 3849
9432 2342
2342 5398
468 1303
7171 9965
2028 2318
491 6012
4684 9471
6675 472
1546 2922
1696 3234
5105 159
8404 2499
374 9683
788 7548
2460 2524
4326 3950
7335 6166
9006 1737
8413 761
4917 2342
1257 1518
6313 108
3946 8783
73 1915
6634 8703
391 6063
7323 1888
6098 168
8085 8404
683 1814
5798 9901
940 2586
6466 7953
2527 2305
5773 3948
5758 2534
6431 7377
675 6031
8842 2930
8113 9426
2202 413
1154 7653
7929 1651
6533 2342
5911 4730
1420 9724
6458 1304
3618 2342
5770 9169
2342 6384
1349 2342
4706 6722
9760 9070
2493 3959
5307 8221
7859 4144
6657 1791
2220 2335
8439 7624
3908 918
9038 2108
2506 1298
1207 4317
4876 4274
8597 5276
8182 9748
8919 3260
2342 6786
9176 5511
9933 8784
3693 837
3418 4914
2447 2243
2653 6119
4930 1720
2183 2499
9114 3297
4834 4776
5245 4666
5782 1908
8688 696
4640 74
1125 8983
5533 8895
2021 1467
5562 1036
4072 7224
378 7525
5073 6815
9202 1249
3719 6095
2943 8492
2200 6639
9705 4976
8519 4621
5392 6119
7038 4211
5680 854
2342 479
4342 2342
261 659
6106 176
4794 6013
5310 6034
3290 6962
1118 2022
2342 3244
8864 5173
1730 4669
8255 354
1599 2342
3185 8840
9721 6927
4372 9856
1810 3080
9360 7345
3819 218
3825 9335
6328 9455
9653 2821
3382 8505
2509 3641
7726 5977
595 4291
1747 8484
8215 875
8943 8500
2590 6131
9153 4558
9743 7547
3162 900
7084 3703
4711 8
8546 9797
795 1434
3716 7854
3482 3975
4924 1330
5841 3877
1252 4664
1846 3449
2480 8037
140 4826
9520 4371
5808 3284
2107 4354
3892 4674
1340 6998
2602 8465
3046 4845
8314 7272
5210 1132
1115 1754
8972 5745
2771 4387
1170 4998
2342 7131
7485 6369
7744 3687
5657 290
4951 1672
2504 1782
1761 2640
3988 1080
9817 4103
5951 774
9380 4350
4368 8083
2787 1616
7130 6839
2342 7514
3418 9681
3827 7106
4963 1639
8163 5593
8962 6670
261 7904
8373 7697
359 3831
6805 3036
9382 9439
9401 2099
6673 3992
2391 4180
9643 5496
9964 2212
7912 7821
1565 7383
8877 6100
6626 3280
4360 3127
8813 8382
8178 8587
5195 6153
4551 6994
9026 2422
776 3915
4689 8625
8925 4563
5144 9812
8967 891
2825 6298
6949 3618
9685 6844
6718 9533
5717 2342
5629 656
9249 7417
9334 8157
7751 5085
1182 2710
1094 2895
1256 6000
5425 1580
8989 3648
5471 1902
958 3321
8804 9065
7289 9638
9542 9156
2341 8788
1318 6270
5673 9727
9638 2342
2666 5403
8519 8550
2027 9759
8510 7242
3379 8239
3164 8009
109 8837
5707 7468
8557 4249
6794 8826
7947 2755
300 9455
2123 2342
1235 2364
2571 826
6453 1609
8436 8975
2488 3271
4425 2107
9050 2961
9819 9671
5839 2536
6560 5205
7279 6451
2361 1344
6359 2342
9681 3117
536 7702
1810 9551
6882 2867
8863 4282
5549 9376
2796 4299
3756 2342
2647 3195
3111 534
461 6045
5550 8228
2967 5425
5816 7306
2049 3275
5365 662
2923 5348
2201 9395
6672 9261
6017 2159
7250 1031
6132 6221
2531 4653
1056 1212
3648 7244
4541 4464
8160 2929
6770 3974
4910 7474
1124 3446
7830 9177
2401 3412
3373 9625
7270 4052
8532 2342
617 7030
8395 4727
4417 2272
5341 1710
2342 6886
7424 311
3285 5490
4883 1030
3062 9522
8636 5724
2342 6154
2342 6975
7691 6433
6931 9919
471 2250
9616 4613
4895 8392
5213 7857
629 6176
7836 5801
6145 964
9927 553
209 5918
6771 6246
5128 1463
2207 4810
9431 9934
7472 1215
5314 6368
2102 6185
5041 9190
2342 1306
5514 128
6200 4842
9204 8338
7932 5925
2516 165
5937 6415
6167 5250
7741 1845
6818 5695
9030 6367
9968 3448
3203 9805
8816 2586
9253 6476
1272 9658
9800 9106
6445 3469
1072 276
5215 3305
5533 2342
2342 1336
4470 2799
4751 1485
2342 7535
658 5519
9652 9618
8637 9292
6851 2342
2230 211
6061 1007
9150 2256
5753 8081
3926 442
4775 4609
1300 2801
3978 622
7112 6685
1136 5697
6161 4707
8625 8046
4434 7896
8106 2342
8336 4144
9882 7505
8789 5436
3045 5461
6620 9797
8623 5208
3057 7267
867 1438
910 2735
5259 5143
839 106
644 8037
4933 1201
2958 4808
4027 4307
8316 5601
945 4245
3873 1037
3821 2502
335 3885
289 2688
5322 8766
4100 5976
1382 4799
192 7267
8757 6049
8832 3489
865 8873
6082 2473
2342 6804
9349 6226
2789 5057
2300 2342
2235 8190
2342 8168
5740 3620
9248 1873
2791 1739
4909 6404
7329 3791
3517 751
2279 6133
3679 1493
6988 3299
6607 2436
1667 6342
1838 3267
5474 8835
3651 3645
8785 6883
943 4386
3082 2677
1489 1916
1318 629
4377 2329
372 2342
2235 5558
585 2459
5001 8165
5345 1479
2342 5121
8471 1788
9461 2206
1437 4438
5591 1162
8170 4835
6535 4772
6059 6579
6141 2975
2545 6112
6788 7248
1727 9681
2468 4813
3771 1772
84 9142
9632 5670
5209 6882
688 596
8520 7512
2701 5932
3947 4728
1465 9042
2157 3635
6271 9537
1845 134
1833 6822
6349 947
7643 1680
988 3515
1911 8184
7499 7429
7292 2338
2779 6088
5494 2758
217 7182
3008 9571
5038 3670
7809 1800
7010 4515
459 8841
96 3623
5933 6939
6959 3534
7083 1228
4360 1792
1220 2210
424 5607
8664 2342
1753 5995
4729 8697
7823 1113
5796 6730
9255 9734
6868 643
4684 1761
7237 9080
6090 3085
5414 977
3542 342
2641 4230
6367 9375
2807 8763
2851 9913
3914 2539
3957 9310
8728 7679
7930 2580
2342 1086
1978 3828
7570 9798
2221 7150
4921 5394
406 2180
8367 512
1626 4655
5848 4071
405 5932
8323 1575
4412 2342
5892 9536
9114 9398
380 1055
1645 4863
519 4630
5687 9931
9597 2342
1658 4105
7695 2532
4144 8413
8039 2175
6617 1915
2508 5484
8595 9717
3576 482
5571 3654
2040 7338
3398 2778
2814 890
3108 44
3593 1890
9010 9670
3824 9214
722 2638
2899 5127
2600 6389
852 5546
4970 318
2342 3456
89 3604
5814 8559
9664 7113
6485 2413
6522 262
9877 2091
4407 3798
4365 1126
1620 4227
9532 7006
6209 2215
8936 6338
7064 935
4531 4580
7044 6138
4962 5195
4225 1383
8140 3364
7736 8084
1681 1270
3590 6408
1453 778
5606 7504
4510 7232
9352 7898
104 1068
1048 1400
8825 9854
2753 5916
2000 247
2847 9566
2830 2342
8398 8837
2553 5612
2143 4489
3801 8882
4600 269
2523 5556
3619 820
2919 193
7014 8517
4632 5963
9587 2342
2144 311
1311 1954
3569 2209
7350 7472
5307 9959
2257 1593
3597 5602
2528 4147
2342 866
3749 2342
8235 9728
3923 5374
8688 6676
3881 5012
9272 5665
9189 9500
6769 6377
3364 2107
5439 1033
5001 7185
5810 6338
1909 8949
2630 3535
3837 541
8679 4652
2271 9328
4524 3537
1468 8964
8308 1921
9448 4224
6913 2342
5304 4119
5405 6888
3406 6157
358 1897
1185 8203
1387 8532
3313 8128
3928 2342
5083 5017
9836 3868
1452 292
2591 3207
5572 2342
358 5047
678 4233
7064 6592
668 1126
7626 6780
7686 7986
1586 3847
90 2342
4564 351
9646 8252
54 6744
2514 4258
3735 6816
8834 4107
4730 2850
7430 1793
2342 2836
3614 1297
4563 2386
154 2342
1226 1006
7837 2342
3044 4079
2565 4602
6307 9372
7690 4334
7648 2192
8761 4807
4023 6031
6139 8407
5711 5142
6361 2342
7315 6457
5207 6662
539 2661
6658 2342
1770 8289
1124 5675
7125 2644
3795 6350
8881 4386
2594 2444
9606 746
5337 692
2392 3713
2342 1192
925 1046
947 9280
2342 7561
4116 7474
3706 4204
465 2342
7847 5890
4342 5712
9516 6372
7587 7612
5247 6840
7110 7333
4684 7555
5947 2342
3613 6528
8730 6333
7806 727
5621 5700
2701 5480
2239 4080
6926 8045
593 4088
3262 5482
7005 9276
2347 4866
7358 1982
757 122
8096 921
3662 5780
3943 5347
1733 9475
8431 2153
7540 9134
1176 2719
3035 6969
3152 2345
5320 2342
150 3826
401 8580
9188 2537
4097 6643
2342 6531
6594 1993
5428 7872
7065 9090
1990 3242
5264 2073
1944 7530
649 8511
5741 3383
2084 4759
1578 3859
6641 6991
1251 3834
7422 242
7980 2185
5874 139
7251 3642
3112 8325
3534 2342
3482 2589
8580 7823
2603 2699
3383 32
9092 2649
1793 6551
6741 198
9544 9383
7748 7208
4382 273
9067 5225
3528 2176
5263 8942
8963 5991
6262 1256
1165 5505
5091 1616
7367 1759
4718 4269
2994 3294
4219 6106
5132 7169
9794 2548
3792 7559
67 9630
1044 5487
3804 3684
7234 4471
2904 8813
3133 1816
1681 2303
8611 4314
4417 5983
3256 7024
3486 9534
1484 7402
466 1622
9079 8746
6526 8162
343 1927
8690 6118
766 3086
4339 2342
4640 6225
5809 8609
548 7346
3243 9269
2342 7468
4640 9755
1788 3025
1984 6117
8570 1937
1656 2188
3295 5176
8774 7202
2342 9900
3403 6479
1844 8126
2554 9802
4771 9335
1051 4673
2148 6380
531 9034
4703 7544
1587 3332
3745 1646
2212 2146
5870 5291
4601 2946
2066 8595
3901 3221
2247 1949
9356 308
9756 2349
7594 4783
2342 1635
757 2653
2255 2311
2342 738
2070 4913
4954 1009
5563 4927
9423 1935
2342 5136
2269 2342
8047 2267
1183 8197
9385 1878
3246 694
4415 8666
8630 7125
8178 1685
4399 230
9513 6374
2342 4850
5852 427
5289 3266
609 2649
8849 8445
4144 3825
9586 5314
5122 7779
3258 1221
1782 3955
7338 2342
2004 2456
6947 7947
1231 4843
9901 6831
7794 6340
7123 6169
9751 2342
2084 396
8248 5036
3100 6032
3464 5606
8545 8964
1901 3378
4562 3261
5818 6419
2512 3580
4682 537
8356 6395
2342 5138
6644 2772
3867 447
4929 6391
8285 4912
4114 4684
6711 7862
5702 113
2526 243
1689 8744
9159 7519
4659 5412
3460 2342
5970 3718
4512 9298
3259 4501
819 5967
7965 1644
8997 5297
2974 6992
870 1191
3635 6752
6147 6723
8936 7113
2910 5945
8366 7189
3121 9687
4354 604
2546 614
6016 6847
4242 3137
3447 5070
205 5112
8538 9016
4385 4008
5267 8670
4391 4428
8802 2668
7155 6113
7874 9627
8474 2883
2250 2342
8773 6746
8189 8341
7834 7683
429 259
5327 7977
8149 8364
720 1973
1509 3002
9386 818
4221 9241
1084 1839
636 7924
3386 3741
5146 2593
1015 6342
9792 6598
3133 1986
8617 4578
7081 9539
2431 4325
7316 2998
7833 9257
7046 6925
7354 4709
9191 9809
3560 5578
4308 407
7975 9338
2342 5016
3929 2190
9833 4837
407 835
1825 2363
623 2998
6899 6903
2342 2957
6874 5522
6550 6507
5893 2668
2863 601
9130 1387
890 5931
1530 1057
3904 1546
6582 3700
5987 7521
2478 1141
4107 7566
4948 5321
2342 7929
9067 3787
4447 8442
3739 4950
3880 9728
8682 2685
3241 3740
9243 7004
4245 1458
2229 2565
7010 2628
5378 3175
4420 525
2232 8102
7642 6370
3663 8915
7953 8778
4192 7545
3850 5620
4797 3113
8476 8886
5440 4274
9081 9889
6213 9017
5018 8280
8020 1853
8751 2959
6065 4194
7610 243
1068 5932
4018 1542
3088 3643
7144 966
2627 2342
873 1075
7032 2647
9167 9861
3424 389
1561 2251
7273 1724
9119 1106
2342 3301
4622 1751
8599 6087
6144 9291
782 633
1112 2497
6581 562
301 4830
8223 8655
7222 3441
841 3124
7461 3577
6091 5690
276 2079
1783 4946
667 2342
9098 280
1522 4812
9806 9171
4359 8825
4796 1896
9575 8162
4311 4847
3562 8038
2568 8387
620 5642
1848 2876
7683 8380
392 3208
5464 6686
1352 518
1486 8807
9572 5350
7686 2342
5066 7781
4312 3559
8742 2998
5909 2342
1164 8291
8262 953
2238 627
6121 1962
7109 6082
6280 9455
8914 9205
8228 7245
5397 939
851 8591
3081 8399
488 925
840 233
6761 819
4256 8250
7170 4137
7033 6295
485 8704
7117 5813
6479 7701
1419 3050
4399 8520
5513 8381
1407 204
9210 8276
8472 3699
508 9217
2217 3304
9052 2351
6115 4888
1243 6915
7315 6057
3756 3658
4011 6276
5175 9801
2342 7912
4371 616
9468 3454
811 9979
3973 6989
2342 6512
6865 4985
5666 3078
7713 7645
8798 4623
5771 899
1688 4429
625 4507
6727 6996
1611 551
8932 6979
2933 2780
8226 2119
5021 5319
33 9241
8681 1949
8685 8977
1069 7570
8242 7763
1830 1194
9731 9626
2976 4034
5275 8900
9434 8839
7262 660
1715 8116
