10000 9999 432266492760333183 465 5
9020 8919
1093 4952
2785 7388
8182 4534
3323 9245
8917 981
5592 8728
3032 2977
9272 8054
3694 494
4961 7185
3144 4463
6989 2502
2280 7433
6515 4346
4486 1088
871 7914
3564 3088
6564 766
8262 4399
7581 7187
2527 993
8835 6980
4755 5716
782 7276
3772 8626
5024 2805
9703 5477
6019 2020
9842 6373
1694 3237
1250 9413
7960 983
8331 7896
5940 4023
6408 8182
5851 7212
5204 9061
4441 9224
5699 8890
257 4586
4446 9535
935 7643
9504 460
3070 3898
1261 6985
6603 8693
6852 3161
2140 4227
1003 9994
9235 1779
3177 3949
8630 9529
7384 1853
5990 1212
7916 2457
2163 421
4715 3881
6864 1019
5390 9858
8750 8917
5927 5199
2810 2718
3380 2520
7165 5235
5695 6161
8652 2073
4067 7787
3784 8348
8558 145
7199 6201
8888 413
3067 9236
5099 1579
3456 6608
9158 4686
1927 5876
2005 1654
1757 6193
8063 9399
6017 8290
9139 5033
9663 1421
1820 6518
9513 8608
2771 1974
3393 2482
4733 3427
706 1087
1925 9541
4579 8215
126 9391
6859 3902
5401 6398
3357 5970
8794 497
4066 6189
8833 1485
6922 5191
6159 3391
9426 3304
5664 7700
5305 7887
2901 5246
5996 3772
2816 9893
7340 1937
9114 6903
4946 1399
7569 8087
6796 2580
4170 4442
5177 1370
8630 4405
2445 222
1723 1194
1998 6238
6874 1651
3218 2817
9148 1341
1534 2314
8182 3892
3169 4072
1455 103
9454 4541
1340 8160
8823 2963
5389 5334
4498 8097
6287 5238
1149 2727
8663 322
3266 6714
4217 6442
3376 5180
2305 3931
4385 9360
2533 4315
2302 3971
9375 8711
9386 2859
7327 3561
1176 7517
3050 3854
6169 9154
3888 1262
71 4623
9694 5827
2387 6813
4012 5563
8490 3597
7234 3281
9244 8054
9121 1797
5765 3243
6431 5380
5844 783
9925 9587
4462 4461
7078 1234
1335 7898
9636 404
9834 8388
7568 7563
9362 7058
5317 1737
6355 7082
3757 7318
2258 1469
1397 1969
59 5656
4847 5257
8175 1371
1922 226
8521 5493
842 3405
8472 7119
5264 3583
8182 6610
5214 4654
1267 4094
4220 8213
6141 4038
9981 9329
7355 7285
1269 4141
343 7504
9477 8060
446 1941
2797 9086
8149 3352
466 8438
8744 6604
9089 3366
6379 5230
3474 9555
2264 1632
2123 1796
4527 771
5729 5492
5989 8182
4108 3226
2376 5532
8361 8305
4235 3468
5366 9320
9581 5685
5075 4579
9458 2218
7583 7154
835 9840
5111 5515
1808 1437
5333 1296
9765 169
4388 23
805 1272
9174 6684
8745 8210
162 288
3848 6954
8182 7163
5042 1636
4986 3357
4717 1720
1434 1023
5227 7174
4951 1006
1761 2757
1949 9458
38 9637
2456 8182
6927 7793
9624 9689
9603 7344
5547 9219
2059 3270
6693 6252
6939 1987
6958 2243
2093 1374
1571 5603
7009 1131
748 4442
181 8759
3303 4178
2383 5112
133 5182
9073 73
7895 6025
4992 178
4237 293
5441 6022
7610 1366
7931 4650
2574 6355
9831 4320
3839 7163
7262 8635
1383 5288
4887 3933
8527 4137
620 9176
6213 8182
7381 2513
7383 9845
8520 1621
5370 3026
9393 7651
4871 8878
7613 2779
654 9604
2479 447
2020 1886
9931 2716
2806 4958
9355 3329
2195 9706
592 9179
4541 5268
420 639
4879 4650
8446 5366
9512 601
5602 8182
1059 1644
9697 5814
3251 2855
1589 9122
1088 1203
9699 2751
9464 6183
4726 3270
5341 5900
2851 9224
3794 4014
3790 1543
7247 137
8426 5610
7067 2611
5821 7110
8158 8083
7768 2234
2269 5682
5941 1706
831 3702
7860 7599
2929 7750
6922 2529
3330 5351
7877 6899
3546 687
1643 998
9857 1569
4711 5940
8379 3032
3696 1556
4512 7861
9891 7849
1664 9186
7411 3101
6724 3405
8123 7850
442 8182
4602 1954
9013 3565
9187 2896
7705 9925
5762 2379
5169 4602
9335 5586
3632 1693
5934 7491
9867 6531
4566 4125
2927 8182
3807 4541
4585 6412
8540 3646
4158 9857
3128 3286
5470 8040
8193 1359
9157 8318
5672 2704
6527 6226
2477 4035
1146 4902
7234 8892
9872 8715
9566 6860
9410 3498
4460 5063
8687 8892
4114 8974
9442 1954
3891 7817
3687 9920
9831 8390
8945 138
4241 1530
5622 7323
195 795
3001 756
6761 1624
5823 7942
6388 2587
6742 2805
4223 7674
9760 1383
9636 9005
2340 1707
7836 9665
7471 7654
9353 7691
753 9117
180 7926
8182 6589
2053 633
5373 6190
8429 4456
213 3220
6241 6230
421 6502
1248 5375
8182 590
9878 7533
1818 9572
3717 5951
4391 6025
8864 6991
9220 4727
8609 6577
8049 4400
4947 8109
5715 9915
5746 4817
3607 297
7738 3541
160 6048
8607 9569
7391 1355
1297 8493
643 59
3630 9081
6776 3141
8280 6234
6312 8163
1812 2798
9676 6721
3401 5826
6483 2087
7149 7489
5570 4929
7012 9803
6922 1242
1618 2769
2739 6419
2980 8018
7636 3068
1466 220
3110 9872
3779 1417
4550 7919
6619 5998
247 2669
8182 6869
7260 3251
1390 9972
8397 4499
3172 7199
5725 5309
8187 6461
552 2097
3874 9457
9213 3793
8453 8903
5496 2500
2634 6316
1806 4883
9917 5002
8629 7213
8435 3101
2511 6676
8450 8348
1676 1533
6599 7981
9521 757
7151 776
2560 4948
1225 1134
6157 6934
1954 7573
8307 4520
8056 67
6079 7124
2690 7206
1404 6933
3544 1532
5115 5160
2147 4006
5942 1988
7195 7262
2616 4572
51 8964
2575 2102
3492 872
8618 6049
5983 4461
3025 4496
2193 7335
1364 8646
5298 323
504 2381
4630 2419
9996 7613
651 8038
6582 9243
8016 3089
2684 5986
4176 5557
229 5076
5087 5444
9934 4112
5419 509
1293 2806
5450 5835
928 737
2424 9561
7143 1341
4565 8915
9131 320
9875 3404
1710 7810
7118 7632
3402 1357
3089 8424
7210 7082
6082 5935
4606 4889
4833 1606
1614 4782
9069 160
237 70
923 8825
1521 5111
8525 3426
3425 9778
7771 7476
2709 2714
1828 3861
1111 6158
8553 9883
9916 9563
3542 7001
2455 1314
2567 9049
2548 9005
8107 8478
8028 2322
1354 3499
2001 8182
6968 1860
5465 2327
8180 1837
3644 9247
9384 9246
235 2952
3189 787
3458 5425
9866 5604
6126 9746
6981 6679
1674 7608
4858 8608
7016 7305
4044 1670
7363 6701
9696 440
9502 2284
6749 9226
1584 3523
541 7624
5514 1866
7419 7477
7915 3810
2989 7174
9941 5670
8866 7341
45 1520
8398 512
4096 5876
963 6355
3326 3769
9518 3297
5202 4997
4243 1436
1708 1626
5653 8317
397 4993
8021 4659
391 8369
6751 6680
1777 9841
9452 8185
453 3074
7304 4862
7996 8825
1457 1672
8182 3669
4789 3426
9153 8027
7924 3876
46 5380
5273 6271
8402 4967
5321 410
4102 1906
7633 4571
9702 7003
84 2964
2113 6514
2216 6366
9477 7723
9366 13
6305 4
8016 3299
3873 8882
9968 1024
218 8736
9871 6016
7628 6164
9074 9748
3478 1133
2954 5420
1493 1285
408 621
7723 2095
2464 193
5735 30
6588 9622
9141 5034
5933 5495
6159 1162
2869 6243
2141 9004
6266 6302
9048 6718
5153 2747
9297 9311
174 7971
1224 2226
498 9810
4475 6870
7863 5544
1832 7190
1233 1016
5863 3985
510 8015
3551 1319
6809 8760
3991 2146
8452 757
7455 9812
4880 396
885 646
7199 1538
8287 8060
2620 9906
1330 2502
2462 4601
4419 8290
3865 253
9339 8030
9498 9786
9299 6733
3288 8109
1250 5080
3662 1390
1221 8352
2629 4048
3350 2785
7769 7103
8392 7290
6269 9391
3415 3676
4642 8934
69 9736
9396 9056
5495 5189
2559 8182
837 2228
8609 8751
129 9981
8985 7552
6278 8383
4845 9291
9443 6030
8097 6505
4044 9391
9777 9262
3361 5126
9824 7579
8537 9396
2850 8549
2688 6695
6412 1362
8667 6082
5506 4467
6274 1386
4827 1299
6207 8980
5439 7692
2384 3376
576 5665
3289 8540
2118 2449
6535 5068
7981 2720
3355 5032
7598 8121
8680 5713
1702 6989
9934 9980
7228 1783
8916 9903
8479 4330
8349 4395
3676 8950
6383 4082
3501 5033
5671 2568
112 476
3386 2877
9506 1147
7031 6979
509 1028
207 6655
885 1463
5595 1907
3329 353
2378 5667
30 3376
3459 7155
9405 7916
5299 7913
1055 8293
8282 6824
7805 3572
3367 6636
3694 3521
6804 3634
9897 5732
7171 7129
2187 9700
1083 424
8160 3455
5389 1489
7879 231
6373 8006
3735 5964
5887 2090
8110 6167
7685 3679
7233 2369
3292 2398
3032 1239
7259 6926
9131 1440
6332 6243
3789 136
2717 4589
9127 4828
2105 2188
7561 8182
6454 2091
5817 8771
7968 4274
9579 1003
1873 1129
8177 2970
3235 6377
3667 5369
7790 7247
9256 1066
1796 1275
3423 6582
7203 2481
1228 6420
9571 1042
8234 3489
106 2820
9493 1127
3018 6175
3137 2410
6014 5845
5217 3246
3714 6387
1087 1733
7037 146
5271 1687
2905 2002
8383 5850
5415 4391
4692 975
9916 4581
8378 6080
509 199
4135 993
3305 8226
8931 2353
5974 6849
4803 4393
6261 4012
6565 9383
9062 3677
5521 5445
2417 6974
2677 1894
561 6000
8626 5145
4408 9512
6175 869
2839 9426
4401 1832
5970 3504
8198 6729
6478 5293
517 9721
7402 5851
1685 4923
1507 4865
3684 5086
7915 7036
7222 4151
1476 8611
1338 567
7916 3967
8595 3684
7613 3560
2941 5220
1339 2858
8808 7462
4977 9612
5137 3692
9118 9770
615 724
3576 8730
9935 1637
2071 3141
2738 6983
7076 738
5788 762
499 9750
9832 5139
7095 9245
2256 1334
2161 4882
1672 9712
6445 3852
8067 321
1237 4806
6768 3814
4539 1226
8124 4477
1838 3455
8387 3920
8456 9047
3466 2628
8022 5209
3719 6920
8627 2206
9697 9973
2458 1645
8505 7806
567 8809
2834 1679
5903 5938
2641 63
7304 3302
6027 7170
195 3432
7752 8210
3082 8730
5885 3370
3020 8133
1690 4769
1503 6918
2387 3431
6085 9465
6337 1743
5063 802
9969 493
2148 9654
5319 1278
2038 1800
9391 5147
5386 8534
5721 5946
4328 3316
9756 6224
5118 2959
8074 6087
8355 4724
5753 8079
8639 7073
6985 6885
3097 1808
336 6357
1055 9426
9168 9579
6376 1989
1469 3989
8090 9153
8917 4345
2198 3308
5416 1332
2132 4289
5801 9308
7099 2460
6558 6135
1140 4656
2931 6174
7521 898
9758 8182
3197 2587
4347 8182
8310 3215
260 1457
5072 2557
3526 5688
7169 3148
1992 976
9070 4170
663 3134
7742 653
1663 9567
164 3179
4549 890
2965 8182
4431 5652
9391 2623
961 8189
8288 4817
1878 6410
2187 6066
3656 8280
3495 7326
609 7077
766 406
7711 8156
2795 6263
4361 2820
2632 1653
6255 5563
7832 4461
3568 4316
4409 5189
258 6083
2670 4060
5534 1564
4053 7066
3438 8833
2385 331
9329 6367
4225 2546
1741 7632
5499 2132
500 275
1900 337
6966 9238
87 7435
2442 8391
7302 8182
1683 1039
3384 4243
6158 2216
2704 6798
172 1748
5892 4416
3374 1547
7153 9073
2941 2075
8306 3947
3797 495
5847 8595
7985 2498
6174 4492
3974 5379
5079 8220
519 8799
4627 7390
6154 2196
5663 9336
7731 3444
1621 3150
7669 4127
9729 8821
4106 1644
2362 434
7595 3739
1285 7139
648 6751
6395 8158
7502 7391
9239 9175
9541 6340
1380 564
4600 4006
2736 6730
8574 1713
8614 7809
1603 5396
861 5435
336 8269
5306 600
4844 6433
7522 8030
5234 9434
9011 1966
5095 8011
1097 7836
757 7228
7848 886
1735 5044
9010 6488
1388 4386
415 9778
6718 9292
7330 5153
561 5596
2958 3389
501 7688
3513 8157
4789 8170
4999 5360
6015 5308
1020 4936
5215 4907
3498 6836
6964 8280
8728 2018
6542 1150
4891 8714
6614 1955
1760 7379
7633 5850
8153 67
5087 5116
2472 7674
7014 7697
2502 4312
4004 2770
7359 6791
868 6048
5371 8626
5131 1469
2398 5087
4426 9805
1150 3055
7893 485
1666 2622
7959 7249
7055 17
5642 6909
6190 9839
9073 6158
2679 2501
5398 131
7657 5247
2502 7196
5004 7962
8774 7099
5917 4234
8298 8710
1010 9960
8162 2223
8798 5831
8817 7549
7438 4580
7045 5277
9305 5138
3643 8173
5619 7344
722 8898
616 9020
3110 6124
355 4273
7573 5487
405 9250
4369 2286
5505 2585
9826 7974
6576 3159
1437 3115
6435 4988
2240 2619
5791 4447
1880 4590
827 8637
4854 1293
3173 6992
5878 630
1797 2924
5445 3337
7257 9811
5399 8347
6290 2016
5053 7240
3891 8852
1506 1761
6596 1132
7114 4727
7239 1511
8954 2756
8231 1551
1541 1321
6391 7770
7621 3935
6426 1507
4170 2240
7723 1291
8188 8610
992 4434
8836 2750
4679 2464
5261 2881
2464 5681
4432 6246
9935 7550
6661 7374
2879 5580
4481 3832
1549 8209
2021 2854
7085 9308
6060 8401
1661 653
6459 8550
6812 3240
9683 7408
661 3375
9843 1657
6766 8683
5393 3182
1227 2216
2984 7087
4446 9541
7279 9775
3348 3251
1774 1666
8850 2531
887 8182
1769 8585
5689 248
8800 6314
5487 7657
4003 9225
2705 3106
9708 2064
3950 6039
7796 4769
9926 3439
6238 3356
5398 2714
3210 2706
4283 1770
618 2799
2454 4060
8396 8804
9352 1186
8873 8055
5628 2728
1810 3768
6016 1422
4005 9263
7167 9264
875 5793
6684 6883
3288 8841
4865 5719
5840 9863
3997 7058
6767 8823
2270 2104
3422 7025
7931 2119
2164 6048
7375 4135
533 7234
9316 5773
455 9856
6188 1314
6895 3034
8668 8183
6816 4694
9176 2133
6882 8443
179 2326
929 7387
7781 306
9960 2940
4662 7234
8579 9818
192 462
7793 8525
3281 1415
7160 4123
6093 4984
5011 6855
7472 921
4172 28
5099 6445
1422 5690
7695 1685
5623 5500
9466 4871
2073 8182
2114 1267
150 1303
6090 2278
6521 512
2059 6200
7455 5483
362 7329
5711 6442
4702 8979
4530 5128
850 3351
5121 4501
4247 4956
4622 3380
558 4729
7662 4127
2112 4104
6759 9170
7776 8232
8580 8058
2567 9578
5160 797
8540 5804
6690 3851
2244 9476
1687 1831
3437 8828
6176 7094
2600 3134
6816 167
2444 5367
8833 5088
6017 51
3530 591
6476 5864
657 2445
4850 6472
8182 147
5069 7549
7574 4453
9083 6931
6271 3840
6319 7358
9236 7642
3186 590
3740 950
1531 2684
7203 643
7211 6073
7022 4715
131 1684
4791 8078
4027 159
1729 5409
147 3574
6747 7845
9290 2795
7282 2880
5534 4673
4117 2203
3759 3130
5892 5459
5887 5844
3928 2393
2809 8768
7281 9842
1577 6860
1956 709
5073 3097
3718 2698
5797 3778
1867 9044
3167 5351
3047 8978
5615 1211
107 4449
1286 77
3314 8661
4055 2941
8167 7443
2216 5443
560 5175
6300 2000
1308 8545
8662 3332
4076 7184
6863 961
528 3041
262 1959
6364 290
3725 9022
2374 9162
9349 7569
8621 5978
8182 6465
5811 8567
4998 9996
8306 4470
5281 4299
2814 7859
6137 3156
1705 3661
2783 6976
5277 1500
2777 6891
7486 4936
828 2922
6797 1988
6797 2018
3527 9918
7570 6624
692 9699
8792 1969
4035 6022
4128 1620
6378 6108
7328 5079
3873 2336
3030 4090
638 1224
166 3887
9796 6155
215 964
5700 4955
3605 4670
771 8508
3274 5758
3268 3259
9642 491
7681 2453
329 3647
7007 5680
6298 4636
6519 8432
9796 9098
1645 8700
3295 6897
6409 6358
3270 3251
7604 7899
448 9094
7405 2888
8338 3757
1531 1286
5349 4718
122 8625
8864 9995
7822 522
5755 1478
8699 8183
2502 5699
6798 3633
4469 8154
1721 6806
5965 1188
4080 6962
925 6896
2667 3039
9682 4590
2723 9659
6819 8747
2787 202
6672 9688
176 1676
1390 4663
6600 1390
5502 3417
2855 4433
69 3448
3695 4922
2216 9341
6503 6002
4133 4704
3811 7290
6482 1727
8208 2617
5397 2748
7782 8823
7408 571
7980 9287
9376 9133
9722 9535
7528 2439
1999 5106
2993 2235
3845 8902
1213 2148
8484 3379
3281 9138
3734 2006
6623 8725
6288 2959
8728 700
4189 8
2238 4157
4677 9515
4618 9170
3457 9352
6186 4525
234 6099
9966 1418
3913 6124
1471 4200
7584 7229
4799 8050
1704 2237
3930 225
2314 4924
7464 955
8584 7823
6860 940
7145 167
5041 1932
2528 7840
98 4532
9650 8383
4235 2902
4309 5775
1674 4083
3559 9170
977 8391
1647 6879
2845 7449
2681 9937
4539 8466
7208 367
5460 890
9653 7906
3850 7148
2313 8083
4823 4090
4355 5736
2333 3070
9801 1593
4945 1157
39 2800
733 2
6098 4703
2900 2049
974 7636
6860 4762
6339 3635
3056 8554
8168 9732
5041 2318
7020 2874
8266 8738
3127 1874
7400 7325
7562 1067
7587 2214
4826 8502
563 2764
8644 5377
9542 5991
1925 2321
6877 7583
9904 6134
775 2838
2114 2822
8791 12
5437 1781
7476 4503
360 1886
511 4808
7894 3831
3780 24
2463 6326
7630 3141
4267 9191
9840 5813
4602 1203
7024 8817
7438 315
4715 8487
3650 2667
4923 4874
9698 3181
5493 6600
8191 5602
241 1393
7804 6129
1125 7426
7294 7807
5589 8723
1101 3213
8449 3628
5379 893
5291 7088
2704 9130
6637 9136
4830 220
3621 2124
9775 3679
6721 3263
6276 7950
9755 935
745 9199
9991 3314
9106 5240
1462 1712
8247 441
9550 6691
2080 8019
6664 2211
4191 4049
4480 8204
5816 9591
4270 6552
1796 840
9457 8783
4501 7203
9623 4390
1616 3397
637 3273
1143 9145
8698 3683
4672 5335
2375 2193
450 1692
5631 1801
6105 3190
4948 1465
7922 9429
6333 3019
5818 2219
7680 5027
6518 4144
4797 6630
9293 2469
2993 6741
2216 6314
7523 8182
8803 1004
7717 2629
9170 4198
5873 8963
2998 5640
1111 6763
3871 3408
3876 2000
965 2808
8649 4697
2894 7074
315 1898
4755 3979
6189 2216
3260 7884
3657 5430
1587 3048
7063 2302
3999 5163
861 935
7914 5925
733 6937
5548 4936
9089 7365
7957 3935
1034 2266
2972 9413
6952 8893
8379 5061
9760 8754
5113 332
6619 1328
8763 1592
5358 5211
4982 1100
8867 848
3898 349
7302 1041
7654 4402
7089 2941
3229 862
5474 3085
8619 8522
1854 8893
6731 8551
7578 1167
373 8512
5186 9286
9819 196
2272 7542
7664 6082
8509 5348
6017 101
2189 2475
8920 8545
8421 8279
1153 7476
8932 8129
5817 2890
8995 9228
35 4855
6049 8823
2627 4949
3844 9222
1334 3736
7181 2880
7916 2800
1941 692
7612 7122
4776 8256
9153 7865
3403 7829
88 3054
5592 4250
456 7726
1750 7947
4265 3710
7169 2302
2334 9135
9852 7505
5535 9534
3986 6438
881 9869
2483 2265
3342 3438
3838 6197
2144 3338
9376 3309
4456 8007
7427 5715
705 1234
1864 9827
9373 4989
6135 7760
6623 8084
3441 2331
1069 3415
5150 5087
344 6437
7769 7245
9523 6215
6044 6332
577 6299
6056 7848
5252 186
937 6805
8266 475
6258 3479
9058 4709
842 5657
7211 1502
360 6910
9716 5427
3203 8969
4512 5225
2886 8360
4582 54
1249 732
9674 3758
8641 5110
7778 1170
8999 360
9366 7934
331 585
1266 6944
8670 1028
9159 6042
3300 3875
1515 2867
809 2798
3305 4759
5485 6067
124 6959
7288 5056
4304 9603
9572 1382
4049 3578
9109 1383
4430 8841
2641 457
1889 8672
2216 4444
8566 6275
4663 6170
784 9561
3748 1589
908 217
6044 5300
1843 1390
3338 1984
1244 5136
3798 5344
5 1373
2861 9956
3245 2471
2657 7115
422 735
5428 2185
168 826
5203 2764
3680 7061
4928 7827
6642 392
5517 3915
7530 3897
2674 7707
251 1719
6577 9227
2345 3964
7066 2543
3049 8219
3491 5616
764 7506
5414 3106
8538 4042
2173 5681
4608 1410
1609 5472
131 7613
3438 5611
8967 9935
2599 3380
5936 310
9393 8668
6831 31
6275 7507
6323 3617
7700 9334
5704 4198
3719 6258
203 8201
5909 4111
9617 4397
2758 401
3924 8503
9915 4652
6201 6626
8810 9942
9424 901
2175 2566
9155 9938
1826 2495
7284 630
9018 6498
9507 5808
3667 3001
8939 1430
8239 5681
1805 5291
4612 6831
4264 2569
4724 9352
5936 596
9626 1827
6139 7391
1046 5286
9571 1390
2788 6400
9141 8831
8121 1337
3047 6717
4775 5491
3001 5415
5195 8618
6851 8730
3081 4118
5475 6921
7108 1752
911 2300
9192 7669
7400 6913
6109 3775
4087 6818
4925 6975
9000 8333
4173 7559
8271 8460
1019 4443
9360 6094
5694 4444
9795 1530
918 8726
7747 1227
6587 6578
599 1599
3192 136
5637 1458
4987 9734
6963 8916
4368 9930
4377 9328
9898 3377
3389 9075
2267 282
5105 7113
4942 9091
2212 3239
5335 8805
8248 8278
9903 4272
4163 1267
3932 9848
7080 2383
6874 2984
2352 1081
2675 723
9971 5209
735 702
8368 3183
7552 3511
6623 7994
352 4820
7609 3242
2560 7772
4999 3872
9364 8182
8320 7987
7212 8575
8078 9313
4048 2343
2099 7536
6826 2704
5368 3460
8182 7990
1647 3584
1464 5147
4438 375
3771 6512
7457 235
8207 9384
2415 7091
5932 3017
6340 5879
2507 1566
5944 2517
6128 4885
1491 4862
7299 1417
6521 6581
2368 2969
6822 3673
1126 6506
1035 39
1528 9768
2313 7570
4921 1240
9180 9172
8316 791
1596 8182
8182 7083
8922 8439
9826 3371
3080 8060
5038 1114
3601 3007
2312 4327
8735 7521
6288 5105
2601 3522
5348 6394
2179 5457
9005 6047
5646 2657
9865 380
6029 5153
8751 6039
4222 3788
1559 1716
1059 5392
1311 1034
110 7550
194 9747
7997 8795
3941 9116
444 7897
1819 8323
7000 9519
7589 4913
2590 5639
8268 1468
7041 4228
7425 6
3234 825
9313 3927
7649 4534
8395 4094
2856 1161
1032 4446
4832 3884
2631 7716
991 3698
5852 407
1707 8450
8304 8152
1850 6404
9836 6469
2473 2313
1560 9667
6263 8086
7341 7557
3873 1217
6927 7591
7389 2254
1634 7910
4837 252
2696 7635
4743 897
8892 1219
1187 7317
7112 9971
4571 737
8182 1640
7554 4249
5881 4487
8620 787
2431 8501
7549 8263
6537 7168
2273 8860
1655 9608
638 5388
5034 2031
7723 9791
8898 9050
9208 8885
3592 7519
4668 9202
933 7158
784 383
9485 3551
6487 834
4092 912
3499 3862
8182 7002
5737 2969
2041 6498
6415 6873
7370 5518
3993 8182
9864 2999
8084 305
8968 4312
4572 131
2675 3584
9141 274
2423 5848
134 3875
9991 3733
8231 8182
637 5467
4622 8709
4446 9676
7824 502
4417 4680
5912 3376
9730 320
9493 2248
1828 3370
6209 9038
4322 5617
7344 860
6483 5901
6898 4567
2897 7171
3289 6054
4957 951
6657 479
3076 6351
2182 5784
2124 6677
327 9296
7175 6942
3975 8504
1345 1291
610 1203
5841 5313
6501 8509
1872 7867
7636 3547
7656 7484
6843 3787
8038 4831
2534 7635
7108 1358
8344 8446
3837 4927
8515 5913
8996 4687
6101 9167
4406 7944
3600 8594
707 3711
3818 3498
3982 3943
7771 5999
7486 1045
9148 1673
3701 2109
545 8612
9636 6595
1341 1013
7916 554
9486 8029
7677 8844
8349 7019
3696 2487
4235 9245
3555 8392
5678 3054
9051 8802
3531 9088
5133 1032
6447 1883
5537 9471
7624 888
6259 3348
3417 4766
4626 4613
3841 7611
1872 1972
1249 7746
4630 2173
9647 6739
1728 7735
2982 2730
93 3292
4678 7757
9608 8834
8704 2700
2420 6357
3930 309
246 2896
8008 419
1338 6608
4607 2607
121 2181
5685 2216
4736 827
8492 4532
368 6973
7266 8391
765 8240
66 4605
677 9153
8268 3571
9202 2437
5442 6399
7423 4102
4129 1543
2348 3884
5123 3489
3813 3801
47 4088
8603 4049
1034 4724
3359 9862
9490 9827
536 7390
9979 8675
3764 2102
6584 2299
5588 2104
752 7956
5545 3072
947 89
8182 1282
9551 8841
1839 7596
7057 3498
8486 4010
6037 4346
9097 4512
1915 5405
7774 3650
3869 2600
9184 982
8720 3540
6121 2445
7338 900
5384 1746
4246 6221
2898 4439
932 6159
8559 193
4538 505
2974 3154
1177 3444
2943 7747
5937 678
959 6625
3923 567
8468 3823
8806 1253
383 6082
767 7544
1517 1174
187 3619
6065 4681
3113 8152
3465 813
8471 6825
2714 3128
5728 7988
5366 9272
1384 1472
1479 7972
5056 267
1434 4786
7895 4603
3013 8043
4059 409
6389 6869
3481 2382
4809 9240
8537 7658
2122 5321
9892 2374
1594 2685
4018 1321
1199 1138
725 9198
7819 4365
2995 7244
4410 4982
2694 637
1533 47
3953 4509
7883 2210
2242 6797
9357 7930
516 416
6832 3497
5309 4343
4763 8639
619 9514
768 4003
6887 9888
5930 6107
2824 5675
3267 1034
3175 1755
5910 3391
1484 3780
3580 1416
7573 8271
8405 8941
5008 7451
7171 8131
445 8454
8660 1256
7732 3922
5523 9663
723 5564
7972 691
3900 2695
1173 3104
5679 7786
7476 4681
2477 8532
1736 6660
6323 1368
9928 7633
6587 8162
4159 4135
566 5265
8908 8711
6740 4143
637 7283
4919 6583
3643 6951
1642 1489
9477 5853
7993 8392
39 4905
3806 6053
1954 704
4742 784
9753 1781
9035 553
2118 4024
943 55
27 9070
8075 3275
5862 3876
8370 4871
7593 6597
9099 6457
6080 1386
3326 7559
6055 5234
6115 195
2886 51
8478 1235
2521 7907
5922 3928
5301 2497
6639 1501
458 711
9567 3948
273 4828
2998 7240
4449 4999
6132 2313
853 6614
1085 8369
5145 2968
2184 6200
9185 2319
2767 7192
9157 7434
5210 3823
6382 1186
1487 8844
412 517
4101 4538
2614 2993
6378 2889
5704 8250
1857 2194
7510 938
6880 6391
8369 8211
362 1585
4946 4998
9842 7252
6398 7588
1647 1797
9346 6773
5321 5275
5386 9322
7959 843
3799 868
3446 262
6993 664
2925 1848
8132 673
6460 6070
9717 2908
405 4602
9294 3003
8721 2469
6047 8364
7752 9312
5264 5108
6727 8023
8178 6147
1546 4652
9406 4357
6484 3963
7837 6460
4891 1131
5119 413
2846 175
3235 6048
2700 7026
8335 8542
614 6133
7334 3436
3002 8851
1098 7976
7515 7064
5974 3968
6314 1672
9665 413
6296 2306
92 249
4387 9489
6361 8813
823 7882
1976 4749
3885 6676
6683 188
4932 3214
5914 4029
3710 6430
7858 3310
2395 5685
290 2836
123 6580
7136 2318
1877 6137
6312 1082
4406 7295
7575 3542
6227 5937
5311 2719
2833 5927
4198 6728
4590 8892
7438 5611
1071 4007
7391 5004
2169 9184
7613 6718
8879 2443
2625 3162
2086 6379
5685 4719
7488 4221
184 2891
947 4494
2185 6849
3672 3272
3076 8263
1463 6247
4043 5830
3793 5126
3753 1998
7171 8868
736 4301
4787 2131
9315 5168
5818 7625
489 1766
559 3744
1180 8892
7644 9948
4223 2311
6871 1339
6079 6953
1861 9549
7916 3980
3332 8779
5218 9398
8689 6542
3611 38
8873 4560
5232 1465
6504 8185
5757 432
6293 1334
9380 9438
5034 3584
1325 4224
3524 9935
6679 9303
6332 1530
7190 5003
4785 5608
638 8865
3275 5022
2185 5048
5172 5958
5569 7770
5807 6328
577 1562
4366 6606
3926 5866
4299 1730
2517 398
6544 4214
9329 7880
2620 2058
5026 5509
6460 2866
274 6032
1453 2300
4623 5104
5169 8165
509 7909
4326 3029
2708 4863
926 2634
2562 3245
2324 1965
3884 5160
4198 3018
204 8729
659 4593
4602 3789
7148 1978
1155 6877
3766 4645
7820 7645
7389 3658
7675 9914
9227 6416
3228 7054
6922 4065
5963 8424
4216 181
8690 421
8222 1033
539 951
7300 7068
771 429
3641 6696
1073 5160
2458 645
9403 184
6224 6407
8322 60
952 3084
4462 9577
1516 39
151 8742
7138 9787
353 2888
1808 6274
3823 7781
7288 9050
7364 8771
3565 8182
187 3380
6717 7021
5218 3245
8442 8891
2717 9436
2481 897
1142 1392
5310 4444
6843 8049
6609 1939
7759 682
900 6562
6787 9294
3978 5415
8549 6125
3151 9346
7474 5422
2237 3599
3902 4911
7359 4168
2516 2258
4073 2354
9607 1954
3800 1870
2709 2023
7086 7991
7814 5210
3125 8405
3070 3318
7002 4283
8958 6720
1123 7755
5095 8182
1427 7467
635 1336
7336 9204
1920 7063
1934 912
3877 322
7867 3866
39 7105
8432 6828
3304 9808
8205 6451
3036 1883
5899 3573
5791 8052
5666 8109
7582 4109
3124 1925
6709 5759
1190 5081
5535 9073
3993 7487
6150 3945
8797 2129
7905 7684
7307 8361
1459 4982
4236 3209
1477 5544
4948 1242
1962 9170
5209 3018
5377 5708
8208 9053
1360 8116
1384 1400
347 7283
2580 3207
1380 7470
5436 714
9405 4393
7207 8923
2208 8182
6959 6713
4403 4309
9089 6362
9597 480
8986 8182
1649 3910
7809 2161
4823 7808
5327 5858
6282 2912
5456 4513
4813 4267
4718 7999
8603 8658
1443 7225
4837 8633
4683 3760
4952 5312
3105 4833
959 439
4031 5697
4725 970
1809 709
3061 9313
1628 5741
3213 2594
5275 7647
8406 5463
3505 1146
3724 1241
29 9652
4236 2513
4611 3585
3965 9999
6465 474
6433 8555
2133 6811
2595 5808
9580 5692
8227 4890
7814 1342
2849 5225
4500 5408
5973 3229
1271 7880
8182 8901
6943 5473
3652 2229
3558 7450
999 4078
3414 4519
7271 2156
5902 8
9774 9677
1554 7479
386 1309
7297 7428
3461 696
5728 3515
2541 45
6159 7556
3369 7028
2782 2906
624 7356
8182 873
3307 5698
2659 5361
1992 8345
159 1750
6985 8517
8770 7581
4276 5508
4724 5229
9482 1897
8210 9279
632 1165
9548 4484
943 6348
3219 1698
2932 5576
6821 2135
8627 4484
3434 7987
5389 703
5503 1647
6718 1503
839 3354
3531 4446
4417 469
5539 5974
4307 4464
8377 91
7537 3791
8236 7798
1604 7572
2809 5980
4615 6038
1815 1864
6045 1755
9383 1635
5065 3689
4639 9678
6613 907
7322 2482
2242 4956
1921 2150
6712 3633
7619 6963
8090 6343
1001 1183
9622 3680
8870 8626
4177 2774
8047 996
5008 8280
544 2852
6072 3224
1630 3901
1367 7981
4285 3723
34 9856
43 1353
5842 4407
703 1966
9210 3243
1875 8761
1685 6265
4582 1851
9325 8012
2725 6966
4124 8313
7506 468
9844 8988
857 889
6017 5490
7610 4659
8182 3230
348 7429
6046 9829
1237 6191
836 437
7537 7418
1360 8036
8889 4854
5432 5253
5190 3309
9341 8403
8182 3729
8759 3939
3977 2108
8893 7177
643 9858
5971 2117
8869 2997
9163 8280
6123 114
6805 7555
5298 407
7174 5283
8934 8314
3191 9539
8689 5527
8674 1821
622 8515
3982 5278
8181 7549
1301 4396
4642 3047
6201 6255
4003 7139
4398 9164
6620 4967
1049 1708
7786 8212
9030 4912
2350 9307
3532 2662
6478 7711
2961 3856
1858 8851
336 2728
8697 9623
824 5222
838 5362
6658 7860
8162 8134
7090 6368
2612 5652
6718 1908
4097 1838
6546 1517
4211 6692
556 1563
5041 1108
3584 7036
3803 5163
6815 5293
5318 7602
5978 4009
7131 5736
3072 5984
1227 3646
6570 2900
4073 9365
5810 9002
836 5717
5074 4458
5839 8523
8214 6636
2290 5281
8949 7215
2567 8178
7650 9483
2177 8182
8511 6506
933 4607
6885 1636
5611 5464
4491 4462
7377 605
784 2298
9535 131
3515 1853
1758 8182
3529 9592
8576 1362
4362 8886
5339 5000
9560 8182
1390 3948
7905 3037
6595 5155
3194 2984
4936 1021
8970 5061
344 2106
3584 2606
4057 4656
4145 48
8303 4863
376 279
7074 7288
8879 8182
6554 4755
3781 1764
4669 6880
2941 5997
9430 489
1495 9853
1285 2263
2514 2611
4469 7220
6940 1809
2892 9549
5256 2043
6926 8182
2729 6904
8554 9153
855 9020
8302 6114
1210 6571
4794 7911
4910 2539
84 4562
8453 1892
8002 9140
7366 5895
5230 3774
1269 9673
9926 5376
8286 4754
7130 9532
9208 1094
8447 9330
6866 9233
9148 3557
4444 4475
9340 2283
1531 626
4479 2398
7792 1748
8878 6341
7238 5462
4494 9559
7966 138
6139 782
7589 1246
4820 5281
4084 2295
6273 1122
2690 6569
6014 1938
5431 7484
4983 9161
1368 9254
9945 7289
9891 8071
9974 3694
8071 5321
8651 8182
2242 4321
6034 8940
8931 4279
4227 8067
3810 2330
6355 7981
9953 4487
9800 681
6199 300
9754 3203
2994 5398
3638 6773
6540 4285
7425 8182
1694 2164
8830 4928
4998 1792
1718 5557
9243 4232
4752 5853
3419 4197
4838 8965
5581 9708
1689 4626
218 5692
2390 8310
4123 2492
9807 7227
6920 6010
1040 1111
920 3343
1797 8538
7455 5401
4121 3721
603 1769
9265 2697
5819 6165
1322 1344
4889 91
1451 4252
6207 8893
5126 3822
4109 4555
1272 4308
3668 7392
4179 9140
7439 799
1215 8651
2077 8250
7885 9743
5057 7658
405 4527
399 3238
5806 2623
7241 8172
9726 3953
6157 8675
1947 5824
4266 4134
665 966
6250 7293
6481 4351
5674 5022
7803 8182
9608 7627
3758 8721
9667 1372
6345 4946
6262 9256
9794 1573
5094 9084
2627 4683
9008 6339
6624 8308
3083 6474
2037 433
9934 6158
177 2140
1084 943
456 6993
1686 7781
1149 3501
5335 8956
4090 9842
6452 2799
1679 2221
1004 7897
987 7996
1912 8349
1244 2959
4781 1379
4318 1156
1076 7243
1461 6118
2694 4767
6773 804
2384 9642
1143 4011
7151 8644
7696 1474
9471 1761
3703 1723
400 7580
6784 6388
3695 899
4333 5663
9992 1513
8834 6759
4331 136
6515 7835
9600 1506
5706 7369
5621 158
4449 4264
4563 3973
2062 1721
8166 9541
9327 4490
6802 9970
8887 5203
9491 9208
459 5858
312 9258
6455 8513
1985 3629
6087 808
4755 1014
7972 5654
6586 9622
3241 6113
9954 1503
8182 4559
849 4746
4973 2692
8106 5002
4651 3270
8405 9531
2374 5630
2662 8080
5197 8112
7700 7655
3035 2972
3902 5276
6700 9216
2710 9074
9596 9459
3345 2374
957 3810
821 9631
6000 5485
6436 6981
5668 6533
6697 5243
8118 51
4420 2295
9515 8538
8984 7478
4767 7139
4410 5614
2915 6211
7482 9786
2075 9172
8514 2678
3102 695
2586 3495
7196 256
6288 5266
9643 7285
9996 9620
6156 3690
4824 9276
5873 9573
5861 3143
1713 5974
2041 3635
3486 8603
7992 4720
7188 7532
7044 7869
4939 4672
5937 9372
6061 9912
2570 6467
7526 8558
6444 8769
804 8092
6541 2203
1062 5967
4382 2793
808 8182
2755 9692
7305 8510
2814 9860
2857 6630
6031 2189
3390 8596
6507 8238
4172 6764
761 703
640 4785
8302 9188
1896 8289
4127 2752
5758 7123
1400 7623
9392 9839
7703 6733
349 6295
4185 5966
6980 8115
4840 8727
1631 8581
8399 5119
7383 4969
9148 5820
4758 3587
2967 9242
7875 1857
7728 1343
949 7468
5956 3356
828 2495
8380 1159
496 6535
8044 9726
2841 1139
8780 8338
1677 9700
836 8822
1201 4113
5665 4528
4886 4034
8498 7063
1806 5874
1203 1647
9891 4230
2377 4897
3766 4981
2050 3332
7091 9671
3802 7172
7993 8505
9040 4501
6922 8733
8661 4160
3767 1089
4710 3684
6984 5530
2101 1729
5876 7719
729 5100
8486 6414
9854 8898
3018 131
5159 132
2662 3041
7613 3434
9965 7682
6334 597
5856 9741
3606 8193
4921 7525
7128 8029
5684 1152
9036 2669
2409 1304
658 7734
2039 1322
2624 9087
4313 964
9103 132
1602 3224
7217 9823
3281 9587
3645 5526
9982 6110
1350 9840
637 4213
7797 8358
3613 1762
9017 2295
5190 2388
140 1303
6192 7706
1008 5502
7108 5627
9897 5810
3295 7770
5229 3151
8043 6274
2924 6104
7191 7695
2893 74
6129 7036
8218 278
4881 5184
5043 183
9524 8626
6646 2427
726 2356
4115 7549
436 8327
2502 5146
535 9879
3832 5183
9297 2101
9769 4169
7682 4071
2472 3966
9939 3086
6581 3990
6373 5643
4309 6848
3778 8627
3294 1334
6185 7081
5275 8126
7665 4470
1283 6129
6698 9739
6271 5493
2391 358
608 4421
4696 4727
652 922
6472 1415
9527 1791
4329 4060
6229 8190
8182 5184
6929 6416
7430 2567
2252 7119
464 9300
876 5692
3584 3317
8722 5880
2976 6097
738 7350
6274 6405
7973 8182
6119 3433
4970 8280
580 8308
2166 502
5161 9110
2406 9164
3817 7794
7897 8243
6825 8742
777 3322
8749 7613
8929 3182
6158 1209
3773 9541
4287 4510
1565 3957
8944 7592
6765 7785
2347 806
641 2447
1411 5710
5612 9182
3591 929
8023 4751
3962 8607
9165 8263
660 9789
6012 5515
5805 1445
2291 5144
2374 1813
7838 5147
6028 8082
2985 8531
845 6329
5665 4721
7568 5974
7457 3344
1374 3295
4616 4506
7522 5629
7800 4725
1716 2262
6674 3637
4709 5009
819 3843
6124 1078
2474 5308
9656 477
9248 1702
8691 6595
5891 5838
9230 342
308 3046
677 5054
2055 4386
465 2582
9284 1111
2033 2596
2454 3633
8390 8712
8666 7461
9962 3438
7199 4505
5138 9526
3073 6499
2438 7361
4542 6664
239 6025
9816 4172
9226 1201
20 3308
5542 2953
23 6387
4420 9647
4183 5925
201 7796
6397 4586
7795 2420
9497 2138
9270 8458
784 5713
5202 3421
4081 2342
1053 5451
4655 5577
4642 863
4775 8454
1122 6419
2958 2744
9084 5748
1016 3037
1754 9254
7352 2440
5533 6803
6889 4392
4764 8182
5061 3561
2953 1295
7289 9567
5633 5298
1175 5178
6807 5908
7834 8913
7664 2735
277 9587
1827 806
4978 3425
7963 9780
5970 5531
5526 537
8628 1988
3044 8768
7759 4626
4612 8452
1378 4734
3493 3981
9978 2897
137 5831
8809 4497
1649 7808
5340 8377
8692 8623
1371 8232
6009 3918
9958 8952
9974 3414
7986 4064
2424 121
2878 7783
5781 8708
5286 5925
8927 7318
2914 8777
5458 6984
4162 7175
9356 1767
3747 4601
9119 3008
6178 6325
9667 4077
9685 5148
6439 4416
1458 9137
8762 8433
4282 8684
9996 5218
9735 9587
6360 9640
9721 8161
505 1164
8182 1490
5105 8353
8802 131
6675 711
211 488
2654 2389
1035 5001
7777 5424
3599 8943
5197 598
8663 721
989 7700
4901 4677
3829 8698
8751 3975
8682 8645
848 8182
36 2216
4647 6559
2432 1915
4495 6425
4932 9531
2453 2033
7063 9415
1988 3743
953 2051
5410 8896
1040 3161
605 9440
4845 6201
8926 4143
4757 3821
1988 8507
450 3570
5661 9877
1942 9898
6179 1160
3705 5871
5778 3731
5974 9331
8464 5277
6583 5398
8597 4794
3196 5647
4356 1737
4733 4707
8050 2941
7740 3308
2685 2812
1840 431
3722 4999
3439 7481
4404 426
6579 1437
4649 9089
9051 5771
2241 3099
7471 9489
9220 7766
7440 814
7457 2583
7442 1534
9091 6790
8036 9325
388 4931
6834 2617
614 7469
9977 6632
326 129
2753 9808
4363 5859
4305 72
172 3090
3728 9470
2948 1061
9439 4357
437 2650
3789 8442
9545 6454
1203 891
4701 5393
4675 8046
7826 4638
6209 4319
7109 6473
5113 9350
2926 8210
547 3870
99 7993
2727 1036
2113 4602
8312 2801
4131 2793
7456 3532
6849 4122
2923 6057
5060 1884
8417 1597
4362 4153
1055 4215
2518 8963
7764 4740
2969 4972
2213 4834
3344 8997
9022 5414
6900 2430
6882 2099
3607 6972
9050 6227
6138 8846
8832 9876
471 695
6644 3946
6071 5584
9702 345
1057 6724
4676 1580
1933 7376
179 9068
1742 867
4664 7729
1548 5149
2963 9570
615 7789
6989 3077
5852 4573
3469 4818
6356 1051
6639 4565
8369 1021
6580 4416
9377 8869
6100 6754
7032 1258
2036 2280
2098 8466
161 6204
2185 8007
9963 5860
4016 487
7065 6231
5063 576
5704 6820
6330 2367
6622 389
9455 1763
8183 5600
1388 7550
1956 7364
4537 9830
5478 6129
9391 4275
9189 901
8491 6837
726 5290
745 8386
4270 1029
6139 4074
9144 2609
205 9023
2186 5106
6353 968
3627 7995
7212 4708
5044 2891
7652 1124
2305 3179
4271 5675
6843 74
6026 2486
8490 5415
7464 8546
2630 2223
3470 8442
3577 5638
3495 8195
9832 9495
6925 8182
171 6094
2320 9585
2637 7243
8860 6028
8886 6786
2564 4366
9439 1512
3291 1462
3221 8623
1671 9746
6950 7322
752 5321
3359 5281
2959 1068
9601 5113
1761 1105
8373 1471
6477 6017
3293 6042
2865 8413
9269 2418
5424 3176
1030 3897
1229 3897
6743 8855
799 1973
8564 793
7499 9894
3119 6323
8580 8088
8405 7712
1123 2075
1140 5113
316 2423
282 390
1253 1726
6558 9924
9461 3981
8872 8765
1109 8827
919 8059
3241 5519
7106 8735
5704 7033
9756 5249
7254 2891
6640 146
9279 6709
1771 3171
6220 6183
3520 187
7260 3552
2212 7453
2318 1601
6954 9001
2168 5837
1120 68
9892 3519
7470 5078
6079 6133
2247 6508
5882 3002
2745 6129
6417 2029
8182 3340
2441 7369
6424 3367
1246 3261
3214 9834
3201 3482
4553 3340
1134 5011
8182 5352
1711 6683
5903 3783
8737 73
3107 5740
4578 3342
4030 329
3470 4260
8966 9060
7444 4805
8228 487
5250 2911
6610 5959
8104 1234
8498 9129
8724 4789
1049 8799
6541 2795
8931 8436
3795 699
2513 3699
6009 5488
1769 577
5337 5001
8504 6607
5994 5272
3057 8270
2967 3914
540 8913
3768 5071
9858 8294
3228 405
7209 5006
8996 5819
9006 9639
533 5221
3419 6704
5652 2013
1320 1612
6644 7573
9073 2788
4752 4068
8296 1202
3108 7355
3851 672
4601 9558
9425 7565
264 8482
9014 2039
1663 2930
1060 2200
5781 6386
3264 7238
5296 4771
7815 4650
8541 3783
4508 3189
8219 5868
1640 124
4020 9541
8425 3259
2370 3384
9418 8499
6040 8569
5538 9106
6849 1160
8004 4595
6805 384
6303 3210
6874 967
8333 1575
7296 3339
7953 8564
4925 800
1365 3363
4626 754
4043 5658
2893 7673
6731 1359
745 1954
7416 3372
1448 1175
135 5135
3924 6272
4731 9814
8839 1134
8119 1138
6464 4077
4614 4867
5411 3849
1303 3297
3140 728
6076 5048
7236 5305
4161 9571
5440 4430
1047 7624
878 1747
8626 3507
9666 5421
9123 6774
8188 360
7244 3811
4916 4175
8261 7468
6656 9985
9710 9512
2557 810
5712 6935
6145 8249
8182 6352
4598 7477
6937 3975
4261 1278
2224 7428
8541 1788
2947 5980
22 3887
4457 2379
5066 7155
3163 9201
1071 7243
7779 2221
3768 6040
8872 5845
3104 1977
4418 4489
9507 8595
8627 4391
5752 1490
5494 5991
1227 7793
7668 6151
8392 9445
6548 7400
9881 1595
2318 949
5960 3865
8010 9057
9343 5104
3120 6895
7965 9507
6751 2199
9369 7883
2370 1058
2633 8926
6661 3391
4241 8108
7958 8461
1955 4647
8026 9664
9143 1473
2084 9921
5474 5391
6297 2264
280 5615
3212 1830
8299 71
6902 310
2736 19
964 3440
5556 4388
9726 1201
9646 2232
7561 5712
5682 4625
9595 7242
5099 6866
8182 6555
7661 1581
4089 8540
2262 3349
9751 8656
6092 6414
4002 9337
7486 9107
298 4303
1132 1582
9350 4186
4225 5576
3602 2249
1716 725
9690 4075
8118 187
6884 4661
9024 7699
5439 4244
2112 8213
4788 6024
9233 5357
7930 6078
8330 2558
6808 1028
9274 7455
6819 7378
9161 4394
7727 2861
8853 5170
4561 3384
6024 233
9112 3750
9505 8365
4607 1281
625 2248
242 5251
4826 2192
1461 7294
8427 796
5839 2160
4610 443
662 2057
1621 1872
9015 1123
2298 3686
9091 4872
2343 8935
8383 6638
3255 5159
2551 3626
4859 2234
5550 9405
6359 454
6275 677
5703 642
676 3776
6786 2795
6393 6146
7153 5928
1892 9017
4677 3824
8182 623
405 4555
7 8260
4025 8764
6160 7072
6430 8866
5016 3886
1469 4844
7454 3276
2654 1620
414 418
5254 6095
4650 7157
4979 2463
2385 9496
8776 4811
6419 6332
9449 2504
6015 9519
1173 9474
1836 9743
7765 8848
6091 7041
7461 3883
2110 7500
6355 3925
3067 7480
5774 5649
7979 1207
9603 9787
8333 8966
9491 6189
8391 4261
1513 3484
5835 8182
8225 9460
9082 813
7515 551
7533 4861
5218 2468
2853 1651
9698 2835
9315 9800
6747 2725
9909 1293
822 2928
6545 2608
6868 2204
5536 6130
8797 3811
1954 6600
8573 9593
1625 7212
6989 7594
1760 7018
6922 8816
6262 6311
6952 2702
4576 3285
9338 1876
7990 5373
5101 5783
1398 9991
51 1348
3672 2609
1313 3839
8602 216
2362 1278
2381 9678
2100 3381
3707 383
2359 8278
5611 125
6604 1550
6816 8401
8182 5469
2956 2761
7535 8222
8824 1650
8302 1038
4428 4997
435 4412
1261 4521
9602 1535
1120 7794
4979 1862
5443 4416
472 3945
4293 6722
1603 6783
7796 9025
521 212
689 7654
619 1518
438 8746
910 5210
1955 9153
464 9869
2213 1852
6109 6957
2525 6098
3112 6821
4954 7355
4370 8584
4242 6880
9059 5557
6557 9971
2680 7962
8398 9589
2272 8606
7766 3271
119 9679
2603 6290
107 9249
8688 577
2499 1474
5813 3488
4062 5638
1504 4601
3166 3726
4229 955
4819 1840
7472 7179
447 9016
5700 606
917 9431
1709 5252
3997 6762
9897 9606
329 2052
2648 8553
5216 2489
6961 3673
2514 1778
1161 2948
5157 3078
7506 3132
1028 4601
9615 9754
4646 9656
4489 4099
496 8933
1543 1518
3608 9456
443 6764
9932 7786
1257 4080
3837 4318
4219 1002
5943 7036
969 1378
7586 8182
185 9637
3847 7749
9720 8525
8290 9499
5727 8182
1014 5668
7720 5486
5367 547
7159 6057
141 836
4707 3244
2862 1756
8917 7414
3643 9223
8588 5670
3579 398
5134 1585
2510 457
6109 5007
7783 2942
2473 7250
1723 7034
484 5246
6998 1427
8772 685
7880 1833
5813 3441
932 5730
187 879
4372 5735
2827 7310
6045 6011
9994 9321
9044 8502
1224 3838
356 2067
3692 6513
709 913
4948 7576
4093 7229
8135 3715
1201 5997
5032 3185
4936 5412
2115 2198
9640 5967
2817 8182
9085 3057
3582 5164
1499 1685
1423 2759
3878 1593
6963 7503
3759 7611
2363 1672
4142 3086
2428 3179
7770 9756
4729 3571
2759 8182
9021 5544
4821 8405
6138 9586
3477 2819
2719 6947
2281 6971
7596 2839
3588 2453
4385 5307
5021 2348
7733 8602
2477 2475
2864 6879
9658 9330
6745 8699
6735 7511
1472 1825
1815 2746
6169 6997
635 3009
8604 7169
4209 6377
5329 4586
4396 7372
6034 6715
8873 9397
8098 4510
316 244
9287 8894
2509 5998
6541 5218
4993 8894
8182 809
6518 7883
3987 5004
1689 2251
3491 3136
7194 2111
6846 7329
4242 1375
371 51
2142 1848
6349 6404
5429 6583
5572 3651
4403 2379
2426 4764
9599 130
8854 7708
2774 8332
4972 5461
7993 6042
1669 7573
3739 2031
9392 6285
9154 3859
6358 2940
3977 1698
1434 1787
2224 3247
4744 1494
3170 8826
3151 4551
8976 7981
9382 6307
1779 135
9893 7447
8108 6117
470 8237
922 9182
1675 8850
3694 5242
8182 3577
3654 9193
9073 1614
3301 652
6148 8282
2711 4110
3014 8052
4572 3684
2566 7593
4669 7490
2551 1233
6614 7967
632 4665
6575 8871
2402 1856
7438 8164
8245 32
8254 9101
1717 1845
4127 8353
7473 8353
7488 7380
290 7975
6754 1710
9986 6477
1356 2429
9872 6175
2806 7219
2964 3901
2696 1997
2924 6027
8755 5128
9798 7543
29 5770
860 6140
5761 7659
9368 5353
3630 1881
370 8425
2646 2151
2069 8764
389 7743
4988 3960
1147 7311
8710 1548
8734 5421
9264 2933
2728 3154
3955 801
8837 7334
3414 9890
6940 6899
6361 8008
6602 846
9026 999
3735 3537
7200 4864
6512 5898
1116 9223
5733 6649
9279 5224
9342 2910
8182 1587
8897 3563
9114 5267
9214 8797
9827 8583
6835 8773
6990 985
6583 5456
6688 3381
95 2396
5396 9012
8334 6915
5836 3069
8841 1887
2626 7272
6081 122
2649 9492
5294 3820
5269 4083
1647 7996
4235 2953
2749 4845
8999 9811
1721 7186
5856 773
7254 6378
6656 4206
650 9507
9484 8109
6842 2353
3893 7736
570 6631
2937 1191
1564 1795
5905 6692
1789 9708
4984 2480
4950 4261
6570 8263
5014 1877
1211 3387
64 7718
818 8642
7687 7501
2794 161
4511 6136
697 6188
8734 1060
760 3418
8970 2083
4802 8080
5756 4988
2496 3486
1400 8105
4342 8856
6133 1615
423 8706
5809 5303
7363 5315
326 9428
7747 109
6880 5321
3137 2212
5418 5879
7080 9535
2989 6016
8848 5527
6537 7951
8701 5252
5032 6158
927 1017
341 9329
3632 2760
3534 6907
9339 9444
2692 430
6438 1848
2451 1234
4212 5663
8048 519
420 1056
4116 9427
9407 7099
9097 1526
5607 3423
5555 2373
8404 7410
2572 4984
2366 8214
2563 6443
9111 7060
7165 7454
4552 2125
8235 4868
5377 3755
8020 1348
3826 2607
343 4994
8632 3808
189 5037
4314 8794
3670 1204
9209 121
1487 2591
2337 9558
8069 8239
3311 6403
8653 116
9417 4635
9324 3581
6179 6310
9 8365
8409 2249
8182 5573
1974 674
3195 1426
4967 4727
1033 1029
529 4055
3510 8714
3622 8410
3860 1740
7637 5852
3499 7343
3200 1909
158 8035
127 7943
3226 1715
8046 6332
8743 6
1351 4809
2201 7649
8405 5086
2099 9817
8230 3624
1872 5947
3171 4109
5484 3183
883 5404
6286 1429
8705 4081
7872 7558
6139 5893
1993 1347
9539 4692
6666 2565
146 647
4290 9588
945 9328
8275 3908
8113 5010
2769 5606
7841 9735
8246 7094
8463 9396
5904 3704
8221 7648
9246 1672
9114 1970
5558 2866
8912 635
4035 518
8342 3973
6319 7533
6344 7175
2986 5250
584 3574
9327 4816
4732 3942
3833 9818
3723 3452
4089 2257
3325 5631
9115 5718
8685 6177
5604 1100
8474 6312
3059 1223
8393 6723
2535 7644
9134 6321
9840 421
2610 2281
3986 534
8060 2353
5321 7367
3317 2297
7489 8182
8581 3071
3688 4700
139 8854
557 7383
712 3407
4673 3012
8990 2304
1797 6843
1868 1497
8878 2880
8686 8085
8564 1383
5493 1361
7249 7169
906 195
4047 2255
8182 9739
2280 72
7513 9108
4772 4250
7691 8440
6628 5701
3530 4609
5574 5197
7634 1886
6922 236
8337 4699
7198 4095
5878 1683
1877 9108
8446 6630
4887 4713
2747 1622
9225 1946
9822 7154
2530 3627
6751 3053
201 922
4387 5258
8183 7372
7771 1593
915 1891
1669 1935
1491 4879
8616 9487
4208 8642
680 2491
7916 2699
6219 5516
8174 7659
2466 1809
2254 8945
528 9729
8284 2712
9365 9772
1545 3392
2918 2664
6023 9439
9132 168
5139 4103
3200 9295
5694 3761
8851 5424
7105 9576
1031 9605
9158 805
5374 2578
7976 2015
244 6820
4564 5092
2914 8823
6187 2990
6378 7253
7027 3621
3837 4125
8018 8700
5423 8401
7285 4986
1087 4815
4235 3996
1259 8251
1054 530
7334 5663
2271 7345
6189 5451
2149 1539
4866 5757
3891 7137
117 4757
5977 6477
6708 7461
7879 7961
4135 8753
5218 2719
8598 5164
2488 840
968 5693
5059 6934
5750 9981
2327 2202
5451 9094
6371 2030
8683 4504
7094 174
6522 4527
9119 3355
9665 6260
845 8181
5922 8013
1530 4572
3128 8297
3857 2386
6225 5377
9880 3768
9873 1518
9985 5229
1080 1988
9500 7081
801 1458
6985 1954
6543 2848
5126 6735
4251 4916
1580 9043
8182 8318
5550 4822
6945 9416
5028 3609
788 5401
7339 8346
4775 8613
4673 7993
7238 2442
9347 1114
751 3525
6787 5061
9848 4837
772 7916
4043 7104
8951 9322
14 1157
7107 6415
5963 4210
5434 8049
9897 2389
4042 9550
8138 4213
3259 5065
2078 643
8757 6417
4264 2703
2452 6096
4441 2392
8625 6864
1198 9661
4879 105
905 1959
1634 4834
7395 8660
7618 1093
5780 6555
2000 5447
146 9034
2843 2091
7801 2704
9088 317
7503 2866
9364 2449
4443 1259
1807 8418
2229 5176
5299 6810
3713 8138
5190 6612
4155 5922
2268 2185
998 8778
4035 2075
2242 1999
6546 7827
1425 3243
615 2316
6495 7856
6827 9118
2701 7722
8845 5335
8396 3774
1406 9958
3789 270
7486 9154
8346 2196
7128 1306
4555 8717
3415 1288
542 9686
2183 1290
688 6303
1329 5615
6399 9517
1905 299
6764 6470
8707 173
4664 8674
8959 3573
508 4527
1916 8767
6138 1716
9776 222
4674 912
4976 3138
5673 2740
2047 1285
758 986
8552 1936
9784 8055
8248 7510
6932 3186
7306 8182
1407 3413
972 7925
8244 6871
6955 6269
336 4514
1546 8001
1971 36
5620 815
6133 5649
6243 5886
36 7982
7954 1519
6786 8590
1602 4194
8739 9651
853 750
8062 2506
7616 4252
1446 2800
2697 202
1372 8954
8199 170
3774 5623
5014 6934
3933 3355
8422 3695
3118 557
6583 5665
5725 9706
1199 3684
9306 8626
2094 6938
9665 4196
3000 6407
2853 143
1423 9707
3954 724
612 4098
3806 5130
9568 2412
4661 1168
4343 2030
1544 8025
237 9997
2198 4991
960 5671
2906 2126
6357 9877
2803 3643
4396 5343
6785 3718
4309 6198
5034 5589
9095 5243
9819 6867
5734 140
2360 8680
1614 4728
1533 8970
6690 6044
5091 8817
3401 5508
9852 308
1525 4021
2689 9146
4963 4830
8564 6005
8562 469
6036 4572
3065 3495
6724 2339
7685 7603
4825 2235
1989 1556
5682 7244
6171 1902
828 7747
6957 2615
4784 1492
2245 3355
4731 1029
1672 7752
2085 7959
1668 744
5368 7470
4912 870
1721 8524
1209 7084
8376 5144
4165 7829
324 4739
8924 8594
8783 4779
2022 9168
737 2808
7502 8480
4416 8117
189 3770
7855 3579
5648 1087
9820 6590
6748 1721
3619 6406
78 7028
9042 5022
2120 5059
8233 4105
5889 3970
5393 3211
1761 9044
7611 7942
8392 9719
3281 4234
1133 2788
6927 4948
4945 6116
9975 1405
7714 3787
7331 1089
1283 6539
3796 5043
3841 7945
1015 7553
3752 2958
6748 4535
9156 6974
9639 8281
9646 8003
6842 2781
8325 3390
3698 2157
5277 8561
2688 1432
9936 7902
7013 7210
5311 1981
3692 9531
9285 4486
5448 9313
6566 5377
126 6528
7292 4253
2202 5355
913 6365
7756 7461
3569 6636
8151 785
1283 4023
5625 9730
544 6813
2310 4973
2741 255
6434 9725
6892 641
9555 9228
9558 4205
3321 3100
446 9961
9503 9174
4537 5346
1660 5322
9173 1593
5374 1458
4918 4332
721 6008
9588 4516
1566 3221
5056 2401
5860 5934
6958 2392
1702 556
8321 1247
1327 644
8809 3196
1086 5557
7467 9262
6233 8731
4962 6129
9776 6632
9412 4333
2944 8186
6843 3921
2072 7735
711 9262
3415 4130
9068 5766
2136 5204
6322 4264
7765 9655
3231 8328
3351 8793
3684 8795
7932 5593
9304 5670
3297 4894
1262 4157
7784 6227
8541 483
6078 9126
4430 3916
6585 7750
3607 9171
1347 5364
9647 9744
12 7123
6456 7166
1656 790
7556 6354
3561 5401
1375 2892
8592 5757
3364 7539
1468 8202
405 1401
7335 1208
6284 4440
1022 2853
7483 3771
3623 5056
1268 372
8538 4820
2949 5120
7153 1882
9445 3252
5651 8191
3741 5166
935 2675
1005 8549
8298 7511
9031 1725
4294 90
5884 2885
9827 5210
2641 629
3998 354
8182 3159
8612 2072
8730 2671
6879 1737
5338 6210
3889 9094
6416 5663
152 7052
5549 1938
7422 4732
4310 3291
6401 8350
1992 9472
9170 5139
6844 9580
6793 746
5965 4572
3318 9200
894 9793
37 5313
7134 466
9388 9784
8971 4365
8676 9903
5231 4947
1414 6906
8887 4631
6307 7014
3936 9919
3055 7038
5897 833
6120 121
8400 2830
5747 4621
7915 6735
269 3593
5358 1289
1791 8392
5187 3666
949 4750
4516 2314
2863 5087
198 1343
624 3298
993 3024
6127 6847
7986 7361
8274 6260
5992 9261
525 4151
9266 7537
8481 9742
8630 4827
1648 8055
8577 9301
1979 3246
8445 8039
6597 5582
9022 4337
8740 483
935 6144
1867 3639
6524 9665
1056 7915
1738 7653
6342 7241
3561 7702
9767 8046
2259 1751
7984 9966
7978 1929
5681 665
4256 1997
4644 9428
4353 9153
9174 859
4267 502
5546 1141
5471 6164
7920 18
2539 3520
5319 2991
278 4792
465 1154
3585 2162
6086 5852
3983 5022
8713 4957
1137 8981
4586 2614
408 4704
1009 6809
1444 2521
7636 8609
3353 5326
1854 5671
2912 9515
3933 3576
3307 1369
9001 2277
1792 591
8684 7007
2096 7724
8432 3684
4373 8838
7558 6195
846 798
8148 3369
9848 5399
9073 8060
4440 1195
2036 7318
4059 6924
6765 9633
9266 3868
3852 4774
4946 4778
116 7502
6077 467
9949 248
5400 1424
4121 6901
5359 4362
8182 5966
2841 1226
7268 3130
1465 4912
2174 7199
129 6600
3934 797
5182 4094
2831 4826
4602 3823
8252 7566
5333 5870
6237 2075
2963 2320
7268 8057
7749 9210
6587 2656
8034 7546
4573 5480
7862 4780
4058 9682
206 737
4435 6157
2168 5489
6306 4562
3548 9367
790 8060
5443 5208
9561 50
2261 6718
7970 8040
2005 1865
5083 3729
3281 1996
9907 1131
1263 280
4898 2586
255 3779
4498 439
218 9028
572 542
8540 3384
8182 2060
9378 301
8182 6862
6761 6886
6629 8324
6027 2125
6392 1875
2091 8758
7873 8118
3160 9223
4268 9390
7441 9784
4129 1050
4452 4849
8392 6351
6011 5181
1070 1778
8446 4226
6778 4541
6648 6932
4224 945
7932 2357
3296 6979
1533 6172
7267 4490
2137 5769
1570 7100
627 2593
3815 7213
1123 4126
7392 9238
7192 3388
4624 6578
2573 9602
6995 1623
4639 2159
7523 9947
4271 7097
1658 9972
7412 1151
2261 849
1503 1189
1236 8683
8748 3528
5296 1935
6658 3015
2771 5958
9158 5393
8843 3825
8093 9590
2859 1621
9390 4219
4846 4467
4555 6274
1084 2003
2721 161
5412 4836
5567 3185
6729 3043
5398 778
5025 692
7301 5590
517 5328
7071 1121
2359 5290
321 9339
3334 9259
8714 5974
2793 7228
263 7097
4237 633
9399 5325
1390 5975
8305 8812
7212 5275
5102 991
490 1514
4966 3499
457 1243
1762 9830
2042 5798
5862 5127
2884 3383
5139 1607
614 7661
5777 869
9928 3338
6917 7108
8327 4025
5724 3831
9135 5651
6379 1075
9219 8766
5339 1985
2130 8182
884 4556
396 8347
9606 5108
1128 531
2155 5336
5271 4917
8325 6756
3739 1074
1324 8619
2059 555
2530 4671
3624 350
2182 1145
9365 9785
175 7203
4035 8535
2874 4938
9606 3270
3177 9652
2013 338
6901 6375
2487 9641
9558 5955
3561 2102
6400 2124
8394 617
3236 7436
3944 6327
5772 3028
3147 1689
979 6084
4583 8200
108 3723
4238 6021
8785 4765
8196 6148
4264 8669
7185 5482
6050 1552
3406 2930
1814 4286
1074 7961
1326 8934
9507 4310
6196 3426
4531 7399
1626 7728
8657 5274
9964 7708
5260 5965
3288 8478
6253 1234
6534 5232
5284 451
681 3140
1348 900
565 8514
2819 3296
2919 2194
9731 8059
6418 9747
8973 2561
6375 1487
6022 488
1265 3763
343 5
1566 5920
8172 2503
4111 336
1136 5485
6480 9926
8853 5396
9076 6730
660 6242
2561 9090
4533 7730
8529 2630
7832 223
197 4502
7098 6636
887 9768
2344 3576
7120 4051
6003 7546
4297 6232
7915 5510
7969 7689
2805 934
5248 1553
7044 9796
3705 6048
1379 3233
6296 1659
3150 1438
8601 5828
640 5084
6027 7131
6882 8354
8736 7548
4176 3794
7382 5579
5940 8788
5697 8674
7171 9172
3909 4418
9091 1191
9894 6985
7668 2202
4860 9635
443 710
3439 6942
3319 4619
3555 3095
7702 9046
3901 825
7207 9215
4468 8020
6069 5784
1129 9849
1351 7437
669 9194
4999 8880
2589 3263
8182 894
8988 301
7133 9437
1744 1964
4958 1363
4430 1419
9404 6741
7042 7620
9475 1761
4897 4158
4816 5066
760 5481
7944 4391
8158 1885
2955 1204
3362 5905
1146 3699
1161 2794
9065 7140
6175 5668
2993 4095
549 8452
1164 5543
3314 7888
6064 8875
6577 4451
9228 6043
3514 7840
4559 6370
5761 9716
9860 4915
9711 7576
9609 4245
3435 6666
2405 2053
775 7645
7193 1900
8405 5889
8252 9460
4850 1158
696 593
1736 6948
7981 6979
1071 7678
9736 4959
3339 2989
4446 3562
131 2164
4734 1476
4958 4604
9875 9393
8827 5575
5918 1198
6884 3052
1952 7217
7843 4897
5104 6854
9676 2127
6338 1028
8884 9186
5530 4288
4028 2857
1723 9783
3377 3757
5375 418
4264 6907
6058 3137
7210 1588
7287 2084
5834 405
594 342
9604 4745
7710 8609
8265 9529
9026 3265
3022 8796
4194 9463
9170 8130
9066 8107
6669 5790
5669 351
3757 3572
6738 3196
5869 9229
9489 8462
8538 4524
9402 4930
3347 2121
7633 58
4570 3409
1440 589
5406 3537
8702 4316
4036 2114
4693 6384
4848 1210
9439 3070
1465 9879
7923 9863
1581 954
5550 8425
9524 6229
5835 3372
1598 4852
5747 4491
7187 8489
2313 7175
2335 5990
9143 8743
5005 6946
9787 8567
9515 8776
4592 6039
9627 3631
1312 5560
5325 5156
971 7751
2664 4514
4150 4512
4916 8906
1908 3834
118 3317
5890 9042
8182 1901
3123 4632
2414 6633
3288 5044
9552 8853
8223 9333
8139 8964
6839 9420
5170 3070
8322 3152
9468 4684
5209 5377
6143 1305
5303 3217
4957 5988
3965 9182
7903 5374
8472 449
1256 6483
2137 4464
412 7413
5415 3047
557 1203
3205 3319
8182 6850
5468 9232
2109 2260
5706 162
2275 7550
5865 3701
1302 1511
9455 8430
1157 1570
2673 4331
7566 5241
1445 6624
1611 6079
3072 4891
5132 7825
3450 938
7134 4037
8971 2150
6356 3312
4182 7631
2467 2276
2027 3582
8445 6106
8292 2896
5022 1424
2230 6308
9682 9116
907 5352
6911 7068
3629 7340
7758 8217
4269 2941
1533 6655
5899 2162
1096 8888
6309 7822
9481 8497
1002 476
2664 2691
7560 296
8226 3675
1298 1877
1940 3610
5397 488
5708 3099
5022 1374
9731 3600
9638 5438
6867 2541
74 4245
2068 2397
6350 4618
6575 9442
6393 7986
3256 1995
5122 9375
3682 1660
2549 6096
9139 1092
9930 6570
1431 1834
8540 5611
7812 2815
3849 4188
1470 8626
8476 4206
8703 7216
7324 9564
3674 555
9929 7939
6260 5566
9013 4228
8944 1797
2025 9779
7514 1048
3589 7886
348 8090
2928 937
1404 1004
1021 6218
7958 7536
4856 9204
4492 6846
8796 5822
6043 5203
3903 3206
606 7546
8593 8684
3096 7619
2443 1018
2335 25
7159 8607
1676 52
6433 2556
3778 2408
6039 8457
3614 8178
7964 868
4079 9348
5853 2247
744 4378
7936 7725
6438 7290
669 9115
7598 7467
2933 6033
8987 390
5798 5117
9321 9713
8362 2139
7712 2272
6614 4323
7271 922
9562 7841
8971 9101
7695 9727
8600 1676
5556 8095
217 9567
3294 4690
6583 1495
3033 8182
633 1391
1026 343
9475 9899
9361 5696
4514 9829
554 9582
667 7407
5924 2315
860 5371
7798 1187
2220 9680
8182 8770
5921 5834
790 2951
8393 6882
9379 6758
2234 120
6908 6025
996 166
8559 4916
2216 1121
8570 3693
7690 7977
2233 9698
3182 5852
9345 9659
6194 5370
7838 1241
581 4515
16 8201
4360 2663
2317 40
7337 2902
154 8153
9166 9073
8584 5218
6153 2839
6328 1481
2669 8904
4018 1751
3434 9686
6794 6446
9760 3630
3592 1171
2663 943
2634 7940
6815 6794
8897 3236
6288 7882
4696 8863
140 6217
7683 663
1257 3642
3304 718
5861 1384
4646 6516
2252 289
9467 3972
3659 574
9603 3411
9900 9410
3652 5618
7195 2537
5141 1429
1176 8245
3646 5185
1217 5082
9055 1633
9415 5201
8654 3204
5573 4472
8815 9428
7895 7053
974 6163
4651 7094
340 3235
4599 5322
146 4432
6822 2026
6501 8061
3902 6671
148 2351
5922 3212
2714 9128
7900 2830
2778 6373
2832 9738
6623 6158
8543 6428
3489 3700
9067 5343
314 307
556 3762
4617 4156
9378 4095
4602 574
3481 6866
7575 2622
8602 5713
9715 5534
2000 6384
8086 9923
2076 6099
9746 7005
2138 4022
7617 6157
3823 8898
7888 5043
6077 5959
5023 6002
2132 3007
9865 1808
9662 7353
5789 7537
8375 607
7814 6658
8047 3821
7259 5956
4788 8049
9222 6886
7185 7773
2934 9443
2795 2838
3871 9587
979 3500
2077 3126
8223 6129
2872 1079
2767 5168
2209 8409
8182 6072
6044 7247
5263 6473
545 9942
2137 8387
9266 1234
9391 9347
2264 3601
7642 8182
5056 4001
4935 9885
18 8888
2807 3026
1413 9
7235 9171
1052 6767
4965 7506
1067 9913
289 8182
3249 6317
3294 2407
3933 5338
8382 5554
8453 3386
3164 4717
4471 4152
576 1532
5414 9718
9522 2958
8401 360
3114 9549
9009 3327
2941 8718
8572 7393
8428 6896
2429 2762
6716 3033
6404 2145
4870 5914
4311 1143
6843 1016
6386 7855
7231 7823
3018 7763
8543 8114
6245 9442
9372 2828
2325 8433
9203 8182
9702 2032
6205 2327
821 3276
8828 4039
271 248
4061 2476
3954 1474
6543 786
1140 2871
9086 5062
6206 3324
5401 8362
5571 7758
2416 3368
6653 6329
2413 85
4677 291
3226 7485
4478 130
3210 3964
3245 7126
3880 7248
6943 8182
4529 994
6777 322
2733 7866
5750 9343
3383 8562
6187 3551
8182 9024
6212 3633
5392 3896
4166 4325
7301 7544
2635 3725
2651 4936
6577 6858
1111 2169
7290 7426
8182 2002
511 3765
1608 4487
2276 1390
3442 2150
1492 6686
6417 1230
7648 6270
4626 4875
2726 9620
1200 1571
3697 5097
7393 2577
6545 7040
8182 1693
7151 8371
1239 6800
7055 1590
7474 2773
99 3
525 5252
3073 9340
7399 113
2996 9602
2154 531
6973 5261
8967 2040
676 5248
5044 3735
2664 2672
9947 8101
6142 8890
4938 346
1813 4198
8926 6644
2153 6803
7232 1701
3998 5305
2059 2818
4356 4643
4489 5835
5644 1077
6380 8834
9226 6667
1367 1336
8437 9567
2281 7938
170 8428
3720 7741
8965 3671
7588 5626
9762 4900
924 5786
3179 2313
9298 9124
9006 8267
8307 9901
4638 4291
9603 6330
2617 7992
765 6888
4368 7176
6344 3616
8897 8176
9699 8379
5749 7893
9421 3192
6764 8597
2435 2183
574 2286
8386 4717
708 1451
390 5394
7640 4100
8947 9889
1828 4338
946 1886
8844 49
1522 8908
6314 7218
2903 743
5015 6975
7736 745
8978 5047
6164 3901
1140 9260
5913 4383
9645 6001
6611 3259
3649 7473
351 7387
1254 548
356 6347
6052 1001
727 1934
7411 6580
5684 1027
4033 9708
2128 2054
5454 6200
8656 4389
3954 1312
5508 9541
3152 2731
3292 9423
6736 1538
9532 1542
8810 7386
8683 6778
4222 7437
1087 8587
578 4144
8060 6009
153 8468
2294 6614
2216 9475
8485 4426
423 7657
4841 53
575 734
2137 2882
2313 3823
9028 4512
3111 561
2839 378
180 4024
2639 8213
9846 1948
9418 5321
4693 6914
8041 2464
5988 7445
8910 9331
9255 886
5408 25
5655 5277
7086 2376
2816 5632
6884 1016
4476 714
8920 3650
9047 6750
2409 6157
1396 6832
8590 9482
6458 1535
7704 4245
981 9616
6062 3589
1606 1865
8033 1822
3499 4440
2552 2016
1309 453
7842 1807
4085 908
2684 6284
1662 5297
5933 269
51 4267
8453 2800
9610 3949
5702 8017
4754 6641
4907 9169
9911 350
4459 6048
7314 8379
2545 9319
6135 56
9687 4416
9283 9494
3763 1257
5113 8193
492 8229
2433 3077
315 6547
6503 3185
2455 686
664 4957
3155 2582
1651 9261
1835 4804
8183 3047
2025 1231
717 4027
959 826
6879 5601
9413 2789
8182 5148
4575 2971
9699 1923
8302 8212
4076 6662
1557 8519
5709 1977
8570 763
6798 6778
3472 5434
4449 6063
4407 374
9621 3414
8000 9373
4292 979
3931 9054
3655 1211
3627 860
2891 1561
8037 2492
1619 1712
1647 7720
1444 4553
164 8650
1902 3158
39 7606
1560 1294
2067 6249
5200 6503
6407 9941
8347 1986
6582 895
8105 3395
1464 1112
8182 1205
4850 3451
3506 6996
295 6389
5650 4691
3020 1925
8420 7354
7845 5174
3398 5023
9500 8937
6239 9160
4780 4201
8266 1858
1089 8552
3447 6778
6372 7386
5325 8845
1834 3645
7809 7159
5731 5902
8386 8474
1636 4352
5204 3153
6166 5559
8618 3920
3958 8948
183 2982
2625 8777
8775 6378
7351 2790
7405 6158
3975 9387
936 6820
4683 6682
7150 1408
3037 3961
6333 8197
2243 3942
3173 7293
4810 4197
8781 9317
697 4340
6983 7827
3378 2618
3567 8427
3285 8597
4455 2221
5864 8751
4374 255
8216 1845
7526 6896
664 1811
1079 4897
4873 9804
83 4038
5751 9863
8451 4232
4675 4207
9171 4223
544 9646
2851 5825
823 546
7528 1741
6139 7775
1091 480
2470 4607
1933 4414
9629 6523
8578 8762
6456 3004
5105 6618
1871 5931
3976 412
4921 8255
7077 3070
9446 6042
7003 8339
4322 5742
7696 6018
189 3875
2241 5012
4095 2669
1231 7272
7342 1067
9480 8141
4048 5615
8494 5992
6522 7963
1681 7021
79 2351
9493 5262
7030 3789
3874 5239
1141 5449
1559 7354
7929 7082
6246 1426
7506 4105
3457 5263
8893 7672
9833 9621
6020 8985
817 7067
8052 2632
5446 3018
5957 2863
8171 6487
7928 1009
99 4354
8185 8631
6873 7073
9237 7199
2590 1206
2308 119
7830 7043
2403 2098
8599 8809
6685 4891
3789 4544
1656 8957
2407 7989
9520 716
3641 8182
9089 1667
8072 9856
9266 5243
4999 4807
8586 3963
9352 7625
9113 1800
1221 3185
4318 8040
3931 7465
3663 5921
1909 8722
4379 259
3334 7647
4800 3221
3982 1434
6373 3396
576 1518
1441 9415
2494 4554
8647 3259
2481 5453
6711 9902
9371 724
9444 3190
8258 9889
2684 9728
7312 9354
7615 4819
9391 2081
9976 2334
7008 7747
7147 7762
8796 5855
4591 4863
463 6741
4040 5525
5289 5264
7854 2585
4944 4934
4326 3068
2361 4943
1723 6355
9037 9312
8878 9426
6214 8540
8387 2296
8886 4791
4653 5298
9970 8182
559 3032
1539 6483
3088 2284
9726 8932
5100 210
4101 5695
8385 8937
6632 9422
7832 4257
1945 8094
8966 6573
2770 3344
9952 186
9255 9688
4688 826
8972 9855
8948 6348
6757 2824
3279 2176
6111 1761
5763 6995
3322 1332
1390 7277
6337 4948
3031 867
6868 5923
9125 557
4716 7784
7898 198
6686 2800
6096 7185
486 9818
4278 5193
7699 5951
628 1205
2278 5124
2920 3196
3779 9170
5577 9575
2018 3960
7010 8321
882 9770
7928 4712
3539 7443
6262 9950
5988 5863
4090 2532
1089 6264
2690 7258
8182 1978
9359 7794
9927 3128
4226 3464
3592 5405
1866 110
2031 638
3555 2941
5103 5709
4047 5608
9835 2245
5993 7196
3555 877
3628 5659
116 9533
5497 9746
7221 7304
1796 8782
8442 5721
1524 7609
26 3589
4735 6011
9151 4697
8300 304
1473 3010
4526 6609
2070 1410
5835 8537
8096 4639
4890 2014
5070 4598
2668 8127
702 5222
9390 373
9746 1793
8230 6013
5141 2483
4044 7986
7403 4580
7921 8474
5621 7572
837 8068
7585 932
4091 5086
8372 5398
9288 4894
3816 7570
9071 4535
7697 2760
3344 2178
379 292
5594 9069
1745 5067
4382 7737
7889 7324
4050 9874
6353 5246
1198 2226
336 4847
9167 5282
4063 8638
1162 2981
7761 3189
129 5922
486 4512
6283 2050
7492 2099
1558 965
7249 5237
5597 3275
3956 8149
8622 4602
1250 6792
3502 7162
1251 3554
3742 5209
262 2555
2632 8448
4791 9745
6800 6001
6726 5209
6970 9215
8554 4482
5599 4823
4172 8379
8741 7457
4330 9271
7461 7421
6187 6324
364 9332
3555 1007
5013 8896
7122 9476
6758 5892
4017 6993
2394 2961
5145 8408
8074 1179
912 6910
881 1965
9491 8214
5102 1746
6024 6131
2512 783
1511 6692
631 9477
439 4834
51 9773
443 9427
7415 7030
7348 3028
8717 1193
6614 1721
2799 4437
533 8140
2371 8182
1032 6450
8137 1518
1087 6203
1788 8661
185 4256
1454 5351
5203 872
8182 8079
8102 8426
4453 7477
501 8512
5520 7026
2012 7365
5636 1233
3500 9557
9595 6459
8834 4773
9179 1303
1113 1438
7454 2530
8889 2879
8182 4700
4453 8030
9447 3065
948 7577
6798 152
4556 4309
9345 7303
1350 5336
9381 4436
8643 6685
4554 3859
5402 4347
2477 7981
5384 5140
6490 3739
4893 3950
5525 295
1131 4994
9938 8812
182 8448
9868 8750
238 3313
8182 5053
758 4091
794 2274
3320 3328
577 7873
1190 5209
7883 4953
7394 3713
1759 1518
3178 2787
6643 9382
6445 9887
6960 6502
2682 1857
9151 8415
3394 7868
3410 3369
352 5006
3465 8256
1034 4753
3907 1239
4638 3079
2172 3376
9806 8289
8469 4026
388 3855
1402 2375
5423 5090
7815 6706
6437 6830
2222 1044
8092 6331
7960 9127
336 5153
5199 9669
6099 104
6232 3570
6536 160
6635 832
2684 2766
4924 844
3896 878
406 8483
8538 8443
3414 6497
9787 4317
8083 2453
1864 8562
5832 3861
9408 3427
2220 8947
4543 7571
5002 9636
8836 6189
3126 8144
4133 3857
5035 106
8661 6239
2205 6404
6670 582
606 956
6177 8849
5304 941
7586 7892
1879 1020
3944 6217
8329 4105
80 9319
5313 4483
8149 2202
2126 2598
6004 8355
5277 4263
7759 3260
3075 4947
5634 7645
3684 8704
5342 3665
9414 8077
3391 6102
6587 8801
7701 2665
4490 1766
4601 6909
5045 8752
9748 8182
5846 7361
4554 3189
4032 4410
4181 6791
2547 5293
1957 4636
8794 7551
3485 6829
8362 7135
3543 7488
8972 1869
9003 8707
7387 9524
9750 3153
7803 9103
3555 8893
1216 4325
9629 1911
5468 3832
1257 8854
1111 1303
1055 4518
2028 3287
5169 4924
1159 2296
61 82
5701 6692
694 4554
3864 8877
1904 5350
932 2318
3860 8716
2550 8634
1798 1117
9595 2999
3064 5312
8116 8654
4054 8944
6574 3725
8179 3053
9185 4466
6789 8988
3150 8411
3595 9578
4658 4607
8237 5989
7615 3938
7271 7439
8571 3210
9440 8182
7654 4193
9528 8100
3270 2692
5697 149
3898 7039
8697 5067
3129 3836
1021 9623
896 3193
6889 7716
2590 66
4034 1565
6321 971
6805 8834
1605 7072
4158 2102
5859 7605
6841 379
3630 1415
6679 6207
436 8182
2704 6984
9149 8474
2829 4140
6362 8150
825 2035
101 774
111 3560
9047 1913
3384 9659
5497 6623
6627 3038
3660 3730
1497 4691
636 9896
8354 5166
1954 8270
190 2796
7298 1446
7611 7647
8475 5049
3825 942
5085 9278
5585 4524
3202 7826
6875 8506
6517 4530
6462 1773
4384 5731
4037 2154
8823 8979
5074 533
2873 1933
851 4191
745 460
2391 4960
2685 6418
5588 6804
6825 5852
1021 9433
4422 8389
8273 5371
9723 9804
3843 9152
6266 7828
8182 1635
3283 2743
1822 273
1495 3732
8270 2690
948 428
2843 7263
4278 1350
6963 495
7614 9971
4032 5466
5162 1864
7228 7521
9234 1037
5017 538
6567 6438
7022 5591
7050 230
869 6746
4879 360
4980 5571
3284 912
4940 7959
2950 4091
758 7360
9623 4929
3427 6575
7286 9648
7514 1886
5270 514
2899 9953
3748 2369
3157 5574
4446 500
249 9375
4927 4202
1959 5529
5146 6699
3057 6893
4399 7501
9515 7900
2508 8182
2660 8898
9670 3560
7560 307
4026 457
6927 8919
1215 224
6752 6979
3318 3087
6771 9685
527 2306
6541 9908
5824 443
582 6122
9489 7703
8182 3313
7747 3486
8671 6619
309 7446
8182 6444
4616 9988
3435 742
6692 8645
4397 2920
6983 1460
6523 4593
1032 8303
7144 4877
8766 8854
7810 8485
2802 1503
3931 8125
2973 9181
3402 5779
1930 8329
8249 311
3230 600
6956 3146
9588 3027
188 8397
4714 482
3612 1824
9644 9587
2063 1256
7873 511
7818 9114
6191 5850
6263 6527
7048 6044
3934 7458
1341 3636
5498 1055
847 6460
836 5204
2655 7151
7417 9170
2150 1961
7520 2090
4723 8998
9619 6658
4082 3497
6640 3785
8182 1654
917 7814
1297 4696
7130 113
9150 7663
1292 6103
8423 4840
9462 9930
3011 856
9666 6381
9196 3370
7101 7152
9306 4405
4317 931
1017 1210
5795 2240
3270 1954
9509 7462
6634 8343
4429 3332
9553 2829
8383 7287
4750 2605
5755 5509
1761 7715
428 594
4026 3376
9272 9905
2840 7650
2993 9792
410 2666
7608 7707
7101 4602
5025 7127
2883 2026
6680 1890
9591 8457
3041 1006
4174 6663
8897 279
3901 2967
5727 9039
221 5657
5835 2632
4840 6003
8506 8113
1528 2713
6158 1438
2491 9242
3588 9195
6795 6840
7514 6714
4968 5069
6429 7076
4841 8902
9625 6157
2563 9039
5877 3449
4888 4783
3462 6447
5326 9684
9037 2638
6963 6488
4600 8374
9202 5173
2493 5840
8789 9983
5096 7185
3045 2612
5644 5190
3183 554
3886 3283
4564 7120
2611 5395
8918 1212
6687 2714
1368 2972
7146 3141
3218 4265
4932 7874
5705 249
9663 7398
9390 4035
1505 8100
3146 1739
8520 5976
5393 2194
9070 294
634 9924
2348 5743
8705 9414
1339 2524
9508 2424
9910 929
6090 8045
1661 1719
2858 4174
6878 9681
7486 9183
570 3385
2844 5052
386 8337
8315 2044
6994 2318
6276 9083
3853 8359
2067 9620
9895 360
2920 5145
4641 7873
5742 679
6935 9779
3277 4048
7110 6630
163 5224
7847 6515
761 3558
107 9809
3290 5116
9975 7667
4765 6811
8492 4570
1255 4013
5522 3494
4944 6449
7088 1597
3578 524
4851 5353
6858 253
9826 2860
5114 9043
6787 5333
15 9652
7978 623
9339 7801
8020 9632
6967 4496
4682 7312
8512 7912
287 4581
1153 7142
8488 2856
6734 8258
461 2642
1658 9453
6594 6587
2102 765
5120 8852
2838 8522
8206 6757
1469 5198
5452 3016
1482 2626
8182 3197
8182 1349
4918 2470
9922 5491
8182 9651
7290 4051
5368 3555
1223 7059
4877 4568
6028 4416
4495 7666
2699 1327
517 1856
8958 1433
8182 6780
5177 3583
7273 9420
5165 2513
3151 5724
8358 7237
7373 9387
9711 5417
2847 7396
670 8379
7764 9796
8593 8714
5995 8962
7660 6921
1480 6053
2014 5611
5285 5319
1704 2292
4937 7506
1778 6254
8564 119
6703 2720
5018 8391
1010 9758
3036 4169
3409 2208
5117 3265
8565 7996
9851 6154
9593 5827
1785 4905
2698 6055
7678 9354
3603 3631
5624 8050
9570 9420
3542 3350
8303 8031
6819 5014
9623 403
814 409
720 3044
8648 9969
5438 8829
9740 7953
6621 6752
3623 739
2988 8134
6356 9590
6918 3333
5796 4320
7424 199
2901 33
1974 7212
9617 8961
1381 1092
4148 7082
3337 9807
2564 5334
7876 3532
799 3782
506 3556
2963 1077
9837 4575
8452 9397
2586 9524
9270 3434
7748 4469
5859 8660
3863 8402
6314 2348
2712 8856
5062 8955
2441 2716
7088 1503
9943 4891
1684 5948
6845 6753
285 2366
196 3786
8219 2738
574 1471
8445 5512
3646 6853
8864 4450
9513 7641
5382 6996
7775 7204
9246 9596
7177 2197
67 7383
9426 1279
5279 3220
3771 9282
3959 1086
3395 8884
6468 5810
2709 909
2123 1672
1469 8794
7859 5297
4285 7904
7496 6820
7827 1394
3809 2838
8855 7527
4232 1232
7472 9663
7710 7090
9201 541
1193 8501
5143 9343
2147 3546
9709 7636
6158 3047
485 8342
9022 655
7751 8182
2201 1054
6583 4235
7315 5814
8182 299
1964 8151
4724 569
6471 2400
1157 1
4945 1584
1641 9191
3023 8083
7363 8401
7907 2932
2219 1616
979 2644
7794 6526
6047 4281
2602 660
3683 5192
3771 3933
4202 3738
8182 9082
5979 627
2349 4865
9461 433
7486 2430
8295 379
9583 6787
896 1469
7605 1274
9763 2175
9142 6847
4868 1209
157 3158
5457 9885
5704 8335
5447 1780
5802 9431
5019 513
713 1768
6825 3200
2987 3338
1119 1502
9358 6591
1118 6890
1317 5160
2061 9212
5867 1838
3779 5595
3188 8953
9698 2941
4466 9113
187 9266
7167 5808
7319 4189
4203 9333
6290 7660
7922 309
9613 8414
4787 3516
8673 1090
3666 2985
4105 3954
2463 5876
6563 5509
4595 3628
2979 7923
5099 6641
6052 4542
6050 7954
3062 462
1950 3620
2081 4469
2009 5030
3566 3876
381 8182
6725 9584
7452 2607
6288 7891
3517 2704
1629 1087
6222 5477
556 507
2060 3051
3176 8015
5210 676
1765 2564
5099 1491
6520 9272
3453 983
1901 5842
628 3274
2941 757
7753 8618
8811 8577
228 6938
7813 4208
1692 3731
5688 6602
3299 9851
5555 3270
8748 3598
1914 2108
3402 3968
319 3699
1586 2883
8751 1353
3066 9214
3041 2602
8897 3177
5811 6511
6782 2703
3041 1040
6648 5506
139 5954
6257 8819
7685 250
4136 1470
4274 8073
4306 5645
327 4870
827 654
1320 5161
3891 9971
8731 4323
6300 1955
6351 9826
3658 6925
1874 9207
5957 8277
4758 9873
3952 5823
6112 4708
6372 2559
2227 5374
2941 8220
709 2777
5142 6698
5107 6477
7983 5421
5969 9344
5358 297
8182 9704
5008 4339
6078 1099
8920 3339
4274 6624
9535 2799
3879 3359
8241 2891
2875 8938
2374 8855
5085 8432
6788 8998
488 1816
9114 3498
6737 502
6518 5555
9130 4557
2152 5256
6949 3860
7582 2768
8714 272
3116 3294
5287 7950
5436 2168
2810 8802
6455 9568
3905 2501
8049 8115
8577 1434
8274 675
3007 8453
1434 3836
4830 6293
1800 4540
4384 5753
9974 9401
1270 8986
2411 9441
4111 1288
1222 107
7739 9161
4921 5051
4629 8708
9446 1777
2418 5917
3249 6816
690 6173
3954 1063
3884 3253
2983 6550
5683 4157
9376 6670
4571 9307
7318 3011
6630 3601
3488 5714
9498 8048
3894 7462
7639 3024
4425 2224
439 1910
8120 749
6346 9006
9264 4909
3062 8216
880 667
8960 3438
9395 7933
8066 2922
6038 7998
9008 4737
8204 553
9123 5685
6872 8936
5320 5157
2413 4324
9063 8184
5589 1411
3084 1639
4439 6399
372 6843
7147 4264
3270 5850
319 4741
4154 6496
8482 554
1253 8887
3563 363
4661 8089
6541 9828
6944 1180
8470 9629
8644 5981
4830 5739
6861 8065
9456 7035
3972 9261
530 9929
7822 8704
3334 8141
6922 7935
3533 7577
8876 9976
7406 677
5677 8182
7363 4814
9669 8539
2091 3220
4865 3749
3091 5080
7976 4051
7887 4086
1230 9782
9935 9628
1064 6616
8656 9148
9598 1200
1734 7551
4465 6206
2772 326
4948 8282
8157 2795
3078 2069
9292 1699
2011 2586
9281 9565
7881 1271
2502 1372
7405 6346
2453 4218
7447 1623
5559 6418
1990 1291
7531 9124
8090 2875
6985 7243
4715 9207
6849 3628
4474 8350
8266 5949
3177 3028
4346 3684
2446 8552
7227 9598
7300 7851
5726 7383
4574 8881
1395 5214
9344 4353
8246 6441
5179 156
5272 8617
1000 7611
6720 6075
9443 9849
3043 5552
9394 3480
9692 9797
9957 4474
4069 9861
3792 5382
4847 2570
2584 8083
473 6422
1450 383
3593 6857
7201 7086
6201 1669
5196 1206
1605 9930
526 3680
5624 1011
8013 5254
3630 8518
8192 7040
839 1342
5553 8849
1395 9675
7661 5212
6772 9154
910 1685
6195 2037
8678 4847
1077 6385
8217 9764
9737 8914
5539 6769
3452 8201
7949 2931
5478 5058
2027 7693
3529 1682
9510 2035
1530 7294
5791 5171
2917 5909
3712 7022
4500 5748
2685 7808
5787 6901
395 5334
6305 6616
7186 731
8516 5113
9386 4334
844 2653
4617 8182
5678 8284
131 5393
5460 8560
8083 6963
6291 5872
6053 4069
4906 6411
9528 9662
792 6889
6633 3877
2638 1197
9649 6669
9289 5145
6396 8182
8182 1335
2825 7159
6620 1134
3774 7327
1638 2137
6647 6442
5314 7457
9648 6583
2694 961
3988 5433
3687 5399
8563 5213
4801 3633
4382 1991
7567 8210
8182 6081
5224 8431
6350 5609
2965 3518
7927 9048
5813 1788
410 4248
3086 4596
2754 3421
1469 9724
6568 540
8032 7172
5209 3998
8991 8198
7799 7781
8763 7930
3351 1899
6315 6688
4928 4231
4303 9840
6886 4091
6231 3238
498 509
4572 9322
9663 8285
2091 3254
70 9597
6838 2977
2863 6156
6999 8797
8182 4748
1846 4375
5631 9492
7930 9606
6532 6378
5968 1685
1012 3802
7060 771
3708 2836
1072 1128
7065 8182
9271 128
8543 2463
1650 1006
5146 1515
8182 208
60 6530
6775 4430
8309 3076
3898 8664
8781 7131
9697 2056
9052 3760
258 4488
2165 8814
4112 1449
8105 9587
8634 9261
8182 22
2905 4233
5346 8182
1285 5973
2301 2028
4665 1344
5335 4849
7011 6650
1995 9796
7270 3576
852 4738
2924 1262
1260 2687
6219 6688
3951 7858
8391 4943
3832 2548
8002 8526
562 2150
304 6910
8096 9826
1787 6572
5708 2613
8341 6230
6251 212
7893 8755
4155 9047
3258 4502
3351 1958
5742 6420
9494 896
7973 88
255 2791
8623 2714
6905 4344
7278 394
7440 4810
8379 2054
7937 8939
7660 5517
6173 2769
7936 7923
7313 550
9998 7702
5179 9766
9211 1905
7498 7198
6553 4712
5098 5301
968 4350
2825 8285
3561 8662
8672 4956
9965 5251
2058 86
2336 3358
6945 9220
5953 3147
7088 9029
215 7324
1628 9387
9148 5132
4445 3493
3350 3882
1375 5916
2426 4280
2221 5503
8909 9141
1875 3476
3753 1773
1894 5347
7844 4546
4689 8102
4399 6799
9492 5897
6813 4905
4010 4438
9708 7899
97 1397
3002 3992
5345 9280
780 5863
6636 2329
3346 8509
2217 5063
6143 2094
4027 9106
2417 8702
5378 2105
3575 6048
4158 6136
4359 6150
9611 4523
8836 3094
9827 2302
2242 4985
1025 2828
5939 4348
7568 8987
1143 8954
9550 769
3270 5412
4135 4387
9455 8181
8528 3768
730 509
242 8739
7518 4661
1794 8791
6525 2885
8147 5258
5557 9390
2714 7694
1688 7453
6458 4195
8182 5650
7602 1950
3551 1184
2376 7502
9582 3746
8238 8225
5371 4724
8383 3374
2522 8549
2645 4607
9745 3899
6889 7602
4896 5106
5987 2710
913 3828
6913 8616
3182 7178
2969 2225
2780 1243
7457 506
9181 8298
6223 7952
1944 499
7185 8185
8892 8068
1501 6568
447 4259
9346 8677
8763 5907
3476 4726
3559 2909
364 6322
4751 6770
2231 407
8959 1700
1567 9750
8861 6623
6235 5690
9565 2075
8608 9670
9172 5076
1743 1703
4035 6635
2007 3179
4177 6565
8475 190
6923 4913
1651 1201
5236 5034
8151 9481
6722 5385
8264 4687
5521 8182
7522 2545
4918 9276
8785 8679
393 2173
4724 5915
8400 1475
156 3289
5022 7215
1251 4164
1849 3252
5060 5538
3704 5626
8714 3086
6002 3166
3092 3460
6984 2116
7827 5398
2790 2399
2434 3232
4063 2130
858 5586
1375 7062
8272 3678
2448 3304
5511 7177
6584 4908
8005 4837
5167 9981
3040 1981
3093 1105
3142 1448
7941 7105
8182 8200
3864 2887
7141 3677
5181 2061
7016 8336
6281 8634
2440 7058
1776 7439
1260 640
6598 1843
4005 4601
3873 2010
2804 8111
3114 4184
4432 2945
8379 8118
9252 3535
5704 2885
8091 8803
5170 7212
2685 2091
9948 1705
7531 5154
6384 6035
1581 8419
8898 1933
643 2143
6978 5552
8920 4403
1610 854
5354 2797
8745 2089
6158 9204
311 2372
4513 6334
6025 5562
6987 8182
1900 8108
3890 9480
3780 7094
3591 1784
5662 8878
1761 6921
2433 5883
6017 4984
3830 7834
8773 7377
2675 9100
8416 2191
6538 7996
4403 8051
6494 6010
3596 6849
8823 5988
1348 7079
3715 1551
2048 9513
4239 4077
1801 1956
8807 3946
6314 3473
1575 1161
3518 5075
3227 1520
2939 2964
1058 8993
9702 7955
2035 1251
7739 8852
7264 3584
8390 4726
1652 9511
9228 7396
7629 1310
745 2318
3561 2941
5439 2786
4261 5405
595 3058
3004 8349
3700 2459
7049 1935
4363 8203
6677 9614
6904 9394
1509 8425
9919 3854
2526 7234
4410 6006
3969 9711
215 3922
3852 7189
6325 2838
1748 5229
3929 8317
9096 2801
5970 874
3843 5407
6615 4847
9178 8759
9361 274
7026 5745
5233 3494
9547 34
4439 1657
7449 8389
2575 411
4991 7512
1633 3344
959 3811
7208 9542
1799 9808
1242 8553
5568 4111
8167 8182
1348 958
9400 784
5958 892
6625 9821
5209 283
8374 7966
2159 9803
6073 2364
3901 2384
215 5372
7197 1723
7117 2180
7545 6299
1803 4387
8786 263
9312 424
5345 2171
3332 1257
8312 7486
2158 5257
9933 4264
5224 8895
8845 5267
4139 4069
1600 5295
3073 699
2292 4351
5577 7871
804 4756
512 5785
655 8030
6466 2341
5471 9765
2804 7021
4597 2276
613 9140
852 1735
1278 599
1651 7464
9483 4829
595 4897
4827 1859
6910 6711
6942 5109
8145 4782
6492 7676
3187 324
2404 8117
7278 4192
1943 2692
8035 1893
5307 8136
9817 6448
8184 3385
7709 6603
917 6206
8797 2585
9582 8366
7883 2505
1716 7647
8457 5055
6694 8297
2169 7479
107 1172
4262 825
3878 7462
7313 9195
978 3251
1659 157
1026 3257
4857 8182
2576 8138
8820 7183
4594 5542
7654 3278
8597 3422
7226 5476
5077 9444
3344 1761
219 566
1835 382
8242 9793
4340 8695
6109 5817
5792 7754
2364 4154
2428 2724
5210 35
5800 3292
2747 6208
9700 8884
8121 3805
6719 9378
4777 2043
8011 939
2384 6158
2858 1891
9473 6660
8182 537
3255 2188
9636 9092
516 1407
9897 427
3275 9078
1282 7188
1792 8774
892 7870
1918 1065
7533 4911
1552 7323
4976 8726
6990 6236
5295 8626
7547 1420
4670 2693
8838 8182
8973 300
699 8568
7248 5701
5543 2870
3497 3754
3751 6560
2068 6763
3580 6681
1761 5389
1245 9935
173 6525
7515 9971
8794 9147
4233 7448
2490 2634
402 9837
2346 3971
4630 3466
4779 6659
1922 1482
401 9806
9838 1837
2594 6417
7307 6987
7046 4522
8181 5206
4293 3439
117 9240
364 9177
5284 7082
4587 1039
1427 3281
4485 3410
8920 9171
5843 1350
1974 8998
5567 7058
6267 998
5979 5140
3327 3136
4926 2863
6161 330
1510 3221
5978 5034
6099 2358
4436 2970
9535 130
4342 7791
3304 8905
8494 759
7667 8875
1728 1130
1392 5567
5815 2332
588 4891
5620 941
4335 2176
8719 9694
3018 8072
738 9444
7284 8182
39 4718
1529 2305
919 9713
9934 2597
6668 3258
265 129
6551 5584
3786 7149
1382 5541
6549 281
2288 7432
6251 330
8900 4134
1387 4599
5103 719
8982 399
8998 8732
2223 6351
7309 8787
2198 9229
2202 3331
2372 3074
1430 7233
9591 95
4947 1847
3989 4255
2134 7904
6956 2421
123 7182
4082 6980
904 8659
3416 4060
2525 5906
2640 5282
1486 2093
2888 3900
3222 407
903 1439
2202 8898
2722 1753
4473 6477
392 4413
6420 7658
8126 2246
3727 1442
6391 4860
4634 1763
8356 9372
3306 363
4332 1106
2077 7382
3624 6910
8729 6820
4954 4415
3685 4923
187 2425
9933 2180
4637 7526
2840 5622
7300 5900
5641 4258
6770 1144
9335 4715
5138 8406
674 5577
7661 9475
6725 3555
7286 3812
1976 5330
2280 3336
8787 4815
3489 1286
4990 9943
2272 3131
8847 566
1652 6713
9365 7241
9570 155
4367 9943
4152 4888
4961 4119
4296 222
9833 4120
9326 2666
441 3139
6038 4602
5207 2769
107 1185
5245 9708
2982 5931
9448 7304
2748 8076
8192 978
8537 2837
1530 4859
5862 4019
8264 6862
7738 5048
2508 2034
7051 2430
981 8178
1863 7724
4041 3236
9318 9018
6353 9342
4648 4671
589 2160
2145 587
8108 3760
6228 2512
8187 7099
9367 3251
3926 8175
127 5228
3153 7829
6709 902
843 3487
15 5272
2422 9231
6040 7502
8919 6637
4795 5401
7486 3580
368 6613
3843 2839
8099 8522
3149 3784
6369 9339
3462 7183
4994 6845
873 2046
807 6852
359 139
6042 5363
7921 6865
0 1043
1916 2640
2301 1072
1794 942
6788 5561
4839 5703
4782 76
5174 8858
760 9985
6352 4886
4796 970
1220 8447
8215 2326
6213 2537
1994 115
4291 39
3169 8182
8178 36
6707 3624
9155 7713
8898 6634
1519 1868
6576 5413
4434 9032
365 8341
8094 3137
5696 8544
439 8257
3051 6162
1578 4541
4611 6965
435 9552
9648 753
4900 8220
4210 8182
9191 4493
888 6549
7244 2229
4533 2498
8714 5896
4056 6665
3921 8977
5197 8509
3365 8823
7767 2140
5686 3424
6509 2052
9953 131
1596 2870
4022 1062
3150 6168
4111 7300
4913 9530
5101 8720
6977 6772
7095 5223
6363 4329
5922 3400
6690 7538
3483 3977
2291 115
8746 2962
7892 5241
683 8166
7540 5948
3867 6644
8182 7957
9749 2636
512 1813
741 2217
3127 9395
5387 7324
4529 4885
1679 3117
1580 6042
664 6486
8626 7207
1260 2553
96 7752
6882 8143
376 9389
8971 9104
9489 8823
4435 6211
2588 9216
201 4000
2547 6814
1983 279
7141 7679
2380 115
527 7539
5891 1312
8236 7570
5605 2775
6277 5611
9373 2276
7946 100
4675 1163
3088 4234
3109 6361
4315 1817
4477 326
5664 9720
9704 9027
6126 3098
8595 6280
3345 1696
9967 2748
8808 1107
5518 9870
6529 8353
9794 7949
8626 6026
8000 3496
1325 7083
3510 3861
8443 6684
2156 1280
8061 7205
2518 6289
1447 3166
3280 5415
8392 4925
7549 7686
4519 3216
5541 6727
2875 9019
2445 8276
4148 6268
5145 5175
3842 32
6659 9311
7518 6304
2740 5857
6300 1786
1613 2918
2204 9072
3945 392
7431 7350
5707 2963
5718 1431
6284 1756
2737 2014
517 7213
5370 9308
5216 7666
3430 5204
804 8665
5205 5684
6600 5019
3615 3483
548 3105
8128 9605
3991 2357
7166 5210
1842 8090
1024 1892
8753 8291
761 4021
3412 6095
7812 889
6975 3463
2826 6833
287 8790
751 6721
286 9988
767 360
1919 1866
9206 4029
471 9501
7202 8040
5926 4382
2857 2390
3177 1761
2207 6288
3581 2963
6575 4517
7897 4170
1535 6807
3512 6709
8735 4525
3694 5046
6361 3529
9380 3021
1931 4466
5017 7304
6241 5378
7493 5943
5701 3787
51 3378
4999 8842
552 6051
4258 5188
5319 5945
8797 7552
1981 6810
9175 7460
385 9987
6551 803
8752 2967
3664 8489
7897 668
2800 1110
3527 4820
6673 4477
2324 1349
8675 4181
6965 3165
8638 6413
701 6988
3485 4545
6403 4094
6053 3351
6361 5099
841 7509
8012 7379
8459 5003
1727 3735
8206 6423
2604 9075
8391 8155
226 8275
4481 4584
2422 8288
8541 4628
6440 8859
5932 9235
7965 82
3670 5060
3144 2061
3539 5452
9951 7636
7796 7224
9518 9190
9681 2314
7391 9390
9820 9428
8684 3648
7633 9210
5432 7783
8786 4173
3081 1974
3171 7547
4378 5370
7177 5554
5869 8536
2017 6630
2439 1313
9305 575
3145 248
440 131
3804 276
947 2008
8391 6623
4016 8182
4295 4633
5578 4348
9903 3005
67 4378
9946 3097
7925 3064
2653 6793
7018 4062
6485 7208
254 1372
7420 4515
9940 2771
8858 7434
2478 6724
779 4754
5311 9825
5100 2560
9187 5676
4583 4383
474 9870
7758 6833
5351 139
1568 5917
4667 8917
3434 9944
4642 1331
7133 5326
2429 6614
9980 4996
5476 4968
9079 4374
2950 8850
5209 6041
1318 9434
6624 2469
5402 6192
6100 2265
3706 5215
4296 6892
6509 4957
2484 2285
5018 9080
7387 573
7698 511
4607 943
7520 6617
3199 3042
6718 6840
5853 3594
5444 9337
1028 5274
821 2908
8832 9091
5226 4161
4975 7483
2093 5129
579 4213
4678 5341
1245 9537
4398 9027
8320 9594
3182 4837
4620 5143
1813 8593
5414 4536
9691 6625
6592 9113
3438 6493
9659 4008
8168 1559
7791 4867
9721 4149
7116 1048
5850 9621
8465 9589
2832 7487
8778 3373
8169 4280
1864 4967
3901 9091
8032 8228
8204 3555
1407 6877
9219 9538
9563 7160
8128 1165
5473 7590
8152 7473
6214 2579
9259 794
5767 3248
3813 262
6119 2000
6039 7141
6825 3034
789 4339
3586 6496
6813 2476
7980 4904
1293 3584
6318 7674
3244 2019
9313 4876
9314 8454
6182 6126
1855 5617
8182 6931
8182 6801
3998 5911
3611 9672
7354 7610
5640 5763
854 9007
3693 6833
8862 7676
9769 8182
2733 9446
9405 6375
2581 1073
3106 1609
6662 9295
3018 3555
11 1233
8307 7406
4899 8584
8565 1192
3545 199
3584 7044
7653 6643
7404 8182
3016 1583
1178 8686
9247 7797
5783 439
1864 2281
2567 1537
3454 6436
8796 5941
8101 5354
2532 1252
5768 962
2939 6657
8122 8138
5504 2631
3084 9385
3096 2285
7839 4597
7857 6674
1424 8840
7624 8390
7203 4132
4432 3226
1401 7853
6088 5528
4606 918
9267 8142
4685 7841
9725 6418
5101 9041
7210 6986
8941 8921
2464 5210
1352 2599
262 5350
3203 9925
4050 2792
418 5190
8685 8765
1307 4323
7069 506
2621 3156
6370 6432
8042 6751
8146 7161
6918 6890
8635 230
139 568
3178 8182
1389 3674
2465 5259
5971 4428
4273 4848
4720 914
6771 621
9470 1539
1498 6362
7156 3603
3676 6919
2478 369
354 5952
6456 3483
6600 7904
9374 5792
2244 9675
7393 9540
8182 7872
41 6140
2450 2773
7166 1903
3648 1182
3903 2715
7308 5396
2183 1348
296 4703
405 606
515 5436
5961 2546
2190 6032
6408 4635
6049 8509
2045 3873
400 4130
8193 5722
4835 2699
4737 4917
5287 9473
9520 3561
7157 9988
2057 3995
3138 3657
3849 9746
2933 7846
8026 8415
6451 1896
5207 3557
3774 8946
9541 5587
2722 5151
1115 3997
2136 6705
7023 8982
6284 8605
2255 9205
3223 5716
857 8615
8877 7131
9512 1702
6158 4879
2765 3909
1870 3484
622 2450
6594 4277
8589 8628
4992 9680
2082 6148
6835 1220
7032 5469
1428 6703
3584 3363
2632 1217
7092 4854
7787 8182
1591 9678
5752 3458
8451 1888
2860 2786
259 6969
1103 1781
8892 9468
7208 4812
57 5302
715 4744
6371 381
3988 5306
532 2523
7075 6353
1175 997
6336 1718
4838 9197
6158 7852
2298 240
5875 2229
4015 1479
1533 7208
75 4346
5281 2289
1961 7102
7815 2536
2250 8975
8404 695
248 9309
3328 3904
4543 2795
3390 2800
2179 2121
2389 2734
922 3832
9926 2992
7640 3324
8723 5794
7947 9653
6860 7304
2647 4167
5044 9390
8537 5029
5433 3590
9790 2225
467 5409
7801 901
7153 6187
2322 4042
2938 6034
6135 676
7300 5584
2338 3380
417 7359
571 2309
8911 9429
3702 3732
2799 5323
5906 9203
2066 8746
4328 5413
6466 3824
8928 2855
1757 4246
903 500
405 6402
791 6208
4045 9917
1918 9842
9073 2502
1979 8477
7029 8233
7663 6247
4775 9546
8767 4761
4823 2490
3555 1921
9708 6634
9912 3924
583 9426
656 7396
7290 3538
9996 3448
4021 8064
6768 470
2140 6689
2962 2091
9867 8474
2523 1999
4903 8908
5960 9984
8097 6301
1903 3550
3179 4240
5833 2177
8623 4432
1541 7038
5546 416
9536 9261
7553 2345
8113 1353
8271 6181
3304 4253
2353 2896
9700 5793
8363 4541
6167 443
7214 3181
9517 8040
2314 612
4134 8384
9971 934
6817 8506
6097 8681
5586 8907
2554 7423
8556 5613
6359 392
4178 747
7706 6427
5691 8850
7609 5660
5101 3420
1422 6967
6732 204
3270 9524
5083 1604
5049 9014
7261 5039
756 3716
798 6075
5381 9875
8253 6536
8970 1781
2915 9479
7193 8414
9198 5244
9909 8495
4327 8443
1665 4348
9211 658
6049 5267
3215 5501
4601 7509
3671 1270
9450 266
2242 6896
7269 3490
313 5924
9446 3940
2886 980
4999 7047
357 2269
3878 8351
7004 1814
8182 1747
6006 1555
3467 638
8607 3018
5825 1179
3522 6820
8994 4214
8182 4422
8823 5575
1915 7917
191 7833
7495 3453
1216 6920
9478 1910
6163 698
7107 4550
6801 2347
2253 4008
9811 5684
7603 2378
5029 7840
1342 6619
5187 6755
7827 2620
8521 4698
7228 5252
4142 2686
4948 1218
2057 6248
5582 2230
7291 4391
5146 3608
2893 9286
2554 820
7793 1458
2713 6857
3445 8664
2502 3500
1664 8326
9004 1685
4358 5700
8535 9193
2685 7230
6298 8955
44 2045
7304 6543
6850 3149
824 6165
1315 6418
7420 3324
6320 8307
5093 6795
2278 3344
6952 5110
5020 4724
7550 3846
3303 8169
1857 3103
488 2693
4229 3917
3646 3902
8686 2788
1247 7311
5250 8797
9033 1169
2674 1041
9345 1928
2221 3832
9971 3368
7350 4052
8898 6760
3549 1529
8984 5665
6431 3601
3777 9998
9956 8182
6676 8017
7042 7621
9838 234
5985 2966
6417 9348
1951 2407
8182 4981
3588 3995
1716 6349
3576 9523
5064 7936
3415 214
6399 6244
2485 993
3187 5767
2271 6842
8972 2092
6716 3506
972 6409
1297 2540
6135 3021
6877 5072
4730 7300
4689 478
4237 5852
51 6751
8160 3811
8656 9660
7011 843
6220 7070
4972 604
2538 6335
7570 2107
916 2858
7926 3298
2304 3295
227 4713
3010 6631
2482 9352
950 130
8010 6561
9050 3382
6489 2975
2448 4046
4941 8009
9505 4448
2413 353
2331 4964
9858 8591
136 7524
9816 4341
2332 924
2034 6423
6274 7878
9659 6074
4430 9302
6652 8477
2548 4816
611 4536
9394 3858
4574 8725
8918 9959
9090 2742
6455 9934
3586 5152
5304 3269
1090 2242
5207 9390
7972 2692
7557 9752
2677 9652
9574 204
8665 62
8531 8182
9733 7506
8143 2592
4448 8367
8792 5896
7494 4243
1106 3282
4072 4935
7316 4900
6413 6360
5194 3457
5601 8874
9546 1095
1300 7880
2646 7811
1227 8659
3953 5404
8533 172
1924 9261
5733 7882
290 102
8182 9847
9474 1305
6546 8557
2717 7467
3592 1346
8434 5924
3732 1213
7497 585
1523 1752
8433 1491
1806 6288
1960 6885
2560 1819
5604 377
7162 6518
9417 459
325 1208
5732 5426
3228 520
9738 1542
667 5555
1798 6393
6717 5255
7857 4973
3168 5257
2355 5398
2125 2378
2445 500
4254 9835
7271 5641
749 1272
4027 1446
1595 7880
5923 3188
4549 7004
364 3122
8756 5454
2278 8552
3861 6833
1646 2782
1287 6032
5158 853
9554 9123
9484 5764
5524 3750
6939 1060
3482 4309
1860 495
8182 7722
7432 4245
715 9701
201 6149
9398 3912
7362 7349
8182 6092
5451 1238
2216 1267
6240 804
2514 218
6927 785
3414 8972
5007 8259
6420 3709
1631 3562
3756 5161
4499 1725
1647 655
1081 1680
7255 4522
5850 2091
2210 6422
5368 2224
4295 383
7503 8127
2498 5281
8182 4895
2921 7210
7802 305
8819 7992
9199 7744
8098 2322
3343 5997
5557 1028
3959 1782
6693 5340
2919 930
5345 4924
3757 3281
6544 1414
9850 9427
1790 2280
4705 4161
3485 3918
503 4805
9464 5557
2398 9390
9672 4881
9378 6053
8930 1781
5799 2543
268 6000
5209 5754
5551 5351
6815 1940
5978 684
4171 2246
2088 9057
435 3428
200 1764
6837 2642
9990 153
3435 8922
4078 3688
4175 3225
9846 6584
8229 5089
6255 5031
171 3904
4111 673
6350 42
6872 4568
2156 2652
15 8315
6400 2868
2707 9355
2732 7154
5835 4602
2755 7088
6302 4971
8652 3526
1892 5835
7397 2796
1348 5365
6629 8181
1026 5962
8445 7417
5430 2701
5645 9342
4507 3170
3859 8218
5341 7093
2022 8867
944 6138
8182 8367
5145 4302
8981 9113
1732 4519
5649 8548
9808 5849
7786 1518
9511 2352
686 7096
8427 7330
7982 7908
6596 3057
995 2023
1358 9257
343 8582
6297 8053
9818 5331
406 161
3678 3633
4235 4523
2258 8655
3469 3598
8636 9732
9358 8182
9207 9804
4093 7725
8500 6042
5316 934
6860 7564
5889 90
4155 9425
4381 9016
953 3609
8942 3619
2702 2658
4449 8896
0 2864
4914 7517
3667 6856
3781 8182
5479 2012
2279 5816
8444 7953
3032 8900
1662 1202
1535 1021
8454 405
5662 303
3378 8789
322 3531
3083 4418
2677 7578
8769 6101
9239 2421
5152 3892
646 3568
6904 8646
2842 8658
5040 1132
8760 6946
2016 9955
8644 1539
7310 3509
8279 6556
1133 713
2305 1598
8172 7180
6525 8358
7111 9699
2624 8675
4817 9277
7671 1190
7943 9556
2714 2461
6702 6575
4009 2239
8852 4376
6904 7771
941 6554
773 5948
5050 7924
9815 5876
5154 7890
3694 7200
3394 3217
4884 9749
6887 1258
7385 3723
558 3316
6134 9693
4588 9279
4470 392
2895 375
2625 2076
8392 2294
7992 6525
571 3948
48 733
4987 2141
701 8549
6976 6427
2165 9451
2024 3575
4238 6695
2548 7893
6059 3329
497 6007
9720 1292
2150 4706
4013 2717
3535 1910
9089 1647
5342 9220
3995 2966
6266 3324
8410 4914
9216 4427
5848 5540
6453 8813
1761 209
8283 6767
5455 348
7082 1545
1929 4199
6410 8836
3366 2146
1593 9390
8213 6740
322 1967
4095 9346
5366 4805
8972 3389
3332 7975
6668 4777
3232 8385
8818 6773
5720 4409
7125 592
7371 8819
7197 4371
51 7246
7600 5492
3341 4707
7177 5322
2109 9091
3060 4929
4410 9451
4199 1144
4768 8052
3994 9339
5146 6034
8899 5729
2323 7873
3085 1749
8696 6641
6425 288
4718 2481
5294 3180
4826 2074
8182 8994
9003 6930
6961 8901
6584 9993
7794 2065
6185 1456
2683 1483
752 9612
3625 6497
3911 3627
1714 1017
7423 8640
955 7423
8182 3714
8686 9493
4323 7701
3963 1999
7579 2583
8182 228
4324 5403
1926 3500
8330 4523
6992 6285
3549 302
6052 3333
8081 3066
4452 5324
717 654
4336 9655
6199 200
9525 2234
127 4514
6202 2215
7508 7645
2961 1111
2463 9652
7321 1960
1806 1775
6905 54
7194 7794
245 3613
9634 3587
4823 7505
8149 740
3590 7554
3757 5687
440 9465
732 3388
388 2924
4373 5549
4471 596
5292 4393
8353 7006
5666 3174
1285 8229
2946 5871
9488 365
1354 5686
4954 7223
2571 3708
7923 3823
4793 4498
3387 1724
432 6349
432 1104
946 9798
8193 959
3860 8457
9799 315
654 2097
3180 9088
7401 9102
4540 3553
593 4978
3121 3532
9664 7652
1788 7285
1376 7012
4921 2328
3320 6432
9567 7461
3569 4577
974 7128
2504 9517
4514 3684
4944 1348
9477 7501
2456 4180
1405 208
1954 8661
516 7821
1731 6584
6400 4841
301 6847
1028 8413
636 7976
1770 9573
755 2776
8113 9267
1980 416
4546 8399
3231 5961
6274 6510
6823 8595
21 3563
8459 8247
8784 5557
4633 3443
8903 5072
7687 3827
4895 6376
6069 4157
3407 614
7251 4645
3987 425
9788 3130
4107 4609
4763 374
7656 2161
9105 9943
8530 111
3241 5004
1705 8776
9958 1610
6373 9374
3379 8883
5935 1334
5368 8859
2692 1968
4953 2515
4330 1633
9256 876
4446 6469
2904 4760
6595 8301
1403 5323
9363 8285
3918 5438
6027 7347
543 6209
8368 9630
5653 7466
4796 4629
8182 6550
9933 3734
9351 1651
1469 3376
2106 8473
2216 3737
5917 9221
8226 6346
8438 8484
8751 5145
4449 7830
2544 767
9217 7904
8260 6982
1650 2079
2786 65
4797 6676
707 9686
4818 2754
248 3680
6764 602
7948 5810
1527 5533
4548 4082
1863 7727
1711 4748
5982 497
8455 5245
816 1353
1829 1253
3800 9146
6796 5837
7495 3792
4027 7280
4602 7550
8416 6479
4747 2083
139 6990
4722 7194
7797 1412
5005 939
7796 3798
4666 934
7251 3604
4423 6481
5336 8624
7020 1758
4558 4308
699 7526
8107 1574
1267 4607
7607 4245
2643 4270
2468 2944
2222 9951
9535 4575
4185 8899
5052 586
8393 4781
693 4586
1979 4147
6830 346
8983 2983
4878 5377
9365 6026
6027 9695
1530 2501
5768 7327
3147 9886
9859 6751
1358 219
176 1264
7934 1749
5782 583
8864 7247
9781 1562
2058 984
3000 8556
1956 2907
3155 6696
6487 457
5691 990
1385 286
8992 4339
2096 452
6916 8597
9243 3559
9120 8025
7017 6749
7346 3259
7306 325
4472 1717
1979 6068
8751 4660
1091 4180
3643 9059
5847 4995
8279 1221
9134 8719
1148 3206
1761 3640
5809 1456
7390 1122
5788 5810
385 3508
7056 5298
3198 9042
6152 4979
6475 3241
8598 2042
4766 7827
9059 4851
8693 2415
5895 1275
8332 6704
4815 3001
7612 2001
9093 427
3196 5039
5909 6291
8109 7626
4156 7813
4953 6593
4848 4048
4284 7533
7265 107
2703 4760
1214 2706
1494 9432
7319 2051
9069 8407
5755 1293
1772 6672
8182 415
2398 268
2683 1415
8182 7629
7475 8442
3956 1661
8328 2811
3938 8095
3322 7604
2821 719
2260 2813
308 9268
413 218
6567 8778
9478 6928
5575 2436
1467 9356
9197 9763
6284 1503
6398 2103
4146 5716
2355 1216
3208 9299
5773 301
2974 1627
6187 1269
7124 3895
6157 3789
9370 2624
3289 3038
2879 232
1361 4892
2853 241
8622 838
2299 5398
6710 8478
1557 6784
830 5773
4739 8573
3861 1316
4626 6688
119 1895
4619 7427
9178 9928
1491 4380
8193 2876
1108 6130
3604 8539
2543 1407
8857 9233
9169 5740
3691 4410
5635 6742
1988 3210
9158 8975
8686 6665
9705 8168
8340 534
1161 6500
2180 3536
9888 2135
3829 7532
439 392
2997 6265
5480 6083
7157 5432
1802 1874
5714 5887
7885 314
5854 4396
2461 9761
6511 6894
7139 5210
6404 2960
6223 3332
888 4798
8440 238
5415 5578
40 1063
5698 8229
1976 1166
3906 8548
2957 2788
7357 1491
5411 3681
1435 8962
3901 7794
7271 9469
131 406
6818 4696
5463 3360
2282 8911
5425 7351
6859 8062
1203 4494
360 3369
2924 9516
6367 8772
5147 3399
7531 7609
7718 8623
6802 8077
3533 5780
3088 5888
5924 2545
4245 3508
387 4614
7897 9246
9936 2332
4601 3084
4571 842
2976 9621
761 6421
3239 7864
5032 7886
2363 2249
8182 8174
7712 3240
7141 1452
782 4787
4489 144
2152 6396
8002 8538
5511 671
6390 6450
3270 131
1408 7900
4842 7243
8576 224
8983 3842
4522 7462
1792 7670
3669 6286
8523 8182
9114 6335
9409 5319
8797 8288
1540 551
9587 7488
8467 7620
584 4915
4262 6471
5703 9022
7404 2947
2776 6764
3936 6591
442 5094
1963 1061
521 2903
7254 9251
8001 6780
439 5364
8859 8711
5610 2224
9113 8443
8182 1381
9913 7702
9989 7644
4890 1576
4986 6222
7569 4841
7516 3989
2631 5864
7278 2703
5583 4298
4857 8560
969 8182
5391 2881
4300 8577
3700 8694
8183 189
83 7000
4783 7466
7 3461
994 3050
8412 80
7680 5006
9629 3877
7676 1716
1917 839
432 4906
9058 9028
620 3490
8058 1809
3808 2214
8197 5948
7459 4400
5987 2270
4865 426
5581 8416
8322 6794
4411 4246
1716 2590
7675 187
666 635
3651 4048
298 7529
8182 1177
5275 4715
1617 4501
1806 2920
3335 5586
2825 7597
4668 6896
5934 4820
5393 5321
1505 2895
9435 2388
3315 4482
7140 8198
6099 829
4138 3147
5558 8989
6604 4994
3523 5302
5857 5361
2194 8936
4361 1432
8302 6457
266 6575
7831 7636
6028 8159
1108 9310
9322 6489
1812 2474
6896 7140
4695 6186
4124 3139
6399 7998
1975 2808
7879 1823
318 1026
8790 8182
4890 6678
988 9678
259 9643
8649 2399
8363 81
4668 2970
161 284
6759 8194
8711 3937
5907 333
6881 6725
9892 447
1695 5606
4204 5829
3378 4434
2153 6507
8527 1960
9760 4462
2858 2788
6400 2722
8375 6398
8168 1844
586 4241
8674 9091
9833 7534
215 7660
840 7055
8535 1841
2070 8809
9988 1323
7984 2236
2891 3680
3725 1767
5025 6256
5412 2365
2815 7023
1240 9216
2123 8491
9621 8920
517 187
7896 6034
6503 8123
358 9156
2689 2927
6346 9124
9072 8182
8319 2830
6012 3182
1959 1797
114 9671
3798 6089
8135 94
3000 4110
3672 3719
6070 4569
9253 8336
7185 5611
9882 6790
9666 4519
335 867
1678 7371
8070 4179
1572 7022
4657 1691
8609 2829
412 6744
8182 4960
3048 8915
8182 7384
4047 4733
4278 2167
7294 9544
291 4974
5723 8779
7631 2233
7216 747
2148 4941
1700 493
8648 3720
2647 2501
1175 3246
5203 5507
7759 3206
3219 9045
7731 397
8526 1284
3850 3364
5791 2170
9102 6589
9770 136
1206 523
8182 2434
9506 2444
3369 5836
1273 8778
9774 5138
6785 6401
8027 2300
490 2891
6294 5069
3286 2784
5513 1650
3957 4344
2080 7448
3508 1276
218 6781
7833 4391
5180 893
6546 10
5921 4190
9734 2110
2046 5790
9033 3871
7769 2609
9737 6755
366 8280
9426 1458
7526 115
8675 1956
2276 6279
5835 5267
5125 4318
6942 2954
3697 2941
4070 4961
7578 5036
8220 9451
4865 695
9702 2178
8109 3471
8851 5569
6503 3283
9668 5629
6861 7606
9560 8695
9633 4875
9656 4421
327 9140
7168 3949
3920 4246
205 757
7690 6191
5995 422
1126 7842
6583 7256
3561 4853
167 1135
8974 4623
6898 7316
5972 2261
3449 8151
924 334
2837 7778
4804 9441
708 9658
5852 2056
4668 8547
2018 6011
6651 8884
9076 197
5169 781
6948 5616
6915 6011
1846 3376
9681 7275
7476 5313
1932 7601
8182 3450
3607 3804
876 3135
2411 5583
1992 2864
7212 4640
4571 770
9759 137
6313 9964
2755 812
3542 3251
4750 5803
4924 6688
8146 6580
4913 3823
6443 2403
1374 6216
8614 9323
7015 8755
1982 7698
9934 9064
8728 2823
8381 6587
556 973
7648 1102
9540 4547
9391 9539
7509 9077
1196 1936
2501 4920
2836 867
3618 7301
8182 3528
3417 2500
7332 6684
2151 5098
3281 1813
4770 3196
1583 3059
2935 119
4349 1801
8729 8577
7590 3612
5269 4831
4790 1538
7232 3007
9701 9707
6162 79
9590 9718
2728 3819
5008 5992
1230 1353
2916 9963
8779 1333
6927 864
6749 2676
7287 100
4933 7956
7165 3435
7173 4898
9234 9257
8394 4517
9714 6314
5439 4187
8295 3919
8953 3262
9627 5833
8794 4315
5267 6601
3954 2398
1743 3653
1151 7703
5203 4714
3094 5894
4801 7333
8024 2863
4519 9802
3184 2569
1018 3929
4301 2843
9757 9397
9229 2888
1876 8122
1496 5393
6209 6645
8182 7397
7721 3898
8030 3102
8781 361
7541 5685
5760 4991
7164 6596
2659 2371
9419 7752
6644 6292
8943 5677
8221 8130
7800 8182
1409 8524
2289 6646
9927 6876
261 6742
7132 1479
7435 6484
5332 1856
4050 1559
8357 614
6941 265
4183 1610
2920 4043
6495 8511
7601 7362
192 6107
5356 3700
8392 2216
8898 2242
1036 7497
865 7609
6654 1275
7893 5326
8898 5280
3750 6584
1277 315
1573 3717
4843 1236
9170 6374
2021 2770
5411 8496
3429 9020
5601 7121
9618 1120
5219 2077
51 1240
5383 7660
9912 2379
9982 2384
9742 9048
2661 4071
8890 5528
159 2522
9931 1310
2859 3475
6002 5776
3745 7795
529 1443
5929 5581
8182 5270
2465 5143
8103 410
5704 2293
9980 1976
9584 339
2720 2969
1804 8510
2213 3250
2303 3908
6776 5598
7177 9814
9081 481
4048 8972
8182 178
3752 2775
1809 8925
7776 4067
4183 943
9595 3555
9411 9378
7839 2542
6561 5632
9069 8601
5277 8878
5468 2936
4382 3123
9745 3984
6145 8182
2978 7274
3133 9333
7115 1680
4298 9641
6912 8960
7793 7862
4433 8014
496 8162
8182 1831
8182 8209
8182 3017
5163 3309
512 3199
7816 417
4026 9749
2612 9138
9884 1934
5812 9988
4175 9657
4454 8832
2519 384
4 4040
8554 1691
9571 8025
312 1932
8778 7646
9216 243
5744 4021
2978 5105
2598 9626
7679 8311
5238 5791
4454 165
7788 3482
4740 2287
9750 3823
1488 3172
5778 8182
4560 1536
142 2876
8182 7460
4922 5147
9110 9262
6478 1953
8883 8182
7401 7937
9957 2845
8563 2741
2242 3246
4555 4364
5203 5850
6078 4424
3165 8182
4526 1131
9284 4204
2165 2212
379 2202
1417 9543
654 5919
1413 5950
6293 7745
7480 4401
7010 2406
6560 2993
5104 2827
9840 5138
9253 2783
9497 3951
5267 5436
5169 6030
9832 7743
7533 2763
328 5236
2222 3494
4879 309
4590 2009
4817 6442
8242 5565
5462 7780
2176 6879
2157 6091
4435 5165
3835 3338
1006 9241
1750 2600
568 7409
3503 3592
6645 5550
8182 4336
1254 9624
7709 1549
5603 9275
7353 2678
2941 6954
4048 7901
4264 2788
4435 2514
5565 8679
728 8182
3558 2004
6896 3063
6206 6184
7522 4869
7647 1952
2497 9847
1154 3107
514 6056
6893 6605
8441 6879
5338 2956
4075 5167
7146 9699
1028 7368
5000 5142
19 2681
7320 3646
3684 9391
7600 9402
9877 9021
1864 6936
3730 8537
7969 8662
2332 4696
1158 9273
9829 4646
2307 9118
659 6180
7463 8763
4507 4423
7028 1697
8616 5665
3321 3426
9218 4921
8828 9933
6353 3376
7405 649
5557 1358
4303 661
5014 3006
4141 9813
7573 1157
7918 5067
6832 103
15 6328
5738 41
244 7750
5618 7638
4452 866
811 1788
2056 1207
383 6575
1533 7622
1508 7385
1722 4870
1474 2913
3022 8214
5327 645
3897 5615
8182 5035
7587 1457
1181 8109
677 1377
7972 2972
3251 9540
3530 7984
4377 2758
8611 7856
6491 8373
3727 7269
5139 6134
195 3576
6002 9771
5665 5293
6202 1375
8224 2122
1367 6779
9458 235
3826 3853
4912 6463
