9090 9089 763999191525978334 7968 5
8555 8286
4214 1542
1688 8355
8552 6722
8918 6809
2116 3254
840 7674
6604 2957
4387 3882
4571 1120
3727 5190
4392 524
1822 4580
2393 5889
6839 864
2048 7442
2305 8678
4997 8321
8759 5698
2508 3831
4901 1967
1942 3908
2107 5238
3412 6761
2223 2001
4723 3708
2876 8935
1244 6880
3160 5880
4837 7683
1570 7681
7407 8532
8277 215
8828 2098
222 8830
802 8888
7401 1143
8724 7816
4938 3783
3873 6942
1088 8129
6693 6983
7136 3221
124 3987
4856 8518
4075 7285
1326 7834
3433 1076
7258 7511
2311 797
8481 3927
6067 290
4775 1992
4549 6558
3307 5856
5720 3894
7870 3741
4152 3145
5891 6234
6636 1942
518 6358
5841 4748
9033 6081
4677 1473
357 637
639 5225
1675 6738
989 2506
8319 8225
9014 6393
7323 578
753 2610
4358 295
7793 966
6647 867
128 5565
3733 8386
3070 7445
6614 6774
8172 7503
5658 354
3765 5735
1775 8011
7861 2704
7870 3688
3570 4724
5450 3014
8752 5456
1141 6470
8480 7679
7891 8145
7334 3114
1332 2774
3328 4105
170 387
8978 1362
2657 5502
7106 5661
8690 5644
3897 8008
6049 1950
3753 6447
9022 5765
3587 2061
8923 6652
3034 5797
727 4250
857 5828
4626 7520
1707 1056
7830 6828
1116 8470
8318 4554
2114 5818
1240 7950
8478 5237
7974 7181
5903 4687
2780 1506
4761 4600
984 5360
5663 7304
1953 1192
8971 2179
228 1566
7641 5772
6815 8225
6981 5978
5666 3262
1804 1901
8144 3724
1746 3035
5341 7777
47 2622
480 6351
8495 6001
6100 2706
6933 6673
4308 3219
7914 204
7417 5982
1062 363
8282 7006
6371 4417
7055 7884
1705 4884
3913 6934
7814 5602
8975 5105
2268 5947
7422 4862
1917 6042
8432 2255
6991 7456
6325 3788
5239 7180
2760 7685
2719 437
1167 557
7692 8199
8203 6671
7344 4305
7972 3063
6786 217
3720 7028
3027 3100
5627 1416
2637 7816
4576 6865
3633 8313
2766 1397
220 7922
7335 3266
1332 283
2084 8471
7517 6401
1781 5033
2886 4066
4560 2062
1607 4077
8547 1638
929 686
5583 8740
7768 2709
7862 46
157 1163
2927 1039
4198 2072
7776 2575
4698 5792
6367 7031
7126 8743
1737 1257
7635 1431
8786 3500
3321 1617
1374 2083
2943 3734
368 1027
2074 6576
998 5089
363 3740
1801 8869
8855 4934
241 8049
6557 3156
8512 6191
1403 515
7319 4705
1378 6300
3674 124
1965 839
203 6023
319 1852
7262 7546
1960 2404
7768 1085
7581 4120
348 3994
1620 4516
3271 1342
118 3267
6133 60
4927 1854
8439 4366
1508 4911
582 483
1889 5175
4534 2463
646 5056
3755 4585
2321 281
2263 3130
2219 3431
2525 6126
1525 8931
2974 8468
4428 5876
1477 7385
7940 3179
9047 7015
327 5620
115 1590
7346 3562
9045 6190
1816 7679
7033 1537
2981 6445
2360 522
4843 4951
4726 2779
31 6335
6645 2779
8798 2991
6281 8302
2972 5494
6148 3978
7816 6783
8492 3750
7064 2437
1931 3156
6099 8457
6736 331
2471 3345
4620 3543
6265 6939
8215 4162
8468 6731
3173 8616
8119 4812
1233 8355
7761 1692
820 4396
4702 374
765 641
3091 4545
320 1334
6882 6682
7400 5615
4128 7990
7764 3229
4840 3060
629 8478
6647 8424
2392 5516
1041 4399
5666 5050
4278 7177
3477 2095
8853 2962
5441 776
8991 7617
6404 5186
8422 4951
742 8204
6129 7838
2591 1947
7718 2003
3808 4294
8888 2856
8867 6853
8575 2817
8131 3949
5345 634
801 2821
8529 2128
6107 5501
458 7151
3553 7200
3631 5236
6218 721
2747 5678
2045 236
6597 2162
3608 1559
1133 127
5906 6911
6422 2086
6048 6712
3708 4388
177 6978
5543 9044
1809 6361
1154 7881
6827 8891
927 5640
1663 3125
1175 5505
8714 2037
6348 1579
7090 7970
5339 4015
6730 2882
2882 8356
22 1848
7299 3111
1706 7234
7621 6525
6871 6314
7928 7582
6293 1274
8866 3503
6453 2544
8294 1478
1383 5245
6890 6669
5706 3104
7508 376
125 3679
7179 5286
6831 1019
5316 7971
5502 40
920 1608
2544 2332
5302 282
8245 7020
5567 4392
8530 1338
5383 39
6794 5266
7851 8069
3363 6784
1630 1734
5904 1810
2590 531
8791 6600
2418 4699
1964 4480
5757 33
1181 8873
8557 288
1412 2033
8049 6166
3502 5226
298 140
2359 6425
2565 798
7445 4582
7871 8302
1315 8301
698 877
8348 332
2217 7246
5479 7038
1959 2370
1767 7010
1255 4808
6807 5819
1747 622
3327 7593
4524 6069
431 8984
1860 8315
3810 7979
4827 6998
3513 1840
1415 2414
8396 7989
2775 4280
1525 5851
6778 2505
4364 3762
6340 725
2313 1540
7412 1432
6369 902
8149 6362
3172 2254
7376 938
8668 8185
7389 6448
4062 1234
3459 3935
7349 258
6666 6677
8516 390
600 3013
6480 3146
5749 1957
7407 8029
8114 7120
2534 6831
7045 8663
1921 5463
3881 7766
9054 4336
774 1298
8216 5936
1133 3870
1916 7881
8212 7463
1917 4459
4096 1337
3298 52
736 4244
3920 6935
1093 4713
3864 5289
7328 306
8705 5910
6256 8937
4470 4494
4561 4430
879 1099
1243 3999
6593 9067
4275 7127
2977 4397
8793 5646
8180 5277
6298 4079
4304 3013
5733 7366
5538 8654
3852 4112
5517 5458
8553 2876
8881 3018
1132 361
6367 2989
6418 5346
8690 6266
3874 5898
198 6587
5681 4295
336 5318
7292 8495
2363 8055
7983 2153
4600 5346
3501 5411
5933 1256
3868 4624
6792 7749
5063 2857
8461 6505
8754 7286
5567 8381
2501 8209
8594 5912
5854 4725
7767 134
6985 6136
1602 8886
1595 2944
7235 156
5718 3746
2622 7361
171 2115
1639 2274
452 8564
1923 8813
7339 2448
6322 2399
5370 2575
2136 4656
1682 9037
3120 1526
2224 5328
2099 3019
8813 7895
5618 6557
7891 1726
1057 1899
3253 1819
5452 7614
8346 4935
2664 7038
3765 8672
8497 7529
5549 5901
4879 6647
4190 6791
4995 5816
1350 7864
7962 5669
6795 4713
2342 2867
3218 2765
5206 1642
5400 9066
6712 648
8155 2996
4791 8105
5102 3148
9068 8958
5561 609
8395 4953
6725 6300
3924 2453
5249 1300
1927 8827
5846 6897
9060 8705
1260 9076
4687 2059
6012 339
7630 1120
2560 4283
7088 5636
4013 2816
176 2885
8669 5479
1680 6460
2646 931
2387 5125
999 3968
1254 5749
1584 8567
109 4343
3402 3971
6248 5219
6079 3762
2837 4932
8269 9077
232 3527
8975 2163
2179 243
7521 6110
1312 1186
6461 4102
6411 8919
762 2044
8463 6615
4375 1228
3370 2152
3485 3236
2955 5546
7323 4114
7729 784
3510 7046
6080 1362
3393 6946
1773 6250
819 9035
2053 3217
5094 4170
1803 6367
5585 5963
5684 12
4459 4832
7125 3501
884 3616
2520 6527
5318 2257
5551 1865
3628 8911
4742 3601
2364 1698
4928 6892
6449 7934
1627 2572
5471 7267
7785 4520
7737 6375
6945 3134
1672 8517
1000 7624
6909 3122
6977 1769
3751 968
7057 294
4342 267
2221 1890
3583 3237
6963 1390
2019 2300
3940 2183
2108 6729
3277 4702
6495 5914
3288 5616
3123 7725
8082 2842
6894 3227
973 4866
5303 8929
7099 5722
758 7368
8419 6195
7501 1906
1558 3366
8232 3778
1139 5841
7066 2540
784 8433
333 1772
8466 4001
5775 3318
6498 1592
1705 6800
2524 64
83 4288
6373 4039
3206 543
6220 9067
7625 6576
6656 3994
8064 5721
8603 6229
3997 4631
7061 5599
7019 8023
3741 6905
6815 7872
4202 7038
705 1010
4836 448
7229 5096
3238 1926
3888 1292
3273 4217
8199 576
4871 8796
1641 7586
6404 6225
2755 5666
8001 4938
5831 3717
4658 6878
6147 3108
6047 2489
1210 5355
8588 4451
5725 1487
8165 3887
7549 4960
4157 7161
842 3805
6371 3727
6294 5126
510 6231
4854 6078
3499 8733
1058 8439
976 523
8477 3575
2086 8642
4221 1828
3166 7894
4074 315
3670 3466
7752 2718
4648 615
5228 6590
4195 6592
1043 6946
5532 7175
6893 5554
3043 8694
250 1137
3902 4802
160 3596
4468 1483
3190 1286
6952 8632
453 2712
3755 160
5043 7492
5701 4242
3925 3044
4610 2364
7328 5828
5078 2406
4178 425
3844 3422
3132 1934
8712 5610
6022 6411
7954 2805
942 1256
7927 2529
2052 3904
4333 5213
2049 1665
9009 5586
3084 5243
8947 5600
8342 7217
430 2606
1203 1201
8361 1171
643 7462
7064 7120
3883 952
3060 1611
6166 4154
6309 8903
5917 4489
2711 9073
6385 7338
6573 9083
6847 7253
4959 5614
946 3402
5189 5555
4520 4413
904 4276
8069 1066
5037 3746
7537 5806
5319 4398
3046 5685
7518 6105
5816 4461
3089 4866
6905 5389
6066 6601
5631 4933
8077 5711
5926 7508
1179 1137
5598 7600
1491 6524
4502 3705
6663 4804
7804 146
6966 6070
6482 6883
4106 8947
2436 4811
6050 1954
6035 8724
8737 9000
1612 2686
2149 257
685 3411
2283 5506
6125 5159
8173 1787
7130 8685
4296 2006
8737 8835
6896 4286
2944 6858
1775 4333
1693 979
8535 5254
2874 8492
7418 202
5807 5551
2631 8410
8681 7649
882 6902
9024 4175
4054 8816
47 5306
693 8447
6182 8621
3325 7121
1528 6275
6999 4167
2031 3577
6922 1950
1272 8076
5157 7463
3694 6772
8075 5839
1918 6296
7005 4896
6890 5162
373 2633
3348 8114
3618 1014
4180 2412
2320 3474
5240 4966
2181 1523
3364 2555
8947 5953
509 4820
7773 1425
5817 592
7637 85
2209 7188
797 6692
5952 5919
5564 1912
2258 5950
8554 8726
5200 452
6406 8512
8360 4254
384 5573
2909 9044
5924 7189
6533 6661
6205 3119
8507 8441
947 5736
148 188
2515 4603
6422 6416
8019 5714
945 4681
8732 4041
5312 3433
802 5307
427 5811
2153 2300
4005 7983
251 7462
5637 111
1271 7326
2472 7663
2056 4622
4147 3508
8462 3681
7499 3865
8357 8985
2319 3064
2263 260
31 681
1836 4423
5917 1024
5617 4363
3388 1332
148 5111
2083 6423
5639 8518
6658 634
2203 1316
2118 6914
5098 7545
8500 5786
2289 6740
1795 8127
1341 2239
2861 5018
1802 982
7435 6267
7215 4645
6787 2031
7828 6757
1440 293
2519 276
4540 3718
2917 170
8459 1209
5993 8458
4715 8076
6958 8631
8260 1314
7035 5540
4425 3324
8062 4030
4734 1762
2247 8823
1658 3350
6158 5696
2251 5551
2939 8575
1295 5174
6632 7446
2852 4746
7940 8478
3617 3793
381 1333
672 6506
8094 9067
4633 3261
4581 5571
2990 2285
1049 8488
5334 3647
5585 8526
1982 1870
5963 719
4769 7721
7255 6885
3902 8051
5275 8842
2674 4797
2931 1967
7406 3815
7305 6751
4390 4968
195 110
6684 3896
8262 5462
1797 4426
7112 4066
5341 8289
3830 2116
5167 4112
154 4355
6974 5840
1670 7159
1707 7681
3341 9001
7709 6409
4450 6408
3396 4086
506 1732
992 4766
8841 637
7827 612
2878 7914
8762 2976
2577 4499
1536 6240
1559 3615
8308 3025
8368 4378
1857 8640
590 5717
1160 3376
8008 7409
876 7322
3666 4448
2487 1930
6546 1431
6210 2938
5743 1544
2227 6240
829 1874
1434 389
7214 5730
6454 2497
4031 4171
5494 7021
4647 5001
3967 7724
7977 1901
5811 7391
3827 4994
1411 4142
8594 7271
6355 8417
5256 2826
7350 1823
7760 6634
4297 806
7580 53
3842 4190
2863 4149
6819 1668
7125 2340
4627 1939
6520 1549
3835 4870
8050 3797
2157 4876
483 7975
8885 8605
440 7381
207 1857
8411 2211
5715 548
6089 4069
4081 1453
221 5465
7502 4925
7472 2206
6475 3232
8974 4462
5635 7875
3196 7065
2056 2895
3552 3991
7354 7777
2552 770
2985 5692
2190 3403
7815 3938
893 5014
1538 4394
3192 7722
2007 2860
7144 5074
914 3927
5606 4042
3702 3008
3132 2880
5829 730
4001 8555
6067 1101
3194 5062
4816 6113
6174 630
8432 8225
8874 6536
2411 711
7260 1576
16 5759
5498 3972
8986 6242
2350 8251
1021 1590
4503 2290
1585 2670
3355 6103
4580 8121
8087 5005
3160 7379
7499 255
8037 2419
5336 8457
6879 6336
4183 910
1073 5787
5217 3380
3627 4637
2326 5217
2822 7747
3122 2013
2317 514
2995 1477
3996 5208
961 6261
4948 4856
773 7874
8472 3841
7117 827
6299 1134
1583 8596
7967 1193
3846 2930
6849 7663
1538 8125
5837 2591
434 963
404 8952
232 3555
8711 7476
2729 5034
1632 8112
8705 3706
5726 7466
8184 7500
4147 8204
8716 5132
1985 3153
1386 2290
8046 7300
4934 1473
6777 8864
8471 8182
3443 6404
6364 6223
7160 173
8752 3867
7233 3326
4607 8451
8816 8095
5439 8920
807 1612
2616 2722
2225 2253
2362 4902
2616 3956
2361 4515
6256 4148
2531 8709
3415 5659
5899 7213
4017 6142
7911 5774
4774 3649
7004 8996
5158 123
3338 3985
158 8775
8016 6219
7341 2426
5807 5855
6832 8281
4952 2507
8227 3604
1402 7029
7481 7823
3650 6910
7165 9005
7994 1115
977 760
3756 4340
5194 3509
7117 6051
709 2014
979 2222
3693 7687
5866 1853
1257 4060
4793 5407
5828 405
6232 6172
5604 5097
1787 157
3649 3670
590 5304
1026 9037
6566 1449
4944 6262
3355 3131
4751 6063
2505 3291
7192 6562
4034 6740
4286 4916
7121 3158
6203 2136
6809 1790
5049 3540
7860 4487
92 6459
1121 415
6002 2287
8171 4351
6564 2689
2872 3763
7910 1301
7660 7827
2400 8894
1794 7610
490 4189
4400 8760
3634 6759
4907 8899
4967 7573
4498 1000
3949 4968
7782 3946
6489 7219
8531 8201
6852 1346
6959 2460
1129 885
7897 7308
5773 522
337 6139
7054 6591
2588 2584
5281 4993
6987 5039
3565 7623
8421 4386
3600 7819
7852 6149
1494 3263
2643 2335
3669 829
3298 6191
5443 3530
8885 8069
4874 4260
4317 8730
1734 7926
753 1841
6045 1722
6596 5041
8376 6025
2425 5364
3678 2483
5366 403
5045 3549
999 5298
6192 5288
7424 8713
4044 8320
3946 8825
6826 2395
6513 1751
3430 7731
5934 6184
2790 895
1209 3952
1506 7696
8809 2749
7145 2032
5199 537
1597 6976
8737 740
8791 4031
2964 2959
1099 1133
6478 6819
6303 5097
7841 5410
6490 4085
6369 8548
2230 2812
7019 7831
8609 7159
4471 708
2226 3947
133 7126
700 5121
7199 583
6024 4119
4902 5676
6287 6870
4417 4392
3807 8886
6501 1138
359 1602
1469 6575
4831 1146
1229 7410
6835 4163
3816 1771
5188 3297
2530 3320
1782 3301
4800 1720
8218 7756
4518 912
8550 7200
4378 1958
6331 2956
2661 3590
145 144
8831 6995
5354 7944
7943 3081
2937 8868
845 7556
1740 8099
8197 1641
8778 6511
5809 7108
644 5046
5699 4787
3824 1779
1054 6926
1989 3278
755 5473
1677 8807
1233 4598
767 7487
7794 5434
5853 7696
5029 2205
2033 8698
7047 598
5851 8132
5038 8104
7141 7548
809 4078
5253 1263
3021 6332
2727 4345
5856 1428
5195 5032
1245 7556
4101 2270
3056 6614
1973 6850
5664 4207
66 4920
2928 6027
913 5595
5103 3373
3435 1752
7097 7034
2322 3458
3094 169
8247 233
4716 577
4411 1233
7572 5871
683 4099
8849 4505
5745 5780
816 5381
3314 8312
2106 370
510 392
5493 3775
3471 6200
7313 784
5360 6388
2470 7221
4575 343
443 121
290 3702
782 301
8342 4336
1981 2048
1539 716
5897 5134
7756 4113
2693 800
4258 2188
5544 4867
159 351
2447 295
6164 878
4232 6558
229 1825
4530 6187
5008 2550
1814 2386
3121 4783
2554 4838
1526 9062
155 7982
1891 4306
5547 2755
1128 1369
3970 8824
5199 4228
8159 8717
7557 1184
7621 2589
5691 3525
8985 2087
563 8403
4521 2405
6360 3941
235 3233
7821 396
7398 6793
5139 8398
5387 7112
7394 3599
555 8902
3835 7553
8436 3295
7717 5214
8510 825
3751 2062
2529 5756
1594 4837
4365 5733
8571 3770
5520 3269
3705 963
4535 1568
8263 2839
4679 7961
1968 7361
4979 723
2824 889
6650 4236
1438 5216
5919 6028
2428 1380
3426 2257
7584 3103
8158 2166
7813 4100
6928 745
8237 5979
1074 490
235 7108
1280 3517
8309 1170
3903 3665
2501 6182
7335 2916
4166 1834
6690 2422
2209 4088
950 7223
7049 5374
5207 8909
4313 6065
1622 7860
6594 5558
7272 4990
756 1800
1600 9065
8317 4483
2077 3419
6791 5776
8827 1495
3995 7169
2652 8763
817 141
5173 2338
1677 868
4441 7736
4178 7074
740 3377
7869 596
4850 1348
7344 871
856 4527
8425 4922
3678 7239
5396 228
7384 1492
1212 5804
6179 2626
134 8465
2202 4675
2058 2328
2731 4227
227 3904
3012 6720
6725 1636
2956 8254
1428 8803
2797 8849
2600 4756
8474 5353
7870 5261
9089 1570
7514 620
8557 7064
1459 1812
3578 3128
1125 8080
7762 4991
118 1297
7691 4267
1214 8423
1968 5615
1841 1846
5977 1610
7913 2417
399 5172
3932 6938
204 2494
5532 3633
288 8675
8524 2185
5813 345
6726 2356
8330 6369
2129 2123
8779 3006
8027 3893
2908 5863
950 9033
2332 2380
5282 6978
5014 5757
7428 5047
3646 4536
777 4057
8508 6994
3905 2214
7665 3642
8356 82
7974 7879
6623 6697
2365 6968
7203 6298
1839 5269
8240 6427
8558 6796
8669 5012
8723 8908
269 3494
3743 7464
6029 8753
7131 3252
8281 4460
1752 8370
279 6613
1589 1959
1403 3964
1276 7321
2916 3540
5858 7566
6848 3220
5699 6275
6247 5427
6157 4668
702 2692
8105 8288
6362 4298
5538 4745
296 4314
3610 6572
5357 6617
2316 2897
1420 4675
139 7065
5024 8915
1940 4217
6441 6988
1327 3913
3023 2218
1284 7944
8359 7216
7503 253
8561 9055
7623 8351
119 2095
5819 282
5295 2232
7062 1996
3741 4472
1749 7731
5710 3047
6677 4458
8413 4928
7892 4214
4015 186
5877 5207
2772 1280
8854 8123
2759 8489
3895 8684
4942 4615
2021 1122
1316 1088
1162 4433
7423 7646
5656 2105
2418 5315
3889 3689
5545 3491
3885 2508
4806 9064
4651 3645
6656 5447
1212 27
7210 4517
7427 4233
6413 4648
4198 5323
2092 5690
4412 958
5104 4046
3606 6075
560 1089
8546 5601
7884 8777
5575 4183
3326 2778
4642 2763
6074 6353
1063 5206
6899 785
7127 2189
3854 8272
7864 7222
8117 7217
1813 5764
6578 7969
4265 1094
6302 2305
1949 3404
5296 1005
3496 2245
2016 1981
1354 2249
399 8443
5006 7574
7898 7821
3656 1396
8483 4533
2394 8183
4014 844
7733 2766
1651 2907
2307 7336
8384 6700
340 2957
2554 6080
7396 624
286 1897
6209 6523
4916 5901
1281 5784
8103 1441
8984 5029
880 1988
6104 8825
1273 7139
7803 7971
5959 8148
4108 622
8701 701
5839 6436
1247 5054
5389 3478
9047 4475
365 2640
1436 7502
2961 7545
4339 2539
5825 386
3328 1173
7966 4136
9087 6398
9017 2562
1654 1881
6837 4818
1077 3952
3384 7980
6004 3847
4129 6409
8096 1878
4072 594
6879 3067
8917 3027
4509 2153
4545 5980
1409 4378
5148 8727
3433 2475
1066 76
6818 1943
6091 1127
9046 5318
4474 6215
1877 1061
2008 5477
2918 8349
578 5888
3457 1448
991 7556
6658 3944
3463 8673
8837 6605
6883 1756
5845 2946
3155 7371
7618 4132
1271 8164
6612 41
7281 57
6364 2770
5061 421
4419 7934
6899 1115
7488 4768
5974 1003
6741 8094
5952 7675
1123 5587
8442 3845
5213 5335
3478 2451
6568 8309
551 5602
5559 6211
4717 3122
1049 7121
6165 5071
3780 8181
8349 3774
2885 8227
6832 5328
2165 2927
6163 6179
142 267
5895 8833
442 1442
3638 8670
4661 6486
403 3520
5431 2232
1485 4264
1973 8136
767 1691
6351 6592
3986 5042
3156 8093
7417 7022
7462 8177
8844 7709
5876 7591
3072 2179
3512 3812
2668 1166
4865 8160
8171 4350
3828 3444
3519 6741
8570 5363
7209 4518
2517 8431
1683 2023
6021 6668
2921 6019
5106 3059
1226 8810
2566 6540
5153 1359
3022 5002
662 4989
8747 3578
2538 2380
2984 4232
595 6194
2549 8448
2062 6543
6396 6743
6049 7123
8195 6158
8906 5413
6496 2450
7590 5426
4839 1830
4980 8692
1805 4967
2375 6118
4771 758
4124 2824
284 5187
4558 1544
962 4664
7017 7933
4338 4119
745 3560
8573 3471
3418 476
82 4708
8644 2766
7852 6530
7527 675
8934 8043
2129 2517
6489 1087
5737 7935
4765 54
8812 534
1452 6904
8391 7507
2517 6732
4930 1119
3736 6926
4400 5595
868 4682
6000 2358
118 4234
5564 6663
879 6111
2007 3096
1973 4520
4794 3484
6388 940
1770 7315
8967 2873
6170 1426
3104 4900
4914 4883
2843 7853
696 6909
7468 5526
8306 5509
4818 1118
2115 7358
1445 8619
6089 1140
5744 4539
3237 5398
633 760
3846 7985
4045 448
513 447
4508 8451
3183 8170
18 7581
6074 3959
7466 4362
5316 5438
1430 6913
700 3232
8915 3497
2606 6554
3514 7275
4380 2919
2685 3121
5300 2958
6563 7565
8987 3288
1976 4109
3087 6302
4326 6113
4160 3890
6341 1578
7266 7322
5724 3054
1123 1471
8077 3576
8134 2467
4969 120
2895 5556
1437 6180
4451 7353
3072 6518
3107 4989
7124 6289
794 8541
5406 2343
4753 6648
7495 3350
3445 7307
8404 8752
1912 1021
7368 4760
5969 647
4377 7411
1223 4898
683 2040
8075 8791
8271 1952
1755 5720
6400 2218
7876 6359
2654 7853
299 2853
7579 7230
137 5070
4405 5813
4836 8228
7927 2934
4550 4422
8295 2673
8905 4659
5165 4499
7618 322
5739 3928
648 2270
6119 8892
5889 7143
1230 469
3114 3908
8830 4539
5256 7223
5119 4920
3716 6091
2850 1963
4984 333
7785 7196
8000 2441
848 5438
2970 6178
1059 1367
8895 7543
2793 4715
4764 617
3693 8657
5564 485
1612 2131
3499 1014
7354 3875
6951 1779
7398 299
2926 5636
3817 3177
366 8530
7438 2649
1381 6888
7090 1440
5212 602
1129 1401
7208 3764
6038 5436
5456 5614
6448 3240
8980 5679
2348 4657
1451 1679
1346 5020
3078 6497
3532 5681
3160 6548
5131 3290
8351 4113
1769 7961
4302 8773
1532 7747
8654 6916
1282 8647
53 7080
3861 2747
2300 9034
7712 3372
432 198
3609 5248
4171 8860
4950 6799
1009 2445
2092 6438
6393 3849
917 7467
6196 4692
3100 2968
7999 2491
4711 8870
3561 239
4940 4181
3863 8289
1551 5840
3631 7972
2828 2951
5712 5573
2890 4641
8149 737
2923 3721
2596 6746
2385 2747
1807 6195
2347 540
5072 7531
3798 4466
405 6638
1681 6195
1295 6239
7460 148
2930 3878
7030 5010
208 6257
4343 487
3820 7986
255 2303
4778 4422
2131 804
6918 7162
4095 4810
7662 1482
8592 659
5475 6696
3222 2633
1028 67
3703 8889
5113 7090
3820 6018
6009 5013
858 6750
1203 7312
1755 2233
8698 7312
3959 7749
2546 5956
5907 7278
1361 2168
5403 6525
7228 262
4910 5350
2319 7233
1150 7547
7333 9074
5539 8401
5441 7667
1093 8092
5837 8967
2456 4187
691 6414
4799 139
1113 108
3620 1607
1724 2969
3914 8
1011 1290
4830 6637
5231 2562
1701 5540
808 6779
6630 924
561 908
8275 37
6824 4152
1611 3818
5322 2533
3896 1419
4039 6219
2253 1464
5802 8202
8942 2124
4913 1615
7732 1441
8528 6831
230 3922
8053 6639
2460 8962
5291 2977
2525 8611
3645 6334
324 3934
2750 6402
4964 5606
5719 6321
1850 5323
4217 7976
1344 6197
108 7109
4836 8534
1515 7439
5146 1490
7001 3548
5556 7694
1318 2532
2196 7611
4710 2282
6748 1994
8751 3131
8923 5644
8744 3725
1023 64
2967 6233
5472 1504
6325 3858
3023 135
4197 463
7206 8174
8795 3852
3545 2206
6786 7868
5634 8352
5930 636
5075 4982
4833 8906
7320 4097
340 6908
3630 5850
783 8542
2026 3849
4926 2113
5132 4209
4620 568
7486 4013
7903 7950
3524 2378
8856 7917
5405 7111
2147 1469
3402 4831
8113 5117
8265 5112
5571 978
7448 4634
5491 4898
2367 3090
3700 2623
4325 8460
5372 7825
4050 6789
8851 8571
7048 6364
6944 5956
5359 2207
3562 2082
2527 6189
1303 6196
5467 6607
8859 3141
2827 5321
6608 4321
5625 2723
5031 1693
7513 160
7426 5905
6919 6622
8350 2767
6467 249
4222 7091
8187 6225
3000 5966
3487 3836
533 2063
7920 4670
96 6359
2135 4456
6508 7718
4431 7700
5229 1462
322 1107
2933 8675
2066 6241
8053 1701
9083 4690
1745 4681
7515 7798
9053 763
5709 4127
8198 4673
8767 7711
1761 5705
3511 4279
7829 9044
6699 1345
2986 1467
330 5186
2430 6592
2870 4453
3494 7156
7819 7375
4200 6608
4843 7343
1202 7954
7659 8875
7613 7238
3295 453
1293 8595
8606 2411
6851 6361
3801 6392
7891 2400
466 6293
1185 1127
4743 1987
6779 6637
6931 6622
8271 4848
7916 5463
80 5077
6115 8238
3779 3786
5759 1972
2988 6253
6377 4934
273 8749
789 8549
7507 3031
3957 677
924 3798
1778 7967
131 2072
4883 5053
360 3664
344 6882
888 5619
3850 5233
7579 6323
3094 1232
1865 5024
7307 937
3048 4996
4021 6454
3152 4
5142 4723
4440 7879
552 208
4197 4194
72 1471
7598 5142
708 7966
8352 1312
479 292
5220 3879
5189 8438
393 1442
1034 2610
2324 2215
2252 5023
8010 1759
6189 2581
6298 998
5170 2977
8440 2204
961 1900
458 7765
7651 5227
3116 3195
7435 6337
5455 8378
2417 5129
4244 7147
1610 7631
5780 6844
5722 2272
640 4450
7264 8290
8336 1837
8481 3839
5063 2571
7238 5509
6324 3727
6308 3597
2922 8119
4514 6933
8663 2061
2955 411
6031 7428
1509 6619
2213 870
1261 2041
1303 705
434 3108
3159 6648
4921 7956
1323 6304
3139 424
6785 4561
635 923
3829 6514
168 5
509 8162
2770 8421
5944 5647
1455 4787
992 3724
1458 4862
1631 7650
3377 7823
8761 2460
8531 1455
2999 2456
714 5882
1440 1569
5653 8715
3346 5416
1597 144
6043 319
3003 4481
3776 2198
5518 3914
1618 5668
6665 867
5961 8036
5781 2857
5995 8746
7164 4691
2706 1758
183 6290
438 607
3772 8704
1171 6929
7388 7736
4911 3080
1347 8385
3683 5945
5734 4494
5569 7397
8175 1735
5829 3473
2170 8578
8206 1974
6887 2564
6180 4666
6626 675
551 2152
5884 3651
4208 896
182 323
8714 2215
7669 2391
2202 1731
3692 2328
4872 3680
5716 5221
7673 8062
1479 362
8239 4374
4719 7291
2094 481
5273 7237
2536 2580
7023 6273
3522 8499
614 5777
5320 3003
2442 3042
7686 4651
4538 7484
8831 3496
4633 7321
8241 4104
140 641
8316 2653
7408 2125
2316 8301
5647 4857
5782 116
7163 5029
8625 4752
6591 2122
8160 5014
6251 7385
8503 4507
1709 3408
5664 5154
4741 7876
4479 5442
1767 5536
8312 8985
4010 2609
611 3186
5451 2013
5550 1946
8593 1556
8012 8981
6280 8697
1118 8998
8914 7500
604 2538
4789 3201
1100 7787
263 3535
6396 1946
7354 4074
9019 4135
4860 7487
8513 84
4220 5296
5918 859
4357 4161
5409 23
6729 8518
4172 38
5081 785
3677 5133
7908 7490
121 2952
5121 3095
2311 2279
8087 3984
3384 253
5748 8853
7666 8894
1735 2725
1282 7341
5672 6542
480 6216
7708 6812
4954 7167
8679 3084
171 2518
6570 1389
5283 496
1925 6534
1301 9076
2025 4455
1954 5259
2514 1204
6979 3306
3117 8116
5972 193
7445 706
5708 1206
4835 2218
8166 4870
2642 1799
4658 8909
3620 1334
6635 2570
21 1031
5055 5750
5504 8898
5800 2769
2011 7416
3483 6575
3169 5196
8357 8045
1913 6432
6709 102
7309 4326
4627 4377
4335 7481
7747 7001
5687 7581
749 7434
7058 4685
635 3730
7770 569
5560 2271
2862 3920
1300 1158
1516 7319
7562 7423
2680 3144
1750 6257
7474 7667
5995 8212
8213 6631
3310 3489
7821 4876
5169 7570
8493 1755
2319 6540
8523 277
4118 5258
6915 3197
6974 3048
5642 4578
718 7983
8032 5857
7693 6964
7364 7360
1762 3436
4758 9036
8240 4923
2020 7446
6109 5869
8469 8641
1048 5189
465 8863
8819 7067
5132 7869
7189 5532
5537 3934
4709 8020
3655 1194
7595 5393
7273 6833
7637 5939
5477 1443
6315 3403
4684 1157
9020 517
5995 4762
7020 5257
8715 6679
7013 6817
1028 112
6179 5131
2324 7311
7430 4515
3819 6134
7176 838
5478 6889
1439 1078
7717 2872
6186 6620
3691 5364
4692 5492
7935 8848
8500 5255
7052 4153
8556 8106
3939 397
1694 8695
2201 7850
933 6485
3457 5784
792 545
5281 5127
1599 5068
2864 6259
6026 1560
766 3856
7735 9045
4085 1047
6979 1096
7679 4694
1247 6494
491 7362
3016 2489
4463 2734
5592 6207
3189 2841
8882 7316
1345 7591
2143 6013
6338 2982
2382 6458
7211 8152
8542 7207
5820 830
8718 1373
585 1429
6117 5043
8340 8292
2195 2323
2109 7731
251 3706
6057 1882
7148 8652
6542 1724
3588 2800
5410 6607
501 1987
1896 4639
7547 8111
3265 1837
5149 7841
1148 1866
379 688
8913 8108
2196 5242
795 2524
8213 4379
2580 2490
6307 4159
4082 2789
2263 5653
6705 1147
8623 3668
8683 4519
3110 2055
6803 7543
10 1896
7688 3252
8818 3058
4027 990
4488 7544
1980 5279
2762 6094
3139 1888
4334 2290
6219 4981
8927 3079
1632 8545
6103 2695
1200 6613
4402 2104
6038 4498
1398 2831
5700 8720
5263 3662
8498 3833
8009 4207
4478 6653
2897 2324
7327 4363
675 7879
5418 4423
5508 6815
1742 920
4366 8400
8515 2667
3297 1944
1950 5775
1909 3109
8467 2191
5079 871
3429 2380
2599 1962
5003 4190
428 3690
4225 9014
6016 6887
1364 3733
2232 8200
6392 6138
8699 3285
6086 2878
7800 4826
8004 4356
5720 6667
9060 7701
1491 1905
530 507
2166 6887
1587 4603
241 6120
8444 3065
792 902
4468 2553
1105 5711
7931 220
1700 1271
8766 477
4796 1727
3802 604
3875 896
5244 8543
5954 2724
6143 6339
6589 5972
175 3550
7577 3480
8082 2612
7209 1939
1817 2666
968 4797
748 3992
264 380
4703 4431
5808 1627
4957 3363
5560 4091
7378 7135
4113 8694
3851 7024
6432 6711
6370 8762
3042 5413
7411 5142
2418 2379
7832 323
8785 5226
6086 6864
8387 464
3993 6009
6758 6977
7811 7230
7707 5057
8801 8457
467 5765
4156 5254
8290 494
7433 62
3568 1467
7474 2881
5334 9088
645 381
3443 8036
1249 4444
2834 6607
1911 899
6614 7518
2192 5901
7890 5889
3255 4653
8953 714
7994 2723
6880 1179
7471 8014
4128 4000
5706 6512
254 2023
340 4551
1030 5965
6407 4076
3822 8321
5404 8747
5690 1484
8778 2713
3188 7390
952 5946
1510 5525
2971 912
8725 6915
935 4579
4587 8601
5151 1294
6707 1921
4755 6214
3556 423
344 1220
330 570
7275 1630
1466 38
3768 6352
8223 2739
6105 2342
4730 8688
8182 607
5093 67
2233 8499
2358 2626
6912 2920
872 3850
5185 4512
2875 7444
7518 5719
7705 5657
2705 4216
1874 6603
3782 3710
5326 3162
6344 8035
2329 1027
4977 1670
1668 2138
3698 1276
4084 1557
5444 2099
3667 838
7226 8581
8203 7538
1062 2366
5557 1021
1847 8897
7903 6249
3995 2375
44 2781
7523 9048
4910 3405
3015 266
5021 5894
1712 3034
4442 1933
5064 8869
5106 4019
3661 7719
8505 8525
7174 5223
2092 1627
943 7375
3666 3
1993 4032
7164 7167
371 815
4103 8446
8839 2392
203 4292
218 3547
5771 4717
8722 2844
659 75
3542 2281
8735 7489
3769 3127
2592 2436
1387 388
2663 7760
4203 6543
7969 341
5996 5072
6467 5566
7097 8397
7577 7368
8463 1071
8566 6163
2833 1621
5894 1259
7079 7853
1901 2010
5435 5324
3 3391
4484 4147
1435 4331
3756 7710
4103 7979
6528 3637
5177 5763
6092 6031
1768 8007
3878 3988
2308 2704
6913 759
8094 227
8718 5264
1875 4666
6126 939
3613 7590
4862 2732
5927 7314
5947 4675
498 1341
2676 4741
3988 1620
4219 3651
6363 7080
2268 2938
2964 70
1980 8913
5170 3691
5879 8238
2822 5644
2307 5840
6817 1560
380 4117
3938 2210
1764 5654
4395 9080
4475 417
7397 2028
1304 2951
7033 3890
4602 794
1033 5081
97 5918
7902 5578
6889 8406
2123 122
8981 5528
4540 5523
2543 5361
6015 614
3374 1598
2287 2732
7802 2405
7595 6428
7807 6068
2964 3371
3537 4661
5369 4763
1388 2465
2492 7657
7715 1337
3452 774
6056 2011
1643 4900
1556 7536
8063 2055
5861 5301
2892 8954
7572 2222
351 7654
5554 2030
4847 3078
8687 1628
843 6040
8582 5770
7062 9006
2943 2666
2410 8599
4472 4332
1109 6513
229 6428
5688 7370
5990 8604
3531 4904
4094 1005
112 1375
3284 2345
8722 4274
4432 7873
6081 7402
647 233
1296 4833
7883 7750
8579 3081
137 406
8382 7380
6661 2691
6839 3148
8256 324
1443 5721
3375 3167
742 8039
1194 6973
7078 4162
8308 8906
4021 9030
7387 2978
4796 1654
4696 6143
826 2477
5434 379
5832 7352
5245 3860
6135 3953
2782 7441
9003 3685
6976 9082
1588 7954
2807 231
3691 5905
1575 7797
7123 5982
1326 5537
2023 7329
1653 3046
6776 3183
2777 7680
7291 6349
2448 420
3890 6365
5576 2424
4663 8941
8969 4447
7140 7097
6277 893
7341 4835
1921 3350
1553 7672
8306 6285
7308 7782
2719 1824
5138 5213
3695 2595
290 4676
2088 3153
8782 257
7012 1022
5505 8622
961 6835
6500 3868
7810 8491
5521 8095
7255 8473
3512 1850
5708 3472
7507 7614
6251 7261
1719 4848
4155 8034
3231 7359
7566 7854
471 3211
2631 6004
9050 5448
2005 126
2100 4845
4793 2786
272 41
3117 8270
518 7022
1975 8794
4770 4981
6702 7074
1305 2596
5290 1352
7060 7817
8708 4672
2809 7857
996 7298
6930 2962
4690 3399
8327 2653
549 1562
632 6631
6469 9016
2481 3406
632 3036
3558 1308
589 3554
6780 8048
5401 8471
3385 8858
3809 8877
778 222
6891 6801
5806 5663
6507 244
7676 1322
7532 4549
2863 660
4065 1037
7888 6155
3879 1789
238 3438
6058 5402
7265 6047
4170 4064
5623 2054
4809 6827
4697 83
1214 571
6172 721
3092 4092
3053 2178
3888 3749
8147 7119
6866 9050
703 4481
4491 4519
3653 6697
181 747
1524 7571
5543 4760
5887 7883
2982 4046
7604 7320
5032 7945
6067 5946
592 40
5821 6676
6768 1905
2175 7168
6310 8901
7421 8989
4253 2639
8304 3006
1165 8263
5480 3241
589 8727
1897 8955
6983 4877
8927 2731
1876 3052
6119 7403
6739 1473
5208 2567
7037 413
5878 5433
8170 8821
8595 5634
4429 8135
3664 6974
8353 1910
3054 2081
1710 1892
8300 6118
7359 85
8241 0
524 1382
6687 740
81 8246
1776 8247
3395 8520
4499 1782
1200 7756
6062 8054
8897 7856
4409 1165
1664 7612
7400 264
8521 1415
3247 5886
5682 4947
3628 5814
1078 3803
70 2102
3114 3332
3637 7998
87 273
3129 855
1075 6185
744 4786
2922 1500
2146 5628
1318 554
4645 5007
4887 3093
6202 4880
4477 8084
2672 981
6463 5743
6475 4816
856 286
2302 1620
5592 1073
4272 7978
7717 2878
967 4045
8402 7378
974 1033
2795 3137
6629 5982
6822 3196
2521 5040
3505 5018
4039 8638
1064 4710
2478 7213
7981 3800
73 2195
7382 7017
2924 8109
2542 2759
585 7452
2673 2799
4105 2762
7788 3106
1442 2358
2459 4763
2454 2220
6783 1132
6878 3299
801 5136
6055 2212
8547 8079
6968 2940
6092 7478
7991 3624
5021 7753
8573 4786
2899 3873
5060 4241
3481 2336
8568 6803
5193 3635
6345 4449
5941 2373
246 1865
6126 4371
412 4249
1546 2739
5553 2790
106 3997
3115 8852
5990 760
8877 5491
1299 1982
192 5055
316 8787
5652 7185
2775 8357
729 5890
8114 6704
4401 2177
7261 8878
4929 1421
8100 3466
7951 2107
2903 2838
7871 719
5847 1335
4279 9080
813 4043
1695 6712
1009 2421
7336 7750
3677 4945
1029 6476
5512 3145
1644 8787
2057 6285
4817 6183
1392 1432
5402 1184
3795 2610
3567 7622
8730 216
2160 8112
7691 6058
3819 7235
6237 3043
3982 3490
701 2608
14 6054
2084 7631
8017 8986
2375 626
4822 4672
386 161
6418 5268
3885 2932
5026 7517
6167 239
6396 5798
7766 4205
3180 5165
5742 2166
4775 7938
1353 3349
2572 6721
4750 7526
3171 3218
6471 8092
2772 7321
7453 6560
3183 4799
8369 6843
5924 2337
6643 6087
1995 3504
422 6428
8167 1611
6649 5260
3789 973
3378 6337
857 5090
1968 421
6971 3836
2299 6507
2133 5134
1361 8868
1035 1719
2876 5087
4955 4183
3190 3455
571 5375
5839 8875
1001 2475
5296 5326
5929 6807
7899 6821
4373 2837
7129 2555
7677 4425
8143 602
5227 3330
7022 5498
4655 3056
1269 3048
777 6634
8728 8429
172 1663
2965 7935
5680 7014
1493 3896
6082 4866
351 6002
6380 4263
8556 6918
6855 5191
7695 4130
511 6953
6920 8062
2683 7974
5367 3590
1229 8556
8806 8503
4387 4544
7015 6666
7569 6790
8075 2722
1241 3067
2034 7571
7158 5011
5374 8926
5232 6228
4673 4915
9088 5010
5483 6029
44 6046
7081 6177
3724 762
39 8876
8842 6646
1144 6263
1389 7940
3594 6529
4511 6694
4882 3922
5467 5651
2742 6681
2707 6038
3686 1648
3471 5219
1674 7795
1018 4686
8182 5591
8916 6507
6989 6090
4406 5691
2481 8618
5429 6836
8503 5698
1141 4737
8113 4732
1883 1832
3881 6959
5204 1710
5940 4463
4258 4714
2318 1301
5622 4373
4956 7301
1535 4493
6503 1828
2672 8509
1065 3723
6347 3876
6004 8016
4056 9000
1286 6526
3464 3337
851 7742
5833 8779
3821 218
1504 3674
6260 386
4801 212
3000 8139
4783 2397
951 5620
1935 6537
6000 5632
229 603
8187 2315
1870 2198
4525 4479
2468 6590
7124 4241
5561 4333
4791 4204
6019 256
3085 5497
317 3521
7395 3955
1435 7561
8568 1336
2130 3376
2866 8676
7701 4740
4770 6520
529 6182
1639 3600
2737 3686
1355 1839
8413 4251
7112 1797
3858 642
6901 8635
8079 6641
4605 7659
7765 6914
6861 6184
1043 3635
7419 1040
1794 4340
8314 3942
8446 504
6141 1513
2893 181
866 1826
5517 4922
3281 2155
6765 2748
3517 855
1935 2883
3905 593
5714 2823
3919 1576
7302 6247
8147 2608
1569 1189
8758 5316
6062 4138
4049 4660
5407 8279
3284 5512
3303 6875
526 2919
7402 7982
6755 941
5141 3302
8640 1900
5062 6229
8095 4427
6532 6135
518 5552
7640 3398
4616 4470
682 3588
8645 7787
3806 609
8273 4710
3017 620
1881 6943
4508 3876
7279 3962
1851 530
5257 4478
8709 1514
7480 8894
8706 101
7350 326
6053 5683
5035 4601
2907 3234
701 6622
8762 5799
1065 3483
3033 4044
7965 3377
8592 6655
6216 4181
6114 6282
3464 4353
2377 3077
7814 723
3327 870
7229 6837
3332 8706
1434 6376
2311 6923
5495 614
4198 8098
6071 1084
6209 8879
4908 1017
4778 6186
6018 2543
1257 3683
3707 5656
3666 2975
6066 1447
150 691
8071 3720
7315 6373
7820 3972
8748 4069
854 4769
8921 2180
5626 4452
7332 2238
6743 4372
941 811
3050 4746
6229 6116
6482 8333
717 5935
4623 8196
7080 3237
901 7168
3063 5086
1453 424
1048 538
6979 508
3591 329
3315 1539
2484 7312
2974 2552
7622 306
5704 6514
1242 7115
4151 881
371 1509
3282 2675
2590 2186
5040 7583
4490 5084
7684 7024
3151 3952
2793 5590
3404 5658
7287 644
8568 3113
1843 3919
2543 3020
3636 225
5423 914
2397 8686
4906 87
6070 3334
215 1367
7056 6555
1724 4884
8666 8185
663 1569
8909 8089
7306 3540
6469 4940
6409 6956
8037 6338
2640 8081
581 1251
2424 5810
2459 8108
8154 7909
293 2926
1613 2926
8307 2313
6686 7195
3534 3902
5178 6057
4567 907
5251 2822
8376 3769
4449 5617
7401 5949
2598 2514
2693 2984
2859 2922
6109 6251
8208 7897
5209 1615
6600 1866
4346 4111
5415 772
3946 2849
447 3699
971 7005
7096 8734
7964 8129
2930 3517
4042 5410
8298 2758
7365 689
523 4164
2065 3193
6443 4260
6842 4054
5404 9043
573 3407
6299 4435
3353 897
4500 8283
4634 2288
5947 6001
3142 3506
4321 5148
1691 2632
8943 4462
3346 4506
3054 1574
4472 1741
8332 5431
6434 7374
4006 1370
2510 5064
7104 6123
4110 2154
6710 6746
8332 1984
4860 2267
8767 7155
7085 4817
5852 6758
7716 7236
8455 334
2356 738
6130 8216
3417 5424
2007 2530
788 6696
6041 4414
7294 6255
8975 3420
8646 3419
7490 8415
791 289
5738 843
1522 4280
1146 2925
4721 4131
4053 2475
4839 460
9008 6867
8689 7909
3450 2448
6869 7252
5485 2845
6349 6517
6194 4145
594 5431
1918 1016
4452 6619
758 2079
8121 2304
1807 130
1313 403
620 269
8409 4193
4211 6122
458 8041
839 1357
4749 8839
3126 7383
8757 2924
5372 5164
4414 6348
1903 6818
3362 3352
1539 5240
4246 6886
5671 5474
2659 4097
5969 1415
5694 6864
6828 1623
6577 4236
3967 953
7350 6366
5524 449
3352 1302
5814 6358
5611 575
4088 2697
559 8902
7204 5299
7685 1412
8083 426
8370 2939
3479 1511
5705 3007
1592 818
5108 4529
6708 2181
7190 8374
8377 7758
4 5466
3192 6963
2928 5562
856 4805
2728 8845
3470 1082
8243 4438
8565 9075
6907 3384
2592 938
4878 6325
8573 1680
52 6261
1291 5998
4256 3282
6726 1426
5850 8703
6832 4909
6481 5105
3213 3283
7101 274
2213 3292
7526 4538
4687 5463
260 8193
283 2346
269 8492
6788 6746
1799 7023
7987 3507
5605 1452
8259 4614
8853 6874
9084 653
2534 1125
3787 5763
1685 6271
4784 5369
8645 4007
932 5340
2397 3719
8949 7248
6619 8137
5860 4106
1164 2607
1422 8886
2591 5492
8520 5101
4873 1657
3834 3989
5082 5258
3057 4798
6963 1028
8342 6499
2694 2748
1853 3634
3151 6754
4728 5192
4954 5852
7077 7681
7396 2494
2868 4115
541 8694
8859 1469
3140 6035
2530 2488
6616 5526
449 5330
5934 7035
4482 7114
8604 3642
3039 3004
6360 478
126 667
6546 2365
488 5824
5670 862
8908 3096
4218 2292
5338 5638
2194 3381
5386 8171
6515 8874
5793 3509
4982 8363
655 4554
1861 2704
2814 8406
959 8624
1293 5533
326 7613
1947 6269
8536 7188
4652 598
8466 8132
6663 7054
6961 6235
5855 7139
2860 1025
4872 8133
4255 8736
4297 2477
8548 3187
2103 8723
7637 1045
1076 7361
6713 8871
8013 3841
4014 2765
3045 2513
7444 2752
5922 3454
6515 2032
5635 2618
4504 4318
1771 3369
5122 7529
1111 724
952 8311
5259 6403
3904 2838
4993 8445
4876 1906
5871 2126
5119 5051
7173 7759
2130 2643
1465 3371
1947 9087
3043 7603
2059 1798
6555 364
4678 8870
870 4867
6442 2247
751 5018
3728 6110
7003 3857
2727 930
8232 4107
3681 7647
7723 3626
5809 7482
3898 4542
632 8154
5038 7224
6022 3739
6642 1136
636 6836
5007 434
8382 7173
5905 2753
1179 5048
3044 4529
7824 8178
5417 8446
2503 703
5515 1772
5863 138
3177 761
1826 6936
4303 469
5011 1502
7391 3268
5076 8217
5690 6216
7928 8638
1820 4324
7277 8007
2614 4712
242 825
216 3992
8760 2594
3716 3165
5492 176
5976 8470
7198 6117
6539 2146
917 3061
3389 8690
7713 7088
8867 7175
7834 8142
6124 4069
8703 8326
2054 8039
3457 5507
525 1151
6694 8900
591 1460
8636 6573
1259 29
8988 3425
1375 2407
107 5309
7211 1330
7310 8727
7994 5265
249 6476
5051 6768
7754 3329
3136 8928
15 7369
305 3574
3944 4100
3782 2619
3012 5028
3299 8861
1149 6431
2838 4173
3746 2615
3300 2393
108 5880
6938 5313
3859 835
8129 7727
9059 4868
98 7578
4593 4163
1927 341
4641 8392
7133 5031
4471 8816
8241 5648
13 6970
1446 7216
7130 7819
7796 2056
3308 5248
2431 5323
2389 6039
362 5252
5062 2458
8735 5025
2813 4500
5093 3592
7810 7746
151 1157
1101 3182
4186 6500
7454 7804
4213 5145
4225 6547
4802 4150
6894 8954
5270 3411
4281 1877
7402 7012
2138 6176
7968 1360
5852 53
3202 6562
593 8832
9042 7810
2114 3733
7355 2048
6159 154
3380 1359
1298 5140
3917 5591
4100 2898
3361 6824
47 4240
4026 3694
4400 1386
2905 5406
5087 2855
5395 258
7198 3437
4382 5074
5561 6503
3302 2713
5686 5487
4309 2372
8850 5420
8730 1777
5257 3953
3024 6919
3705 7157
805 242
6924 3461
8296 6910
8223 7829
7392 4135
7008 7930
8445 8330
382 2987
5704 6721
6217 4206
6857 8449
5931 6931
2552 2452
3417 8929
4736 1424
1614 1547
8665 3454
8022 4089
2212 2971
1760 5334
611 500
7250 6634
8335 999
6291 3536
4636 3998
8650 4046
4414 1417
5308 4798
6357 1992
5248 627
2792 847
3809 8965
1967 6006
5465 9057
6733 7070
8701 8959
7942 7503
4902 6154
2366 5740
9022 164
7639 6736
5695 4164
7270 5281
440 1348
8212 3215
4442 8982
8130 8880
350 7227
2417 178
8887 7656
3708 5092
1468 7293
3268 8283
3049 4140
1732 687
2788 7903
7076 2142
7522 8813
1715 5960
8345 6115
7771 8173
3103 5471
4263 7037
2539 1603
6255 7608
7499 7184
4623 1356
4128 5863
4555 4111
6982 2293
5878 2586
7996 2696
7004 3602
2126 3914
8951 4907
7016 790
3284 3711
5932 6269
6330 5623
1336 7107
3835 1010
8150 6665
276 6280
2110 1783
3223 6615
6872 604
6212 8585
8653 8854
7480 5053
7894 1008
588 4539
27 3301
7280 5719
6248 4654
7551 4977
8916 3935
2775 2648
764 1890
2703 6157
8454 0
2959 6744
4701 4376
8698 4490
6292 7635
9089 1672
3611 1729
304 6800
58 2442
1955 1177
7364 8878
3116 6783
2276 8565
9015 5244
4419 2169
4142 6650
5332 6204
3286 7378
5592 2671
4538 905
3819 5022
795 2961
115 9056
4775 4824
8932 4212
8966 589
4300 7541
4875 4204
7114 2868
6070 8711
2510 5770
2274 5472
6308 7167
3392 6483
7409 4296
3209 1136
6995 7607
903 5485
657 7345
4572 3860
8254 1267
4165 5502
4943 1081
6758 921
6107 376
3306 5303
6392 699
2997 4409
1949 4232
378 6509
1100 5844
1531 5179
7748 5504
242 8835
1613 2130
1500 6221
1057 3558
7429 2534
8604 6857
3892 7195
912 5557
1881 8394
7720 4094
3889 4139
6078 2382
3186 5066
5763 8946
6204 4452
2438 6565
2847 9033
5175 3022
3999 3210
5755 8697
3000 2
5706 7803
789 8899
5943 5225
3832 168
2457 7978
5663 5904
3364 3716
8991 6371
8582 6798
2415 5856
6391 3966
1435 3784
7416 5274
2457 8763
7278 7043
8351 2967
5489 7605
5513 8455
6964 1580
5980 7758
8658 6738
5727 5519
4259 6749
2351 5201
5668 2489
6141 116
5966 7459
8185 1466
2446 5655
4533 3086
8855 3951
3252 4746
7829 1679
4174 6438
2870 4804
1681 6240
425 6942
2998 2148
5813 4891
1676 851
2711 3886
6034 8488
8799 8700
816 3238
6421 1366
1041 3675
8367 2217
4995 7563
5764 8383
3293 6566
1689 6380
865 5301
5862 608
8704 63
2020 873
8721 1720
2368 3021
2683 298
6697 7671
2502 400
6218 2800
6151 3525
231 4700
6122 1288
3935 3405
929 1856
6556 3491
3316 3826
5230 2126
3640 5999
7301 4502
869 2207
2783 2456
3343 5176
6044 2091
1296 3145
2511 8378
7941 5646
6125 6925
3139 9011
7410 2673
1283 2843
373 3700
7661 262
6378 3405
5927 3623
6574 8987
2172 4604
7744 1485
1763 4242
5346 3297
2900 306
5787 2563
5778 5402
5876 7050
7453 2465
8584 8441
86 4562
5892 5776
2604 2052
2825 4349
1298 98
3207 2832
5743 5038
2098 2260
1915 5381
4262 7433
7762 8412
4223 4686
3136 2553
3472 7465
767 6921
6310 7685
8800 4341
2298 7880
1283 6503
8267 8202
1323 3625
2995 6423
6394 7010
1783 4731
2174 5339
8396 9038
5563 4719
4554 9018
547 7814
674 5013
5929 451
4144 4987
8600 5000
8288 888
4869 6162
1533 2869
1 578
7284 8833
6426 6794
5389 7894
487 5325
4490 8403
4004 7851
8061 286
5145 5025
4596 2478
5268 8202
102 4841
475 2518
2782 4249
6170 5978
590 1811
2863 1646
2498 3431
8074 2190
8930 1849
8669 8626
5278 126
7070 258
7844 4628
6538 8079
8938 4477
6764 1006
7955 4533
3456 6715
7100 5035
154 2890
3346 1917
239 5769
3803 6265
3460 6750
5073 4126
3496 6504
4035 4369
7743 7791
3645 1719
5074 8587
8570 129
1195 4851
5476 5591
3255 2801
7794 5778
5779 6250
1847 8466
8741 2266
6030 7675
9027 6986
7296 4513
7896 4287
6514 4348
3071 8365
516 343
1600 6181
8368 966
5274 849
3650 5401
8545 5603
8287 705
901 7629
6565 4020
7598 8429
2662 4033
6996 4779
3400 8272
5015 2493
8128 5256
4802 8122
8798 7707
5692 5581
8081 8601
5555 8408
1720 825
6173 2484
5483 3612
1258 2336
3090 4410
3985 3001
326 6661
5388 3204
4848 5068
478 5273
3442 5768
7866 541
7035 2589
1969 2446
4673 1676
6261 7524
7720 3279
4808 5044
7125 410
5022 6905
1886 1333
3421 7762
6886 3165
1938 3416
6698 1353
787 6344
4674 6169
7278 3830
8260 5566
8233 7371
6433 7739
547 5331
4441 3493
7705 7289
3948 4106
7483 4933
4494 7752
3203 5696
7723 6870
5731 8516
7250 5819
3831 3594
5438 3621
8957 462
8858 3764
1497 8987
7008 7665
2723 3785
3936 6550
3098 8795
8574 1837
1370 7558
3820 6683
2036 8563
1098 4967
7544 6254
5289 5037
8455 5795
5107 7641
4424 1526
1664 2422
5968 1545
6105 4007
2879 7609
8325 4642
1660 4758
5777 8061
8983 7658
5599 8152
7381 1733
7304 1782
4921 1949
7397 965
6114 4315
7557 9045
4619 4884
2474 6014
9066 5407
4368 2973
887 7662
5106 4525
7131 4322
2483 1456
6012 2039
2309 4724
7457 5205
8888 7591
2540 8913
8034 1327
1598 7252
6541 2988
4359 7804
8398 6003
4144 7971
3702 586
7286 8038
4090 3766
1229 2288
6302 8750
6813 5329
69 1655
61 2049
8364 5987
1645 6064
3856 6782
655 8333
4616 301
1219 6995
1531 8827
5872 3662
4575 1826
2241 3394
7653 2188
3681 3683
268 2624
8165 7068
7786 6585
4370 6637
3854 4835
726 8542
1493 4760
1055 7067
5253 2392
8033 7881
7357 7553
2035 3798
3612 2913
793 8417
8304 6664
6886 8615
3305 6519
116 905
8804 371
6947 5650
4035 5099
3381 4229
8562 8324
7483 2587
8456 132
1188 2096
5080 2814
8965 4107
3987 7474
7729 7083
5326 3713
5704 2936
5161 4471
8251 6675
3895 1608
3649 7509
4313 189
2908 4281
6855 2858
8846 5582
5948 1857
6206 7190
7930 5237
2291 1637
6058 3125
1092 3588
8331 7375
6307 2167
3207 32
6271 8365
2959 1697
4801 512
7956 5303
8226 3299
2860 4638
5409 4177
8627 6628
7055 8524
2782 5509
2005 8880
1097 7247
6272 3693
500 6080
606 7081
2628 5764
338 7514
4552 2261
6747 313
7165 627
4239 2469
3243 8236
7307 4506
6759 8697
1333 376
6526 8707
246 2379
7288 4020
2049 6193
7442 2909
7206 7774
3395 4064
8871 8484
1328 6921
5362 6895
8490 6817
352 3135
5244 171
9009 3482
2425 559
329 5382
7958 4055
8925 4636
3258 45
7947 4283
3170 1125
7396 8926
5452 7818
2688 2301
5060 7599
6615 2902
4937 1688
4127 1321
1507 50
6359 5230
6700 5580
6628 995
3468 5571
5825 8868
949 2857
4405 8287
7533 1775
3046 8935
8902 4625
3290 7640
915 2054
4191 3611
5735 5921
6125 724
1862 533
4868 309
3909 3576
1902 6139
7185 556
865 2500
55 7850
557 6997
4692 8054
5065 7455
2479 2703
2419 7376
3915 3079
6863 1679
6934 6820
8719 6583
853 8930
5176 8655
2940 2968
4419 483
4077 8603
6459 1255
125 921
8328 1939
6884 8509
5693 335
4614 357
2794 6836
7763 773
8204 622
5774 3854
5611 5951
199 5149
6932 2958
1465 626
115 6837
7580 8744
233 637
5411 2700
5333 4415
3618 2068
7299 3487
1873 4260
4424 8279
4265 3675
5388 260
4560 1227
7339 950
2015 8504
2621 2715
6382 2611
8662 5921
8091 899
5173 5994
2965 7783
6970 8616
5096 5822
7344 3501
5791 9003
693 7002
5287 5956
6967 528
7270 8194
2257 342
4936 7073
5573 9041
6909 1914
6846 136
5673 2238
7743 2473
5057 9088
5746 2015
2367 840
6608 349
7267 5751
4467 1714
4521 5065
6218 4651
4253 2757
5403 3475
7183 6867
4155 4563
8440 1174
5302 4604
3863 8839
59 1953
250 6005
7416 1856
7207 5870
7838 4556
1359 205
28 6262
948 7969
3470 6052
5739 8814
7972 5294
9052 5579
3538 8285
2340 5425
2966 6271
6972 3601
3249 5265
3276 2354
294 3228
4088 3516
5216 799
5534 8678
4159 3493
1412 7213
52 1899
7078 1300
1178 7095
7126 1626
3834 7324
3085 5107
2924 6287
359 6677
1190 8120
7961 1504
2735 792
7448 3970
433 2064
9083 3125
2812 2029
2877 4781
8682 8294
6083 2765
810 1107
712 2066
3603 2648
5503 3217
6523 8659
6481 7597
4648 3771
4324 6370
2699 404
2157 2940
7174 4682
1218 3775
2580 466
5437 8334
4312 2990
4168 641
5302 1081
4376 5201
6276 802
8122 8743
352 7686
6915 2304
1684 4215
6538 4695
5520 4855
2763 750
1368 4286
2931 3535
3337 40
5177 3326
9025 1183
1578 3175
1575 6646
5175 1844
4919 8895
5109 362
2156 6908
4221 3490
8276 7281
5713 935
4150 2656
7676 1630
4613 7625
5253 5484
4557 8441
990 6694
2701 1990
4098 6958
4799 8438
9068 2570
8873 4373
2466 41
2186 4846
197 5659
6613 5639
762 2789
6716 7843
1489 4334
5900 5558
6053 2778
6692 6030
2351 6314
6612 2184
7596 3995
4159 8140
2581 7963
1766 6987
4627 5832
6089 2386
9078 1942
3128 3484
8317 2917
4885 7347
5823 2666
8654 4131
864 5864
3439 8942
6441 7886
8608 6238
8345 709
7231 1834
3648 6132
1797 473
2233 5354
928 261
2956 1505
1388 4225
7330 8659
6510 7526
8731 8242
2947 3199
8352 5722
8780 2967
179 4549
1239 6405
6951 2287
8206 4813
8008 8137
865 377
3633 8854
695 6623
2313 3900
2038 2073
3178 794
5210 7216
4065 4729
1914 5618
7034 2537
6103 7808
4640 5406
2509 1263
7072 8687
1055 3826
5103 2402
2181 957
2390 4916
3455 7149
5432 4892
8606 6171
1290 2808
6260 2369
6338 6425
8498 6908
4718 338
7234 8486
163 7551
1672 2461
8144 192
7826 1914
5910 5691
5226 2096
8786 7957
1451 8942
4757 8041
799 8435
7703 8852
5808 6099
4387 6356
5282 6062
791 1804
8045 8319
429 1381
1247 5621
151 1223
3275 8706
897 4395
4570 1726
5674 1343
8435 2858
8037 476
4263 8113
7290 5865
5835 210
8831 3232
5069 2244
2510 5498
2043 2344
4212 6644
7046 7924
5148 7107
8722 7887
7502 1920
2641 1598
7506 1355
2834 1669
2636 4045
3396 859
3189 915
7464 8033
288 5219
6275 2391
3659 1457
100 541
8428 8153
2789 4504
5026 5796
5713 4029
7478 567
6490 511
6282 6377
6075 4700
4680 4637
5488 6201
6596 3880
7034 1559
5870 2993
7846 5965
2800 2741
2981 3544
7294 7025
846 9040
3907 1273
9021 7074
1634 3461
5252 2454
1161 1995
383 3943
501 4543
6085 3799
6467 5615
3446 4784
8481 5881
544 3459
8835 3434
8365 60
2848 7285
8237 6664
1525 3853
5457 175
2363 3108
7480 5037
8362 2239
248 3994
5254 2856
3040 8439
5657 4413
1002 6230
3479 7864
5349 8269
1721 6965
17 3037
6651 5071
607 5309
6839 3972
7830 4981
1317 1553
7797 2537
2705 8254
20 8558
2738 1979
8009 3161
3317 1404
429 3697
2672 8745
8498 4485
8600 8995
5748 2847
5843 66
5686 2314
905 2962
1511 7028
6949 7506
1070 2223
464 1774
4654 941
7440 5036
1198 3494
6393 8338
1294 6286
5324 1567
3661 7438
1951 826
6978 7704
6658 1991
1053 6309
4284 7010
1518 4953
6262 3476
5415 8595
6676 3575
836 2470
8566 4323
709 414
5284 9066
8873 5510
5589 6190
7826 901
3518 2611
6462 2293
410 1278
6424 1707
8042 3521
2268 375
3455 1507
8317 4773
7289 6160
3930 5313
5491 4529
3186 8769
661 6313
6605 3950
2798 5094
4961 8090
2359 5955
6847 6327
4010 841
8648 2703
2544 1088
5399 7239
5749 6595
1404 7525
1446 6139
6599 7063
7420 3631
3185 462
455 4665
2748 4858
4429 8406
8349 6134
4368 404
7282 6053
2276 4357
6474 2033
1341 7952
7595 4384
6288 7628
3434 8354
4555 3996
3025 270
4580 3881
7577 5004
3106 3274
4938 5349
4613 803
7989 6875
2083 3667
2037 5908
6769 6069
2980 8336
4009 3859
5731 7288
8168 2564
2242 6957
7680 6948
5215 4126
6014 909
341 8625
6001 5409
7833 6861
4949 2884
6984 2220
5707 4293
4140 7601
7754 3375
356 8799
8016 2523
3897 5033
2634 7447
7528 8209
7463 6666
4518 665
916 6247
44 503
1613 7673
3097 8165
4970 165
6431 4230
8176 1312
9026 8373
4881 1209
8483 8
7142 7267
7670 931
4093 6951
2432 5084
1386 2369
2491 2334
7880 4016
7628 3916
4269 840
8602 546
7331 2696
795 1934
642 6552
3871 5899
2952 5841
4854 8554
2219 5449
7351 1983
2378 6350
450 8025
3037 1270
814 1512
287 8790
8803 3899
8879 2084
883 2811
5036 3149
1978 5499
568 6496
8453 3966
4478 2234
1960 2280
4591 8919
1691 993
3235 8801
3765 7274
5465 7859
6801 5909
680 5845
2387 964
1818 7648
103 1123
6555 5597
1397 1166
7157 467
3278 2953
8740 6660
6945 8416
684 7960
109 7586
6091 6964
8409 5514
5780 1406
1604 3786
4628 6954
3267 4313
8018 6729
3255 3574
6143 219
301 1635
6370 3427
1718 4789
1535 1699
4630 902
2026 3117
6097 238
4583 597
4688 7541
1742 6749
2715 5630
2941 8641
4615 8613
1764 5058
2947 7240
8354 3924
6752 4022
5736 6495
2420 8844
9049 2278
5358 3981
3706 7746
2943 2097
1005 5252
5373 3236
5294 5833
11 2866
8862 5529
102 1523
8567 4980
6227 6090
3136 3692
3824 3578
542 1546
8927 8959
184 1069
1172 5737
6294 7202
4832 2908
8505 6061
7697 6000
2987 7194
6379 1467
6284 7160
4621 5917
5056 153
4054 1898
629 2253
1131 3756
350 211
714 8123
4664 3541
6474 8877
2229 3661
8475 8855
358 7560
7467 1346
7179 4669
7293 7409
6403 5977
7407 7840
2247 8710
1964 5414
8890 3215
3790 7280
4814 4220
5069 8179
3522 1255
731 581
936 6707
2832 8656
5642 2736
8407 4324
6912 4450
6854 6046
1738 8101
4593 2240
7334 8193
2904 4305
5732 1408
7191 2123
7094 8325
8373 2393
3803 2566
3146 7805
2868 9056
9047 6215
1410 5782
846 8059
7822 3923
7406 5155
8050 4231
4744 8758
7992 296
8194 8965
4416 6632
4243 6523
7602 496
7643 4961
1884 8015
3135 5446
5460 4545
5158 5267
6750 8231
5688 1372
5853 8401
6238 2495
7318 7640
8841 8082
80 7780
8335 1323
6625 5413
236 2549
3460 7546
5123 3556
9069 704
2927 844
1963 2590
8275 4935
3315 2916
713 7884
1491 6260
4834 2246
670 7754
1393 1352
1422 315
8738 5606
3707 3404
1978 158
147 3174
5108 2149
5198 2321
6610 7083
4111 3035
138 4782
1560 2622
6395 4389
4640 7907
2135 2058
6800 4492
5869 2481
124 5411
4791 3243
1897 7431
3758 1891
8736 2497
2119 5887
3253 595
7568 4867
2764 3414
4251 4252
2551 6489
5792 4279
24 7927
2047 2184
654 1274
6442 7686
6215 4473
3386 8895
407 1235
3781 5924
2107 6107
3866 8970
8358 3616
6505 1754
7076 5767
5276 7867
609 729
7025 3036
7939 8713
2373 5938
6231 3507
381 3555
6818 8443
7302 6115
321 166
14 2112
4548 5831
2352 8934
5091 7545
5230 5439
5530 2193
6248 7901
3837 569
2435 3983
3827 6873
2788 668
8499 5055
5047 4669
4444 8389
7028 798
4985 6875
2191 2095
3907 4623
5376 8810
5855 945
7178 1982
7895 6433
3978 6649
1931 452
6960 3786
4033 5068
6473 8807
3927 8223
7069 1073
6692 7469
7560 8056
6311 2912
3714 8403
1717 5770
4577 4374
2080 6029
6378 2383
8993 4751
4946 6121
8140 5310
4358 4615
4682 3034
5912 5997
1397 6120
1238 5874
8155 3671
8284 276
5725 3643
7743 1374
3464 3940
7150 5390
4050 2127
4890 8293
3185 4840
505 5642
3625 693
1971 3983
2867 2512
1710 5297
2787 5222
8232 3395
2870 4592
1387 5653
5366 5352
8343 2429
4708 1512
2680 4481
8048 5922
3112 8519
3211 6464
3509 2603
1871 2670
7161 6646
49 691
4766 1856
3182 1292
6819 4310
2818 3271
3428 1362
2269 4978
8992 3366
1454 2687
8847 7355
4730 4125
5131 8954
5871 2815
5585 8144
2173 6612
900 2498
3204 4871
1537 7104
2283 3934
4024 1601
6358 8382
7089 6141
4477 4895
2208 1432
2821 5680
1536 7414
6352 2132
6627 3709
2058 9028
6244 8301
1106 1753
5383 8560
2342 4056
846 6757
6373 4647
3198 1773
8103 8187
850 1750
9013 7588
8280 5674
6610 71
167 1097
5812 5447
6931 2854
5265 4320
6721 5067
499 6272
2855 1731
7255 2444
4364 5672
8274 3677
8945 3876
7790 5999
3486 3539
7827 67
1012 6022
457 605
1090 134
8822 8269
1135 1975
1750 3974
5421 8106
5034 7356
2212 2454
7250 1324
764 293
4131 3413
5960 8387
8653 7406
704 8205
722 7387
2516 7794
8028 8456
2669 5121
5124 6168
5480 6959
2009 5579
4584 2465
4828 1591
5479 14
431 2044
9008 3458
7470 49
994 4770
6957 5064
6153 4986
4772 1880
6315 4861
7920 6321
6984 6165
694 6420
525 3083
7752 5246
5177 2634
465 2141
1334 7555
8494 2304
8973 1097
6368 2912
5026 6290
1696 3843
8238 3337
1822 5880
4630 8437
892 6876
6154 7653
4294 7243
5913 1503
3794 4309
1176 7077
7226 3587
187 1533
489 8747
5477 4486
3684 5579
1774 4909
8734 5873
5324 5486
8611 8904
5526 3431
8369 4291
7676 6695
5118 2138
4182 5128
1717 3105
8714 1759
1109 4526
8089 4853
7846 8864
161 6019
1528 1424
4421 838
7749 521
7482 5693
7547 0
5612 4457
2209 6081
1742 3045
1320 7098
3852 1860
8285 3429
4927 2096
1694 6087
266 7966
5953 1652
8531 2630
1390 2931
435 2892
5276 112
6301 5712
8264 3593
1206 9085
1606 1709
5338 5209
5385 1546
3447 8078
3669 2616
4906 1054
6790 451
959 6838
6966 6423
7310 4842
5040 1813
3049 594
321 6226
2250 6083
4671 1876
759 676
7186 7117
1140 4025
1138 5830
162 7211
6542 4763
5785 354
5164 400
3391 1656
3499 7644
4451 5850
1564 8440
3752 3673
7587 1206
4043 8959
852 5921
6921 6381
7627 3226
5058 7179
5739 1827
2415 3278
5660 7384
4011 8584
8191 6707
7586 543
2783 3385
2776 1077
9052 3556
2064 7831
8376 628
2764 6495
6419 3874
5825 7703
7650 3945
6515 8467
8240 6718
6808 3101
3665 4708
1199 4376
6487 1387
1549 7271
6597 292
6384 456
8355 2626
7893 4584
3568 3182
2601 5023
708 6281
1462 5596
8020 2635
8543 8620
5053 2376
1355 6190
8277 3251
1383 5613
2914 3458
8719 6475
2282 4389
4010 3441
1713 7773
1112 479
8922 7782
6148 6762
4575 3669
6780 2555
1565 6400
6272 7322
5913 3460
5790 3164
8392 2202
7054 4636
4992 4344
8506 672
1845 8032
1128 8378
4023 8832
4465 3103
4674 2797
7824 5291
3446 1184
8472 84
881 6002
3960 6342
3289 1740
8235 4803
2111 7841
1157 7937
5688 5765
4391 2354
8910 1262
311 2065
5416 908
4072 7873
1292 1535
300 6147
5584 4837
8299 5870
8994 6483
6640 8015
5963 2755
3177 6480
6295 8217
8222 284
7459 2431
7662 5909
7072 2469
6611 2098
3566 8148
5043 1581
5707 2984
3961 6998
6691 2507
1676 7619
1395 827
364 7261
2528 4297
8970 2947
4777 2798
7901 755
2113 3627
2535 2297
3005 7786
6122 49
4781 6654
8539 1367
3 2410
3566 7767
8258 6780
6857 3489
2557 4909
4573 7629
7982 4408
5306 408
4068 7539
4509 1296
1831 5914
1637 7415
1220 5778
7088 1283
7772 8444
7383 8691
5721 6674
468 6388
7475 4095
2804 6391
2928 1849
7355 55
8553 7702
5161 238
3127 4347
6276 6332
6898 2066
938 1829
5390 1307
7454 6781
813 673
7906 6500
5753 5019
1793 2731
4093 6490
3910 3506
980 5336
5629 6407
8725 8726
4845 1082
8510 5975
7880 7135
5616 1114
5935 6787
7862 6164
4208 9084
8940 777
4242 8847
4973 4783
7963 6040
3595 8580
3975 1118
6079 4849
1625 6538
3029 282
3990 6736
3307 8494
3394 4238
1568 3427
1245 4294
5042 3943
8724 6705
5670 9010
1076 4548
5483 279
677 3465
7473 7784
2629 1048
3648 1126
1371 9049
6779 3298
7830 5164
8211 1474
7642 3947
6743 6545
501 7400
93 5240
2072 1859
7574 5875
6957 8501
7631 3446
82 283
5707 5981
665 581
8186 3349
3979 8413
6990 7182
3536 4248
5247 7214
104 8659
1126 1032
416 5927
6844 677
1495 7923
3101 4574
7006 5009
7356 5733
4115 5896
3638 2559
5468 6599
48 1191
1696 1455
3050 453
8297 1532
7925 3150
6146 577
2277 4280
7132 1534
2321 6518
1105 2589
2137 3104
5263 1291
3280 8592
8060 6670
5186 763
2044 1511
2720 4870
5416 8216
4316 7843
2861 4869
8820 6919
3169 2219
5146 2477
4063 330
1687 591
1431 2354
2389 2792
2583 5208
2557 1027
6802 2921
4924 232
7393 7016
5081 5971
7410 7991
5867 7622
1395 8068
7488 4424
2013 955
5279 3973
2989 5611
4454 6549
5768 3701
7757 1375
2089 1551
8926 7214
4950 3590
5258 2677
7351 418
5593 1842
8126 8759
922 616
3132 7751
7141 2413
1874 4767
7544 4318
7175 8409
485 8443
6955 2087
6036 6185
7444 1961
2378 4144
5143 6263
6944 7044
4604 3533
5868 208
4325 837
4466 3272
7632 6609
7837 1717
6114 5470
7148 1665
1990 3931
5626 2605
697 4620
8353 4564
5468 7675
5928 8529
1605 4084
1842 3025
4136 6633
6085 9059
4041 7589
7543 9070
8257 4933
4980 2912
4685 5475
1289 8893
2238 5684
7541 8423
4446 2039
6602 2193
1222 1058
6044 8943
4786 2199
6213 686
2386 8115
5475 4230
8040 3082
4587 2917
4988 6564
4401 4208
3336 5309
6363 1277
7078 2111
8054 7487
6492 7905
5679 3367
7247 2879
2016 2180
8040 1326
7735 6061
1822 7439
4058 2821
8865 577
789 2012
5344 3323
2523 8294
8891 480
4899 6189
2929 2879
8594 2759
5547 1251
2501 7530
4138 1583
7847 1657
4962 4885
4698 3809
4603 249
2267 769
3340 6348
1266 1843
3383 804
8958 5909
6598 235
3762 1692
2832 2659
1084 6662
8786 8487
3522 8918
8712 2726
602 3810
847 8124
6440 4475
5217 6010
2574 8106
3953 8170
1399 791
1383 8559
716 4788
4840 3049
5101 4602
4976 8154
4970 6354
2872 6829
8250 2134
5703 8250
1878 3792
4929 3568
8306 296
8131 6924
2797 4244
7295 243
6183 5140
4734 933
1919 3536
5811 7997
4505 7433
4965 6571
3352 96
6794 2595
2439 5616
1031 7575
7885 1590
4508 7459
3221 7643
7154 2426
5312 671
1035 615
3373 6571
140 3857
7081 6295
6698 5445
5846 1112
8009 4329
2667 1739
7930 1353
5518 5708
6281 6903
2606 8628
5115 4250
4495 8567
8956 4946
1281 1593
8373 223
6270 3646
1274 2812
5157 4663
284 5088
2497 7770
2665 2885
6767 7470
992 1530
4120 2539
7813 2889
3571 3143
3124 8971
6894 1821
461 6741
8131 2694
2730 9028
5322 8097
5349 8218
1007 6394
8632 3622
4258 1331
5293 7280
2754 7764
5647 7482
405 2942
1838 6284
9014 6287
8458 454
2499 1494
8504 139
6764 7668
5848 3474
2675 907
3127 2349
2137 621
1735 5973
4821 535
4534 5815
3488 8547
1309 8066
2700 8616
5432 3483
7824 271
7079 1295
7296 653
7408 68
8086 5775
7614 5861
7738 250
1103 7910
7835 4270
2275 7386
896 6807
138 5490
5754 3690
3281 7770
51 7198
888 3088
536 4276
5180 6706
4986 2361
3418 2827
5197 3109
4956 1369
2144 8949
9056 818
5282 3593
6068 7692
9052 1681
5992 7934
6787 71
5348 8524
3295 6095
8309 443
6830 4273
5768 6927
3051 7149
243 4606
3992 1414
2746 4257
3848 3949
910 5801
5756 7153
5453 2408
8488 6814
4089 3726
4594 7632
99 8852
2764 766
7907 4487
7456 7632
2849 954
4633 2582
105 922
2558 7688
6534 7033
6172 7128
8192 2067
7288 7107
8918 3491
6243 6809
4035 3908
1379 4296
2148 2191
1165 3511
7298 1978
8979 8281
5980 4509
1055 8508
3102 4142
8049 7845
7209 5061
364 3372
7437 3970
4441 7106
3207 3563
7340 1838
1351 1164
1762 8637
5494 7018
472 3662
4075 880
168 2890
4855 5401
7895 2762
5220 323
2891 1459
7380 8337
9030 5140
2698 613
8893 7542
5816 3929
3218 4123
3759 5670
1495 2093
2169 1530
7411 8061
7963 7390
5748 3379
2867 3321
8362 1254
1177 3925
2408 3312
4052 932
7317 3847
8988 2406
986 4192
4730 54
8552 4042
8132 325
6823 6573
5485 8847
1263 664
8436 3138
3824 8586
8118 5958
623 3535
6383 4723
2094 3391
4469 661
2503 1402
5568 8656
8393 8620
7730 4431
6760 781
5209 698
2495 6958
8718 4094
8765 5834
8339 2961
5657 8719
3271 3004
7041 7217
6910 2248
8324 7120
6912 2698
830 4795
7129 8193
1068 6869
5834 796
6165 7362
2769 8774
6054 227
3487 9049
5950 5152
8634 4537
3599 431
7236 8482
199 5369
6825 172
6876 3467
8922 6499
3224 459
4130 4425
7858 7233
1024 1352
7611 3071
2827 1221
8933 7842
70 8229
8696 8720
3167 8330
7247 4245
245 2519
6583 5557
1616 4356
4243 1552
2429 7042
5135 3874
7723 3192
809 2051
3980 2705
2020 4133
4097 6738
1641 6452
2479 7207
1998 5276
831 8427
692 2665
4626 6278
2982 3782
1787 5002
9001 1908
2364 6040
8345 3416
1599 1649
8346 2716
3055 4220
9070 5942
7958 1428
6439 2600
3637 3029
3397 1402
8920 2715
6455 5686
5580 5972
7735 1792
3697 1004
1911 785
734 3135
8912 8523
6591 8664
8180 443
8400 2145
4277 8623
1785 153
2791 8842
2025 5634
2599 3694
8161 8944
2614 7949
7714 3965
5232 2714
2152 2887
2307 7184
3093 8988
2645 8451
7621 8931
2442 8968
5612 655
2038 8585
5089 3678
8778 6728
2336 7454
1879 2283
6659 1734
8468 4179
1855 8699
965 1891
2556 3901
350 29
2427 3993
4973 5977
4566 2441
2617 7390
311 1474
1451 202
6425 3967
2756 4440
429 8027
816 5317
314 5838
3319 8754
3979 8963
8674 7850
7362 77
8034 959
3579 9000
2114 7858
1622 6884
7320 3147
8838 5199
3801 6641
7554 4090
9051 8173
4121 4906
8032 1848
6008 7395
6183 6715
8508 832
3562 5304
6648 546
562 352
156 8630
2320 5439
4366 6087
2948 3225
5847 7223
5307 5695
1190 8702
523 8159
8629 5757
5089 5165
5462 2732
7740 6505
2700 5220
4061 1544
5832 8605
4311 2405
8186 2990
2148 4196
7825 1499
6264 2067
3789 1574
4390 6163
1804 7389
6188 3478
5440 5886
4248 2611
224 7629
4346 5285
1077 2979
7434 7281
6903 3190
5019 3687
2151 2376
7493 6601
3586 2644
7210 3078
5336 5030
8523 6113
8253 3119
3636 2858
6234 8072
8308 1961
6582 7858
6855 6084
6933 1562
5462 743
6885 1010
1130 3327
3546 2366
809 6180
7 2588
7382 3143
5846 6258
3520 1503
5445 8243
7007 7160
1954 6252
1754 6597
8109 4058
1465 4212
1268 6833
3129 6730
8961 6509
3085 2597
8660 2655
566 8339
7849 8509
7226 6412
3617 1471
8986 4581
3627 6766
8678 6859
7236 2231
4715 2177
626 5895
8607 3093
1254 6432
6864 9023
5788 6903
3616 8283
5061 1731
5094 7515
6349 1637
2522 813
7564 3841
5893 8067
5788 7668
180 1236
2549 4998
5558 8553
8787 1623
540 6436
6781 5996
8829 8967
7025 3341
3130 8249
6695 5032
1280 72
2116 2017
4325 5046
4041 2503
9032 6147
8910 3375
1014 6499
200 7550
540 4328
4643 2031
264 6168
367 4585
7026 6517
448 8048
656 1488
5338 2369
5010 2121
7290 4632
3924 4307
1677 5714
1904 2087
2227 970
4191 6492
2865 8467
1966 5692
9008 3849
8060 4038
7627 6268
886 2137
1211 3614
1054 773
3189 7946
7435 6474
5232 2713
5112 4722
321 1091
5305 7381
2276 22
8005 6372
4251 7722
1922 6323
1565 5036
1407 871
8372 7851
2099 5313
3986 1543
6860 7230
1228 3652
4169 7531
3754 1545
5119 6123
3075 4085
5805 548
3469 7371
4188 5293
7849 4003
2487 5182
1395 4141
9061 3696
6155 2637
6253 931
3486 2235
1253 7680
4560 7337
2846 564
1035 1872
5729 7019
1748 3612
410 4649
6865 8482
4274 1896
6617 2094
2120 7484
342 3118
6740 466
46 6431
5110 5180
2649 444
3037 3257
5294 648
6161 2032
5139 397
3920 4569
3387 5415
5808 3789
5397 6733
6493 7364
997 5680
1426 2512
7298 6465
5419 857
665 4534
5801 5469
7348 2213
5760 6496
3109 4827
4236 579
2440 8635
1527 5829
9055 926
3579 4732
1275 8648
2145 7105
8681 1509
2038 5705
4058 2282
5607 6269
5458 8830
6876 2411
8611 5262
5609 5202
499 440
1496 2579
85 6099
6751 4071
7960 346
7052 5633
3341 456
8800 7504
2835 2771
4436 917
869 8964
8098 7634
5546 5388
7668 1533
2644 560
2339 654
5214 3423
4590 3826
804 669
7822 6868
1661 8602
7871 4502
2724 8234
6888 8121
7957 5598
5116 3512
6596 6561
2648 1124
2722 5127
8653 525
2968 2978
5176 7302
7141 5273
7897 985
8444 252
4904 1466
6433 6430
4330 4224
983 1282
3800 7888
8290 1310
1422 4784
5205 446
4834 152
2317 5160
5696 907
6617 3032
615 1228
7689 3936
8339 3814
3834 6516
4754 7488
8938 2719
5879 6899
4021 274
1084 2315
3268 1776
8479 4462
2642 4497
5063 1136
2101 828
1191 5623
3035 7741
4449 3912
8181 439
6346 6378
749 221
81 312
6335 8146
3696 3287
3704 1003
8340 2071
3173 5542
4646 6869
2227 1145
2468 1537
2900 4629
4655 4825
7382 3371
3767 5268
7962 1248
5560 7514
4503 6551
7638 2649
6168 7606
8390 5484
1527 2769
8354 261
4700 4093
8003 1066
656 8734
5710 5830
1319 8790
4172 7653
2824 2675
8186 8673
1003 5546
3242 2464
7813 7878
8764 8881
6827 7855
5058 5185
2485 113
8922 7101
654 8939
8145 7118
1600 7348
8633 477
4134 3860
1571 2115
775 3179
8916 3084
3060 9009
4599 3910
1239 2568
7310 3154
3263 141
7666 3656
1744 5959
402 4641
4854 5471
6688 6996
4221 3985
9084 4235
2761 39
222 7276
7259 6041
6813 3244
4001 3211
5464 7335
2840 596
4037 7627
739 7688
624 3607
2400 3931
7797 3626
2881 7843
3174 2416
8313 4698
1212 1142
7978 8323
4517 4832
2751 2356
5702 5950
315 5547
7695 6948
3425 3755
8221 7669
8428 6078
8477 7625
163 752
8233 2429
1711 681
6748 8808
1111 5384
3644 1098
8989 2327
998 8293
4273 8031
7419 6241
1273 5139
6267 5383
4067 172
7070 1324
2550 3257
5344 2516
5849 2491
3351 1320
1512 3410
4898 1327
8368 1900
4323 1049
6506 479
4503 3354
7461 1655
820 7189
6799 4199
4672 829
3865 3347
180 4407
766 81
8480 8038
2572 3096
3811 3640
2815 2463
6676 8999
5990 4834
6930 6844
8237 3498
8802 4949
1214 7287
3392 1129
7256 2763
7510 3474
7319 6775
462 6678
8452 1276
8933 631
256 3322
8983 3368
7387 8671
1358 863
4949 3675
1773 7248
25 2958
8024 1241
3200 9027
3822 3188
130 2948
890 2693
6363 5920
3884 8260
4271 6517
450 2437
2498 5988
9015 5727
1347 3639
1650 3847
7641 3390
853 6235
3331 7164
6605 6774
2296 2197
3492 8268
8834 7237
3004 7619
8417 3679
4586 808
6020 5668
8543 5878
1854 2459
8163 2363
1829 2377
5096 7451
7032 6934
7494 4951
4040 7904
2305 6463
3113 6386
1479 4102
7200 8423
8097 2055
1619 7124
2994 1166
7684 2131
6781 3574
6016 7914
3799 1396
2100 3486
5396 4374
6421 8972
4326 5989
8603 6411
109 8757
2478 2355
7825 2434
1617 759
6455 1785
3417 3304
5034 6491
2901 3216
7772 6486
7170 6041
7248 1550
3941 199
5957 5971
4707 308
4282 4987
3407 4874
6094 920
5481 7635
8961 4170
3738 4543
8558 6885
5015 5952
1818 4393
3582 2564
6621 6804
3607 7171
627 1796
2995 7238
3851 2117
9087 7053
12 1966
7835 6950
3579 8577
826 117
3292 4169
4765 7987
231 5916
8743 8623
2721 1817
1840 402
6321 181
7291 2469
3067 3836
1866 7051
3264 6861
5242 5307
3944 5695
1966 2408
4759 8066
3224 8598
426 3707
3113 3779
8983 4661
2980 8085
281 5834
6312 7787
5833 2627
7324 365
3657 1121
7925 4143
544 2361
7792 190
322 5945
6790 2923
6553 3039
7772 6985
268 4565
2064 2060
3779 1716
5073 1239
1597 5489
149 8222
4250 1310
2529 4806
9029 8285
5158 2112
3767 7241
6011 2614
2856 7769
6390 2389
1494 6881
6416 1662
7714 4931
8843 8284
2390 7024
6930 3288
241 5537
7086 1210
2957 7962
8648 2983
1941 84
6315 3041
1086 4218
6012 8251
6657 4990
8740 153
9002 15
8755 1348
8936 4429
6845 4904
496 5067
5100 4114
7885 1570
5671 355
1778 3956
599 6565
6477 6047
1120 2204
3217 7876
9080 6167
1450 6202
5529 1551
486 3281
8020 4506
1863 2849
4978 7820
4522 6391
2118 7734
6297 110
2554 1110
8969 6689
6866 5531
897 3191
5214 4008
2365 3016
2806 5430
3658 6196
2679 2346
6856 798
3859 1799
1906 7690
338 519
4707 333
8483 3936
8591 3806
4235 5735
2424 5493
4728 3451
6813 2725
3769 4816
7084 2921
2743 4685
5796 8520
135 5809
2790 8504
4552 8924
1884 8338
3215 3448
401 1459
7297 9022
2949 3198
1907 7902
7790 2770
7918 6231
3757 3003
4940 8826
2310 4945
3262 3658
5141 9060
2159 4725
7258 4148
1052 4327
6422 4765
4852 8519
4565 2195
1894 4833
5476 5095
8935 5504
5962 299
5847 4595
6709 3426
4243 7011
1213 6372
4886 5045
3866 7218
5774 7953
4702 2778
1749 2215
6575 8757
7755 657
6631 2223
2525 3511
8614 1987
8250 6479
6116 3796
2076 3607
8070 1361
8929 8790
5362 625
2376 3933
7913 125
4975 5289
1704 5288
1394 3530
9002 5552
716 3453
8287 4207
2727 3165
7399 2035
3409 2795
6482 8118
3040 3660
3363 4454
6451 1515
3412 875
6154 683
5970 8140
533 973
5869 6563
4772 1554
6032 8325
7289 110
6064 6805
4112 3321
2809 4103
1993 3575
8066 4343
54 6947
2494 4845
7557 8401
2767 6455
6377 1105
5206 8222
6016 3544
7449 5926
3416 3168
1624 3805
6279 5953
481 7122
7441 8388
3167 7
4626 7538
8134 7166
6727 6285
2862 3044
994 5815
6442 8427
2631 587
3187 2744
2746 26
8235 1187
7885 1927
731 8194
464 4991
1751 6980
2749 3922
6547 8584
2150 1716
859 1420
5574 3116
2680 6900
8776 1424
1893 4889
8826 4247
2059 385
4395 5430
658 3407
2423 5824
8387 7060
5366 6840
6579 617
1807 5025
1555 334
4083 780
2974 1617
3888 7779
1833 7904
8976 3767
3017 6549
5097 3925
278 3775
4880 5671
6812 7108
2736 7570
958 7153
6026 2046
7840 4439
3679 6309
5272 3270
6753 228
1878 3880
4609 7159
6160 5422
3440 6265
5638 6178
3882 7778
7343 7652
1575 4931
5101 7135
6604 1703
5602 3006
3692 6525
7737 5241
4978 1541
191 1100
4240 3163
8546 1385
7569 8960
4968 6225
476 8587
6166 4140
395 630
7570 1858
8841 5505
2288 1628
2341 6700
8807 2803
7342 7132
3667 6372
1457 1067
4844 8127
8348 6150
2390 459
3359 5065
8189 6990
3030 7560
4397 8161
7234 6863
7180 7559
5501 5211
1127 8522
6866 1976
8858 6826
8472 5531
141 3573
1876 6200
6863 4885
1303 7987
6803 2260
771 5626
1536 8058
5612 5641
5108 1880
4178 689
2886 1610
6567 2936
1349 8036
6389 2266
5665 8825
2865 6524
6468 8844
2117 3240
2187 8606
7692 6549
7367 157
2190 6724
1017 5703
7334 75
3947 1050
8809 4496
7311 5251
3619 6164
3009 3213
6569 548
8845 3476
3999 7308
3804 5328
6224 690
9030 3930
2925 7666
8002 3594
6947 4237
1287 4309
2862 1485
7115 874
203 1091
2180 8590
2301 1244
1026 8329
4364 5830
7849 7193
6314 6564
2760 1153
1264 4334
6483 8577
6339 2562
3092 1190
8784 6685
7290 8915
4923 6344
5812 1709
6618 1191
95 4676
7008 8526
1759 7699
7531 2971
5643 1224
339 5204
2050 8555
990 5134
7114 6208
7594 379
7111 5082
6332 5728
2139 6878
5371 3015
4599 8990
292 2144
8883 8859
459 5227
7377 6132
2524 2061
2599 5540
4454 8340
111 1872
4724 6200
1380 1591
7524 204
5656 4445
8530 8399
2881 7005
2373 929
7823 630
4732 2310
2909 4154
8725 8041
7293 7225
2936 8502
7765 1026
6319 8656
5734 2602
4793 3911
3900 3236
1417 2512
1991 3339
8411 8576
7908 6690
144 2660
275 1986
4356 6386
6407 5157
3674 1886
7333 1850
7786 6942
3198 3011
5987 3584
4361 914
7352 7790
65 3090
6140 3220
2403 6756
186 7428
2011 2945
6643 5698
4092 7398
1730 60
3349 1024
5207 4048
8329 5741
4150 1246
1736 797
763 2690
2587 4458
305 2295
4599 482
8230 2973
7020 6399
7921 3753
3302 841
1404 6134
3595 4719
4960 8347
4409 7269
2888 8213
6735 2550
1267 5929
5234 163
7760 2027
8474 6386
6209 2725
96 8981
6199 4029
7115 7673
5565 8548
7185 2208
799 4659
4169 7803
3848 3367
6187 6184
1126 2022
3663 1883
2811 6656
6416 1311
4517 3263
8206 764
833 354
8161 2401
4535 1169
1961 3962
5599 5311
5971 550
1561 4593
5761 3542
5600 1325
1829 2779
5851 6518
3764 2836
8414 8432
4644 7517
3605 1058
5659 5946
3373 5600
5750 4027
5793 3174
394 5071
5835 2852
827 5934
8763 2754
3978 2969
8181 3250
3292 3385
1416 7812
593 3475
8605 7328
4935 4027
1929 8040
1162 5966
8470 2972
7083 6117
5910 4778
672 7995
2793 89
1182 6434
733 3595
8332 1629
3072 1813
2237 2207
7127 645
7087 8263
2937 1498
6033 6571
1657 844
4841 1659
5522 1591
6335 6101
2560 4084
8449 7205
2670 3599
5033 7477
3506 7592
8597 4180
7702 2504
5945 3307
4551 7336
605 2820
821 6068
1286 7351
4180 4640
328 6259
8896 8227
5824 6135
3334 3208
1178 3073
4581 422
4617 5196
6118 2433
8772 3270
3197 6438
4434 7060
7695 4669
265 6846
7470 2220
1683 1223
5967 1838
1700 6756
2923 1702
4235 1632
5678 75
2654 5180
2483 7498
7316 6737
2519 8857
2753 1101
8293 3745
6280 537
4755 8627
4278 240
2896 4808
4281 5112
7506 2548
8420 6911
6234 8950
4459 8328
2834 3357
5519 2706
8899 1981
1217 5145
6436 1434
9012 8809
8244 1531
2785 4562
1036 2738
5667 3910
3848 7538
2506 4589
2073 5245
715 2410
2688 1481
7698 1723
3773 4162
66 5930
5374 6108
703 565
6146 617
6582 4463
1997 7478
4301 569
6249 5449
3598 4987
5501 1215
6387 1313
7968 4790
6155 5456
8731 6606
5076 6681
5467 1582
7195 4152
4950 6042
2236 6079
6766 2560
4946 1745
1234 972
4787 5396
1788 6066
869 7165
1279 7045
702 9059
2553 8704
7869 3230
38 7642
3943 3891
5750 1140
4637 6531
1555 7040
7657 3887
7004 721
5057 2925
3204 7180
2318 9005
2556 8736
7197 5347
4354 984
4658 963
4660 2810
6304 1149
2843 2073
2188 8800
4954 753
4413 373
6197 247
2119 6768
1128 661
2173 8788
3466 8188
8482 6546
5985 3079
910 8235
2147 2486
2328 3868
302 7299
4984 1172
3173 237
8751 5072
8065 4467
8324 4706
477 79
4562 7483
91 261
2377 2294
6156 3640
8314 906
2308 2348
5087 2814
8190 8867
4931 2655
3610 6757
7809 3401
5639 4631
851 4437
598 8093
6644 2144
3699 8046
5117 3381
2749 5317
8526 1477
5107 5499
7912 7204
7868 279
4826 7877
2963 5919
3846 3403
1388 7542
1529 5103
6705 7283
966 2573
5202 7113
4888 6007
7066 259
3983 4267
5563 1391
7916 121
3629 4033
5198 564
6937 3216
3807 3656
3981 5201
6456 3045
8453 2476
4831 2944
188 5518
2935 5322
456 2740
27 3850
881 7479
4690 3791
4546 8805
7835 2379
4047 1952
4442 3885
3845 6512
2145 7201
5677 5520
4619 7628
4184 7918
2113 5156
5293 1728
3379 5807
424 4531
94 3537
5622 7172
5286 8101
198 537
175 7450
6944 2897
7172 3315
6197 1872
8421 3365
4007 5002
3805 7908
1817 823
4146 7131
8773 400
2667 4619
7493 4588
1389 8649
1065 19
6059 4110
206 2932
6 3576
4011 4972
4990 188
4068 4059
2802 3203
1453 2585
7663 6558
6991 8977
1000 470
5831 6717
853 7383
2330 7792
1774 7372
4546 2768
5539 8851
2915 3981
8156 3790
1325 8122
2898 3528
5450 911
1928 6715
549 1530
8833 3654
2024 7258
6485 2196
7976 4127
6484 1203
8551 3620
5527 4222
5755 8302
347 6883
4383 4240
7237 2482
5076 5790
2840 8087
8578 8077
6187 398
9037 3523
2556 4420
574 1195
7636 6075
3856 3921
6259 366
4734 6201
3185 6342
3260 4167
3239 5280
7356 6835
8701 1694
2620 5595
1119 5812
547 436
3133 5430
4254 7549
1786 3253
7852 7985
7784 3650
2146 818
3564 5306
6385 1808
6690 6360
3426 6257
8207 8551
7709 7530
5930 1527
3100 2724
8076 7516
4851 4936
7958 7900
3753 3625
522 1225
8961 6361
3472 3877
4120 2537
8495 495
1764 5588
6633 5624
1628 1325
3869 1122
8145 2950
6274 9070
1696 6862
3239 5183
1306 3873
2647 7441
7285 2265
6841 3345
5130 3635
6629 8958
8560 6488
4513 8375
401 4467
2733 1976
8067 9063
438 2526
6726 4197
156 6037
1794 5351
7917 2415
4973 6284
8638 1052
1339 1384
120 8405
5292 2266
6681 4905
4500 7325
1403 6848
7889 4645
6650 8218
8081 855
4634 6241
3146 1776
8749 7848
5141 584
8280 1244
6060 5782
2773 5529
6312 1461
7184 6268
6476 3729
1656 7619
1749 1042
8814 3012
7471 3913
3825 3396
7132 2557
2644 6834
5959 4776
3378 2750
679 7066
1659 3424
3651 5969
4389 6535
8180 768
7913 781
4679 3197
755 2262
7860 1894
3411 4616
6123 565
1853 7232
754 8560
1670 839
2431 3778
1549 1785
3958 4922
7566 7508
3799 6486
4772 2256
3064 1769
8047 2634
7067 867
5672 7979
74 343
7792 4121
868 4487
2866 2592
5469 294
5333 5048
3823 8328
3213 5849
1207 6202
8505 5723
6249 8152
4265 7123
7959 314
4733 7778
5984 1291
3429 1290
5912 3676
8053 5925
1413 5818
1931 4065
1002 8052
3334 8617
370 8366
3444 1885
4423 2523
3476 7590
1666 1138
8928 8334
2382 1869
7550 3360
8334 6672
4135 2316
6630 4977
5073 176
5196 5986
8007 1523
7949 3239
5080 8799
3184 6967
8248 5614
7023 4551
3427 4757
22 8566
4406 5163
6329 6879
1259 5251
7826 6513
4479 6072
1576 7728
4252 6833
425 7104
2425 8633
8760 369
4340 924
4928 6073
1501 3372
4318 1121
4233 8815
8243 2228
1586 2156
1690 6157
2149 80
6222 7197
3179 3747
2157 4851
2687 6582
7993 7991
2627 25
5288 1884
7006 2694
3720 4268
4031 8933
6563 8527
5987 5589
1520 4986
3587 2758
8369 4015
5556 2388
3092 4546
828 560
3630 8943
2587 4756
6703 5484
6337 1992
1614 4991
6527 629
6400 2367
8258 2792
720 7714
2468 3123
4880 7151
4205 944
8141 6985
4630 6806
8818 5712
2712 3686
5469 2143
5434 6263
9071 729
9001 6102
2992 4738
2502 3333
820 2069
7806 3593
4174 64
6110 7766
8692 965
8758 297
6418 2025
6306 958
3778 1503
4815 7967
1168 7965
4164 7252
2089 2273
5902 3484
6088 976
422 8392
8088 1726
6128 2156
5674 1400
3544 4665
7339 8060
8934 7707
5798 1502
8538 5806
487 1472
728 2333
2119 4074
9015 5636
5747 3703
2104 6351
5983 3021
5459 3444
7456 6687
1839 8533
2900 4894
5664 7263
4082 6253
4727 3187
8123 1802
1924 3376
6137 1614
4089 4505
78 2687
6543 4939
1792 1834
8454 2222
5996 925
3071 7446
4999 2937
611 7386
2485 5408
5788 5363
4276 3897
564 4618
696 8458
7046 7862
2184 2593
6300 4664
8427 4704
4907 2954
834 3993
7646 7429
7172 7385
8540 5679
8419 5022
4115 2455
3919 5667
6748 4105
3742 1532
1815 489
8781 3790
4049 3180
642 2018
7450 6434
4859 6871
5716 4176
6198 6633
5787 6144
8803 4611
6470 4751
6877 1109
1405 893
7646 5759
281 509
3863 6610
5083 4910
7315 5836
4780 6970
5291 2919
5035 1380
151 2787
6357 7645
2436 4912
8493 619
7865 6362
707 4439
511 5365
4566 9035
7828 5784
270 3259
5052 1659
1180 756
7822 5445
3447 8291
7294 5681
4136 4224
7439 8634
728 4252
8255 1986
805 3889
8284 7092
3977 2135
5727 3699
7079 6069
4418 2809
6267 3882
3366 8908
2698 2216
7138 5011
6339 6085
8601 8105
6450 8107
8681 8756
6913 1152
170 2443
5935 1117
7254 8516
1265 3203
5728 2651
2129 2920
7082 3917
1893 5837
7553 445
4839 7181
6880 7301
8380 8810
8463 7425
1042 7626
1946 1476
5202 3822
2254 8997
3221 5218
6771 1281
6668 8628
4014 7157
5198 6847
1433 8577
1567 8871
6668 7244
1488 568
8984 2795
3515 1692
8056 7204
7768 7181
7726 4869
5432 5937
704 3250
6245 8715
5766 5643
7146 6991
4249 90
3176 8046
7419 201
5699 3941
3956 31
4548 4982
8322 305
6191 8870
8864 196
5903 4662
3344 6826
915 5646
854 1378
6397 6665
214 8119
5627 8134
447 7932
2042 4283
1683 517
7103 863
5789 7910
562 3731
786 2039
4510 4205
6055 2683
6448 7069
6559 7778
7286 7197
6971 6301
995 8279
8628 6828
1608 2907
3801 6945
2579 7820
1245 4239
3414 4092
1462 5224
4346 8426
4781 659
8632 700
6624 698
9039 5960
8964 2682
2545 98
5918 5120
8 7957
270 7404
2796 4663
6754 695
1318 5377
2037 1418
1369 7989
4210 1592
4635 1953
2847 6709
6074 5327
2825 4945
1216 7569
6816 3435
1935 841
3328 2331
6742 4308
2177 7831
6870 7270
5539 8149
7471 4532
3979 7039
6112 4992
828 4002
5480 6941
5660 7401
3262 3379
8788 3601
7059 1751
7534 2655
5225 3931
1673 808
7863 1488
5149 8819
1177 7443
3552 5689
3074 8754
7110 1041
4976 8768
8147 4381
186 5039
6236 6946
925 5617
6201 812
6323 5378
2837 8817
4792 3697
2741 5964
5572 5965
5042 478
5906 4230
8784 1480
4353 6521
325 7427
3940 9079
1647 737
7588 5394
2613 4624
956 9028
4855 3258
274 2815
8639 8118
1849 5525
580 1991
2075 4224
1339 416
8362 565
3558 6745
3858 6884
7000 4659
3028 6725
234 2787
2327 1545
843 4693
1700 7691
5237 499
1796 5991
4740 8687
584 6146
8258 1668
3130 7206
5500 3800
4174 1779
4804 4911
4823 7359
8610 8268
6480 2394
3050 3823
8792 3015
8789 380
1235 5783
8067 6623
4918 6307
5693 6333
5923 3238
2570 3682
5978 3569
318 1615
645 4725
5031 1427
6793 2480
8563 1225
2696 1701
7395 3332
6969 202
7072 6030
8720 3418
291 6801
4585 4476
4017 2911
8675 7311
4624 3872
6889 7929
696 6983
4888 5517
2579 2678
7918 6127
6334 7713
742 3794
8045 1886
8788 2514
2200 4011
490 6664
8112 3342
6751 2476
1562 3422
7436 8711
83 7065
7529 7767
6865 8651
3099 6026
7623 4116
6415 3857
2070 7720
6276 1665
5911 8275
3722 363
1363 8398
6874 4245
7572 4172
1149 421
6752 5589
3038 6793
7620 4707
1550 1408
7188 6906
7219 1420
5054 4323
4947 7427
7976 549
1736 8044
1521 4515
4351 8304
1423 3636
968 7960
6094 4377
7044 6246
1528 8641
3632 781
5017 7380
2193 4130
8453 8751
6429 5525
3996 469
3282 6586
8643 3063
1042 5144
6250 3715
6330 1596
7956 5531
1099 4531
6583 5879
2000 1111
4 1754
6968 7701
8994 2992
1390 3959
8612 5375
1052 8151
551 2738
6584 3997
6317 1132
4158 976
8723 3462
1745 5635
7664 1316
2306 2359
4547 5567
8920 6996
4525 7015
2960 2750
4559 1339
42 4215
2538 863
5899 6734
6211 3367
4066 3887
7805 5045
1378 4401
7973 1293
1023 2351
4025 5862
1305 7075
5801 8879
1962 1044
8371 6532
4676 7540
7737 1705
8157 7546
1519 4254
56 7239
2186 7567
3205 8887
3066 5021
5577 1241
5292 5711
7052 6600
34 3895
5117 1959
2798 9
805 8969
2004 8848
4458 596
6846 7965
624 6064
1340 2992
1656 6055
592 3432
449 2978
8572 1553
1267 5580
945 8370
2650 6867
7683 5823
7758 3449
5915 1688
8537 510
1835 1095
4223 2249
7746 3646
634 1329
397 2829
2541 8101
7828 921
694 8006
898 723
5792 5449
2906 8866
6410 8919
285 3414
8744 8138
1062 161
7009 7785
2085 6308
8881 2320
2540 5069
6976 2972
7764 3737
8288 2831
3905 3358
585 226
9004 5565
8970 71
737 894
450 5342
5128 3214
8695 7426
8557 8217
3131 7467
8519 7901
780 757
3497 1051
4757 2479
8587 8846
8759 1780
7373 7106
4075 6916
2312 657
372 8846
1433 1567
339 1023
4114 8464
1784 7928
6557 5667
1894 3658
1893 3777
120 5906
530 4860
6318 3121
1322 2855
6940 725
8266 6799
7535 8249
7413 5344
8869 1517
9072 7563
695 7700
5354 1883
6871 610
6148 8476
6466 3525
4025 4989
745 1574
5519 1095
1370 7296
4810 6031
8445 3855
4735 4665
2164 5185
5376 4540
6971 1396
2717 1716
8418 1963
8673 601
325 5304
4464 899
4017 3128
184 1936
4976 7497
591 2239
2182 6922
3180 253
638 489
1205 7950
6627 6625
1934 1995
3364 8930
3559 2065
2852 6890
1490 8313
5554 1848
1573 3986
6268 932
1802 8511
1417 6419
6922 7775
5084 4028
7665 2728
416 8319
7394 1376
3094 3810
1046 8321
517 2561
1792 1337
5274 1887
7598 756
1436 4872
7678 5015
5376 5796
8845 5849
149 1484
8712 3816
995 3626
9076 5027
3954 2426
9005 4920
5843 4248
8739 6044
6453 1009
8411 3759
4865 2045
4233 2078
6520 4077
1220 2005
2728 1633
5392 8634
2462 6649
6854 6917
2835 5814
5815 2933
7580 3106
7611 12
706 3542
3862 3628
5489 3068
4155 6763
3489 1020
7077 7615
1918 4049
4119 5046
5173 5678
7882 2965
7505 7563
2422 6965
8893 6472
8832 8224
3220 4404
3461 1365
7116 8703
5109 8348
3495 2346
3610 3076
8456 5204
1708 7920
3987 8477
8449 6962
4468 3026
1484 7530
2745 8773
6453 7773
4397 694
2457 1975
6540 6766
636 8529
4137 3617
5622 3759
8836 7111
8073 4305
3119 9068
1015 2955
3634 218
6719 6786
7669 6522
5319 5482
3224 3246
882 2476
5891 4110
2600 2625
3242 5181
7845 4470
9003 7229
4266 8552
5566 5725
6764 7491
3412 5286
2825 3181
5894 5643
6054 5755
8210 4769
3530 554
6698 2989
3306 1452
4801 7868
4587 3963
3422 185
6419 2711
149 7345
6403 8336
2391 8546
5803 5914
8280 5716
969 5013
1772 2357
4278 7985
8341 6918
3169 1732
3855 8435
8033 4749
6295 5845
8496 8880
4568 7515
6316 7702
8220 4720
8214 7659
7037 732
3129 7777
4308 3056
7907 706
5627 3520
7805 319
774 3212
1231 375
656 922
8027 919
4204 1237
2140 2052
3223 6018
4553 6224
3258 1252
3356 6310
273 3380
5794 7333
2173 4956
15 2638
2318 4241
5337 1095
7134 702
7784 7919
2643 7836
4455 8289
4528 4613
8344 597
3878 8814
4552 2783
4358 485
4810 5023
7848 1725
3526 4584
8875 3521
3690 1098
7845 3223
618 2892
8582 2449
3648 7684
7438 6301
925 4223
8731 3907
4897 6256
8797 5216
746 6882
3917 5608
8026 2147
1155 6590
6083 6701
2654 1457
3585 6492
1429 2746
5541 7275
6437 3589
7174 5379
6057 4351
3479 5450
8949 8849
1256 6695
30 3040
2577 3807
8093 1818
4149 534
1841 650
975 8571
7672 8586
2136 1623
7650 493
8338 401
5736 1250
8884 1877
8627 1578
557 3966
7915 8436
2920 8554
59 5737
4267 8709
2805 3300
2325 7490
1038 2118
7902 5922
1964 9089
6454 711
3898 5638
1602 7524
2617 4993
8826 307
7745 399
3744 6532
6330 8729
8569 1771
5019 1094
7493 4070
2505 7448
8514 2588
1183 7789
5203 6599
4245 1446
7287 285
5793 6547
4983 5903
2688 88
562 8278
8633 7838
719 7713
3257 5913
3853 7916
6990 5516
5563 1548
5067 830
1475 7012
6824 7363
3664 8030
4095 3840
1640 2767
5596 3930
2428 5364
2760 6093
6421 4020
7909 824
4018 3866
4827 8821
8272 4385
4741 5762
8887 8640
4215 2739
1463 6158
8545 6544
8233 1633
2104 209
1601 571
4740 2463
8249 987
7613 7643
2665 8303
2487 6273
3459 3240
5883 6235
4185 3243
3938 4756
7585 8510
8021 1583
3010 801
7394 532
4523 8098
8619 1980
790 5886
3151 1429
4284 6601
1960 1847
7152 3898
7408 5777
6061 4992
8897 4299
4222 6086
3042 3216
988 1188
324 3838
5823 4567
3335 8602
3256 8329
1740 3442
6993 5926
4749 4843
3611 4087
1031 7434
8247 8695
7450 5843
2811 4073
1486 6926
4974 3435
4941 6481
2470 29
2508 7352
4337 3962
2969 3880
520 4806
6767 1122
2933 6644
5054 8314
6948 3345
6502 2902
8840 583
3555 7925
6293 3642
7093 5312
7190 5999
6604 5758
5618 6776
465 5048
5381 5675
6749 2710
2535 1577
8663 4273
994 5242
8713 1374
6854 4667
4107 7129
7220 8570
7601 4555
2831 1743
5363 4444
4785 7423
7102 4888
4566 7304
3294 1507
749 2865
7496 7551
1757 2340
3475 4191
419 4422
1322 3751
1663 1211
7212 2642
5731 5319
1013 6966
2348 5697
2264 6035
8563 2374
8667 6965
535 1094
7386 7616
647 8366
7076 5596
6459 2396
7801 1993
1172 4455
5387 3296
8209 4036
543 8110
7432 2902
1107 143
5645 3401
8600 5150
5728 1208
3300 1639
6821 4012
1736 1937
6628 366
6304 5756
8994 6562
6874 6463
6294 8271
7036 1952
535 1609
255 710
3157 4126
8038 135
7718 1057
2577 2419
2041 2894
2518 3248
4923 4504
6394 6446
5512 3013
1911 3081
1285 7016
6185 5167
546 4927
2441 6975
1854 4531
8335 3673
4947 1080
1108 6756
6092 4628
7552 5862
7139 5861
8057 2139
1137 9048
4192 1563
8434 7149
7442 9082
4797 5752
5702 3270
6519 3760
2251 3425
4138 7698
7840 1607
6175 1168
8108 1437
2162 2317
8872 6534
3022 1235
6049 7323
6924 4720
6810 1416
5461 3230
1840 3906
5362 251
7453 5826
5056 2158
7519 5776
268 8680
311 7271
3551 6469
6326 1474
6512 180
7496 1806
7464 2259
908 7655
5499 7863
5710 310
8148 4561
2208 8160
8661 6632
6812 8102
2406 5391
8097 584
2506 2952
2015 1104
7795 5895
2409 3148
7469 2296
2652 1912
8578 7303
1555 303
36 3589
1999 8910
1200 6977
9081 1313
7683 3242
735 4255
8907 6752
4319 8512
558 8850
3712 6095
2702 6238
2308 1899
8885 6009
2446 5000
1791 5476
8726 2637
1115 1093
7187 1506
2344 4841
1565 4167
8735 2830
534 2658
59 8866
6627 6305
8127 7
4175 4818
1294 3963
8767 6625
4360 8565
880 2684
8645 2736
8625 2002
1678 7001
3845 3311
5452 6581
8109 2571
3552 221
4936 1867
4417 2640
6643 7949
6312 8430
2581 4728
3497 5496
1970 1195
2576 864
2045 1516
3865 4689
8620 2243
6992 4353
3313 1408
3101 5468
3053 7219
35 1890
2569 1962
6848 6120
353 8493
6524 8137
8428 1671
1194 1082
8310 7736
4961 3557
1156 2988
2274 3017
5649 1345
2788 666
8850 3355
7561 4984
7682 2741
4163 5620
8742 111
2260 4287
2507 25
6774 8500
174 7848
7101 8039
8474 441
4148 1146
2681 9035
295 497
481 2171
7917 5368
5093 2578
7376 1089
1948 3665
5447 7601
1945 5441
2026 1002
334 7069
8092 43
257 7633
6754 2882
3230 2547
933 5360
4403 6450
4064 3493
6435 935
7071 595
5798 2652
1043 8454
438 9058
2595 6385
2981 5171
6804 6282
9055 7210
4029 1470
8312 194
559 2653
6320 1990
6759 2204
6186 5059
3143 3069
7130 3926
6380 8485
2633 934
2932 213
822 8991
1324 1986
5818 1667
1013 3703
3670 4082
314 2100
741 5734
2805 1106
725 1631
854 3153
8169 8199
2089 6680
8784 7235
1622 3630
4405 1171
5114 2139
262 3029
2495 365
1843 7799
7251 370
2980 280
9027 2437
502 8848
2067 8480
8693 3618
5333 7936
3507 4642
2398 6160
6984 4274
6217 4261
1197 2938
6131 2344
5516 3447
5658 5390
649 342
5082 2571
3062 8585
1119 8677
5662 6132
2516 6299
4863 8346
6519 3963
2086 4612
1013 2485
7618 572
6576 1083
4817 8379
7062 1880
8589 7769
4654 1178
4893 3490
1538 2016
689 3937
6629 6641
8583 4406
2753 87
2112 7571
3851 6630
8544 1796
1196 1033
2851 2833
1905 2117
6791 3695
5842 6383
2296 5250
4686 474
4440 2353
882 3918
6588 4796
6987 4683
9082 2659
1515 1895
8851 2217
7027 7834
184 1516
3016 3816
7700 5128
3735 2973
6342 7249
1783 1493
4357 4864
9086 4720
7389 790
6773 1162
6687 5713
4214 2712
4363 4963
3748 6357
5356 5279
4597 6804
130 1183
4739 6911
4674 5314
7458 8795
4513 6145
9007 2143
2254 5167
4285 2270
7988 7795
7044 2161
4226 3700
5372 3827
5598 1977
7055 979
6457 3454
5640 3290
2041 3392
2310 4498
1868 8874
6211 5166
8252 728
8932 500
5458 2886
984 2784
3589 4321
918 6255
7071 1490
2035 4051
1885 4953
7576 879
3470 1572
6343 9048
5853 2895
1072 2267
7549 298
524 4290
3990 3301
4519 5161
3638 7667
7706 4929
2371 2835
1089 4995
4971 5538
391 6290
6770 4647
1164 6273
1238 7729
4655 4501
2162 2951
158 5412
4390 5341
2286 1601
5904 2819
7151 1310
6723 6045
5703 3434
313 1079
5085 5375
1320 7153
6170 6352
1752 4798
6383 861
467 215
4874 4681
8821 1225
4567 2617
1234 5301
6076 1106
2496 676
2176 1500
860 426
7657 6714
7839 4543
5007 329
7873 3641
267 2754
4614 4608
2301 4013
6178 5147
4789 4631
7345 8155
6444 2249
5790 4807
4766 8692
8783 1680
492 2502
3875 4056
7642 8353
246 6569
7466 1112
1885 1828
7481 3969
4368 7705
2284 7017
8494 7863
1433 1870
8928 780
4068 7469
4602 6224
8056 3600
5170 3644
3309 597
6167 137
6527 891
3831 2987
678 1211
7161 6098
531 5543
2708 8619
1550 3419
3188 3900
357 4192
7485 8089
1444 4856
8749 4044
7984 3537
2859 6470
5343 8801
7245 5339
216 653
2169 5263
192 4921
8779 3064
359 7372
7137 2198
6152 8396
1188 6077
72 3442
4439 2381
3879 7268
7944 960
2399 2871
236 6821
7588 2840
4466 3761
2566 4583
409 256
8819 3695
402 6217
5109 1347
3382 6116
5047 6730
8770 681
7703 4826
2111 2327
847 3580
8635 6767
5552 7579
7391 8699
6046 5428
8366 2387
5887 7426
1767 6017
5051 7417
5050 8931
5127 1336
5050 4154
5024 5000
4521 1437
5535 4713
7484 8948
451 2861
7242 1599
3002 4535
4650 7343
4758 6914
531 3250
5205 266
1443 3644
2206 3794
4829 1081
6090 7542
8971 114
3378 6119
6797 4336
3196 1765
7384 527
3529 3039
8356 5317
3823 2332
8575 7257
6506 635
4289 7496
3830 5146
605 7324
1479 1655
8015 3245
5428 1436
6888 2859
6967 8891
1060 4171
3976 9050
6283 8818
7948 7173
7500 8878
6374 5555
285 5472
5428 6485
4121 2833
1017 6580
1159 5835
4255 4352
4072 6566
3443 7574
4149 8438
5271 2394
5403 7429
4958 4102
7750 8419
4600 5454
7904 6569
8219 1842
4175 5235
46 3267
7769 5168
6328 8551
4287 8771
4660 4903
8429 4819
3672 6095
8798 8450
554 6109
5570 5404
731 4679
7672 2399
4583 8050
6811 5387
8103 4090
4747 3027
7316 5039
4868 779
6441 5292
652 7168
6042 4565
2910 1860
7372 4865
1141 4443
4541 4883
1210 7348
4900 3581
5493 2428
2575 5684
7561 4970
8268 2939
8305 6194
651 3673
1568 6014
7846 4181
1238 5859
1556 55
8964 553
3855 8333
4367 686
4218 3988
220 7888
5380 676
4755 1102
8811 6204
2772 5891
2596 2627
6334 3023
1686 6526
3853 3036
2898 1377
3806 5548
8203 7781
4284 7722
6450 7696
3401 9002
4080 3123
4043 7968
8586 1091
1693 3696
344 2293
3572 6696
1441 7512
5827 2948
644 1654
313 1502
539 1168
4917 1664
3990 7550
7071 5702
1956 2484
4201 2758
711 5105
3394 5259
8159 5016
5660 1381
3813 6998
5137 7148
3566 8932
7883 6776
6916 2251
8261 7045
4253 5080
724 4239
6417 4871
5184 8923
6509 7405
3732 4960
2090 6938
5511 8277
8938 1633
1778 6045
2535 2608
9031 1305
4666 2384
375 1864
7698 5885
6096 4717
484 5640
583 2315
1932 8989
4122 1078
5060 6106
5594 3053
1631 544
8400 4050
