9501 9500 201411230528365199 6353 5
7022 3305
6140 2692
7040 4636
3926 792
7460 1602
401 5928
7288 5642
2354 1407
4336 8163
4077 1058
8836 4641
5354 8547
2523 4746
8007 8630
8620 4518
5538 824
2372 3691
7708 6616
3015 1731
4579 8826
3962 7795
8670 2559
6708 2568
7910 4164
273 3611
923 2929
8625 6925
4748 7915
3875 7348
5240 3467
6162 2306
6561 5710
1650 2686
4901 8765
5454 2614
4297 4755
9473 7363
9052 6660
1756 4232
9318 4478
8891 1375
3537 8109
2342 1837
2134 8016
8976 1943
5230 3001
7701 2895
3540 7948
2865 6619
8841 4412
3362 2839
7500 131
8083 940
5085 4062
2629 3385
3617 5339
6563 1665
7018 6860
8451 7995
5822 105
6793 4713
7979 4290
1178 6150
2331 7859
7811 6741
3062 9028
5546 9230
2551 5653
7301 6629
1707 9412
6919 3760
4123 4397
7674 5051
8255 3668
4793 7791
6107 2997
939 1014
8903 7372
5296 8075
6021 3060
6764 164
9158 1368
318 2801
7944 4625
6576 8037
8425 7655
4657 8637
8822 9350
5095 8749
2494 687
1411 9254
5828 520
7476 7529
5841 9277
8479 6365
571 1057
507 1240
5569 7181
5661 215
4766 9126
2670 6331
7329 1374
3726 760
2060 3097
2558 8859
384 6844
2814 3493
3716 8419
1390 9092
3852 3536
1052 6010
7036 6798
6577 1596
4504 478
9411 2447
3253 7527
7737 2066
7137 1800
5287 2166
779 2282
1719 4977
6527 4596
753 1344
3536 315
226 1415
3585 5797
2719 6906
1086 4136
2523 1661
928 4014
1945 5310
936 7235
532 3682
2441 4926
8080 1441
2519 5903
6132 6164
6599 1142
3632 2701
9024 7136
6735 8035
8917 8992
9183 5174
6744 9086
3948 4340
2609 2617
4937 2248
5411 7530
8122 3150
5660 3427
5957 2292
7676 5829
8385 9490
4047 4485
5143 857
6677 4436
2639 3478
9117 372
6046 6934
6352 938
9355 6796
432 1811
4880 2214
7464 6429
7162 7141
6006 849
4120 2512
6744 6054
3065 8709
6177 8128
7765 2095
5433 1533
8731 101
9249 6391
1667 5186
7854 8045
2980 2654
1564 4382
1078 8524
4921 350
4234 1982
7521 1471
9022 3259
7236 1915
8363 7629
6284 7611
7488 7337
3412 2382
9104 9266
2273 3863
8522 5266
1891 8300
8157 1406
3311 4274
8285 6313
974 5779
2682 3087
427 6694
4039 1920
9046 2903
4498 2543
2499 1302
257 6943
3418 4949
405 1490
6280 3652
2493 8448
1665 9
7953 7493
5274 3558
1299 6700
183 605
1354 3749
4236 8754
8611 7861
6225 615
6572 9112
7628 7658
5060 1254
7591 9002
3574 6746
9470 5965
4790 5205
8242 7714
4255 1570
9491 8746
7930 9210
2775 2476
9299 3825
6558 4768
3665 2309
4710 6681
3555 2729
936 8901
2028 8248
3495 5325
1447 3706
1175 3759
8615 2367
5632 4064
6677 7828
5538 3431
5388 4624
762 3435
332 6926
7952 671
8716 6485
3053 21
4795 7607
8926 1416
6262 17
8289 6222
2300 1744
439 3507
5744 3827
2900 6755
264 634
1489 8262
8964 7587
7751 5339
6802 7288
2143 8173
5288 1485
4881 4692
8080 4447
5163 1843
2449 7468
6831 1160
1304 7180
8985 3681
5397 8912
4713 8628
3811 4089
8053 7858
156 4166
4128 8862
8843 5184
1987 5400
4682 8656
8697 5211
4614 1059
4952 2681
242 2944
298 7622
1743 4627
1671 6114
4606 8377
4348 1921
2569 2434
7512 6047
8373 5556
9241 7294
7722 5020
7805 4950
7955 3815
7181 7321
6918 1023
6841 8152
2387 182
6761 9443
6855 2933
1417 1621
7147 5793
4299 7324
4587 9121
2816 6506
1024 6997
2637 3936
7999 1631
1924 5
8779 3965
7736 1367
8430 8337
6776 3163
5417 473
6607 9479
7888 7155
782 5301
7887 7879
1076 4277
2733 7487
1051 9395
4904 2730
609 35
2644 8846
3214 2715
3890 7247
4150 6131
3587 1609
5088 1207
373 8531
5720 2220
7636 5246
398 1681
5914 5172
3636 3529
425 2370
6617 2867
9272 6327
9301 6653
3081 4243
440 3301
6593 9391
3518 8756
4299 2942
5923 6737
4228 5867
4965 3756
6226 7514
7977 6179
1409 3427
2121 167
9092 4929
6174 8904
1189 180
9455 3260
2780 6004
6552 2862
5539 9348
8659 5781
3451 1883
8153 4512
6351 1071
9169 9196
6313 4147
419 4196
5080 2025
2066 702
485 8398
6116 2319
6980 4036
3143 741
4840 6765
348 9121
3018 8982
4175 3337
4834 5061
2044 1554
5547 7317
394 1553
3278 1594
7792 1869
6891 7166
999 5264
2707 788
6582 3818
8754 2020
8622 1653
6077 7481
3227 1317
9321 3450
8313 9411
6214 5006
8860 8338
793 5194
1884 7762
3713 6562
4036 5944
1109 3279
4385 8045
394 12
6444 6991
2655 9303
4566 2347
3341 7820
618 3819
1336 9008
8181 7479
636 273
8391 3205
7359 1577
6 3984
9152 2808
3007 3972
7581 1488
9273 4681
1796 4279
4174 9384
1572 4713
4370 6243
5543 4103
1559 4406
9454 2008
5084 8374
2581 3104
8936 7716
8386 765
2258 3948
7876 5217
4501 1396
3724 339
7718 1022
8527 780
4869 2362
6555 3317
8484 5346
601 3797
8324 4171
7036 460
7861 514
8307 2423
2796 6527
4876 5901
5781 6968
90 7783
4559 852
4101 5516
126 2315
8350 7847
8548 5230
3481 9399
3819 2929
2835 8452
1942 5643
5165 257
4347 7129
293 7592
6827 1273
7304 9380
3433 6786
9404 8084
3608 8277
2985 4916
5334 2274
7684 1637
6874 7169
5624 9122
1303 3885
9096 6685
5381 8514
3056 7310
7398 6001
2102 1101
1820 4615
1209 4594
1934 2010
4711 2691
3066 8856
4818 7106
1222 4627
1503 5130
8214 5384
8325 2478
733 2954
2135 7257
1435 7128
4129 89
306 1709
5401 6480
3764 4445
8633 853
7475 4681
7571 9367
8782 1731
2641 1123
7828 5892
2267 217
2201 864
1284 2897
8435 8738
2379 9310
2231 7293
2756 9206
2816 2304
4707 5209
5094 3546
1394 4191
2152 1008
5030 5888
810 6758
6714 6734
1125 2474
3521 8701
2406 9344
6039 5007
690 7929
5557 6126
3069 7016
981 7346
1622 5688
9416 4924
5331 6611
8064 2813
294 5554
1098 3550
2073 8352
9147 3875
2349 7951
3321 7066
8042 5890
3836 146
2501 894
2149 938
4883 9365
3520 9372
2808 1854
6810 9051
1685 8797
1919 8042
1703 828
1192 8319
4026 5592
1606 9386
2967 2688
1669 1585
9185 5275
7513 1724
3272 2649
1514 5881
3131 2192
8614 6148
7918 4949
868 6781
3944 4909
8077 2472
5227 9446
5125 92
8617 4758
7257 6947
3175 7654
8927 5073
5017 4124
1348 5902
5752 2222
7483 4181
4050 9396
792 4916
2762 2822
7287 8516
7869 7232
9118 4031
3446 6702
8503 2778
1522 7382
5173 2834
2966 3217
4165 2142
2003 4830
4415 4845
9262 2704
850 6749
5118 4928
8124 9117
3033 4745
9009 9111
8879 3381
261 2528
8346 3640
8018 1475
4608 6893
5772 2831
5547 8971
8201 2920
2829 3008
6007 968
8173 168
5557 5502
3358 7829
7059 1515
5378 7533
6506 1478
6889 7768
9340 8158
6620 3333
5407 5106
3570 30
7035 1640
2706 3744
8646 6664
278 5223
5428 4609
2973 491
2635 3795
2969 1325
212 2740
6267 8877
7772 215
3363 1040
769 909
2599 8638
3516 1186
181 4750
8795 6338
2069 1032
3552 5734
8051 8782
935 7244
1452 7729
5069 8150
5252 4615
1495 2110
8654 4563
368 8610
5761 8541
532 7693
4971 6865
5819 5508
325 566
855 8186
1116 303
8756 8409
5992 2671
7504 3325
9491 4384
3234 8229
8840 7808
4085 3588
3969 1738
5598 4369
775 5259
4195 8055
8993 2415
796 8178
738 6807
3202 8116
3367 7212
7678 8021
6166 4428
551 6808
9348 7730
3166 8797
6144 6328
8347 2097
881 9369
5165 5140
6137 8899
3616 724
3138 1891
9062 3656
1256 3172
3802 2286
1201 7364
3632 4964
5460 8937
6328 9408
1631 3059
7746 1045
3958 2568
4993 3875
2263 3002
9319 3109
2667 8086
76 2959
3817 1335
3369 1113
903 9304
8510 504
276 2221
3397 2231
212 5048
8598 8371
391 6252
5011 8452
6234 3484
6074 7194
4809 8974
3501 2228
2148 2203
414 7698
4066 1394
2638 1518
3844 2315
4669 4895
3442 2470
2884 9069
5989 3028
2872 6381
3187 8374
567 4427
8665 4958
4176 8516
3017 1865
5351 2119
7730 2736
8129 8025
3006 4113
5183 1813
6194 1792
8680 4508
4502 2379
5197 3178
5195 7509
2560 403
5730 73
1700 4851
15 2249
100 2897
207 4772
4561 7238
4787 9365
1760 252
2174 3076
4823 2475
2440 3087
7509 2657
2812 3935
9397 8174
6615 899
5482 5834
4174 4021
1221 6242
4015 2933
8281 851
8634 6807
699 8425
5027 1610
6062 6496
1180 8289
2283 4011
4217 8049
3765 7981
9415 7802
8335 4894
7663 6607
7560 8686
4161 7276
106 8899
5621 7069
1099 8607
1308 5170
3893 5748
2395 1818
385 1860
7441 7072
9001 4117
7906 2641
4886 893
5658 3835
3298 5712
4685 6059
2975 9042
1100 9448
3971 8330
4431 1019
8039 6859
2260 4742
1926 1806
6369 1701
1095 4175
5678 9116
3121 637
7467 301
7296 8024
6326 5665
2163 442
5775 8837
8809 1322
1730 8106
2532 3072
5203 5501
9132 9313
2122 8579
8867 894
1189 5861
5391 1181
8241 304
2757 8685
6307 2101
4786 5305
2332 4547
7188 1308
7316 447
6239 643
8551 7168
7436 7869
6066 6125
8324 8109
4907 5659
1316 3776
8595 6718
7912 8198
4253 8927
2766 6211
4974 1458
1223 4060
5863 7804
4826 3004
5879 6056
5702 6503
4069 6157
7864 4151
9165 4827
68 5371
2344 7289
4297 2626
583 5142
6062 3683
2757 2303
4883 6811
5161 2415
5256 3956
3243 7153
6879 5249
8023 6824
1935 749
7127 6744
990 8545
3444 2513
5926 1319
8782 5691
806 3408
6965 8357
9267 8389
5613 3165
9207 1053
1616 1016
889 9270
7143 3320
659 8553
5823 8660
4336 2104
6217 637
2251 9341
6115 7760
6186 5177
1819 4282
5705 8959
1371 9342
6927 1818
4385 7142
3428 3777
3280 4581
1037 3387
853 2215
4509 2504
8880 8487
3700 4134
7582 176
1399 9116
7086 7415
2239 1125
8430 4576
7982 4822
4486 3687
8513 9031
5499 7486
2418 7936
8654 1786
6073 7273
2071 8790
6027 3047
9020 3570
3755 1791
7817 2075
7961 1792
6545 8085
2648 3405
7823 7474
1365 4076
8432 9160
1069 5753
2497 7930
5979 8020
8700 9260
2489 6585
7547 648
4816 8081
1807 2034
2153 6602
8910 6082
2253 4206
1606 127
8930 7607
2000 7372
2676 3172
3877 2428
6128 2683
6159 503
5972 7
7319 5530
203 2083
8823 5341
9449 5816
9012 6674
182 8536
854 728
5328 1797
7586 5164
5144 8280
4424 25
1520 2924
7741 1267
5890 3
736 4317
6384 6230
1382 6577
7426 5817
2577 7865
529 146
5748 7644
2550 5952
4327 9376
7300 9427
6285 7944
803 4007
3101 1491
4773 1008
9388 2362
9199 4495
5592 8984
5449 4226
3532 6165
3667 551
5462 8303
6726 5568
2438 4910
6155 3389
2507 8827
8981 9183
4650 2773
165 5040
6220 584
8259 7394
2381 4768
6653 5113
5784 722
5904 9498
9404 6238
3683 5213
6427 8798
1117 5259
3869 243
2791 3422
7726 8076
2219 9282
8677 6179
4017 1601
1147 4293
7053 693
6827 2253
1733 1528
5723 8244
2737 7739
3693 2856
1582 383
1678 2855
5655 1121
3306 9408
5683 3048
4798 9063
7360 7449
569 9094
1050 7760
5291 1016
4464 9204
805 3232
1312 2322
745 638
8046 2884
796 171
1431 3432
2352 1139
6032 3031
42 8742
3834 5219
8448 3687
6638 6513
2997 7461
1361 4498
4506 9408
7198 3193
1073 947
6199 543
5740 2578
5979 2640
7714 8061
6452 4066
3432 4323
6639 9046
8204 1858
3423 8708
6109 7175
6029 1143
3206 848
98 5863
4849 5949
3033 2731
1679 6301
9111 6877
1084 8626
2993 9356
9057 283
1412 8726
9476 1195
1653 5577
3392 5175
5776 2446
8139 4698
8679 4779
7932 4988
2929 2025
1 7039
8362 9175
2875 38
6559 7399
6528 5801
4403 4597
6650 674
3416 455
4261 2265
7350 3595
2261 7647
461 7887
8032 8467
5664 7180
3110 8345
5753 2115
8436 2611
3123 3441
7855 3019
3342 7434
3115 388
4580 3999
926 3106
1046 5928
18 2883
6683 4246
4785 7986
7605 7101
6831 3780
9321 2757
70 3768
9136 3098
78 4019
1141 5498
7016 4900
9038 3220
7477 9125
9137 1720
3530 4515
6353 874
1850 3077
7351 1975
2051 8522
9133 1950
1803 5454
9484 7680
5916 2976
5067 1712
1403 2333
7459 8404
6258 8742
8167 381
6691 5091
2294 4919
2802 5544
5073 3779
9107 7905
5468 2019
2228 9265
2867 8038
7291 5694
3322 5572
4660 3794
4306 3050
1193 2099
8899 3732
7957 3456
1438 9190
1418 632
663 394
6037 3883
3691 5322
843 4361
5565 3654
4180 4855
8377 4013
302 7128
2105 2777
3101 3112
4237 8059
6780 6643
7494 9058
5206 2337
8305 7462
1706 2495
2259 1262
4729 2003
1593 4648
9038 2827
5321 3301
6040 9271
4998 1813
2289 4146
9365 7983
4898 4524
8021 4877
8886 3659
3441 6503
3637 4428
3519 6991
1150 5540
3602 3375
7636 9304
5524 1948
183 4257
498 2548
4334 2845
2667 8556
4638 1704
19 8299
8848 7666
5555 6699
415 3074
2831 2319
309 4501
8472 8038
7126 9275
1138 1547
4758 7151
6211 270
4162 5145
5195 9064
458 7606
9327 9104
8071 8968
3113 1585
285 39
4322 4228
6902 1630
6637 1028
7383 1968
1746 8767
2693 4242
835 3652
3577 5984
8639 135
4313 1531
3940 3474
3852 4085
4262 2621
6453 171
2086 3457
2911 2070
1603 3468
2227 2457
7670 8740
3915 3425
5707 7657
8871 6372
6257 1469
370 6281
6561 7465
6063 4275
1897 1387
383 6248
132 2824
3704 2395
8671 4307
6320 7128
8099 303
7160 9445
1539 5081
6024 6296
7830 6201
4851 5300
3605 5041
9139 9134
7971 9124
1141 3849
5357 1150
1482 7962
2075 832
1982 8735
5925 4508
9243 5494
8678 2844
5590 4033
7983 2312
2285 5235
7218 9052
6470 5633
3938 1072
3833 2762
8814 6986
8687 5200
9200 2738
9074 5612
5359 539
609 6812
7799 912
6110 206
1572 4170
5336 2325
4641 777
6553 2115
7378 1365
3594 3254
5393 6505
3506 2888
229 2252
2200 4035
4331 1922
9201 3868
5459 4733
350 3329
5554 5513
2677 6835
9423 2676
8391 183
6049 8629
5650 951
1243 5586
5004 6820
7900 2008
1939 2100
8252 4368
9313 8595
8368 8857
8736 3983
8864 7787
299 3009
7133 3918
4728 4912
8799 5387
3918 449
9079 230
4846 8861
393 608
5289 836
6462 2709
2695 236
3947 5231
2212 9340
3921 975
7595 8358
4275 6963
5306 682
3234 1174
3144 8424
9479 2295
3054 4354
1875 3257
18 5605
2314 1234
2847 5674
1030 8717
4528 3455
83 5780
9224 5242
4395 4304
3959 2529
8304 8766
4068 831
8393 7257
793 2085
173 5196
5670 3392
6581 3450
7339 3142
231 5730
9461 2706
7586 574
3140 3227
9267 3670
6303 6404
8917 8954
7430 5276
7377 1339
8965 6727
6775 8429
2037 782
1250 767
4749 6725
5556 8187
655 3776
8067 6812
1103 3462
8793 9064
6088 928
3524 1529
8009 6195
8632 8901
5161 2997
9303 5486
68 3001
2381 9218
4613 9111
4102 5479
2412 1729
8916 3870
3014 5006
4698 3050
9455 4332
8274 268
8453 2355
4215 3641
1162 4950
6409 9178
5463 9061
4476 6414
5224 6422
8958 3815
9116 2989
7436 7607
7761 4663
7729 3977
3198 2626
670 4799
1470 6269
9083 7160
7105 7308
1114 4335
1282 6732
1272 4301
4575 6775
4130 7331
7905 8163
4632 7096
2180 2441
7888 4613
6070 468
1934 4725
5851 3812
5107 9249
273 5657
4726 7905
5198 5072
5176 7532
7162 3039
8021 8931
5903 6441
535 3261
3231 3215
7457 8145
838 5789
1400 1204
8485 9281
2500 3171
3865 5159
5534 3327
5483 3793
8637 6379
1025 3532
4360 233
1576 525
6959 7908
417 1038
5154 3011
1732 5618
4352 6842
6012 2942
8081 8791
1877 9326
9170 8095
8210 5105
2431 4192
2273 1858
9054 574
4759 8352
5186 7150
4055 1751
347 2244
6209 8296
815 2339
1817 4317
1566 1524
3177 5871
1005 4095
5092 8186
2111 8417
2027 4408
8755 3525
1896 6781
7068 7500
4199 8416
8525 5595
6422 6264
2274 5423
794 8794
8876 8916
887 965
7586 2914
5920 7405
2202 5610
2128 3139
3358 3465
4480 7478
3278 2243
4297 3560
9231 2716
5821 1949
3120 5889
2284 152
3284 8370
2400 724
7980 5121
6478 4789
3017 5058
8575 7896
3692 1616
1010 2783
869 6099
3137 9016
1110 2455
5680 4038
1347 2118
3228 6550
4043 4410
791 5691
2682 1115
2636 1038
8203 1887
3384 7262
5941 990
5095 3827
8499 9077
3565 8141
3017 865
6863 4837
7681 1809
6092 393
2207 7170
7362 4500
315 6669
6620 584
2787 6137
4465 1215
4504 1998
8301 2842
5323 9407
838 5439
3118 2705
6073 4494
628 3415
4202 6682
6768 249
477 6299
6466 7699
2089 6518
4244 9375
4589 90
5408 5285
418 4667
3010 2009
6322 8512
7051 7192
652 6857
9160 4241
776 974
186 1030
1537 6438
2023 1590
653 2361
8470 3750
5759 9400
1726 8093
2238 2247
456 3700
3742 2960
933 8225
3464 4921
6680 682
3770 1089
3143 5950
4638 54
3021 7702
898 2675
8360 313
6610 6486
8270 2203
8127 9376
7300 1900
96 4448
280 1448
4700 1649
5825 6266
3888 7271
4654 9377
5709 4679
7725 2331
1137 9424
6675 5219
6812 895
8449 4041
5315 8729
9201 5531
3630 8920
931 4846
2107 1
6219 3746
5960 5791
9311 5673
7750 5760
3964 3826
4676 8977
3453 2799
3410 2589
5784 1745
9166 5513
7568 3757
700 6601
1366 7675
9480 3470
6654 1318
3856 190
6314 1566
3612 3468
6399 3153
6716 3943
1959 7655
1989 7163
2264 8222
2540 6672
6122 1550
3664 5518
2969 8077
2661 5468
3922 6755
5962 1087
1975 2184
675 7385
1851 1164
4277 2277
3255 3774
7853 2783
511 4081
7697 2195
8521 5020
1885 639
3680 6158
317 1082
6241 593
1013 6591
3066 967
984 3736
3023 3707
2915 4659
4864 8375
1258 464
4233 1629
804 6657
5687 3099
2487 1071
482 7554
8012 1917
7045 4224
3099 2627
3828 4331
1978 6508
8402 3832
954 6185
416 6533
520 2968
7046 7385
5524 8743
4108 2334
9176 318
8272 5664
6253 4288
8605 1974
5755 4528
5022 342
4858 3455
3442 8726
9044 1847
6944 7380
5373 7912
8716 9241
7309 2433
7019 4197
3461 5800
2221 5770
2524 4939
97 25
346 4318
2094 2444
6052 5793
8952 5790
1474 6899
1435 953
4189 4590
3025 3853
384 2062
5178 2806
7373 4852
3215 6454
8286 4254
5199 3174
934 8666
1331 9016
8690 5069
1844 6845
3120 507
448 8276
8039 7491
8479 7464
3137 7320
2833 909
9327 6045
6909 3937
5856 4463
5521 7016
5017 7460
1408 3746
7750 2676
3991 5780
2370 3053
8746 8545
6898 2648
3287 187
8327 7174
1590 4114
1763 1740
6608 3211
86 2398
4074 1028
792 5869
7557 6165
2167 4251
4547 6958
8722 7400
8873 6137
2041 6645
8426 831
5902 4881
2263 5017
6944 1857
4724 5729
363 6042
342 6263
265 297
6979 9463
6681 3595
1071 9040
6894 6503
8345 6449
4882 978
6433 5431
1583 4393
117 5669
6992 8726
3667 6705
8733 1247
3100 3029
91 8295
7345 3383
8919 9483
1892 1834
3845 870
7406 8068
7121 5460
1216 9321
438 1074
2031 7801
5 6297
9320 4777
3025 8982
3422 2984
2527 6646
1440 7092
3294 6089
1895 3206
533 1972
6207 6976
110 6856
4947 6
2905 7520
4729 5057
2986 3822
3574 8540
6255 8029
907 2930
3403 7731
7804 1393
1093 8805
5170 5837
6519 3307
6156 3083
392 3841
3378 4724
5168 3554
224 3893
2255 4601
1078 949
1718 6521
5905 7495
5711 2705
1192 7171
2296 7550
8362 6357
496 9261
9461 4619
2727 3663
5621 8106
8200 279
4850 6210
7666 8983
5981 9460
9179 2590
4282 1716
7453 5913
6185 5857
2908 4467
1641 2407
6643 6306
3384 3506
2172 1988
7073 590
2401 9124
6175 4919
9387 112
4234 5845
7355 6158
1238 4466
6863 2614
441 9455
7553 2832
2976 8090
2061 5437
5457 3468
5523 6318
1417 781
8602 9089
5261 724
3463 5234
6835 3803
278 8741
5323 4363
4125 6985
7073 1839
3016 3042
5179 4191
8312 2374
4147 6386
8328 763
6914 8784
3482 8566
4981 6097
8228 2922
4188 7665
8493 3555
3601 7918
3691 7298
8367 2965
1814 3064
2821 7103
6682 960
3405 7668
2280 1357
4592 8247
3024 7883
4033 3261
2481 9024
2946 5477
2849 1474
8430 9198
2570 2972
6083 4902
6180 4642
4027 3567
4333 7271
3521 6234
6597 2873
416 458
188 7890
3297 5102
439 4511
3743 6929
2498 3245
2725 2928
1460 6244
6352 7196
5371 8330
4581 135
6527 3161
1304 1503
1915 3792
7295 2153
1784 1215
400 6864
8274 8090
5874 514
6495 8518
2385 2893
2668 5710
1707 2211
2046 6150
1647 7396
2596 5105
9051 7290
7562 3003
219 5942
7994 7473
301 7380
2575 7604
913 5888
9129 2452
9253 403
8620 4631
9495 809
3617 5750
3044 4776
1734 1383
6569 712
1042 5566
2294 8329
2803 1853
2176 8198
1434 5278
6530 4587
7325 3986
4724 6373
903 7498
6379 285
7636 1130
3341 491
5583 1759
1577 1403
2871 6649
9203 2951
4324 3615
390 4148
4310 8518
4466 6031
8336 1466
3600 1405
596 8198
1227 6437
7454 3340
9277 2374
2797 275
5409 7641
5802 8926
2503 5639
2625 6221
3308 8311
3128 7463
7773 1088
7417 2981
102 3372
2288 856
5718 692
4783 6479
6801 5159
9145 4654
3024 6253
1951 4075
4886 9034
9173 3891
4402 7208
9425 3649
9042 1611
6630 8913
9165 1158
5729 357
5408 6583
5759 2866
1863 3969
1938 7781
3071 585
7825 8586
2165 679
1183 132
7490 7451
2962 961
6063 5958
6752 8929
4902 2678
4371 3535
411 1878
5125 7937
4064 415
7439 4591
5043 7742
6017 8792
5720 7884
5112 2720
1977 8694
6401 5341
8631 3647
2155 437
2642 5479
5348 1453
7248 8281
5789 7317
5598 3395
5810 4781
6285 4270
2425 1414
48 583
7525 5848
2072 8570
4204 9336
6306 7764
1074 9450
6222 1747
6990 6538
1310 2910
4589 6919
5295 8049
3363 1673
2373 8212
136 1578
5667 3535
4714 678
820 7196
7877 3703
8695 1016
4096 9468
4119 3289
2574 5191
6823 2244
8668 5509
6816 7830
4622 8181
5867 9284
749 1615
7903 8489
6821 3773
5997 1284
3505 4497
1825 2534
5409 4272
3579 7322
3255 4400
8974 1543
2802 5250
3120 7332
7415 5096
2189 6201
3361 4544
6439 5419
1184 3735
1915 2524
3989 5373
3350 3113
283 1374
7044 6226
4585 2225
9050 9493
1597 5032
5527 2306
8937 9390
3125 7488
436 6514
7269 1362
610 7362
7888 5634
6545 7092
497 6407
6259 4028
77 2991
6884 6461
7858 1867
7273 7608
2258 4242
1283 409
8652 2435
4327 21
6829 8601
4137 2946
8354 5698
4000 593
732 2706
147 9394
732 8868
4770 5165
2521 6924
819 8834
438 8866
5620 5727
3174 7695
6455 9364
7434 7253
3758 2829
5516 155
5542 7055
3382 4139
2651 2123
4923 6325
2473 3241
8414 436
2216 2575
4980 6499
840 6356
221 5824
7515 2327
4280 2961
3434 2100
7775 9256
305 1542
9254 8738
5815 6809
2165 3512
9001 3504
6566 808
6311 46
1490 6453
350 4640
2607 5554
2233 8959
2708 3785
936 6356
7749 4923
8885 5065
2351 3501
8832 6009
1961 5462
2152 2754
4741 5769
6080 4982
7038 7832
5141 5133
9445 6575
6950 4643
8306 6386
3386 9207
8883 1844
6590 4829
6337 3968
5912 6686
7007 4957
7408 8622
4186 9262
3679 3337
4264 2392
7875 7187
3317 185
6031 7897
2407 5706
3095 2913
2276 6394
9199 2726
9444 2050
7653 1582
6216 6486
1824 9059
3924 44
5279 4270
3690 1035
4766 172
5690 9453
2873 6278
3469 4525
5098 956
374 2590
6108 5231
162 1164
7588 1243
5868 2
8728 8411
5059 8121
5875 174
5126 5905
528 3777
1689 7337
5062 5349
133 2410
6071 1097
9039 1551
531 5622
5526 7500
26 4153
7062 3416
1483 2854
9066 2520
8093 6082
427 5738
2912 6932
4530 8656
8934 4106
2014 2396
3205 5280
6195 3904
7238 8550
4489 1520
4188 6909
4650 5450
5954 2859
6726 158
6066 948
498 6781
728 3608
5795 4037
1833 2490
7901 9382
6984 9010
1668 2522
115 9368
2858 6144
6101 4086
1728 7074
3487 5180
520 9342
6147 203
8806 8386
730 9200
1768 4720
8284 8510
8867 6468
880 2336
4165 2417
4078 1439
7731 6420
6020 8945
1708 2561
4812 973
2533 482
7424 2692
6099 749
7867 7701
4326 7211
1981 1066
5611 1969
9012 3148
7934 8087
3171 8087
7 2112
7531 7610
3862 1702
1508 7579
321 3449
3603 9440
8909 1772
5050 2577
9462 8146
5600 5408
9478 359
5639 2296
6548 2037
1205 2151
2345 7199
8268 121
3745 6117
2357 8177
5331 7669
1137 5185
7931 5646
6709 6999
4098 8417
3387 2641
2213 3724
2580 1265
7268 3282
2054 5133
6106 69
5086 4574
6382 9414
8572 832
906 1624
837 7146
8877 9372
6586 398
6120 7467
1842 9264
4248 6027
4992 2681
7652 1563
2123 2645
3697 1122
6461 1449
9418 4029
7974 1773
6934 4088
9398 6567
8438 8925
1232 5609
6733 3509
7921 4616
2216 7260
4647 9075
525 3720
7363 3404
485 7740
6710 4252
6040 910
5071 1353
6540 4571
3848 6262
5970 4144
9021 1787
5374 7101
1591 1534
6660 9499
7525 614
2164 9026
2475 8066
5645 4440
4823 2232
6186 825
7432 1268
232 7048
4874 5045
7471 8406
2715 6676
3374 2870
6699 3265
115 1212
2124 6482
6184 6355
8950 2396
8485 3124
2258 8456
8047 9215
800 1968
6727 9435
8772 5240
5166 5192
1126 5281
2860 8505
1743 3623
5918 8375
5690 8913
8669 751
4696 1050
5219 5799
7677 9142
9258 2340
4404 5866
2162 6537
2809 5802
8100 8267
1681 8464
2620 8135
2718 6764
4098 8763
7878 7938
6769 6463
5685 6061
196 5689
7048 808
7085 7838
1427 4953
8203 8725
5048 6292
6249 683
521 933
7482 549
6800 9238
4879 4135
8671 2131
4161 2287
4661 6891
9327 3658
3090 7171
2987 7516
1889 7077
1401 853
7249 4706
1930 5534
7219 5251
3024 6966
8276 7874
5848 5074
1014 8005
7959 5994
866 3125
2688 3770
8188 8709
1432 7270
1447 1560
8844 2974
8376 4271
4099 951
7353 511
3684 5957
4415 7543
8418 489
5855 4594
1365 8151
460 1945
2426 314
3951 5553
474 6229
7903 9076
7412 654
1998 7397
4382 6159
7523 3678
9460 3642
151 6254
2151 6278
421 1603
3486 8819
3084 2398
8167 8278
4165 6529
3336 5872
8248 2497
5593 2302
1878 4777
8305 1831
3211 1828
3910 7316
4978 4164
5549 1494
7784 8997
3702 1338
3688 7792
3698 8904
5706 6707
5799 7556
3520 7763
3025 2551
2264 4410
2158 1339
587 6006
2042 3750
1966 1279
3984 5709
3565 4617
7766 7920
9139 8618
3474 4064
7024 235
2857 441
8946 1690
6703 409
1469 5092
8432 3394
5754 4145
7568 5181
991 7335
8671 689
7750 8696
6982 9170
5113 8809
4546 5757
5810 7907
3508 4694
453 1609
8073 5299
7505 1438
129 4010
6209 6750
1290 7871
8900 4954
7976 3037
4035 9228
2429 7290
7909 8433
613 8730
2547 704
382 5965
5630 193
7801 5099
7505 1866
7559 4915
2578 5437
6183 7289
2156 7127
7963 9418
6538 8022
3604 1751
8159 1857
7670 7901
1086 9159
3498 2486
9378 8887
3649 1079
7400 6500
3341 3778
7872 8009
5349 3254
4617 3696
6568 8205
1231 9344
9460 498
5582 5839
3808 3330
5610 4018
7875 9242
3651 3907
5596 3130
2567 8761
2152 5559
4150 2223
8228 7073
1433 2893
1661 1980
7095 9276
2579 4815
4645 5928
4720 1579
3676 20
3752 6421
1292 9105
9286 5275
4646 3762
6195 6995
4237 7374
9428 264
577 4530
5118 7642
2947 6979
6667 3577
4089 133
7076 6203
7605 7427
6713 3150
55 1190
7676 170
5356 4906
9291 3996
1150 9121
1121 7134
812 6343
6011 5057
9315 977
1431 3217
6668 1360
1326 2067
9122 4114
7308 2089
5398 9027
9036 143
1636 6499
652 3366
6529 776
6419 4617
360 4697
3618 5630
4396 9439
4232 8399
4125 3634
6693 8623
4932 2720
5641 6759
5496 3541
5171 7617
2377 5921
4673 8503
6989 8843
1023 5271
6291 3961
4067 5826
1213 8234
2769 9002
4558 2031
2386 2230
3821 185
9244 5631
3388 5188
2167 2774
333 8265
6474 1539
2986 8761
4603 4937
7398 4246
9009 4873
4794 1418
5940 4108
2486 3927
6126 6766
254 7124
5472 6542
845 5717
7592 7116
5362 922
8675 7329
284 580
70 247
2376 6333
8 5172
7939 7285
2781 1486
6394 7953
8107 4520
1543 5108
1445 5181
9189 9160
4358 3307
2067 2426
8858 3135
8907 8629
1793 63
4220 5983
5483 7715
7594 5003
6092 2452
2275 1836
4313 1231
3829 7495
5437 6447
8676 8477
8248 8035
9353 7228
1434 5656
9488 3943
8147 798
31 2965
4691 3411
7845 628
7741 3504
581 6849
874 568
7246 1953
914 2273
3109 8870
4311 1954
2559 3767
382 7984
4294 705
5260 2350
8001 4431
7330 626
7215 3377
4566 5519
5723 4430
7297 1727
9052 5019
661 3040
6113 3822
1002 7947
6532 644
690 114
4372 554
640 7379
4023 8044
5713 1149
8785 5175
9249 8647
2424 510
7442 3353
4483 9077
7254 3847
649 3217
6027 155
5553 518
8002 7736
8103 7118
761 9320
3064 2594
5152 1680
4449 5107
3339 621
2948 4951
1686 6430
7931 2374
1799 6436
8447 2133
5068 1408
2644 7108
7523 1490
5272 8951
5906 2262
1136 5976
4263 2860
2029 6184
902 5457
1993 7726
990 6913
7754 2481
5382 5217
5565 397
4731 612
1615 5602
1367 3062
1747 8968
1790 1363
3938 9277
3849 2246
740 6930
3411 3374
3585 8929
2174 9256
8534 7481
9153 4142
7986 8045
8558 4085
1581 3412
6644 5180
3948 6051
6480 9486
4546 5144
4619 5045
3882 1438
7744 3252
507 1314
5974 6795
6153 5292
5149 5155
721 1546
7639 2627
3653 7153
6655 7958
8015 3355
3196 6278
4301 6341
8415 9020
2857 2354
5543 5531
3462 1027
8859 7037
5456 5821
637 8733
3127 8809
9336 6734
3091 4471
3138 4464
7789 9213
3221 1090
4022 3495
8351 101
3329 8711
7514 7492
1128 9062
461 5157
293 9223
2508 8375
5337 3033
5906 2748
2387 7711
4227 3754
7938 9025
2736 1795
3316 3896
6428 6511
184 6969
1004 4985
6176 4878
4562 8605
9484 8482
7255 3536
8350 1676
8237 3710
3502 5563
2093 7535
1199 9489
6007 3749
1402 148
7129 4189
4556 6948
737 4761
3673 7029
4355 2225
9307 666
5478 7725
564 744
4437 6386
6429 7682
8781 4647
9246 1467
8227 5063
9331 7834
5106 4283
2795 3335
8644 6998
6038 9489
6770 5970
3851 1486
8698 933
6315 100
983 6215
2290 8471
4674 4487
1649 880
8298 403
3978 8890
4266 4641
4430 6776
3415 5116
4985 5122
6928 648
4443 5657
2190 8132
2428 8668
6252 1852
2728 3311
7855 5538
6793 1979
3590 8908
2479 1606
7245 6631
3564 6872
5003 1226
3964 346
6671 730
3684 1461
3673 6271
8913 331
1533 5856
9193 521
7373 716
5986 739
680 8841
4602 997
4915 6118
7334 4095
7880 7611
7221 4222
6402 7696
1764 8979
1610 509
4409 3185
9472 8351
7038 7156
7814 9452
3265 5640
1082 4008
8092 4737
5634 7031
6171 6348
7825 1405
4449 4541
6293 1911
920 6647
4767 9436
3204 9101
258 5499
2138 5847
3031 1732
8224 2963
373 2843
5651 2311
1157 4386
1472 6589
9043 9006
2337 5810
3687 288
4970 5405
4457 6844
4267 9397
1533 8765
561 2207
8838 9186
823 206
537 5288
1421 6507
2786 7606
4248 9109
2823 8875
6083 367
8162 3129
6493 7323
4927 8555
8655 9493
2918 3929
208 5003
5193 4417
6129 797
3048 8603
6635 7891
2348 3302
4847 9041
7917 9236
7334 5773
5379 9215
652 1472
8601 3068
7798 2480
4947 6060
2331 5069
3460 9420
3611 6332
6305 999
6601 6785
3626 6761
946 3269
4128 9015
5208 5292
135 5627
5923 2821
5897 6721
6058 2761
2620 7091
5681 2518
3091 2413
1329 1434
9244 5673
5869 709
9381 7215
9477 3799
1422 6379
2869 3796
5186 3905
2080 4141
8563 6124
306 9199
1961 5947
4572 6418
3772 4802
1005 371
5523 6408
5685 1381
5760 5929
4786 8999
813 6516
5798 8502
1850 6495
5737 4459
3376 1391
5158 8719
5906 2266
6188 2143
2568 4376
2348 5229
645 7694
8471 5771
1895 6360
4095 9317
5205 128
1507 3883
7615 5547
3758 1378
2867 3994
1264 7220
8311 2113
4140 789
5798 9045
2150 5486
2950 7921
5183 4545
5644 2555
4178 3143
2095 2482
2 6805
7370 3412
7667 4426
3884 6128
2130 5985
2448 2909
6472 2784
9292 3268
379 8339
7667 1185
1375 7942
4046 4023
5483 4811
6673 8270
8013 529
2564 7873
6138 4852
198 9306
1063 260
5736 3219
5026 5880
3950 190
336 179
5042 7349
1562 8658
5531 6625
889 8987
8970 2007
6067 2598
3919 3272
5511 5907
1946 827
6559 6763
5686 5900
1041 398
5809 4018
4930 7619
99 5846
1806 2510
545 8777
7201 260
6155 7689
6416 857
2006 6563
4473 8014
7445 4778
1390 5666
1413 8300
6894 2338
3772 1403
5645 613
4969 1781
5712 5409
110 3342
501 2966
8355 2082
5448 7706
6778 1328
4123 6990
3264 3489
4072 8152
7747 6349
3118 8914
9453 7560
3154 6895
2404 3170
8321 2592
770 8614
27 960
3326 9017
6791 4870
3020 5087
7677 5700
8025 8522
25 8803
2016 3059
3569 5097
5023 1325
8781 6224
3039 7211
6015 3908
6087 8031
3563 8493
947 8942
3388 4187
4016 4454
84 8870
5844 5860
1404 7307
4363 1728
6658 3669
6309 3126
7308 2001
6168 8267
6689 7583
2655 244
4028 8732
7432 281
6325 4052
4139 7542
4271 3149
7916 6690
8217 5929
871 6076
1796 3221
550 4577
890 7582
426 5800
2121 1341
7981 568
9059 5134
235 9444
6253 4502
6227 7202
3284 7641
6000 8253
8276 8811
5112 3114
2456 4086
2040 2758
4490 8803
5614 6874
2225 7141
435 4411
6076 4552
5938 6557
9331 8571
8142 4374
2286 8401
3357 4950
4234 9067
7923 318
2367 7051
7805 5550
2559 2698
9247 5808
805 7747
9285 7944
4670 7096
7497 2654
254 4176
9302 8780
5716 2483
5042 8201
9098 4733
3157 3681
9383 7265
7643 4217
9402 7826
927 3977
6972 3508
8859 9032
3706 8905
9263 863
6436 8719
6991 1135
9299 3695
1267 8817
538 1316
3345 3220
320 4039
6108 2341
8650 8830
2530 9283
5796 451
4542 2174
5148 1304
7264 445
2406 8121
3352 8253
1221 8484
4912 6687
6921 9273
7667 6838
6725 7610
5768 3777
8131 8484
6358 3475
9101 453
2293 8807
8752 7191
282 2976
3476 570
1549 2418
2921 8392
9120 8299
8462 5675
1710 9181
2932 1936
8306 3531
7597 1008
4663 8512
1498 4523
4303 4022
8072 5009
522 6797
5204 3515
6412 2735
7833 8956
7151 9206
7234 3206
9395 2955
2907 5879
9308 5639
8663 1208
7182 5110
1530 7566
4059 1572
4033 6424
1265 2622
6617 3286
8528 7369
5822 7169
6848 3700
661 4763
9360 6169
5404 8024
5754 2616
4778 1023
6728 8702
821 8840
5847 3812
4657 1250
8563 2824
7655 2899
8334 4783
2301 1649
8961 4671
696 3861
8644 6146
8748 2305
9467 1623
2208 7042
4708 2483
5282 723
7035 5411
8142 4383
8073 2572
561 2175
1027 4252
7800 1260
6083 4583
920 4408
1775 7063
1666 8302
7181 1421
7970 6959
1753 8190
5737 6488
7466 9432
7773 4852
3739 6422
5371 85
2131 622
2048 4303
4985 4419
6915 6869
9181 5363
1523 5382
9233 9297
298 6382
523 8301
524 9371
4894 464
6490 1618
8485 6266
1041 2900
633 6967
737 6750
9103 4718
6726 2972
7620 4734
144 2598
5811 8708
1279 6834
3858 93
4807 1087
3516 541
6406 5421
6587 5578
6147 5436
8558 4635
308 4480
2485 4939
4770 5722
6608 3288
7633 7650
7482 7633
28 5941
1420 1914
6110 6361
7084 5162
5334 5964
211 558
166 6893
1299 6468
6921 2205
5039 2256
728 9250
5317 4823
2739 2810
9158 3370
9235 7317
3924 2717
63 2066
3504 7892
2747 4293
4472 8872
5235 2210
8589 3724
4414 5576
3276 721
7951 7003
5698 8959
8171 9270
8865 5621
8165 3391
5048 3867
5307 120
6658 4901
4602 3686
6251 1869
6125 4742
5635 9193
7223 5846
4537 1429
3035 7894
380 6268
267 5761
1370 4607
4350 4343
1837 7728
5204 2080
480 5445
1590 1782
5379 9465
5647 6357
3748 2551
2975 8995
662 6771
7903 2669
9015 8084
6008 4030
451 3399
476 7995
3039 6952
7658 5046
2519 706
5106 4161
5152 6390
5850 2125
7152 8716
2779 3173
3958 6456
8702 4629
5779 6601
8521 3473
4826 5761
4692 1808
9079 252
8115 8850
7757 1130
7301 9315
2712 679
5819 3197
2109 271
6815 7126
5163 3223
5349 8738
1384 2233
8247 6291
4125 3131
7496 5759
1969 8717
8501 4931
4045 8811
4339 9356
8196 9353
8495 2056
6525 8612
3848 1082
2899 3930
8907 1288
2014 5294
6632 3566
9323 5989
5119 533
2702 1117
1114 9053
2332 3496
6184 125
9224 5090
4219 6045
6018 8432
407 7640
8353 274
1966 6118
1601 3185
2659 1083
8603 6697
9373 1309
5027 2910
7878 8911
5792 7902
6035 6336
2504 8186
9154 4982
4175 6481
3615 9287
385 8072
9071 1343
2098 3148
7766 1111
6392 2965
5676 2673
4495 266
7941 534
1734 772
8957 4210
5771 51
5616 2634
450 1126
8724 7124
8124 8079
243 2495
6801 7577
2316 8189
4209 5953
1051 4878
5367 7491
4660 4383
4493 1298
201 2799
8517 6407
6512 8669
6612 5074
514 6819
486 2201
506 6948
402 1087
3722 6746
412 6509
894 61
1759 3279
7049 3694
2724 9133
7351 1372
7943 6081
8955 1204
4269 6426
1513 5889
8234 7895
6387 213
6662 9143
2212 5564
5838 7936
8095 3553
6613 88
241 5490
7307 5902
8997 3713
4238 5113
5086 5909
1235 8218
1139 3935
6064 7173
7972 7215
4644 9417
8853 4110
1106 826
7521 2920
8512 3321
7198 3183
121 8457
6722 2124
6608 8242
342 1180
2675 3139
8920 6289
3727 8372
5575 7940
1083 4012
3754 5257
4387 1581
4178 6065
1544 3828
3296 7547
7758 4037
9406 5015
5043 3907
6166 6358
9475 5352
6841 2927
6604 8164
8561 5650
8647 2634
5244 3042
857 8902
9097 4455
9380 9398
7463 5561
8655 5364
4123 1493
8489 6787
7846 1035
1588 8662
4618 4146
717 861
4157 1182
3632 5608
4914 8599
4896 7998
3061 7158
8500 6719
4352 5277
491 2313
5813 1195
869 1715
6721 2660
424 2827
5520 2278
7797 2250
876 1055
5097 5697
9464 5383
7173 2340
484 9081
352 5837
4322 7102
6410 739
2184 2215
6970 6912
5695 249
311 4188
693 571
5366 2636
7648 8815
5397 5595
9059 7331
5878 1870
8147 5389
9204 8968
7416 3897
1960 550
8537 4245
5347 5442
5323 3328
7077 3716
6448 2305
7219 4133
7645 8409
1952 8329
8271 1529
7583 3320
5901 7197
2428 656
7968 5143
6543 3195
533 5196
4731 2739
3065 1902
228 2087
3456 8094
131 5993
7467 651
3448 873
1958 6653
3119 3835
3097 8813
6156 321
7333 6053
8733 6652
8845 7855
5978 4487
2045 5367
1738 5297
8048 12
4447 8939
5948 7642
5524 8844
8821 3154
1520 1750
6923 8313
8829 279
580 5446
6657 6225
94 1639
382 3817
1646 6749
6868 4719
5358 2253
6010 1489
4102 4889
6301 4974
4839 4913
9378 1116
6016 7314
7956 4167
907 1062
5653 1937
899 8816
5637 939
3319 6440
9431 5954
4388 5880
2733 8209
8414 8969
4973 2879
3970 6320
4948 9064
2619 3192
5355 3258
1737 4887
8339 1961
3833 1555
6432 3293
3959 2368
6509 9002
6505 484
7623 3431
3586 6633
4331 5447
4892 7584
3223 7656
7920 3438
4156 6232
6421 3223
9392 9049
3096 3880
6911 6149
1499 4510
2526 5686
3654 7564
4121 6512
2518 1990
6169 5481
4557 5284
6614 7391
4622 7110
4492 2335
557 2499
1345 5634
5243 3188
1190 5088
6834 2018
3013 5530
4024 8156
4416 4730
7554 6321
7222 7880
5754 4372
8929 3477
8588 2242
1717 5125
8870 4351
7056 2745
1136 2170
6739 4588
869 2603
7240 6118
7123 1370
6924 2786
6800 2779
3897 6396
6465 6824
7094 7946
7259 9392
2204 1553
8655 2019
7790 4599
2721 3695
6936 8722
3201 3810
7686 7495
2913 7112
7669 1742
169 9066
6335 420
4209 2968
6309 2034
5497 6187
3248 3170
9361 5748
5644 9449
7897 5939
3661 7220
4135 2171
2120 7980
7220 6384
2233 2468
7343 7982
4676 5442
2719 3336
4278 1515
8013 1752
1153 4532
4106 6021
3863 1567
3915 4875
2653 5892
8117 8692
2989 7835
508 970
1444 1240
6375 8930
8187 2358
8656 124
8957 1446
5015 5135
4598 1057
6474 7382
8475 3304
4130 1625
7931 5618
5480 2181
8505 8822
9438 1237
2297 7637
7819 3310
885 4632
1702 2413
2089 4955
5820 8729
5273 6944
7631 2598
6842 976
4394 3390
8383 1899
4704 1279
428 6153
2776 7887
187 419
7030 8084
2592 7821
5542 3706
747 6916
6477 7480
6874 5201
2103 8310
197 6194
4733 8807
5880 4580
5994 4181
163 1559
1220 3403
8796 179
4361 5137
6039 2043
9047 5160
5271 8942
1009 2372
1812 4246
3552 3090
2937 4702
1865 6866
3071 7250
3218 1442
8706 4404
2359 4361
3746 917
3927 3150
601 3190
1579 9161
1688 7856
3546 742
4289 5975
2007 7908
8393 5881
7533 9464
7832 9330
5832 5966
3188 7797
1146 3683
4036 5335
5892 3157
4615 8495
2286 3544
7278 6071
4567 8813
8729 8369
3812 1554
2449 3586
2239 2256
8774 1514
9427 8937
7770 8691
5328 5341
303 1928
5831 1148
4475 5789
2930 5355
2616 578
7958 2361
7516 2711
2777 6613
4012 2421
3567 8355
4509 5292
8016 7595
7229 7252
2938 1789
3383 8631
1091 9495
1222 459
7342 487
4510 5155
8010 3728
6511 1057
6760 7976
253 6627
589 6402
2650 7253
735 3289
2795 8047
431 291
4911 1227
1616 337
8479 5720
7442 5420
1880 8022
2991 2792
5207 162
3968 2289
3037 6866
2662 3977
4116 4876
6668 9434
7187 5601
4383 3572
8651 6675
1595 2173
1388 5783
6446 4754
4128 2102
8331 6370
3976 7809
4918 3565
4197 7412
574 7081
6719 795
8249 7612
9143 8028
1634 598
182 5150
9167 1301
7398 5047
7063 7422
5212 2671
4592 6451
4989 3915
2206 1543
8921 263
4097 5669
8816 2904
2841 3672
3722 1550
6836 2583
2974 1610
4765 5237
1912 5591
1983 1857
9008 7256
8795 5443
4556 239
9497 2033
2975 7948
6930 3085
3503 9128
4764 8672
9356 4513
1537 6464
548 1557
5199 5430
8814 4721
992 6487
6247 9211
9136 604
3562 4080
2432 2521
2489 4180
3511 691
53 6515
7154 7779
4508 3160
8410 8538
5283 802
560 8273
5494 1997
6684 2084
9379 4073
606 2816
8058 6295
8924 6537
3064 674
7644 4459
2848 3480
4192 3041
623 935
8906 4281
4721 6265
7376 669
5721 2078
8284 1076
6618 5026
8329 2587
7071 5724
3034 3075
7906 1926
1274 711
2980 5693
8647 8511
8278 879
9224 6590
7056 8603
556 3338
2527 5387
351 33
9463 3522
8583 490
6509 2579
5382 9010
5675 7978
1349 5420
4427 6664
9370 4664
3988 9271
8931 2017
2872 3747
4429 4975
6390 2157
4586 1234
9267 4157
1754 1703
3502 8582
7251 5142
7218 9401
3297 4891
3883 6730
8423 9115
5952 4714
8955 2617
2840 6098
2670 8295
9159 9354
4424 6056
6315 6273
7516 2124
6546 1178
5905 8344
3410 7702
2702 6200
9259 4740
4857 6448
1753 7948
1971 2029
6939 2122
5594 108
2249 5484
8613 3575
3743 593
1837 7157
7681 1876
6250 2674
1992 5996
9141 2542
4744 206
3644 8396
8553 9419
4166 6399
3418 1986
6762 6159
5318 4590
4551 5873
4991 1612
7969 3406
7685 3230
8833 2054
1161 8589
714 1978
7087 3300
4351 9048
1855 4455
9359 1264
8183 4129
4484 6800
2856 8723
2972 5265
1144 8113
2836 6414
4917 2407
6939 4174
5690 8211
7941 4432
2053 4054
6793 7121
324 5623
5033 5127
6257 292
1193 2880
5053 8684
3906 5792
4841 2848
4728 8468
1991 8421
6103 45
9268 1231
7138 7024
2327 2149
5894 4628
8755 4933
2182 4888
9371 4301
457 1631
1836 2247
3330 4122
1586 6729
2185 675
9256 4956
1138 6112
6757 8256
3877 4075
6970 692
9108 2101
8793 5143
8250 831
190 3907
9380 1191
9362 2761
2424 1692
5829 4447
1287 6234
3499 7129
8707 3708
2312 4405
2242 4002
8997 5132
149 5615
6905 5274
2703 8060
8213 2504
1531 7213
6417 7037
7588 8353
8739 7219
1563 2644
2420 664
969 7839
7794 4422
1862 1676
8830 8918
6287 4835
645 8989
4717 7196
8745 4002
8901 9452
3049 2964
6290 92
4630 232
6784 2895
4079 2958
6472 8960
5713 1392
3307 291
3995 8105
8389 4961
5782 7525
7233 6295
3637 7661
4991 7229
6490 7910
5053 3212
8835 4311
7844 8108
5788 7462
2384 834
5699 2237
4249 7154
4113 3891
387 8665
5493 6009
2709 8123
7284 7231
5645 5344
5540 5105
698 9473
3139 8874
1191 4973
4718 6075
6805 3483
1360 1687
2539 99
2635 1467
5066 2080
2453 7869
5638 8050
1276 4586
2102 1126
7434 4300
3011 1060
8446 5212
4800 3079
7309 959
11 6415
7752 1916
4084 7104
3743 2109
4445 5567
798 8529
6837 7156
8601 4835
2928 7672
8347 9236
7402 3678
282 2663
5185 8286
8208 9098
9458 7826
8036 2498
9357 3921
5819 1953
7733 1396
2695 4455
6536 548
7015 7223
5659 3275
8543 3240
2385 4411
7765 4393
6753 2982
4140 211
5693 8609
1164 1046
2807 1454
5652 6310
1346 6151
3151 77
8719 9320
8734 3717
597 4353
5949 6636
1662 7224
8676 8784
590 2405
7676 7089
4108 2716
3381 7018
3534 605
1281 4666
9443 7796
2053 8657
1328 5648
8804 6721
7923 3925
4482 727
1904 1040
960 4298
8643 4372
4366 8516
6047 1660
332 1744
196 7813
3863 4421
77 6679
477 3862
1292 7442
5888 7866
4888 8371
8400 1546
1477 5891
7862 4916
4815 7543
9456 7022
6620 6616
9371 8778
5252 946
1791 7857
6565 3940
2496 8846
3537 6139
5765 9180
6595 5261
5904 6622
443 9454
7850 8292
540 3848
1613 7661
7737 766
9099 7638
8218 9345
413 641
6619 7277
5015 2538
2125 744
5147 3788
6336 406
3135 7263
5417 8018
8161 5200
3028 3041
2895 496
6002 3571
6205 6244
3199 984
4466 8259
7210 4355
8674 17
6582 982
4796 571
8052 4745
3387 8273
4314 5667
2935 6280
2758 3359
269 2897
6994 4126
2874 1983
1176 6806
9188 2281
8440 7921
1754 1456
7328 4576
7018 7277
5516 790
3609 2292
7463 1940
5788 8199
1746 1171
8381 6956
1624 9035
6430 228
7528 7119
8297 2992
8480 875
6987 5463
3644 4529
4155 8820
3548 6823
6376 3279
7269 413
1916 6773
5895 7461
5214 1463
5596 1536
8240 523
1690 7029
395 3775
7863 3788
2392 4979
6887 1374
7708 6100
8731 7111
1575 2731
4360 7372
4131 1406
3242 6427
630 6883
5729 6893
8845 9492
4764 44
6820 2123
49 1727
6817 7761
3193 7837
8475 6377
7435 7551
6762 8266
6755 436
5266 8379
5068 8882
5177 5128
1530 4611
8815 1840
5584 573
2336 2628
3792 422
1573 2223
8104 2160
6508 2921
2149 6870
5302 1781
5185 7302
7147 9162
8169 7985
4419 8180
5204 7390
6632 3576
43 8943
2308 3918
1674 1886
1952 552
528 1812
8216 2006
4989 3440
3261 3714
227 2630
4142 4934
3610 3592
9351 4663
8013 7534
3315 3194
6776 2330
7457 4859
5783 1561
8148 6046
1386 3562
530 1291
3045 4966
3974 1091
5510 2491
837 8208
4593 827
5930 7848
162 4909
1503 1532
6709 730
3411 3311
6624 1410
1871 5824
5010 4248
1330 8474
2138 9023
754 7713
3171 4078
6129 1077
9499 5725
4483 5025
2971 3269
8925 8549
8720 6230
3145 3674
8122 3620
7502 2199
7 1696
3895 3354
1636 5127
940 4032
6594 7475
156 810
324 3978
4582 1166
6719 2037
5233 4075
1956 2501
5633 8165
7175 7794
7071 6010
4688 4063
1396 957
2989 8406
605 833
7411 2749
2183 6693
4859 579
1525 7374
8167 6613
3566 483
8004 8006
446 5170
521 2437
3233 8020
6418 293
8896 4747
778 1198
462 4342
8237 8202
7554 8989
4625 1842
6424 7519
474 7168
3141 6564
7876 1656
6904 419
8131 4798
3738 52
4434 3806
3162 4709
1926 1389
553 4580
5912 8437
418 8469
8191 6493
2480 6019
886 7375
4018 1906
6704 6814
7367 16
4079 15
688 2491
3697 4353
2070 6632
2347 4516
2520 5977
9017 752
5805 4496
3237 2525
156 9095
3814 5418
5563 5137
3186 5578
1051 8519
5885 6123
4345 3032
1305 1049
6854 6680
6170 5388
555 55
4519 1010
8110 703
6208 2397
7139 108
8058 7097
6513 3822
3938 2464
1378 1462
2616 4880
2882 5031
8972 4913
5921 7368
9458 863
5940 6459
4338 7007
4094 6225
9196 4025
4202 4821
8489 755
1361 8828
109 6374
131 5579
444 4748
5086 8806
2889 6499
2643 3058
7762 582
1629 2122
6792 8368
6667 6574
27 3668
2317 2043
7955 3321
1416 3547
6569 8526
4677 8865
7604 9221
4694 2236
1251 6966
5136 4026
2697 7628
7266 2032
6702 3892
9257 3648
754 5014
6903 1692
2962 4579
1620 8590
1284 8500
7856 2307
177 5578
7569 6167
2021 5499
3605 307
2095 8565
2760 880
6679 1423
6782 1060
4401 50
1666 8754
8930 639
3873 3342
1308 9496
3535 3502
3142 513
6073 770
8855 3836
1549 5122
4104 3031
8325 7448
5683 8851
7103 4206
8846 7008
8460 8593
3405 1558
1608 6449
3213 5043
7524 8212
158 3966
9421 1044
4528 2855
9154 8849
7403 9298
8041 860
5844 6318
7242 2835
5444 8524
2032 6736
4094 2978
4562 8953
2502 1529
7242 2585
7164 5320
2048 9392
9413 4779
1599 2601
8572 3282
7791 3177
8373 817
2664 3677
7344 4573
784 6077
1177 7228
5511 5249
1514 6524
6154 2538
4187 1332
8160 1282
79 9216
4438 8073
6975 694
9297 1254
6187 901
6136 5328
1532 5345
5544 5865
4299 8994
2137 5603
8062 2689
6996 5594
7294 9255
2157 7333
4740 5576
3364 6716
4168 5553
8175 7006
572 204
8429 6338
7159 3816
2959 1601
2682 4775
8098 2724
3320 8427
7091 7010
4875 7881
5697 3273
5785 8120
6333 1591
5678 7150
2912 300
2465 8047
2583 810
9118 752
2356 5480
3314 7503
1873 6729
1219 7987
7634 2805
1658 1112
7397 6799
5939 4378
4090 3224
3868 8810
5746 6605
2804 2796
3532 8331
2569 6500
7897 2885
33 6569
2402 4604
2790 1186
2030 5691
1761 9439
358 7217
435 783
7039 2584
2590 3011
7818 5324
5412 1076
4659 4997
8026 6762
3487 6211
2701 5558
5783 3680
4972 6915
5580 9215
3931 7505
8795 6507
7975 8878
9481 2846
8766 2264
3696 4531
3530 8316
5406 1188
9131 7981
8343 3577
2882 399
8746 1248
6425 8413
4768 8481
2240 8421
3902 2508
8266 666
8574 6001
6998 4902
1145 991
3034 1252
2067 4063
7133 6561
2600 6348
6672 8251
2881 5209
3782 5651
8536 5988
575 5692
9409 5410
1764 209
4412 1320
7423 3357
7300 5489
451 4812
7576 5111
3951 6799
5609 4703
2573 606
7588 5115
3842 1954
8317 8691
379 3290
8550 9346
3463 3386
5937 7137
5692 8288
860 248
147 6458
4226 1144
4336 5723
6772 401
8335 4983
7994 2146
856 6921
2639 1923
4117 8480
3174 6098
4120 3933
9108 5146
1112 4943
1963 3787
6102 4595
5899 7011
4053 2730
2909 7496
1682 6197
6545 184
1152 7902
3226 2743
4395 2950
5153 9037
7678 6554
4154 7014
3201 1344
3896 3168
6562 8894
7195 5039
1124 4673
6202 1386
6068 3267
643 3125
8715 666
6729 8200
4189 6522
8591 7153
416 2079
4391 4871
1655 3400
4745 7791
2694 5397
4893 8080
5520 2335
559 4968
8664 7544
6003 4168
7406 6614
161 9360
2878 4967
617 8364
4885 7825
5103 6424
154 3297
2133 1629
4423 5236
8381 8214
2369 8812
6445 7955
9398 1574
2608 5923
8768 659
6101 8260
8760 2917
6098 2509
8003 8046
3705 5427
2909 2828
6312 237
6152 2036
5435 3167
7864 1968
8443 9301
3955 7397
2356 9140
4583 836
3400 482
8192 481
4794 5782
5445 7685
94 8342
6628 8327
35 7099
7079 5809
5930 8649
972 2830
986 2850
1039 1283
1181 5315
471 3409
8506 9428
901 4833
2894 7230
8 7807
4459 6204
7547 7344
837 7570
5235 1651
2515 8558
72 3351
6796 240
6369 6392
1222 6378
9208 8706
4546 3299
2819 920
550 9202
3946 930
1464 4359
2323 5936
584 630
2692 6102
8592 2323
4323 6858
392 7860
0 3432
4816 4790
5466 1765
6826 4566
7164 3627
945 7272
4909 298
6287 6882
3739 6228
6706 9349
7410 2622
8568 1492
5488 2731
5654 9197
479 343
5832 2299
2169 2470
7272 8571
4499 7923
1736 2528
4121 1527
5336 2685
3652 4825
7733 6054
6232 1156
5955 7711
4422 5479
3234 1952
7239 8250
3867 7781
1605 9409
7992 7047
8444 5932
1967 6363
5194 2887
4351 9433
8448 9128
4915 6844
4209 2869
3772 794
3113 6418
6237 8848
9336 8172
374 5852
8031 8994
1759 6232
3906 1217
283 3168
3452 8349
6658 151
5472 8524
7072 7954
435 8787
7112 6978
5633 6354
6412 8338
3457 9113
6792 6850
6031 6789
2290 4848
7447 1731
1676 4077
9188 8649
6094 3913
378 5663
7376 943
8845 459
6741 1681
7315 695
5842 4568
5049 290
7873 8397
2227 1179
3313 6656
4547 4655
129 7600
2064 4000
1855 7957
4269 4169
3538 3291
12 6864
1551 4801
1287 3559
6400 1604
8263 5096
5520 8383
7343 7265
1894 6867
5252 7996
4231 8531
6517 8016
4533 4492
8407 3221
5077 3708
4280 6373
4619 2469
1227 5842
3742 4120
2063 5856
4134 8576
176 3654
466 5785
3653 2998
2759 4227
355 4416
4711 2075
5967 998
4983 4034
3828 5102
1933 4799
3152 937
317 2086
5858 5418
2544 638
3 7406
8107 6638
6019 38
258 6745
912 3194
1984 9307
2057 430
2035 7100
8944 4283
7974 316
4539 2107
6845 3545
5169 2086
5528 4048
7541 7488
9099 8695
103 3818
4217 7011
1565 6455
5618 7161
5090 9245
4694 2948
2302 6851
1994 1
8368 6645
7338 1445
1997 3133
5149 1552
6665 1773
4430 2059
247 4028
8616 6587
2830 1954
6317 2662
8137 7979
1816 2270
9118 7047
5990 7870
380 6436
2283 1723
359 3162
7180 8119
438 1708
695 8273
3514 8463
1946 4844
9114 2461
2442 1463
9076 5727
8793 5585
2906 3840
3884 8309
873 8842
6695 1817
913 3034
2977 8885
2595 3374
3960 424
5933 4410
6886 4496
1104 5920
1826 6382
2342 7425
8923 8157
3437 2803
2443 4309
7537 942
910 5035
8684 7075
9429 2343
7596 2002
8065 9065
92 1854
9459 6383
732 6302
6009 3543
415 3439
4090 9222
9490 7727
4760 4668
7189 2922
9393 7034
6973 2754
2807 8
6723 3979
9462 1112
3229 3846
3978 1482
5450 3804
5411 2785
845 5751
7025 7089
141 2134
6485 7739
8387 5943
3630 137
138 5085
6367 5804
6617 7329
7507 1267
834 4356
7720 4777
1293 825
5922 904
2471 411
3417 777
752 9195
8202 2672
5604 6490
9234 5975
8128 2886
5215 5416
8961 4158
6981 768
589 472
7409 2499
6528 7256
238 6825
6183 1723
6089 8292
4450 9149
6043 2738
5020 5700
6210 642
9472 4245
3756 3237
5326 3680
5771 7396
1901 8698
3840 3408
5813 3598
1735 8216
5626 7168
671 7460
2361 469
7606 1699
567 2853
7969 4423
6998 4418
4813 6057
1424 5926
6231 1355
9457 4994
8633 4740
8541 165
9171 6019
3556 4053
4302 3295
1473 7980
4562 9084
5980 8103
7475 1397
5338 9250
4242 9463
8082 8953
963 7314
8113 7383
5664 6917
7005 547
2805 5240
1696 2109
3520 3148
1841 7211
7260 4669
8498 1466
488 2349
3965 2254
4412 3371
2467 4759
4984 3865
5269 475
8337 5194
5652 9440
7297 9326
1642 1751
8708 5658
5700 9030
6768 4624
4167 599
6221 9234
4405 6623
4603 9189
6583 1017
2794 4259
3409 7578
4149 8976
8149 3501
7840 3362
5776 5656
1970 1139
359 3231
6485 5293
4761 9328
8600 4708
4474 36
5930 5791
2090 7902
4671 5052
5196 6309
6308 4137
2537 1845
1256 7083
4564 1795
1402 5926
8653 7911
3492 4312
3952 9015
3169 8255
4675 6004
62 4905
7194 8552
6519 8888
1825 6076
3092 5876
6295 546
9422 7327
1217 2071
5124 6539
1415 5651
8308 3607
6794 2035
3716 6968
4038 4060
2516 7941
6335 8467
7013 6401
8478 1560
955 9063
3624 5426
4570 669
1481 9442
7511 2148
5129 2404
1901 7283
650 1951
2079 2632
5939 8132
7230 851
3434 7545
3763 8678
3876 9021
6088 116
3962 2591
486 8323
9105 5254
8363 7179
5044 3202
2377 330
3833 7024
4107 1875
6532 6577
14 8680
9452 4099
8313 1497
375 3302
1651 6791
5225 883
8702 3900
7753 8676
6648 5925
6598 4058
7699 4995
5117 7321
790 4856
1609 6610
2232 2662
1973 1019
3222 4222
7366 172
8149 304
336 8257
3676 6039
373 2218
3732 7399
1936 3065
7612 8567
4818 2946
2234 6398
8830 1442
4715 277
9431 4454
1431 5075
5839 685
8366 6568
6264 7939
2529 8103
6647 8382
3408 1245
6460 3021
8818 3104
4836 6940
8049 2998
601 5496
8160 6347
658 1313
1876 8566
9253 5839
7039 5270
3688 8114
2341 5787
7857 2235
7570 1829
5694 5885
7203 9208
1876 2144
7882 908
2569 7385
5887 1186
7913 711
6209 6425
1047 8824
4492 1582
712 6355
6192 3249
1802 9049
2120 6023
1794 2002
7535 6967
2652 5072
2814 9193
6092 2877
1594 6342
3037 1941
1172 6779
8149 3998
17 2503
1145 4251
4110 8620
3058 9276
1784 596
9208 665
2445 8618
4522 1639
6149 530
37 311
7942 1282
3599 3253
8543 2985
5612 2400
3207 8188
194 7692
6325 7208
844 543
768 6747
8942 7599
3893 8528
1666 3943
7726 4635
1710 1909
6838 8544
8949 344
7058 475
2901 2835
6681 5288
8442 5571
6114 5883
7158 3508
6882 1780
6461 6197
9465 1127
5034 5882
4144 5022
7550 8389
9316 3339
889 8294
4200 500
6997 7376
3814 6079
5533 3370
6787 4468
6960 903
5956 6406
6413 2032
2155 1138
2272 6506
4954 8433
4009 4701
9074 3099
8962 4532
208 785
1560 8807
4942 5123
280 9483
2660 9473
1668 6346
4923 1524
5826 2847
3075 8473
5131 6955
142 3738
194 6478
1324 524
6839 9078
3976 6722
4626 8893
3820 7910
3010 6803
9355 2592
2758 7587
6331 7949
1559 1764
4204 8714
5566 6145
5591 3426
6431 4084
1099 3804
1675 5827
4803 9206
7878 807
1210 1747
8854 5898
7087 3995
7735 2108
3759 129
2074 7348
7707 4139
69 6702
1133 740
8804 2196
2775 8816
9138 3317
3360 1089
9192 6690
1204 306
1086 3817
9458 3052
1885 3622
4854 6743
9067 2213
5001 2779
5029 3660
3802 5056
8963 2287
1593 9418
1980 5527
422 4479
7057 8565
4050 8590
3107 7733
8980 1033
7526 2414
3969 8233
9453 7341
993 5563
8756 2923
2488 5707
163 8718
4225 783
81 967
4883 5959
8616 6736
8961 8072
4065 5566
8584 5593
1671 8039
8815 8117
8578 6242
4548 8421
6960 7999
3264 4614
5741 361
6437 5100
4643 3590
7224 5877
1535 1872
4657 4738
2254 1910
7336 1437
7230 2307
1111 8408
1964 8259
3029 7087
5949 6124
3785 3262
6900 646
9183 4591
6943 7761
6299 4197
7457 2130
5677 5306
1635 5413
7301 2297
7618 6016
6191 868
1316 6825
5940 5757
7172 5239
386 4982
2039 2628
1887 2949
801 1863
9219 6618
6633 3568
4065 5331
1485 5263
3473 8642
4845 8236
7067 5962
4898 1266
2939 8207
4538 3138
7979 7477
8980 2849
3855 3635
145 8317
8153 9481
4467 5192
4648 4160
5924 1618
4408 4279
148 2699
672 7395
7712 7477
2995 821
3090 4649
3026 1577
8092 392
8591 3546
8663 4504
5968 8936
6538 1785
4061 4303
4453 8298
4599 717
1750 4549
6339 5415
2580 1115
3228 842
5413 8301
7504 6756
986 388
8420 4192
370 980
8641 5467
7770 5693
8475 4997
2660 8333
8596 6751
1912 8481
3527 6392
6128 4368
2586 5441
2316 3908
5276 2715
6637 3264
5480 6164
3579 7333
4498 5960
4279 8054
3872 5040
7813 8911
113 2836
3672 3610
9331 4227
1777 5027
9098 5597
2620 8202
1487 843
8704 2054
7569 4006
596 9290
6842 4380
8011 1360
7076 5203
3851 3242
1342 5830
2365 843
3445 2621
9334 6038
1694 1736
6737 5417
3939 625
2238 6497
7648 5876
6358 8387
6820 4542
8317 4756
7123 7413
7964 4735
1060 6389
6274 8113
9420 6288
2038 3682
1193 7739
8788 5201
6634 2453
6311 4765
778 3958
1460 5525
3733 1448
707 2878
7416 858
3736 3985
746 5046
1999 1718
5513 3109
6743 865
3166 9087
1299 8766
8134 2248
3170 6070
1769 1292
3593 1860
3035 5223
8504 8575
2475 3641
5600 1942
6907 3714
835 9110
8911 7352
7724 7633
6731 3462
978 1911
3057 558
4400 1218
3254 3865
3965 3066
299 8272
2047 4756
6466 7446
8831 1478
5088 4626
2274 8106
3481 3427
2631 2464
3855 2629
5662 6916
8210 6002
8121 6945
5395 4646
410 7003
868 7502
616 2973
3906 5327
1553 3933
7765 2209
4186 729
4560 5581
2022 8036
5231 8665
5894 7571
2629 8275
1658 526
5766 2296
7061 4993
6983 8592
1187 577
5183 7858
2727 4056
1663 7201
7357 6848
4650 6831
4889 988
8394 3844
1789 300
7842 48
2485 7448
8608 7090
2457 7289
7744 7248
9258 2811
6055 6943
4830 7456
9139 1201
5946 8053
418 6364
6840 7682
7827 6126
8442 6404
8975 2311
6282 7922
7093 2570
6583 2091
8705 9232
5762 8605
4839 6477
6759 6177
9186 4493
1334 6605
2072 7728
8199 5865
5127 4485
4043 1356
9009 9232
4330 7036
1997 7120
8470 5570
6462 107
2263 3608
7084 4240
2449 4959
8385 7192
7389 8900
7598 9302
2312 1107
2214 7683
9335 6175
4574 6350
1528 3593
1449 1945
5659 7560
8401 7469
6785 8699
8243 3847
8678 3750
4277 8784
7521 4399
322 2256
5989 4935
7767 562
6607 1936
7070 7487
676 4751
3903 1620
8300 6157
6481 2214
2435 194
1485 7117
6910 383
7305 4382
7719 4901
910 3838
4435 3692
5528 9299
2068 9326
4573 5190
5655 701
9293 8895
4904 1592
5238 2406
6305 2219
2168 6686
2024 7058
9417 7335
4176 8762
9186 860
6048 4792
1094 2695
3805 4186
7851 155
5613 2346
9018 9490
5786 7907
1570 2794
6329 6650
6426 3278
4860 3295
2883 41
4441 3619
3200 8231
4684 1043
7998 2826
980 2964
2255 7760
6756 1887
5781 754
2680 8821
1035 7991
8694 4359
9302 2987
5239 2031
4249 6044
5362 3118
8556 2077
3789 8773
476 4693
4057 3849
6584 5626
4203 3308
5929 1983
6787 7605
2649 7375
6599 233
4112 6664
5610 6739
7699 6786
740 9143
5420 1495
7731 3354
8801 4954
2411 4731
7034 9411
201 3908
4236 3158
7425 4305
8822 2443
7100 6680
6573 4148
9379 4800
2677 6395
8177 7501
8291 6320
9385 486
6708 7096
94 6823
8765 5452
8109 123
2971 5534
6397 1329
813 6399
7190 6550
8035 476
8266 7548
6955 5815
5843 3106
1261 9060
3550 642
9090 6264
5049 2101
2239 8764
8065 6120
6868 5903
8948 7776
8962 8991
7292 8498
997 4132
1651 1134
1226 8426
4132 1339
7481 3896
8427 3550
3059 8104
8017 791
8513 2431
3824 6906
3250 1381
4864 3771
9021 3398
798 5901
7275 6529
4319 3210
4569 6746
6127 1244
1758 6736
5133 8960
7841 1342
8670 3080
2015 4399
1046 952
4276 6676
692 2484
2237 6008
9008 4258
1480 3224
1446 3406
3992 4481
1656 5228
2891 3450
7960 2734
8408 2265
4375 5026
7612 2741
603 1650
9275 5606
6411 534
4629 3629
5836 8559
8689 4798
7618 6685
4517 7270
1130 5785
3454 623
5675 1172
1212 7673
3677 7004
8254 15
3660 9471
4673 8701
4274 5016
9276 677
4369 7207
7122 1469
6523 6460
462 8436
8496 9074
4333 3881
631 4054
6489 4942
1232 9151
9042 6662
3800 3618
8811 734
7579 427
104 9451
7156 2365
315 3682
2720 1240
8067 134
3069 646
7250 2194
8056 7279
2081 9461
5694 2201
4169 5163
3382 6036
2283 1113
1702 8533
8397 8595
630 7263
9207 6743
5078 2242
1535 1838
689 8710
6550 7396
937 6624
2674 1453
5686 4728
1214 7437
3056 6259
32 1394
3414 8744
3712 4779
493 4583
7940 3007
9135 3932
6557 5398
5978 2602
9107 1984
6931 6699
8067 5517
1018 4099
2436 8258
684 5308
6547 9142
3437 245
2986 6847
6622 4689
4887 1557
7895 7950
9025 1856
4990 2647
4643 7919
7565 7335
6562 9291
8981 7718
6621 8081
1246 6980
4723 8520
7487 9091
2723 7195
11 745
4352 4180
4201 7064
9119 3507
756 8954
378 9459
2100 2305
8734 8346
4534 7005
611 246
1861 7248
8874 7430
8268 8875
924 7740
4489 1911
2600 1132
7274 3447
2195 6401
8523 1344
7164 1148
6711 790
3144 2807
9202 4349
5399 3179
8979 7632
4469 8578
4317 4435
2980 5005
3516 4579
2689 4513
6356 8373
3737 737
1725 5740
146 4461
5506 1910
4885 1521
787 8481
1859 9045
9358 5403
4698 7998
6368 9204
3730 3390
397 349
4431 5380
4600 1311
4999 1147
4831 201
4226 4038
2748 7172
5823 5777
3357 5628
1552 512
2959 7820
2776 4668
6099 4944
8680 7678
3653 1502
4076 4207
7400 9269
5969 3406
7270 7147
6046 7647
7938 4686
6223 528
4587 1321
459 5013
8318 3001
4571 1603
8102 7608
5035 5617
1781 8024
1835 1446
9467 7114
1488 3606
3597 4323
4333 7964
291 6981
9238 3086
2550 9405
5189 1826
8854 1064
8521 7705
5275 683
5718 9237
7508 1114
7438 7753
4997 4752
7218 3062
1258 3879
8698 7990
11 4159
7716 1811
8457 8587
2298 7685
7092 8819
4097 6151
9425 2345
214 8427
6639 4507
6727 6568
4348 3367
1888 4373
195 4169
5834 3415
3284 6380
4030 1061
227 2615
5760 495
3823 515
2815 6088
386 1287
159 2001
3324 3391
389 8431
3159 4862
196 3885
3815 6647
3189 6501
468 7417
2777 4826
4863 9444
184 8797
8814 6557
2502 6245
7914 7908
7256 3266
3723 1645
4527 5891
6063 6663
7009 1449
463 180
8463 3029
2006 2140
7177 1352
6975 5535
7012 7994
2521 7890
639 4634
1944 2826
667 2226
7775 8990
1587 3698
4800 5260
8365 4542
82 3159
7614 2611
8388 4602
9177 2575
756 5226
632 9063
402 5672
9212 7991
5421 5336
3347 3499
5101 609
1798 1928
8594 8449
454 5668
2079 3189
2573 2800
3053 23
5333 3871
4076 8274
3220 4770
3159 7840
5628 3957
7109 8053
4152 690
3244 2336
8501 8921
6614 4202
897 9045
3927 1001
43 2919
7578 5008
2957 7664
2937 8275
2615 8325
3372 3857
5582 5438
8064 7568
5751 8160
6404 9051
411 7891
3641 7987
468 8226
9040 4813
7995 4239
5041 3251
2379 5942
1622 3729
659 8192
2845 6298
5871 1306
5772 3909
1318 3664
2892 577
8339 1512
7260 4420
991 4884
492 5081
6992 3798
9105 5696
1143 2462
7596 6012
1924 808
4805 2063
6294 7226
1918 7448
4239 8546
9025 9163
6178 1450
6873 3448
1505 9226
3111 8832
6703 1844
8306 1538
3352 4051
7279 4700
2002 1586
1188 847
255 1174
8699 4398
1823 9000
1551 9422
6457 6694
5254 3402
9387 5718
7704 7293
9464 1951
7671 5950
2442 4899
8314 6722
2378 7827
3829 2141
2415 5303
3891 748
4838 1682
6021 3235
6786 3745
3472 4232
791 8175
6643 5814
6947 1757
8221 994
8393 7778
7058 5962
5126 8074
4144 4218
7725 149
3419 458
5313 497
3607 5151
6140 4799
3539 6953
1224 9076
180 4559
7284 1825
4846 4747
5469 7288
6890 2790
2155 2558
2834 9070
2164 2921
8487 1842
64 8549
1467 1147
2700 8286
532 9413
1320 3797
7165 2626
6354 7298
5123 4261
8531 9494
4179 7648
8635 1748
4732 8681
5751 2188
2872 7452
8377 5463
5885 1119
9287 9315
883 6362
2207 2480
4705 1810
9415 1832
9142 9421
8650 3684
7050 2070
8235 6222
6849 4792
4143 2601
9100 455
7965 976
5225 2517
4955 4070
8429 4976
1385 1639
228 4769
6165 6102
850 7401
602 617
8426 7904
4820 3770
5630 7111
9298 6754
4690 8294
5833 6512
9022 2634
2402 3255
2685 5886
4003 3999
774 4486
8775 21
4778 721
5572 3096
523 7409
900 8709
4021 4433
4946 1965
1084 8953
4509 7806
8179 6475
7539 7713
9309 7035
9295 6861
4758 6066
6466 8287
6407 323
6980 1604
5340 4198
7893 7669
5541 6712
4524 3591
8897 8394
1054 6711
3727 4155
7229 1108
2382 2605
7621 1696
8019 2702
391 2665
9313 6266
1486 5402
6544 1782
5844 5418
7247 8265
5514 6168
1927 5681
489 6868
7191 5367
1554 1511
4947 3582
7924 6177
2383 4924
796 6511
8043 1883
8267 9024
8804 8219
3283 2385
7512 3181
1858 8442
5354 2270
4143 3819
3046 2391
2076 8975
2764 2265
1884 8170
9115 5876
52 6133
572 2148
9136 2526
297 2793
3555 8297
8029 531
4132 1295
4910 6864
3643 5836
5767 583
5836 2069
2698 3639
7290 3696
3830 6889
9472 2742
7453 6351
7177 4389
7578 5081
3762 8452
2994 7150
7110 5245
5212 5258
7135 7675
1274 9168
87 6423
7802 2319
5815 4524
2490 3799
3657 1711
1870 8925
2113 9360
5281 536
5431 3370
784 7001
5526 1055
7485 7294
1425 8012
2538 7597
7937 8152
9174 7212
2716 1969
6663 572
351 1548
433 3199
3428 6121
3302 6366
4625 8040
7450 3690
3542 2870
2826 5441
915 9364
1010 3983
5591 3636
7841 4814
7098 1463
1789 5324
5184 3871
6105 6286
6446 7650
8589 5822
1117 5589
632 160
4089 8062
9099 4231
7113 2247
127 2957
5697 7233
4426 2566
445 4290
5545 3862
3549 4244
4240 2884
8855 7769
8501 9080
5036 33
2050 2329
5963 4327
4184 1931
286 4177
4866 3622
7700 7572
7771 8457
5979 2259
7163 1946
7787 4732
6939 594
2796 8379
2526 1713
7707 6432
3582 3887
6201 3805
718 6258
1077 1955
1925 6949
8215 8701
1097 7593
3843 1474
4023 9013
5961 4000
3036 5709
8994 6938
5392 2147
5692 9281
3434 5171
657 3979
1586 4365
7026 5021
7838 3216
2145 2831
2646 6950
8453 1275
2134 7988
2388 9148
356 5561
897 7748
3846 7591
6962 7449
6638 6830
9342 2425
4771 462
5488 5679
205 6136
7537 5192
1516 8545
3775 587
1511 8130
4756 2354
5118 2146
6775 8668
1466 4836
3164 803
4876 1172
7133 2126
9240 8126
6977 2021
5561 887
4577 7264
65 4254
395 4071
6315 3573
819 9485
441 7167
6588 4716
5153 7101
2993 7609
5421 8223
1255 9425
4434 2383
5642 4456
2503 4621
7283 5592
3982 1367
8007 2162
7071 882
2508 3491
1519 6163
341 1005
8310 871
9061 2050
7675 8283
2011 9161
877 4675
4573 1827
332 8307
6993 68
1229 7409
1158 6272
1750 5429
7421 3734
6487 2937
8440 5999
899 1916
2280 1811
7624 3894
7358 9236
4368 1090
806 715
7718 8871
1217 9194
3128 5372
3829 821
5972 6484
2556 5846
3091 2491
3430 460
7857 1100
4987 3177
4057 1932
6427 4867
5495 3469
2383 5835
3365 5050
4050 249
5703 9071
3959 9373
1976 5376
7774 3704
3185 8503
4678 3497
8330 3708
9117 3312
5890 786
5298 7715
979 4415
2162 1805
1965 4614
8124 8348
1259 1642
5263 8307
4157 4439
1719 8093
4328 677
8697 3081
7585 276
7104 8112
2459 7794
3736 644
5600 3990
9011 7124
3676 7576
4377 4046
7473 8854
1816 2505
7154 2392
6341 3621
477 1569
6774 1985
2427 5001
18 3707
4434 8909
2481 7454
5536 6447
429 5782
3759 7407
9124 3871
7193 1152
3597 7925
3102 9429
7615 8956
1122 1893
2395 6878
8165 8597
8006 3963
3354 1972
6345 8042
3979 4444
2154 3235
7918 6277
4769 7286
3689 5486
66 6426
7780 6479
5773 130
7194 2798
8128 2739
7472 1870
1146 1065
4390 5993
4404 626
6194 7191
657 9278
6443 8691
4417 1393
1845 8488
5657 396
1630 8523
406 1337
1343 6475
6861 3793
4783 7715
519 5171
4627 2197
3343 5790
6480 8294
5051 7967
3306 8884
3399 4557
7346 7963
8662 5653
5097 1618
6932 5173
1978 2933
448 3929
3327 6181
3625 4356
60 562
8345 909
5548 9140
682 7414
6761 1312
5197 3361
4030 2234
626 1281
547 4757
8490 2670
9318 6797
6682 9251
2390 4454
2358 7953
9197 8498
6731 8231
8281 1722
4280 5267
2398 8515
5931 745
4114 8290
5684 1736
251 3856
3175 4496
3413 5460
2855 3574
6024 5508
1274 3087
1310 4727
2228 3372
3473 9467
661 8292
9196 2231
8076 86
6863 5867
5202 5522
2316 3723
6528 1948
4057 6672
7182 5762
6123 5021
9462 5996
5287 8840
4680 9228
6271 4665
4167 7805
606 7384
2507 99
2226 1242
2786 7816
4424 8136
7728 2430
2535 7271
4417 2299
5628 9226
8410 2844
1075 60
5737 1375
5726 3804
5882 3728
7679 2394
5159 3839
2382 5862
2836 6803
8239 4957
1743 8869
4648 2541
4268 4681
904 2292
9092 3194
5650 2158
1746 2249
588 3718
1441 3781
5249 3437
7436 7703
4910 4140
8311 9339
2055 6134
2990 3905
7450 4090
8078 3056
1739 2401
2166 7896
9182 4973
1922 8619
1029 8001
3949 710
1981 8869
6246 7527
8776 7055
1846 2744
9301 5144
7561 3082
7581 9202
408 7474
1298 2817
3560 24
27 6034
1206 5320
5305 6280
7781 9397
7405 3225
7346 1214
2367 1813
4001 1169
4683 7508
9082 8739
1957 517
9137 646
4732 388
5973 980
7217 6764
2818 7641
3494 5678
2869 259
7435 6852
6716 104
8323 6258
426 111
5220 166
3005 851
2957 916
2436 8122
4273 8844
246 1189
355 6666
4119 6757
3844 1253
2402 2606
2442 9369
2094 179
2798 964
3309 3168
7062 5492
7343 1140
3445 3809
7160 4986
9130 7742
8621 9048
311 7226
7433 2005
6825 5307
4193 6904
3203 2099
242 3726
9061 3859
8654 4162
3329 4913
6961 8955
5084 2610
664 2444
919 5504
5869 8450
2196 4578
7356 8832
7867 8184
6709 3332
5373 8685
1099 5491
221 6196
9325 664
8774 6304
9292 4405
7936 19
6908 7972
5386 5584
5642 4979
1045 8319
5441 2553
5201 5920
3490 8699
5555 3719
6510 9175
1905 4881
778 4887
3861 4340
2426 2635
7829 2489
7520 3318
1385 6724
2939 5197
2701 2546
6416 3314
9239 5558
73 2794
1373 2352
8425 9209
1203 1156
1691 2710
4391 2267
7810 1441
2955 297
9127 5379
5769 7311
3660 7474
8386 9420
2574 922
5849 2099
6160 8520
1653 5974
7094 5049
2182 7681
6069 734
5942 7546
629 9403
545 623
250 6346
1640 4004
3391 1707
3693 4715
2466 8887
744 1351
7298 6875
956 6179
4942 1426
167 8900
1043 5649
6910 1377
1242 912
9409 1183
1122 9047
8201 3344
8351 7822
2709 8115
5091 2186
3469 705
4053 5025
171 6025
8885 1535
4633 2180
8759 2219
3885 8092
1000 4159
7001 6026
4 7221
1540 4790
8155 904
2911 9300
93 4137
3305 6455
1409 8154
8208 8412
504 2353
6300 4582
2084 4748
6841 2520
4668 6029
676 1566
3934 3775
3334 5774
2417 4109
7454 484
3016 1398
7898 4283
3677 8255
60 6439
6520 2898
3051 4078
563 7303
8872 3675
6301 4609
7145 4862
8624 9287
2411 312
4746 3525
1912 4092
2213 4221
7668 8536
7482 8305
5109 529
497 8644
4062 4996
8115 5764
9146 7555
872 4729
8649 6892
3730 8506
7440 6120
1280 508
8308 3237
3236 3697
1355 6555
7362 6001
5573 3032
1397 891
1890 8874
3246 5791
7964 2441
954 4529
2496 4216
6032 1652
5079 7602
2279 2269
3348 2003
5562 8316
1359 7999
691 6327
5790 2138
2703 7328
2746 8097
7451 1184
2416 8395
8097 1077
6899 3945
7538 1192
6570 723
7927 8706
212 4931
677 487
2603 1391
6058 9172
4497 6341
9369 695
36 3224
4993 5138
568 4087
2781 5728
166 7394
8758 5794
5777 9338
859 5332
7788 5063
3707 5765
3802 7325
2613 6748
7755 5957
3567 1397
9067 3783
7600 3418
1819 689
9366 6040
70 3435
7986 8947
8077 6409
681 7038
2513 7042
7212 8118
5772 5199
4335 2850
3633 3400
8034 5072
7433 897
6152 1327
3443 586
5662 4762
4678 3044
2268 8552
5510 1043
4245 9054
6567 5965
3733 9481
6387 7922
1286 4548
1054 252
6446 9163
9034 8935
8679 2830
5290 4746
8361 2012
3384 3562
2547 8110
1650 7472
2058 5239
2255 9475
6799 9187
234 8131
1910 7199
4684 3362
4819 1860
6703 8000
8006 4450
1812 2177
1313 9417
2257 1421
676 69
7592 7932
8237 699
7464 1173
5083 1333
7895 8583
2052 4335
6829 6962
7861 2373
1762 336
2993 7911
1380 1491
6652 7518
4849 4720
3857 1634
8381 5511
3235 7566
6654 5448
6730 272
3917 9495
4237 4510
7277 1755
6559 7433
247 467
4041 3566
6769 7295
7507 1439
6951 2977
1258 4452
9298 3827
2898 3436
874 2592
2673 5429
4940 3202
7646 603
109 956
4153 8974
3292 4613
5342 3184
3539 4438
3036 7226
8181 6489
4324 5147
2996 439
4788 7804
9230 5496
3409 3289
4739 8944
1929 8462
576 6054
5745 7650
6530 539
4514 7886
1542 9017
1518 8700
1756 2623
3745 818
6542 2970
393 3610
4258 2352
4084 1305
8362 7144
7179 565
8474 6059
3786 4016
2782 1135
3165 9248
589 3026
8728 8095
4249 8697
2863 2457
7642 3799
6861 6145
4086 9370
9406 8532
3781 366
1504 494
9240 2332
8818 5733
1488 424
5818 6129
9191 4401
9457 4204
7567 5161
2048 7386
2307 2454
3470 5753
6624 2
3619 2677
338 4931
40 7704
3510 8367
7007 763
5350 6384
697 7967
8903 7666
2736 5859
5889 7375
8543 3773
345 5137
2422 5446
2238 6020
8812 3649
8641 1815
7884 8460
8335 1657
7175 7989
6578 2666
3564 6075
9485 3073
669 1215
6573 4514
5071 1597
712 5896
7617 9014
4081 361
2071 4532
5773 5006
3166 5258
6723 34
7556 7522
4584 4239
832 7299
7462 465
2477 7360
6012 1163
6927 3975
829 7029
7390 8544
3766 2322
8943 7928
8923 1307
96 341
8508 3847
3337 2479
2069 3077
2964 9175
6905 7418
8120 7360
2166 3063
6206 4919
1872 4115
5248 2888
4153 3195
6473 938
9270 4400
4584 2013
6432 856
7149 2824
165 3407
2966 279
4236 8195
2501 8324
4110 7509
3491 4840
7115 4889
6000 407
7756 6216
2918 2136
6297 29
3466 3349
1643 5187
2799 4992
8717 3784
8034 8232
1836 2282
3477 9337
8458 2843
7394 4565
278 5523
3451 2637
2495 4543
5994 9020
3429 6000
9044 340
8083 7532
6750 4897
4316 5164
9341 5202
9120 3821
3301 4252
6888 4056
1792 802
4597 5209
8486 2821
1342 1214
1089 3227
7856 3662
2130 8887
5445 4765
3157 67
3306 725
6101 5225
3861 7405
7942 3323
5983 3349
2741 2762
8493 5817
7651 6286
6715 7430
3580 1990
1598 8129
3781 7939
7281 5950
7227 7478
707 5798
6214 5440
5986 7868
3184 3339
281 4170
717 2888
6573 2752
8036 6843
4470 2330
2708 4190
3758 3393
5439 4185
3368 4330
2690 1242
9217 7263
2754 1690
6346 9153
9358 8915
1351 3813
5112 1048
8986 1384
7309 1481
3267 9012
8197 5482
1607 5022
2722 5184
2654 8980
6531 3929
3016 4025
9306 7555
7004 5329
2179 5982
164 3860
5490 6425
3256 4324
7558 8191
6219 4308
5068 2733
6312 5410
9374 2373
1628 1943
6197 3987
8871 1146
4122 1357
4287 4166
9341 4096
1092 8399
7077 5390
9100 6072
6327 7713
8396 7090
8895 3648
2450 7328
8982 8057
3203 7178
8166 6535
1721 2889
2579 799
7070 7773
3359 6230
2068 6964
1232 1212
3270 1019
8661 5429
6169 2282
2532 9148
6692 8129
8761 380
5978 8367
3928 6574
5332 236
7203 970
2532 2343
1191 3769
9188 710
4841 1120
5343 1357
1013 4177
4118 4584
8356 3463
1385 559
6119 3498
6852 1273
4321 1425
7706 9274
6992 8602
1036 176
2614 4743
7076 2291
5360 8646
4865 4949
3886 5271
6508 2658
7104 3648
5667 8612
5865 8422
6406 3193
6216 5740
4824 5881
7114 5309
6535 2713
4658 8664
2820 9120
8943 8944
3331 9054
310 7598
3030 8025
1021 5665
3860 1355
1808 7723
5935 9137
7060 3355
4266 7020
7891 3130
4769 8666
5688 1711
2347 8249
5641 6886
7843 8960
9085 3656
7689 5594
1778 4479
2004 6708
487 1307
2226 6657
319 7893
1526 5370
215 4938
7698 4574
3857 8390
86 4460
6467 6262
73 5156
2563 5811
404 5663
1511 7348
8275 8800
4183 6354
4373 8791
768 870
4005 2479
4898 1542
7561 3241
8102 6135
2618 4193
301 4295
2345 944
4869 9205
4198 3128
4537 6326
9275 3718
7513 4168
6881 7140
3726 2991
7863 9305
642 7347
1237 8772
5369 5206
1545 8284
6344 3040
3375 5873
8812 5121
8371 3611
1723 5312
3983 3402
8855 2230
8487 1074
3521 7499
89 2310
2216 6933
4501 3396
1159 5276
8563 6498
4119 369
494 8920
6890 3705
7508 983
8253 2861
9489 8727
5432 6857
2893 7590
6693 4818
1322 1817
1791 4274
905 5403
8105 8645
6667 7204
119 5701
1093 9422
1972 8193
3693 7573
4705 1405
8347 5274
7182 8363
1708 5765
4688 6739
1445 4744
7354 5066
1889 1644
7617 7619
4721 8527
7123 1552
5286 4577
6896 3041
270 9446
8923 1947
6082 4354
1492 7704
6141 8243
1148 6271
6596 4203
7395 2601
5061 136
370 1634
2072 1563
4426 387
4523 3447
8037 7451
4707 7202
4247 4309
4256 3402
3137 3507
4458 6530
2413 6957
6688 2168
8220 6587
7730 364
6469 8247
5526 5934
8185 5448
3789 2389
4590 79
3229 1863
2730 5636
1517 1197
6364 4960
2554 1302
9324 6827
6890 6897
9227 4543
7090 8257
4718 3539
2838 8062
2049 2910
1675 3816
4013 773
6487 6676
9072 329
3089 2400
5823 7797
3589 4421
9148 452
7417 4907
567 6916
5661 1328
6323 1312
4794 7028
6336 6955
5794 4199
2227 4767
5256 7201
6876 8773
6654 1626
9093 2165
7141 3421
1199 7562
3897 320
2330 7003
1884 9010
6286 3976
1144 2514
7125 6453
4172 2355
3147 6655
5473 8633
5082 8291
4635 7082
563 6835
8670 2963
8394 525
2854 9459
3476 8646
1271 5138
3239 6390
4872 7785
8755 2290
5935 8604
6376 2789
8751 7989
7399 1034
4554 4228
1735 3581
9146 481
6588 48
7297 9150
9344 527
2460 7802
8794 5368
6305 9437
1719 9022
3963 397
6190 7151
8030 3888
6788 4624
7920 6505
7615 353
2988 2270
2108 6210
777 8380
7337 461
1420 6059
9244 867
2940 3939
9234 6551
720 1885
8587 3613
8818 908
8183 3476
8663 7520
8014 1804
7314 275
8861 150
8552 7870
6628 1530
1436 1824
168 3740
9041 6919
8070 6316
1506 8388
6627 6367
9038 7419
691 1110
9173 2939
6649 1378
6932 3116
7706 3007
3136 4015
5385 1557
9358 3336
4537 1333
8770 8607
6515 3582
4105 793
1470 4845
4146 3678
2335 1496
1879 8065
6740 4258
2294 3274
6134 3446
8535 6200
8847 5450
3596 7485
5809 502
3617 1550
3165 683
1821 7701
551 2315
6273 7659
3646 4025
8132 999
782 8440
1627 5077
6359 1492
2010 2633
8616 8454
7173 4164
2837 6759
7165 6865
8956 3499
7177 6869
1450 6348
4963 7135
8889 4102
9454 9240
6824 1620
2404 8404
613 9400
8626 7630
2679 4313
1323 8441
1630 873
6975 2862
1002 2655
4864 2734
5002 2183
4291 7373
3703 4121
1786 4983
7912 9487
7000 6056
2584 2611
4813 6097
954 7443
5683 7662
4817 9323
8791 5532
1187 4235
1137 3968
6622 8064
1549 9003
1160 6783
3509 1655
7915 9314
8234 2798
3650 6555
9006 8744
1432 708
1891 8688
227 3390
3702 5598
7930 6423
2212 3203
5308 7943
2388 9106
9115 8078
4907 2117
9100 617
4629 3835
3751 254
9060 1806
8932 8168
2490 7287
3681 2284
9205 1459
7973 5847
5573 1718
7210 8781
9497 3560
6500 5396
4079 510
6235 1819
5482 9078
892 8500
1176 919
2667 9330
2464 3741
7827 3512
7661 7940
3241 1562
6731 1228
8399 9439
7357 6539
1278 1307
9173 8279
6686 4861
5260 4353
3879 1151
5535 3531
8488 4407
5911 1803
3524 3075
9165 8843
8466 887
3636 500
4007 4244
6297 3776
673 7792
6592 2615
4741 5218
3492 4986
3455 6363
7907 7662
4784 8806
3599 3285
1826 72
9394 8565
2783 1158
4037 3728
6985 5521
1302 8556
4969 7625
1570 2125
4540 3465
4363 1822
389 9049
1621 9435
6520 9247
7627 2719
2068 4906
1425 9254
3599 5300
9322 6645
2954 7420
3980 8157
4495 5685
386 7470
1002 7358
5434 2203
8724 5803
5028 1662
7041 986
2409 5560
8346 4582
2131 7580
7580 7610
354 6630
4315 5656
1340 5784
8954 2732
6813 1933
7591 5139
2547 5555
4692 7484
9019 2631
7840 9410
2749 9000
932 8023
8906 1323
8679 9430
6564 5142
5474 257
8212 6187
7438 1479
4801 7710
8898 946
6927 1892
9469 5188
2656 6111
5361 44
6403 6140
4642 4019
648 6367
6845 6114
216 8120
1729 830
878 5489
531 2710
6650 1803
7131 4267
4254 7037
8403 7422
5941 8979
8618 5096
5848 544
4230 6520
3964 1988
2982 7187
8116 335
8151 6801
4019 1875
6737 287
8769 8952
7956 1020
8444 5674
7098 8949
6974 5344
8687 3313
4364 2985
9159 1381
5674 2380
8379 365
7183 4518
1097 401
9318 6796
479 8380
5972 2287
3249 4959
1615 8599
4350 7045
976 2675
5736 7223
2424 996
4734 5339
7079 6701
1180 423
559 5403
3722 1358
6105 1774
984 1996
6438 4653
6642 5588
1589 3228
671 1475
1948 3093
4986 9007
686 3140
5287 5671
6085 3442
9203 6692
6185 8566
1226 4774
9441 3593
5064 644
1741 464
9065 8819
3900 1883
4801 5701
200 7070
6871 3543
2001 5842
6734 4767
1595 8592
5198 496
6247 3800
2191 1273
8541 4652
5245 2198
6507 7540
4354 1432
5055 5843
6968 8892
2900 731
8625 6564
542 3523
6954 2558
8272 8455
4329 4428
3526 2857
8583 5560
3792 2318
8361 725
5215 3832
907 8387
4610 9435
2647 6741
2106 2157
3108 5030
8153 474
2211 7712
4472 8483
2748 8140
5299 7603
4957 5996
2624 7441
3144 7137
6037 4212
1903 3312
3249 3747
454 1030
6655 8038
839 8636
6316 6227
4105 3604
9197 2494
1655 6324
4560 6979
9407 8564
1269 7758
8439 4435
4285 5092
3142 8514
806 1795
3422 3035
9389 89
2681 351
4395 6155
4302 6090
3704 1311
38 3942
7214 8319
6306 8041
8007 9406
2815 1509
74 5223
2509 1263
7210 6476
9192 3403
4422 8320
3692 3807
3470 4632
8295 2744
2707 1687
7871 406
4344 7472
6227 8530
2594 2223
3105 5243
7502 7431
4193 6690
8682 8012
7431 7065
4392 7264
5215 1478
4623 2741
2591 5465
8825 8018
8046 3530
9035 9044
8693 3951
7103 1571
7649 8704
8588 8973
653 6997
4138 4170
4750 7432
3445 5976
6742 8505
7428 3446
1395 151
5961 1864
6152 508
2425 5489
8008 2419
3088 3012
8666 983
361 4669
3211 575
5314 1244
5993 9066
281 7836
6898 1761
3739 7679
6037 8760
2237 115
5230 500
9141 5178
2622 7628
3870 7237
208 5282
96 6454
6144 4974
9312 7130
8724 5736
919 1588
5732 7544
1924 7206
7533 324
5814 6880
2497 7002
9001 13
9229 1804
7951 1285
6402 8105
7546 7307
1869 3106
5527 4091
1539 1067
2057 222
5608 713
5267 888
9153 1419
7747 8022
4143 3551
3595 2322
6949 2918
9203 5398
3992 7089
7864 2550
391 4393
4560 5046
4203 5746
172 9232
8246 7753
7707 5742
8700 4581
9233 4413
1254 5050
9352 1576
3026 3055
164 918
1677 5688
3155 2094
4149 5879
5319 7162
191 5552
6104 5820
8079 8940
9431 1170
5919 988
3295 479
7281 5777
7340 5308
6218 7911
2549 10
4939 6641
5584 8625
5912 3597
5747 6125
3208 3416
6640 6373
1966 6560
7517 4937
1301 7064
4022 8269
5731 8341
587 5551
2289 4945
2751 4020
7447 930
7326 1775
299 1305
573 3000
1178 4771
2266 2127
335 818
3380 4206
5661 8585
7383 7616
7135 5817
7031 1085
2267 7228
9391 6889
3694 5954
1040 563
6212 1331
8683 9395
4211 3218
8848 2573
1640 2421
848 2372
2905 9122
3711 6610
1382 4699
6355 3103
6172 3618
6941 6691
4705 723
4966 547
2698 9484
6158 5727
1674 199
8591 8933
9286 3082
1424 8340
2713 9329
50 764
6033 6454
3916 6924
4891 3921
2348 1897
6659 3452
958 8912
5454 2224
6642 5983
1106 7109
9445 5837
1363 5891
882 5998
9079 7556
3924 4062
8989 8757
2222 1167
5042 4419
368 140
985 3940
5107 8445
8188 2043
5944 7415
8539 4432
7331 3993
3946 7537
1352 4750
4604 8497
592 7166
3856 2377
4903 4723
5173 7313
5121 1672
4835 3238
1320 1908
376 621
2007 6976
2057 6359
510 8839
5862 4555
9146 1012
7579 7587
9279 9496
4026 2744
2902 5980
5743 3805
8332 335
628 191
2417 368
5455 9307
1181 5202
6330 4500
4513 1705
3519 3135
2053 222
5259 43
3431 4133
191 7727
627 3074
6985 1131
3685 7491
7325 1928
543 9114
3398 2187
9345 3655
6652 8904
6792 1999
2164 928
4362 4063
836 9421
3645 699
4483 4936
8001 833
5415 6477
6291 8599
1767 320
3855 727
3841 4319
3841 3132
3876 7444
7266 1270
6164 8877
3615 8673
50 5756
4638 2244
1415 9135
545 2411
7199 3850
9297 1619
8104 621
6008 9426
7458 6077
8231 9465
8037 7085
7742 8629
2502 4198
8978 2930
223 8187
6631 9101
3981 2254
8270 1155
8792 1465
1515 6911
937 4654
3557 4841
7829 289
2763 5764
1556 6866
562 9283
4127 7770
9250 246
3383 7922
8195 1874
8352 7421
809 3121
6580 4622
6599 2549
7085 5607
7893 8155
5778 7813
139 2790
1684 1395
4173 9131
1589 8218
276 935
7714 2805
3452 5541
8228 2159
7639 7789
3458 8151
6604 1014
8041 3517
6091 6298
3036 3638
9262 7544
3973 5472
6865 4126
2834 5721
7001 5094
3257 7536
3396 5093
2034 556
5010 1484
8841 7660
7340 6193
6257 8175
8996 4489
5029 5698
7496 2492
7583 1301
4851 1347
1698 3121
168 1406
2788 6578
7975 2419
6909 5355
3662 5053
4885 5925
6093 2215
6539 9006
4941 8506
127 7717
6213 447
9273 5529
8742 6273
2431 8111
334 769
4346 1261
5542 7899
7972 1528
7031 8417
7120 6236
6030 2524
1771 7983
6937 5612
4962 2523
7776 8141
5662 8331
3512 941
4917 4250
4039 4100
2851 1318
5241 1221
1600 7566
8227 9497
7379 8986
3575 6535
5567 3939
2553 3346
4917 6316
3525 7993
2829 515
7528 8462
7351 6335
847 8957
4966 90
3334 3882
6966 5904
3732 6050
1026 6660
7937 6385
3281 8192
5746 5476
4013 3381
4292 997
9428 5024
4785 9156
7732 5829
680 434
4261 1007
2357 8087
7140 6440
1973 4401
6603 2041
5984 4155
3738 1682
8291 93
6447 1562
8492 3860
6651 9192
5051 260
9170 2108
803 4675
8391 1241
5986 8117
2403 1027
4240 6143
1096 6168
4042 871
5222 6628
8903 624
8634 2399
6981 157
6208 3179
1264 812
6283 7109
1310 221
7344 6717
8141 5394
5413 7004
8366 8653
8376 56
4134 4836
9131 9283
5715 8863
8607 7504
7974 1976
5871 2832
1129 5217
8940 4381
7056 5002
3330 2498
7279 7989
9479 6434
6275 2968
6042 485
6381 153
7412 2151
6754 6849
776 4229
3043 5321
2184 3889
2943 6462
4284 4117
8297 3040
7404 5714
2509 6905
8063 4350
5425 7283
7393 6351
4060 5190
2013 6226
4521 1296
5138 558
1668 7670
140 2116
3456 1176
1517 2883
3428 3131
6199 8494
4231 7824
95 7600
399 442
5908 5974
2453 4421
5681 3291
5054 9427
140 1782
8808 7657
5114 5299
3785 2621
8750 1323
8467 2954
8173 8133
7580 4223
7727 6340
3749 143
5164 6769
3156 4894
922 8852
6094 7266
4536 2211
6364 447
6313 5975
8380 3631
2845 1982
5875 5344
3012 4955
1712 1585
5253 5495
794 995
3874 5272
6489 1194
9381 122
1200 1834
1963 4636
1985 5712
1796 3614
7179 1744
7420 9466
2922 7932
2854 4701
5281 4066
7689 1225
8315 1041
7250 8287
813 1889
355 8338
850 5530
1765 3097
6042 285
590 4348
9157 2584
232 4187
2168 1734
2943 7526
1145 6233
4526 4464
9281 6946
6333 6475
1695 2299
5073 5855
9176 5485
9068 9108
6 3459
3583 5254
6782 5079
3791 5641
4830 680
2323 2613
8083 2096
8101 8034
6405 3304
4020 7711
4194 5305
6947 304
6481 499
6400 5388
1370 1816
1985 882
5593 6976
5505 3689
3122 7876
1763 3554
7032 3851
1343 925
3282 9403
1300 3077
7216 6911
2597 4904
5714 783
3010 5730
2934 7431
1745 58
2146 6161
7571 1296
1352 5719
6678 7048
6435 3215
978 3355
121 607
1468 7546
5234 7221
4147 8428
2684 7172
6578 4077
5426 1963
2873 7042
1593 1568
2613 6771
4337 3506
573 8931
1531 2926
8998 2950
7368 1064
3392 143
2357 326
9220 722
4391 4543
1770 8232
4979 3277
9200 7575
1949 7365
8495 5495
675 2139
6483 8216
4208 4105
4325 7958
7867 7569
5334 6970
1388 4058
8230 7677
8821 1576
265 8783
8370 1776
2483 6814
3162 4322
4286 4992
5921 5120
1369 2529
6639 9258
4160 71
8397 8282
7453 5981
4797 833
2518 8573
4597 1110
4462 8200
2898 1437
1451 7507
8606 1973
5149 8737
7985 8353
8515 1376
5415 1872
6434 9332
6894 6675
4326 202
9214 5
3888 1965
1493 7021
8163 8922
8907 6633
7435 8513
4385 3935
5435 2388
1090 6720
8577 825
8245 7368
7078 1604
7158 5603
6041 8653
9233 7631
1882 7608
7815 838
1845 5387
2178 6198
2358 1233
187 834
7476 9323
1175 5749
5587 1171
5794 5882
716 7849
5400 7624
1364 7977
1054 7926
3920 7121
8090 7738
7563 2594
6901 5029
6910 9379
9340 2860
5422 3846
5960 3912
5519 1154
6369 2326
2143 9181
8143 7023
6502 4439
3308 6862
5037 101
4360 5971
8449 7595
4100 7461
7613 8869
2232 5104
969 2063
7027 5779
8480 6376
7045 7367
8975 1234
2948 709
235 6556
8596 517
1664 9060
3199 8669
9372 4550
1943 8760
4559 5071
6777 6016
8088 6167
4330 8058
5652 5314
4290 7601
1136 2923
7572 1157
9071 6519
4505 8986
8824 4480
5820 2084
1383 2494
59 1084
8562 8993
974 4296
9016 8476
1115 3901
5704 5190
5673 6214
1684 8824
5937 1745
9407 6857
6631 360
9107 1257
7684 2221
9400 6279
8664 4742
2727 5663
1895 7784
4715 7819
3145 7729
3999 6421
1735 9029
87 3731
6668 7198
5203 969
211 2371
1199 1081
2421 5377
2847 8771
7209 8772
3514 4687
6167 6749
1195 870
6988 3882
6276 8949
3012 5307
3801 1111
835 2041
3021 6013
6588 8395
4646 1756
3789 6151
4571 5818
5967 6439
2114 3836
8631 542
3514 5267
7985 5469
7716 1196
5039 1230
1595 7252
1693 6958
9004 340
9289 6423
5257 7485
3867 3790
4326 133
6381 8612
9291 109
2139 4449
4736 5535
7233 3941
9141 1728
5362 9155
2771 6352
1239 1589
2656 1256
2180 4671
2703 6814
827 6791
6609 2756
6572 1169
6834 6047
2619 379
4712 4700
4450 2448
5405 4523
7690 2365
313 3363
6637 7017
6124 3488
4642 4195
3230 5012
947 1313
9163 5599
883 9440
8033 1524
8265 9133
323 5041
4162 8577
6134 2889
4920 7192
4906 8774
3688 5961
2370 8156
5400 3334
863 6778
3899 7752
5462 1166
2674 7772
4806 378
2341 6771
3146 5198
6663 256
2631 8794
6442 2340
830 5167
1999 7688
959 4804
5952 3911
4319 258
1697 3549
5560 7528
362 7723
1824 3267
1386 6493
8261 8523
7072 242
2600 8575
5874 2768
6673 554
9040 8182
7906 3914
3793 3263
771 6659
8993 9000
7253 3175
8155 7782
2485 6078
3695 8009
727 5045
7789 5324
4485 548
7581 3209
2010 8383
3094 325
3500 1878
2607 3643
2955 2770
569 1738
5821 9062
8951 4843
603 830
7584 7611
6186 7489
7249 3672
3607 4586
7473 1428
1732 7054
1617 7784
9046 1897
839 2206
6757 7604
7023 2738
9353 1773
3247 141
2326 6219
9056 970
1493 6965
6208 7801
1470 643
7185 2444
5706 6915
3176 1684
4511 6182
657 3260
3905 8075
1096 5180
2814 8951
454 4878
5061 108
604 4639
7969 3753
325 1382
6014 3305
8206 7100
9355 8967
2511 5257
6471 8571
9247 734
3900 327
5095 2119
1633 5258
7576 3313
4016 7242
6659 2628
6334 5234
5247 3668
7449 5629
9048 4723
7880 2107
1642 6882
3673 7786
6460 4609
3584 1408
4205 7098
4195 7284
4503 8876
4553 3269
5182 2578
2753 9239
5731 1752
6930 4785
3509 7977
1450 1437
7800 8433
9073 5573
3773 5582
539 2934
5608 846
4761 1532
2396 4423
9499 8020
6768 8096
7734 7293
4041 1584
5626 5177
674 6549
1850 7361
9182 8837
3070 4097
6086 913
4576 5471
6198 5040
769 6131
6145 8465
3570 638
5875 6331
2963 494
1519 2962
4199 5764
814 3498
2890 6662
2825 3186
7745 1892
784 3191
210 3604
7803 4499
2401 4035
2531 4888
8572 8069
1907 5025
7574 409
4486 3832
3044 9432
5210 6990
7055 586
7982 3694
1125 908
3762 5470
2309 7682
1815 4792
5739 2787
5000 2507
225 7450
2035 1494
3272 8023
6790 2420
7099 2393
5945 185
770 4040
5057 3992
7316 2195
7358 5927
9184 3161
8988 7169
2248 9140
6867 3457
2761 1261
5982 7367
7647 3013
3479 280
1447 7589
6429 7743
8361 2591
513 5146
3585 3145
8588 4734
1298 4912
7340 3698
8928 7063
2451 7530
5500 375
8927 1055
6430 530
4488 4355
9135 9475
5908 6494
1919 4868
2787 1427
5122 620
2311 218
9443 3659
300 1868
4021 158
2496 7379
4869 470
3129 9271
5572 6440
988 1546
6479 805
7658 3134
2147 3140
2850 971
3487 5625
591 6400
4416 5077
7555 175
385 1443
1457 8268
3359 1614
7047 7527
1171 4154
2284 7217
5084 2639
5221 2942
8289 5854
7455 7111
2420 1710
2161 3188
4708 4271
1135 7787
1100 8474
2984 517
5537 7820
7762 5832
2979 6803
1980 8491
1638 1183
1296 2870
4439 4266
4007 8176
4859 384
4367 6785
1592 2065
3557 3180
5710 8827
575 3628
1494 4184
7709 4744
199 4425
9294 4411
7059 595
5937 4651
4429 8195
7793 9381
19 2952
2696 3367
3129 6434
7759 8044
4260 7644
6108 3513
1597 8763
1592 3477
9226 1038
7421 3742
6298 5541
9230 6147
5544 5365
4148 6515
6136 4766
719 8482
7126 7023
6581 3659
7258 6468
8191 511
7429 449
2982 6103
3701 6999
4479 2008
5769 2599
3130 9296
4154 374
7252 4842
7523 2941
7334 962
7363 4054
2911 6363
2788 3878
6149 1202
1898 2158
6818 2984
1854 2557
5644 163
3557 5205
3388 2026
9391 3619
3096 8177
6131 5574
3312 8251
8469 6696
739 7975
1250 7890
2259 7005
8587 5793
8142 1329
5103 2815
5487 6673
2326 8238
2153 710
6474 3997
4772 6156
5853 3519
3761 453
6923 6437
1547 4044
8147 5001
7967 1325
2603 3666
3492 9373
8520 2749
5762 4656
7312 4849
743 8183
3242 2604
6627 4058
3352 1363
4905 7272
72 5701
2953 3229
6097 569
5776 1435
1083 2856
395 5063
2973 1988
2912 7243
967 1327
9449 7535
5087 2025
950 2934
8488 104
8580 2342
5517 5915
3537 3375
8466 296
3471 3984
5091 408
6173 481
167 3725
4340 1277
8687 6084
8097 3879
7140 4282
8249 1962
8278 7425
4126 4660
6711 6822
2240 4890
2014 199
7371 1322
1427 9348
7088 7110
79 2527
7819 4270
5200 7956
5263 757
8366 8966
713 110
4880 4379
4309 475
4502 5870
5757 5262
141 6203
5510 1659
4921 1622
848 5515
4497 4399
5818 5884
3218 6630
5970 8014
2868 6513
3713 8713
2862 2656
2320 8364
7043 9201
2337 3533
6024 8684
2230 2306
8926 7552
5426 2713
3373 1818
6105 2252
4451 973
1804 3705
2139 192
4603 4213
4056 5035
711 1243
6261 8867
7884 647
4446 8544
542 8936
6371 6359
2013 3424
8641 3161
4499 1091
3491 6832
9500 7896
6838 5812
8076 2552
1442 1881
8378 5834
3575 114
2565 6778
9333 5315
4620 3747
9182 9347
5188 3814
1763 55
1834 7871
4680 5038
5609 3543
713 6541
9055 7543
1579 6096
4556 1526
5453 7596
9413 6491
1648 2923
8384 3877
1621 2755
7422 5967
8027 323
2588 9029
7166 8728
7064 1424
4891 6804
822 1166
5508 7721
1475 1683
6618 5030
3154 5576
1141 4222
2925 1383
3854 4812
7702 3967
6534 2356
5102 505
4722 8199
4816 1849
8227 2463
3114 6005
5089 9035
8514 3816
8542 6756
707 4637
389 4840
5206 1028
3723 1460
1665 6032
3447 1643
8359 3524
9286 3831
2832 8409
2021 3481
7772 5840
7812 6070
2129 8323
1105 1564
2899 124
7171 5330
8293 1975
220 554
2310 1006
7598 7494
4548 2435
3172 8747
3101 7562
2241 6328
1661 7306
7741 911
4867 5153
3465 8057
344 8909
7059 8635
2167 6414
1249 2844
5714 6965
8414 4293
1753 815
5814 3179
5914 3868
4427 1654
7957 8712
4311 6153
2196 449
7584 2355
8803 9072
6532 7966
7639 5076
5951 4149
2999 2645
4905 3554
7010 7626
413 3703
1703 5405
1591 8404
5807 3730
4636 7208
2637 4369
7668 2132
5893 865
2183 2767
5468 136
2222 6691
489 4356
6958 5707
8214 6565
7374 4786
8116 6942
9394 6853
693 5126
1761 816
3027 114
1694 377
1211 2285
8075 2309
2269 5431
1281 6999
2577 8553
3226 8861
7841 7838
8408 2876
1547 8863
9205 6110
8868 3876
4591 7987
8063 1315
8057 6393
7084 8364
716 2574
7261 2280
7107 5556
8264 3253
4659 1187
408 841
7530 8932
4832 5266
1481 2362
4717 4445
5414 422
4927 4872
6782 2612
1848 2940
3733 5806
8739 5528
8436 8125
2765 6242
6319 4065
8326 764
6221 147
4626 5627
516 1808
1237 994
6723 4875
4214 6166
5863 442
4135 7736
7875 2381
4163 387
6692 4922
3549 9292
5873 7657
6318 7225
8461 233
3260 3953
2582 7091
6240 8063
1379 2580
3042 3991
5855 5458
7800 9072
6828 7380
1541 8577
6600 3358
6438 2671
6950 8622
3038 6486
7777 5914
2245 7662
8916 6256
9364 1942
8434 8078
7976 1775
7281 6022
1190 3182
6846 9189
317 1670
9483 3104
6922 455
8917 4267
2977 4359
1815 8938
8102 5446
2776 1580
8750 1692
2119 2452
7148 445
7120 9306
8327 9485
1500 4081
118 847
4927 9077
5147 1289
5010 8578
6805 6252
989 5155
9065 5451
8694 1174
3643 189
8385 6504
6067 275
8470 4714
6288 2795
7793 7420
47 7295
57 6285
940 9349
4867 5735
6071 8895
1350 7712
7387 396
1783 8731
7203 8703
4477 8210
3032 901
3271 8759
1121 4046
2349 9034
6472 802
7392 132
9378 668
2269 7099
3013 178
3114 7010
6089 9239
6387 9252
2913 6959
5216 3637
1201 6679
7114 2617
4647 7915
1477 7200
2878 5894
2302 2266
7202 2714
1265 4672
1636 4908
3028 635
4676 5631
6626 7793
8299 4320
7603 4879
8370 2528
3094 7280
2781 7011
8626 4991
2987 7186
1395 3561
6123 5995
4491 2607
1752 2229
6259 2321
4753 2022
7550 8667
1581 1175
6642 8550
2848 7022
4429 8635
8695 2536
8560 5059
5404 8406
2571 4839
2983 5540
7991 6058
1418 3117
2570 8029
3756 2310
1784 4049
4959 6130
8509 8257
2802 1919
5862 6967
1430 8650
6449 3361
149 5354
7033 1855
4680 1152
8110 8932
7513 3579
7752 8350
7494 4177
6394 2470
8640 1687
7826 5152
8865 5813
763 9446
4275 705
2328 8015
2685 2647
561 5557
8590 3067
1050 6934
5172 9102
6388 8242
2252 8410
1417 8722
2360 3821
7388 9486
6526 6754
3050 2756
3667 5059
22 2974
6199 8682
6886 9447
4828 1402
8962 3796
4020 1013
6103 2553
2705 4043
8868 2217
5103 5987
399 8091
3058 1675
8471 5464
3356 4129
2896 5959
3699 1984
8250 6017
5085 3230
5627 1003
921 4879
7165 1015
3304 8203
7549 3586
2091 7635
8118 5306
8243 4472
6299 4662
6572 4142
4780 124
2193 7447
243 6243
3931 600
1184 645
9104 9145
4810 6904
9457 2022
9228 6028
5669 6247
3410 839
3195 2688
4592 2599
1801 2689
1448 6920
5494 8156
9164 8510
9387 8515
3578 8637
2969 5070
8388 2285
1865 8138
2519 7572
5469 7889
7684 4604
2120 7873
8802 5410
7247 5543
2708 8044
3081 3552
4178 1366
3797 3022
3852 1788
4015 5800
4599 4160
5404 3303
1416 4467
9033 5282
1453 1517
9047 402
4269 3866
2419 7723
3788 4612
3231 4535
1998 1632
3201 3291
5475 725
3800 4357
5910 270
7631 5512
1981 6574
8581 9304
4432 2391
3448 2808
4159 5320
3864 6923
8549 8482
2366 9241
1275 1080
8376 8602
2206 3837
426 7775
5090 396
8648 9330
6492 4251
9345 1594
5181 5503
2486 1476
7321 2673
4557 5638
1518 5613
3671 3644
5619 7051
5638 7079
5596 1169
2943 2324
6448 1976
9238 7740
7132 3
2940 6007
7945 2448
8308 1070
556 2734
282 2297
4442 6203
1901 2593
6563 9363
36 8527
8089 4150
7395 9496
8557 5976
2391 8031
1327 2408
1749 5558
2687 6288
7356 6062
80 4688
3840 1674
5321 6649
3382 8875
4695 5300
1923 4862
8863 2583
9312 2513
2343 4093
3942 4111
7318 5314
3605 4184
7512 6906
4100 2092
939 2803
7476 3818
8940 3622
7127 7238
9486 5178
9280 35
966 54
5981 3420
6277 4082
5353 1439
6604 604
8734 3564
8634 375
6004 524
6579 513
6582 8528
7590 750
1160 1244
6287 2576
1662 8921
8459 709
3314 6899
3923 4589
2182 726
4012 1031
3718 4181
8881 3904
5752 7205
7929 7184
9078 54
7570 3094
2852 3796
1990 9403
8194 8337
4493 6571
6189 809
9312 3942
7532 994
7441 1347
2920 8627
7776 63
3485 2113
8569 5565
4133 7997
6619 8952
5758 930
1995 9252
3528 5002
7885 3754
340 2234
8872 3490
9357 3702
4872 2327
1068 2905
9429 2882
5261 9154
8876 1472
1384 262
4529 6738
8107 6020
8518 1093
5268 6869
6891 3689
7356 6095
6240 360
3399 1118
4940 87
1491 2636
6935 2849
5074 1275
5245 1333
1391 6797
4741 8444
3074 3656
6567 5304
1779 8463
5682 6829
2926 4106
3714 9493
7282 4940
3441 8508
7526 8912
6075 3401
5066 3396
3451 759
8232 7698
1922 9029
3954 100
6962 1165
8453 987
5721 9415
4341 5792
5332 5665
9005 4098
1366 929
5175 6045
7506 7357
5461 8827
203 3226
3048 3715
6542 4701
9253 6450
7744 4002
3078 8396
6606 2725
764 3884
4759 5752
2121 4678
236 6767
5982 9404
328 7768
8374 7163
1624 5935
6949 7478
7618 7052
3474 1830
7561 5311
3531 1168
344 884
8079 896
959 756
1714 818
4772 8792
222 6142
7708 5272
2710 8744
5439 1694
7933 8682
4717 6260
2843 722
6616 2375
1056 2971
1388 1455
2998 9482
1588 811
5984 2956
6067 758
1953 1727
515 7269
1102 1923
4113 3664
8786 6338
2649 6661
8690 8837
6312 1519
2750 3995
1658 7582
4886 1156
1671 9123
4530 4782
9128 3870
2439 8690
8763 2458
653 5917
660 7828
1501 7766
8554 5567
1064 5316
6150 8108
1096 8322
1311 580
5507 448
8976 2562
1729 916
9303 7935
1712 1933
9161 3257
845 1564
7265 3630
2945 6029
534 5980
1078 7224
6243 264
1149 7080
8395 3327
3398 1934
7590 1351
4500 5713
2115 4514
5788 1236
9376 6590
6885 1116
5780 1495
4791 7597
6605 5488
619 3662
1390 1409
8118 7852
5435 973
8298 6311
2147 7863
2418 3721
8469 6198
6412 8310
7249 812
5655 5595
3904 9349
6157 7034
2936 6416
2645 5490
7619 7737
1283 4989
2775 6244
1331 5087
815 7112
4969 2724
1489 7768
3963 7831
4771 8941
2549 7416
5658 3898
1297 8750
6581 7687
6565 5763
313 1149
8721 5631
5255 2926
6006 2725
7176 7273
2029 4096
3186 5603
9288 916
2648 5424
9474 4684
1754 52
2271 6326
4808 8251
5375 8508
2619 7679
7901 2436
6200 6002
1537 7758
9145 2506
4182 3933
3379 3690
7514 5731
4438 7691
3590 8401
5826 8759
1766 8287
6685 4518
5521 8753
6698 3386
4605 3946
9357 1011
6094 3349
5079 6038
8507 6495
8981 5991
8108 4747
5256 3265
1420 6730
7195 5824
6948 8316
5094 8144
148 4191
3205 3071
6677 9432
9144 6018
819 4302
1361 7094
6175 7438
3991 9343
3727 1045
4815 5708
5944 2916
4373 5517
7929 3435
5195 2864
5457 6357
7624 6694
5519 8596
7382 9176
3962 1526
8773 2133
3184 9491
7943 6277
8906 1643
504 5802
2364 7287
7390 7510
8460 3189
6478 1157
2387 4853
6240 2363
8015 5021
7963 75
407 6537
1393 7241
8405 3069
9225 5146
5864 6852
6848 1510
5018 8662
8685 7381
2088 3490
6971 4707
4265 7603
8466 6018
6670 6898
2827 2931
6833 1786
295 4122
265 6867
2928 5874
1477 7062
4094 4594
5799 1913
1949 2240
1482 4511
1106 3931
9252 2707
7870 4764
4130 9041
3495 586
4487 4711
6807 5243
5232 6017
8355 1765
1711 5843
2091 1143
5908 346
8614 5811
5123 3709
2443 8789
2788 8704
8813 9158
1656 7830
5959 9370
6183 4925
1188 6119
4924 5442
1294 341
9088 2019
3082 862
6960 2772
321 1113
2545 951
679 6725
6119 4083
6270 2627
7267 7832
