92 91 215968013016529472 23 5
49 91
34 25
67 27
7 73
89 91
45 15
60 74
30 47
52 83
11 67
37 34
42 53
86 28
27 22
60 16
55 89
9 85
41 70
45 77
64 81
63 85
8 73
26 71
44 10
68 71
77 79
40 48
36 20
75 58
69 26
1 57
21 23
79 62
77 33
83 28
71 31
49 10
65 66
24 88
18 78
77 4
43 77
1 34
82 18
55 70
21 56
78 72
30 72
46 29
50 40
83 62
53 29
4 58
42 5
87 22
90 35
13 76
25 67
2 39
13 5
44 82
76 66
15 21
2 62
86 7
59 20
63 41
80 6
19 56
88 83
38 65
32 31
90 6
74 54
17 36
30 32
69 22
84 23
41 12
61 46
8 59
86 14
50 35
74 57
9 61
0 31
36 16
33 51
38 48
3 81
21 64
