100 100 50
100
1
1
1
1
1
1
1
1
1
1
1
1
1
1
1
1
1
1
1
1
1
1
1
1
1
1
1
1
1
1
1
1
1
1
1
1
1
1
1
1
1
1
1
1
1
1
1
1
1
1
1
1
1
1
1
1
1
1
1
1
1
1
1
1
1
1
1
1
1
1
1
1
1
1
1
1
1
1
1
1
1
1
1
1
1
1
1
1
1
1
1
1
1
1
1
1
1
1
100
91 65
31 33
13 98
45 91
54 50
94 66
78 5
28 13
100 4
15 63
55 2
72 49
97 18
57 59
40 33
15 13
59 82
49 77
33 49
88 48
74 48
70 7
4 68
94 19
77 62
25 12
16 80
36 69
32 83
11 17
96 86
89 92
67 94
5 10
71 43
4 22
66 29
26 62
100 89
85 69
31 92
59 51
52 69
96 93
79 28
10 14
94 62
17 84
36 85
89 96
