100 100 50
100
56
83
81
2
73
24
77
19
11
79
100
36
32
62
4
41
50
51
62
68
6
11
36
28
21
61
82
72
86
35
93
94
87
50
14
77
83
14
49
95
32
5
20
59
55
77
31
52
70
23
81
4
10
34
100
4
67
60
1
23
26
65
1
30
96
43
49
70
81
18
82
97
80
62
28
93
38
91
39
67
6
17
78
60
60
55
97
45
58
44
80
24
91
14
5
35
93
25
100
55 83
1 89
44 10
79 8
67 47
6 23
89 70
9 63
73 3
23 46
81 86
91 53
44 88
67 4
36 54
57 90
60 10
48 68
21 85
97 57
30 35
84 91
22 88
41 30
75 82
91 65
63 32
58 24
40 80
45 57
9 92
29 60
35 78
98 99
13 26
91 76
2 38
51 48
48 70
15 3
45 85
92 66
25 18
94 82
89 88
86 31
22 77
11 95
7 73
59 21
