1500
930886 289383
636915 692777
238335 747793
760492 885386
641421 516649
490027 202362
520059 368690
513926 897763
383426 180540
455736 89172
595368 5211
956429 702567
21530 465782
665123 722862
703135 174067
979802 513929
723058 634022
898167 133069
18456 961393
478042 175011
377373 176229
544919 484421
898537 413784
594324 575198
664370 798315
803526 566413
268980 776091
241873 759956
999170 806862
497281 906996
420925 702305
336327 477084
126505 660336
621729 750846
925857 661313
353895 616124
100545 819582
233367 898814
990364 515434
313750 344043
426808 171087
947178 117276
393584 695788
502651 705403
612399 392754
95060 999932
993368 549676
210012 947739
698586 636226
297539 348094
480570 140795
960378 651434
66601 97467
612902 710097
570492 573317
260756 926652
560280 997301
209441 724286
429689 953865
346619 228444
744729 558440
108117 958031
905771 738097
890675 834481
698927 120709
777856 704567
872353 179497
276965 254586
964683 455306
28624 406219
332871 51528
48829 805732
530019 409503
363368 258270
486715 959708
518149 226340
700723 747796
2245 142618
493451 122846
243555 892921
597488 192379
888228 537764
792350 469841
441500 165193
87764 757034
324914 470124
275856 936987
346491 373743
148365 322227
281936 709859
452551 151432
899228 316437
975407 153275
276121 901474
794395 468858
661237 36029
573793 908235
894428 65818
231011 366143
639529 335928
322404 318776
255763 964443
854538 114613
436840 118606
344818 2904
670688 235128
67917 797369
466996 569917
987743 43324
512183 259470
295499 298490
206725 689772
755590 385644
268139 617505
469786 502954
338082 907669
388464 308542
939507 110197
228804 759355
278611 376348
127828 573622
887343 949299
35568 195746
755422 354340
613810 23311
321801 267605
473730 425661
811305 44878
178736 229320
248626 79444
503465 648522
473416 586708
213258 408282
167637 412924
305624 442062
532036 962600
911899 433452
145550 419379
290071 947468
487131 900973
684930 903881
845894 808933
370163 158660
387981 657199
252996 548899
713773 152959
739668 272813
681095 187190
116466 952926
911340 365084
327684 422090
855542 443376
379107 755936
219756 517445
418418 669179
89412 706887
32172 103348
262009 451659
625210 402336
467587 166342
319301 878206
667372 697713
401255 575321
44599 864819
229904 517721
939811 955939
915667 73940
346228 311705
829150 811127
996658 565984
789224 763920
867269 602422
54081 821396
740084 645630
811972 679292
73850 207672
905385 647625
739299 741222
606042 306640
340713 783898
256190 352298
942590 280524
108581 688209
499336 288819
371155 937732
218004 495994
614769 160379
981776 85273
247255 668850
348142 721860
445884 575579
223205 421993
679567 867621
690613 962504
262754 801961
154259 31326
828202 518944
723506 613202
902021 936784
390868 222842
235189 789528
949908 608872
210498 849958
518808 448036
686248 457753
33333 383303
321648 132133
999754 772890
251746 517567
319529 690368
238046 514500
549797 473788
86990 66249
3033 273303
12497 505363
294892 910253
519125 247686
613996 761152
209188 245975
703729 649157
32460 895436
543921 253414
26304 870460
388027 60028
266748 278050
308902 707556
697697 504794
571043 858699
132002 301039
806403 90428
681 144500
908538 617647
895151 36159
282134 522535
171692 104339
516127 502215
755629 720504
590964 60049
636429 298285
576335 495343
202900 903177
407971 885238
260289 416949
717988 495367
585795 392292
53144 40743
658390 102829
655340 961682
569 553541
174232 453826
956042 172261
409117 690360
266761 228023
526309 81
495425 903190
806367 618996
504234 214677
631626 730690
226057 764524
673168 349614
390358 328205
947386 726312
204346 565100
634994 602726
56552 204916
893529 325578
532290 528946
756970 302647
819080 799051
218593 799631
418627 830857
561886 541312
788355 439214
720090 193512
59479 14412
858969 909610
152274 966189
47641 806355
925433 356620
77888 198987
524566 498338
27284 487770
790417 56856
372260 300606
100237 125849
473059 107205
648518 35217
990783 34945
228458 436873
967637 710873
620483 804289
770478 826607
149314 772757
645729 334471
533459 591100
89438 723618
211388 58025
631233 633074
933681 518157
160358 3493
110699 550270
101839 633417
668363 275569
228794 92622
319847 413173
217462 196431
539390 456682
745791 504292
355115 205057
796157 391521
631491 888574
462951 401947
35021 359231
393740 610537
614030 485054
35325 554098
187516 241081
33002 653516
746139 372231
785404 261796
974580 582338
39021 519218
539862 513970
235379 784812
692685 894977
299904 31536
433483 324176
199759 279207
889744 984857
469911 593499
663950 20127
777560 505236
675105 367818
740049 810563
588711 421244
519934 41805
77375 563291
593614 558955
343768 133589
544918 828993
376882 552805
876982 844822
124030 326717
311574 593093
186593 530126
550253 781486
803074 850543
734713 327814
138377 478179
415775 474762
32919 727088
806732 935710
11017 110294
760235 400346
745691 871137
423943 305153
666328 122573
449291 300925
894018 306710
836836 277217
575055 596963
963858 387090
714904 378130
372661 698571
689685 369633
613073 304789
756851 722604
349250 419805
336503 767868
639006 109485
414639 82195
721120 62949
880226 80967
387677 686763
963981 290596
887560 740865
127955 539036
433518 367770
66342 359211
245196 322532
627321 272379
994984 858270
794427 384172
152040 344234
970072 647283
245830 307398
370347 901063
982030 966950
653714 250573
57522 886059
626924 134047
189435 945082
829204 271232
630443 622954
945486 411898
684278 875640
250262 89159
989683 679262
539848 561041
208324 141723
449122 26272
927335 454154
937457 335821
102747 909365
311776 591171
725218 160269
621703 938701
209933 914653
53959 450907
862806 356728
748720 515797
121308 547084
742698 515334
76376 110991
252715 798898
825171 801052
771559 218189
554010 752506
178224 709016
816539 173109
333378 490000
945053 58109
489114 955081
405989 671338
28067 59426
575223 785147
332231 776787
292122 696532
323875 591281
390179 884850
202254 576590
311131 215350
967857 973813
199181 381494
554603 146081
152433 15720
590181 887982
359415 97487
768825 79296
138722 765404
550551 796892
90032 230297
443181 399134
990415 898506
299708 767057
859999 380595
112297 501962
475776 687483
68977 80154
742587 191309
723382 139932
544266 895021
508860 313563
909211 903682
669086 277685
590930 564285
794583 735990
651476 197314
95820 754116
37525 641892
538839 395528
897490 897525
101360 651136
247643 889618
80928 170337
826621 506582
917955 804310
634225 370888
274570 426815
220853 543437
107722 460008
712350 811783
9097 418657
689126 363827
522071 621269
533149 726651
140528 60910
228398 430639
836610 241888
928577 992393
498976 433890
754552 755199
126087 416931
360099 388777
448566 400657
377017 580952
392735 72641
491298 89368
453195 918184
55805 696776
423428 975266
552528 588954
19593 80308
322197 297278
289672 372555
806445 250774
522325 305000
238283 560997
466127 648412
565421 598382
179334 914693
987334 942439
548159 88421
522957 994985
691761 1354
492972 578762
167716 631541
711850 561852
375482 703662
76217 550399
801173 665154
486506 399015
476364 839851
488263 724790
323172 942491
373537 570037
28828 18859
107280 360871
355856 576987
578341 146590
725352 563970
195511 587665
149517 893069
113083 907361
974112 41351
706506 189300
104667 291638
131489 709364
434154 581032
39875 136104
706141 273679
292538 413412
290636 734969
311956 916170
62760 162844
726814 406649
994314 304465
713886 922326
346039 660183
701535 826969
532621 320152
611790 924393
150109 637289
734673 259631
395735 584264
374295 774548
704313 101877
353198 666833
99355 994949
157793 665155
588156 678468
982933 400960
323286 98823
275358 213171
40140 185677
22181 493245
933990 572761
210050 150323
409954 84100
668364 461075
235624 322042
423919 42659
225844 456289
451238 293469
474976 841551
520019 125383
526343 63133
161956 19304
232475 365981
68011 953666
446912 788967
361729 90192
756868 380902
465002 88131
549207 683174
5216 649718
692377 301183
757472 945487
238957 434573
276125 725062
366797 713933
293418 312496
848153 893141
775474 971726
925393 596980
385948 843485
450030 372305
269559 264029
352160 206898
406424 734562
384280 417719
718902 411641
873480 593010
27583 992726
234140 628789
342723 303708
132557 600938
10431 152493
124220 980710
577690 785905
629391 49613
938270 963638
227667 79421
802671 207829
458743 96180
513899 209095
137088 843024
952386 749154
258232 10569
155710 979969
800030 492373
609663 498433
167279 932587
429649 620094
922351 291499
857464 7339
487330 551742
147515 312086
519915 231349
843881 950186
675634 495011
854387 874133
623287 812722
339643 806773
786742 881519
890244 495354
510139 103124
552063 16259
636353 677418
485269 981712
505404 558705
626799 342733
654819 992734
740435 774315
240853 691087
702450 100669
974802 916487
245562 556837
363610 598089
995960 585205
596911 666704
769829 402557
418816 623403
300821 321892
303605 571522
646579 302443
161528 325361
834447 273378
564045 332700
23787 574882
675551 804899
721386 242589
799426 650353
764794 966948
68506 163036
346092 277107
679664 665417
288820 115921
954166 98480
186354 105994
408437 774123
99484 832933
106312 86317
419017 933931
25165 186709
991608 959156
201745 217069
867422 712995
196295 1171
680559 148569
425676 264801
446571 26652
658925 105340
720172 251743
874089 613091
903566 906527
255812 798878
885196 3050
453333 362124
65186 304213
263370 478499
695568 56794
286141 465115
982639 79342
744263 482437
263590 663198
206202 169939
791631 226513
478257 865128
994571 511804
934683 352346
151225 898138
417540 190495
68972 36421
340634 387226
865725 134158
190952 120356
585472 77645
673339 993446
475883 568111
747661 417603
587542 255825
482339 470216
335344 379174
407330 960596
829294 846267
260757 342013
48860 980519
533292 194650
581876 117832
251990 390279
510635 963953
41598 959295
952741 96107
180570 714937
132540 944976
200801 444584
914800 720083
615609 199492
676440 766496
612763 22939
881304 505735
2606 389873
584523 930164
564349 52251
442530 682751
646704 816339
291986 953165
565625 688302
919591 761079
222407 262547
707131 568484
804919 939561
139053 621931
388427 420528
959819 815494
837581 517543
423768 841123
287639 840187
892438 524643
207394 851988
184680 851320
804486 854098
58752 993018
754098 886463
149010 494695
63179 976505
916066 856142
994425 868098
804978 571472
386966 382853
416748 764797
122272 224547
581086 840516
365159 409912
261900 989877
841197 572553
943003 962932
955951 162035
48498 518107
529154 710049
202906 713861
570003 592334
976784 635325
206797 564428
463633 781763
546560 110115
851014 880381
720897 185185
595097 432100
938329 602408
691313 373349
852634 295879
457914 634316
668775 808585
34986 22765
736626 197930
306616 237892
389569 306629
387409 799752
581515 596366
222833 367395
247776 644428
829613 73847
22300 485026
603786 941062
830763 960629
256508 295100
929416 683397
491982 230775
253540 114544
828826 43320
797565 506518
329499 651794
451546 187134
299853 716908
84303 33062
193842 522686
596534 848432
849810 539807
480869 618834
95815 453596
748696 827984
511382 352324
99451 194465
825361 519716
563037 869343
375861 654187
305981 360602
64088 705360
938620 273879
823293 363941
886628 22924
387708 17135
556942 483162
101996 753870
207466 554163
898500 197811
66487 472515
183332 926234
445950 682290
551633 8693
662880 525339
402293 927494
632854 485213
275444 466382
830323 571475
110751 98738
115873 716951
716465 14811
768681 189168
259683 334813
48977 492499
965014 674535
600769 115464
314107 148346
673391 563072
88411 865740
309587 852623
337836 7057
473439 458793
546620 613281
228371 820114
53418 657371
188534 860596
49764 769883
104697 473567
966067 825800
500335 153674
785490 447433
112132 617457
180529 615949
481690 785523
638147 785292
792349 307629
766422 492335
621968 782140
602255 313043
486766 850339
710936 172025
458260 191653
665220 277052
619204 562957
232983 631287
78721 119540
736997 534826
667127 707205
492728 433878
219170 665169
972798 647227
139563 11520
793660 739221
568616 277883
128223 912267
84292 55382
247035 355511
632563 542553
621862 428608
59895 251768
887660 371198
422376 654968
362173 141009
574887 89503
754673 371254
18481 794057
321929 243823
983044 674396
952280 631942
544209 68012
639747 596855
952366 144854
203759 403134
831742 101281
869401 341973
713171 891638
62958 273413
414422 651899
257755 941484
829090 505661
816071 528780
772603 363923
38320 138000
769942 272000
340012 506952
103807 830504
975358 979759
382894 572525
190158 179117
521090 214636
622626 59560
332973 750614
918865 201937
143421 263748
769409 176620
705400 488863
852786 101832
239833 478004
266356 407458
914410 526127
356631 606368
586128 534569
623446 848341
27458 485374
700010 813605
873165 64901
331867 838989
40926 722490
986238 250732
943705 700699
189562 272000
373832 165457
643461 42348
449807 130017
172497 426169
32538 880569
415139 529128
377470 135018
620392 38585
368542 921280
502533 836754
675743 241707
480550 834400
601485 233021
933720 466788
255140 545190
710647 639634
681983 145325
791694 870461
296630 648142
45063 964191
493320 845520
980538 976554
531492 387142
308422 600930
437685 900034
658094 327308
161708 629780
862802 138644
121784 279545
341087 796522
436157 376925
38602 51735
438548 634492
798986 830296
310840 251530
97051 844049
336956 320512
707654 77589
194872 868448
768482 532428
376088 632557
262337 426576
565220 537797
333694 125139
438014 687005
580282 674782
242869 390523
25015 135236
481884 681417
449299 340353
700754 792724
113236 546350
140292 37710
906158 337242
386023 335164
967721 674641
617569 762111
816260 746410
387902 182790
386147 149955
341089 825916
216439 482781
618017 583958
265375 757806
614511 99901
408978 714674
777377 315265
352976 38566
892161 917669
252833 259134
450127 794536
72999 736906
483316 67697
766839 889260
555567 387570
213486 152986
635767 413008
996966 946277
220435 770136
870037 778693
9719 834946
150212 795367
833934 787096
221117 19540
278674 726095
520631 473950
727208 728802
312851 593630
999242 210525
114447 79690
232676 71161
484169 327934
790563 384795
154931 481135
776180 527351
362297 541320
336688 785900
572996 28861
48401 686974
413069 794114
784416 843428
88582 450052
43682 511625
238502 401433
481123 559277
146790 352949
197235 230151
614946 630960
628447 987799
31502 286229
827549 404628
190528 393799
939013 680589
367563 279876
73990 503766
347194 296984
747036 374759
886384 435776
837209 307071
382700 641238
510539 834684
64835 529490
160450 707775
211926 679781
482362 305250
709878 243428
153579 826264
506853 416758
696634 608944
112711 390769
204105 286977
661736 976257
412034 951142
774565 64472
705710 765595
116632 157265
203107 216249
440376 181467
377601 363558
185160 652302
412082 859963
686227 895038
311796 82014
690958 709433
616554 8430
295407 803669
779927 820659
771801 473495
537967 708313
990260 62718
736335 760029
492631 106892
804712 939443
819353 933007
101662 182313
558628 4513
899551 30096
112110 244856
470641 727699
252481 803069
123090 87195
907854 547889
537736 419369
127682 196008
258726 75704
835733 634295
741187 511414
450857 328364
777724 62251
244564 270210
274723 395738
425834 803193
564401 690626
418325 537945
857366 551394
638589 670806
735047 980456
399826 62795
258803 272784
864840 43860
678155 33882
61648 700573
545290 935695
997946 512505
299067 839366
235104 758863
78408 573790
780768 177290
715235 159161
710555 199093
386251 572601
69410 349144
928291 637651
910435 985588
29448 703447
253681 775275
992200 223956
159651 315329
827834 53842
409560 673949
949164 126901
217043 644664
821955 27572
186733 997811
713256 53542
142496 413640
279136 615859
253510 728258
713846 207428
910875 680297
971924 743294
967250 164556
479885 964125
534319 643253
833555 824071
467324 943880
104896 782719
326644 684367
198530 443203
496746 29729
443370 911786
527645 155594
883852 238858
446286 297508
977805 597698
857344 873513
554421 949730
430207 340947
984200 550658
374729 480878
424758 334107
633179 842053
42772 46007
489210 476175
505904 241302
669440 502308
657902 465626
704485 197086
10946 58106
655804 667123
540637 988751
454833 29501
370448 611410
162069 401392
882271 871000
205108 53150
411556 823381
869388 838287
314462 454328
211983 874951
377259 336718
802345 881423
594861 551514
125972 23182
206657 605807
110911 298129
327630 747294
875057 565744
967137 698078
569078 37126
606628 365760
189141 774186
128825 18184
988865 574882
449833 959639
296358 200848
598623 343444
411310 615055
154589 193485
315644 537283
835412 361246
624893 426555
992300 163042
861120 499950
53428 475789
841549 946550
720737 660056
678241 547042
121924 365914
325554 183458
900658 88109
431554 138264
753319 499281
209118 359216
896499 424260
785506 524763
951318 248263
411305 410399
426701 459970
452111 788777
735328 480129
140186 810012
357055 972417
854683 334779
34589 478979
567089 180237
834853 935247
950880 514995
874211 104524
528784 159999
201114 770711
535326 830643
241042 668784
645107 946632
251761 184096
664225 97218
907231 503441
992210 320763
171894 264286
259617 846894
543483 722835
658082 343058
858053 378337
999213 125315
285314 248617
535680 527998
358641 2780
671564 71006
17638 116035
300131 833023
930242 785752
805545 480709
317824 353825
134463 797756
161002 6071
728906 394080
253491 704485
599174 386989
28656 111544
360161 598388
642738 313970
833102 895841
966848 1379
633766 21018
854042 500838
802942 450250
930959 784284
654461 608488
922596 765135
771206 788924
699356 83598
304435 500113
403454 952847
580744 419962
534702 432110
262432 457257
869451 177440
695171 611886
632904 836299
853489 845289
295539 486946
787582 172784
781272 742850
507986 442043
747319 703868
303818 279192
295657 446676
915875 608253
28215 215463
163925 496619
953877 79269
256709 942709
554595 339680
692331 468232
313522 187500
674446 545820
234956 125413
868264 462029
420424 16228
236448 376250
171794 167744
130772 56618
664872 983804
199267 46647
59619 209439
288709 363193
822254 529848
869528 61770
46355 376850
564350 561859
624031 876229
1642 755148
217177 858988
391568 869906
762508 153954
321698 144369
200987 934303
918107 452470
15469 382211
108003 633726
513271 591440
121288 913064
491186 335526
712376 990816
69027 537541
930122 793078
548226 693059
68399 931765
318023 765404
919358 459967
120688 80532
531187 757408
726230 321676
220239 449294
599372 258051
849492 328242
241306 112644
964522 970780
477949 732493
786386 676898
469976 63328
756387 716509
164626 18202
299958 341138
317458 482649
563181 735668
9428 438146
276174 610720
60014 735658
510062 496414
824656 175739
804735 359554
330334 582315
831160 769257
962507 324635
387964 617546
334055 432483
967037 660703
1842 15033
497683 783348
35368 319300
757446 577216
187937 561149
813159 33621
46387 764303
940042 323221
682775 871043
969710 744777
30386 529462
854097 800870
418417 992893
941728 242061
419117 268824
283858 908766
208466 420959
740259 297893
875109 760186
321335 14057
564030 63046
343702 134495
457716 610417
997813 800096
544874 140492
186306 967523
768394 575260
84506 40403
798817 703163
488339 26234
451352 217934
638893 288549
586442 659818
420005 895504
425913 977904
557302 257692
392187 989944
600361 901004
701101 366256
506748 114526
82050 762327
853939 693054
249809 366796
586311 938445
964680 48626
782912 591002
879552 416032
592203 938157
833661 982346
960250 528560
786252 775927
765871 517553
418557 178440
61048 882584
997111 636010
398337 84148
293554 595513
478661 252277
707074 543363
108342 581324
172326 671754
604139 891254
345764 51878
34225 196342
724902 695777
471704 510827
28380 511154
205946 237575
120160 963290
599300 266994
351142 633623
745488 513990
282619 644696
704412 224149
321825 989693
661448 812754
220360 494151
62382 265587
461929 566124
261902 612959
123786 703183
214337 733606
487534 152167
631809 936636
203630 124046
757669 231109
261451 71125
232173 503157
243658 544070
533764 936585
749339 565483
575986 711564
493503 486052
52176 638368
251327 955432
174967 830430
564037 891466
43633 389304
842292 51571
175617 191794
939255 562275
633400 449638
469147 200707
744777 865573
802159 229157
310992 794893
506457 67850
553902 886978
525347 999960
471744 122431
952861 293026
184492 646711
552368 516898
84821 744477
936271 394660
473287 776790
742780 391879
592586 106687
488613 728279
957436 337363
648609 807124
874974 268428
671759 155066
155027 945229
67660 713458
6484 626771
789835 536873
570124 707329
968158 342203
253215 654945
948088 420782
812661 726503
349542 690868
935500 405247
258962 838155
161631 892936
677717 907571
62638 552958
498187 349476
62934 734017
877140 82199
619072 585770
