1000000000 1000000000
1000
434001832 559301213 3
434001832 429662335 3
406314803 401975306 0
412164945 401975306 0
434001832 380138419 1
455838719 401975306 2
434001832 423812193 3
223723685 401975306 0
434001832 191697159 1
497078106 401975306 2
434001832 465051580 3
370925558 401975306 0
549747261 401975306 2
291744896 401975306 0
434001832 259718370 1
576258768 401975306 2
434001832 544232242 3
434001832 383765298 1
452211840 401975306 2
434001832 713429049 3
122548089 401975306 0
434001832 90521563 1
745455575 401975306 2
434001832 118616769 1
717360369 401975306 2
434001832 685333843 3
150643295 401975306 0
560714738 401975306 2
434001832 528688212 3
523198038 401975306 2
434001832 491171512 3
434001832 468622692 3
367354446 401975306 0
434001832 183830271 1
407667279 401975306 0
434001832 375640753 1
460336385 401975306 2
434001832 428309859 3
669620298 401975306 2
434001832 637593772 3
434001832 327039368 1
87743717 401975306 0
434001832 55717191 1
780259947 401975306 2
434001832 748233421 3
434001832 209540593 1
626436545 401975306 2
434001832 594410019 3
241567119 401975306 0
345909957 401975306 0
434001832 313883431 1
686940202 401975306 2
464922749 401975306 2
434001832 432896223 3
403080915 401975306 0
434001832 580719087 3
255258051 401975306 0
771633287 401975306 2
434001832 739606761 3
96370377 401975306 0
434001832 64343851 1
154211251 401975306 0
807458456 401975306 2
434001832 775431930 3
60545208 401975306 0
434001832 28518682 1
410840628 401975306 0
52338741 401975306 0
434001832 20312215 1
815664923 401975306 2
434001832 783638397 3
434001832 692618573 3
143358565 401975306 0
434001832 111332039 1
434001832 393984781 1
441992357 401975306 2
434001832 409965831 3
434001832 311205972 1
524771166 401975306 2
434001832 492744640 3
343232498 401975306 0
721076763 401975306 2
504332432 401975306 2
434001832 472305906 3
363671232 401975306 0
434001832 183178644 1
652798494 401975306 2
434001832 620771968 3
434001832 326113147 1
509863991 401975306 2
434001832 477837465 3
358139673 401975306 0
434001832 14762188 1
821214950 401975306 2
434001832 789188424 3
46788714 401975306 0
434001832 296797315 1
173117651 401975306 0
434001832 141091125 1
694886013 401975306 2
434001832 662859487 3
330149574 61603992 2
489572561 401975306 2
434001832 457546035 3
378431103 401975306 0
434001832 532701266 3
303275872 401975306 0
434001832 271249346 1
434001832 705800370 3
130176768 401975306 0
434001832 98150242 1
737826896 401975306 2
324914626 401975306 0
434001832 292888100 1
543089038 401975306 2
105463573 401975306 0
767144123 401975306 2
241348659 401975306 0
434001832 209322133 1
626655005 401975306 2
434001832 594628479 3
78046860 401975306 0
434001832 298634774 1
537342364 401975306 2
434001832 505315838 3
330661300 401975306 0
408437896 401975306 0
434001832 376411370 1
140659995 401975306 0
434001832 108633469 1
727343669 401975306 2
434001832 695317143 3
718376979 401975306 2
434001832 686350453 3
149626685 401975306 0
434001832 117600159 1
434001832 712352627 3
123624511 401975306 0
434001832 91597985 1
434001832 433926930 3
402050208 401975306 0
434001832 267816866 1
434001832 240443254 1
434001832 683363438 3
152613700 401975306 0
434001832 120587174 1
240983090 401975306 0
434001832 208956564 1
627020574 401975306 2
434001832 594994048 3
161520282 401975306 0
434001832 129493756 1
706483382 401975306 2
434001832 674456856 3
434001832 646074175 3
600800660 401975306 2
434001832 568774134 3
267203004 401975306 0
434001832 528830906 3
307146232 401975306 0
434001832 275119706 1
560857432 401975306 2
434001832 770087732 3
65889406 401975306 0
434001832 33862880 1
434001832 659308549 3
176668589 401975306 0
434001832 144642063 1
434001832 758571735 3
315454902 401975306 0
266326436 401975306 0
434001832 234299910 1
601677228 401975306 2
132277198 401975306 0
434001832 100250672 1
735726466 401975306 2
434001832 531978886 3
303998252 401975306 0
434001832 271971726 1
564005412 401975306 2
434001832 736610335 3
434001832 783339507 3
434001832 646584611 3
189392527 401975306 0
434001832 47605303 1
788371835 401975306 2
434001832 104627611 1
731349527 401975306 2
434001832 699323001 3
498594769 401975306 2
434001832 466568243 3
369408895 401975306 0
533766024 401975306 2
434001832 501739498 3
334237640 401975306 0
434001832 370475915 1
465501223 401975306 2
276181400 401975306 0
434001832 244154874 1
591822264 401975306 2
336405705 401975306 0
434001832 304379179 1
531597959 401975306 2
434001832 499571433 3
57670222 401975306 0
122409261 401975306 0
434001832 90382735 1
745594403 401975306 2
434001832 236689438 1
434001832 161998237 1
673978901 401975306 2
434001832 641952375 3
434001832 53358279 1
434001832 181775348 1
654201790 401975306 2
434001832 622175264 3
213801874 401975306 0
434001832 663812469 3
172164669 401975306 0
732814532 401975306 2
434001832 700788006 3
135189132 401975306 0
530670537 401975306 2
434001832 498644011 3
337333127 401975306 0
434001832 305306601 1
434001832 56830004 1
779147134 401975306 2
434001832 747120608 3
181177454 401975306 0
434001832 149150928 1
434001832 696309243 3
467066254 401975306 2
434001832 435039728 3
400937410 401975306 0
434001832 106571478 1
729405660 401975306 2
434001832 461998653 3
373978485 401975306 0
831038380 401975306 2
434001832 799011854 3
36965284 401975306 0
434001832 4938758 1
434001832 351978649 1
483998489 401975306 2
434001832 451971963 3
384005175 401975306 0
275595413 401975306 0
434001832 243568887 1
707970077 401975306 2
434001832 675943551 3
149169321 401975306 0
434001832 142431740 1
693545398 401975306 2
453732560 401975306 2
468491687 401975306 2
434001832 436465161 3
399511977 401975306 0
434001832 134263850 1
701713288 401975306 2
434001832 669686762 3
166290376 401975306 0
434001832 70598631 1
765378507 401975306 2
434001832 733351981 3
244663490 401975306 0
418809759 401975306 0
434001832 386783233 1
449193905 401975306 2
434001832 417167379 3
434001832 680559944 3
766252403 401975306 2
255319052 401975306 0
434001832 347417128 1
488560010 401975306 2
434001832 456533484 3
751665469 401975306 2
434001832 719638943 3
434001832 715740327 3
120236811 401975306 0
434001832 88210285 1
520810911 401975306 2
434001832 488784385 3
347192753 401975306 0
700469717 401975306 2
434001832 668443191 3
167533947 401975306 0
434001832 135507421 1
434001832 782723828 3
53253310 401975306 0
434001832 53294752 1
172026147 401975306 0
434001832 780082163 3
55894975 401975306 0
623987361 401975306 2
434001832 591960835 3
244016303 401975306 0
314406059 401975306 0
434001832 282379533 1
553597605 401975306 2
701443010 401975306 2
436831588 401975306 2
434001832 404805062 3
431172076 401975306 0
434001832 399145550 1
189996315 401975306 0
434001832 157969789 1
678007349 401975306 2
434001832 538301716 3
297675422 401975306 0
434001832 265648896 1
434001832 799615174 3
434001832 541359925 3
294617213 401975306 0
434001832 262590687 1
556516971 401975306 2
434001832 33171983 1
802805155 401975306 2
752961115 401975306 2
434001832 720934589 3
115042549 401975306 0
434001832 83016023 1
434001832 376503843 1
459473295 401975306 2
529642519 401975306 2
434001832 497615993 3
338361145 401975306 0
434001832 306334619 1
434001832 23089439 1
812887699 401975306 2
434001832 780861173 3
55115965 401975306 0
434001832 233230343 1
602746795 401975306 2
434001832 570720269 3
265256869 401975306 0
377431186 401975306 0
434001832 345404660 1
490572478 401975306 2
434001832 458545952 3
434001832 740016864 3
434001832 205146951 1
434001832 587567130 3
248410008 401975306 0
434001832 216383482 1
619593656 401975306 2
116880593 401975306 0
434001832 84854067 1
751123071 401975306 2
434001832 719096545 3
434001832 434680459 3
401296679 401975306 0
214245015 401975306 0
434001832 182218489 1
653758649 401975306 2
434001832 129123914 1
706853224 401975306 2
434001832 674826698 3
161150440 401975306 0
815490343 401975306 2
434001832 783463817 3
52513321 401975306 0
434001832 20486795 1
631190922 401975306 2
434001832 599164396 3
236812742 401975306 0
434001832 760542776 3
434001832 65793638 1
770183500 401975306 2
434001832 738156974 3
97820164 401975306 0
434001832 457159017 3
120004660 401975306 0
510266669 401975306 2
39695567 401975306 0
434001832 139336712 1
696640426 401975306 2
434001832 801584176 3
361059627 401975306 0
434001832 329033101 1
434001832 468184468 3
367792670 401975306 0
434001832 335766144 1
500210994 401975306 2
434001832 757669369 3
78307769 401975306 0
434001832 46281243 1
789695895 401975306 2
253969088 401975306 0
434001832 221942562 1
434001832 5834274 1
168319241 401975306 0
188485510 401975306 0
434001832 156458984 1
679518154 401975306 2
317220043 401975306 0
434001832 285193517 1
550783621 401975306 2
492269557 401975306 2
434001832 42974540 1
402247092 401975306 0
434001832 370220566 1
381556548 401975306 0
434001832 349530022 1
486447116 401975306 2
184376750 401975306 0
434001832 152350224 1
683626914 401975306 2
434001832 651600388 3
630359092 401975306 2
434001832 598332566 3
434001832 531306138 3
304671000 401975306 0
434001832 272644474 1
59278540 401975306 0
734930013 401975306 2
434001832 702903487 3
133073651 401975306 0
434001832 393771931 1
442205207 401975306 2
434001832 341985084 1
493992054 401975306 2
434001832 771947377 3
64029761 401975306 0
434001832 32003235 1
803973903 401975306 2
754196626 401975306 2
434001832 722170100 3
113807038 401975306 0
434001832 430311728 3
405665410 401975306 0
290931330 401975306 0
434001832 258904804 1
434001832 337932765 1
434001832 786839112 3
49138026 401975306 0
434001832 17111500 1
818865638 401975306 2
434001832 95853496 1
740123642 401975306 2
434001832 708097116 3
127880022 401975306 0
434001832 336013468 1
499963670 401975306 2
434001832 467937144 3
368039994 401975306 0
641164891 401975306 2
434001832 609138365 3
226838773 401975306 0
411937202 401975306 0
434001832 379910676 1
158995946 401975306 0
434001832 126969420 1
709007718 401975306 2
434001832 676981192 3
428865300 401975306 0
434001832 396838774 1
485283931 401975306 2
434001832 453257405 3
781438534 401975306 2
434001832 749412008 3
86565130 401975306 0
434001832 54538604 1
434001832 251099111 1
584878027 401975306 2
434001832 552851501 3
434001832 138622231 1
697354907 401975306 2
434001832 230110176 1
605866962 401975306 2
434001832 273102947 1
562874191 401975306 2
434001832 530847665 3
434001832 205185193 1
630791945 401975306 2
434001832 598765419 3
434001832 761033740 3
74943398 401975306 0
434001832 42916872 1
434001832 223737959 1
612239179 401975306 2
484755342 401975306 2
434001832 185282115 1
650695023 401975306 2
434001832 618668497 3
217308641 401975306 0
191967499 401975306 0
434001832 159940973 1
676036165 401975306 2
434001832 644009639 3
106655668 401975306 0
434001832 74629142 1
761347996 401975306 2
434001832 729321470 3
434001832 52864401 1
783112737 401975306 2
434001832 751086211 3
84890927 401975306 0
386922227 401975306 0
434001832 354895701 1
434001832 613882075 3
222095063 401975306 0
434001832 190068537 1
645908601 401975306 2
390413187 401975306 0
434001832 358386661 1
477590477 401975306 2
434001832 445563951 3
434001832 456857709 3
379119429 401975306 0
434001832 347092903 1
434001832 500361927 3
335615211 401975306 0
232778578 401975306 0
434001832 200752052 1
434001832 50941795 1
785035343 401975306 2
434001832 283061671 1
552915467 401975306 2
434001832 520888941 3
315004160 401975306 0
434001832 369915804 1
466061334 401975306 2
91340475 401975306 0
434001832 345451113 1
490526025 401975306 2
470380041 401975306 2
434001832 438353515 3
397623623 401975306 0
434001832 365597097 1
706443273 401975306 2
434001832 674416747 3
434001832 442860110 3
393117028 401975306 0
434001832 361090502 1
434001832 637662963 3
75247423 401975306 0
434001832 390892134 1
434001832 679839464 3
351497564 401975306 0
434001832 319471038 1
516506100 401975306 2
434001832 484479574 3
434001832 581133166 3
359864170 401975306 0
434001832 327837644 1
434001832 794229878 3
41747260 401975306 0
434001832 9720734 1
340230280 401975306 0
434001832 308203754 1
527773384 401975306 2
433771904 401975306 0
434001832 401745378 1
434231760 401975306 2
434001832 44617487 1
791359651 401975306 2
434001832 759333125 3
76644013 401975306 0
786222135 401975306 2
434001832 225848553 1
434001832 668644354 3
506794959 401975306 2
434001832 474768433 3
361208705 401975306 0
434001832 329182179 1
735299314 401975306 2
434001832 703272788 3
132704350 401975306 0
492714814 401975306 2
434001832 460688288 3
434001832 508643085 3
327334053 401975306 0
434001832 295307527 1
540669611 401975306 2
434001832 94779482 1
741197656 401975306 2
434001832 709171130 3
775532680 401975306 2
434001832 743506154 3
92470984 401975306 0
434001832 370706671 1
465270467 401975306 2
434001832 433243941 3
402733197 401975306 0
434001832 456625487 3
379351651 401975306 0
434001832 347325125 1
434001832 745040899 3
90936239 401975306 0
434001832 20798515 1
788886486 401975306 2
434001832 756859960 3
79117178 401975306 0
434001832 437585348 3
434001832 606678557 3
224719632 401975306 0
434001832 192693106 1
643284032 401975306 2
434001832 611257506 3
217068934 401975306 0
256031216 401975306 0
434001832 224004690 1
611972448 401975306 2
563061352 401975306 2
434001832 531034826 3
768594547 401975306 2
434001832 736568021 3
99409117 401975306 0
91167542 401975306 0
499475551 401975306 2
434001832 27957082 1
433627325 401975306 0
434001832 694494000 3
141483138 401975306 0
434001832 109456612 1
578001395 401975306 2
671712571 401975306 2
434001832 639686045 3
196291093 401975306 0
434001832 129409332 1
519349936 401975306 2
434001832 487323410 3
348653728 401975306 0
434001832 230520676 1
605456462 401975306 2
710999082 401975306 2
434001832 678972556 3
157004582 401975306 0
434001832 426423610 3
409553528 401975306 0
434001832 377527002 1
458450136 401975306 2
434001832 196129516 1
434001832 520248053 3
434001832 65879781 1
770097357 401975306 2
434001832 738070831 3
97906307 401975306 0
434001832 467146148 3
368830990 401975306 0
434001832 336804464 1
812164032 401975306 2
434001832 780137506 3
55839632 401975306 0
434001832 458750600 3
377226538 401975306 0
434001832 345200012 1
434001832 144499159 1
323545676 401975306 0
434001832 291519150 1
434001832 391815463 1
444161675 401975306 2
434001832 395021873 1
306884876 401975306 0
434001832 274858350 1
561118788 401975306 2
724468574 401975306 2
434001832 692442048 3
143535090 401975306 0
434001832 36256026 1
799721112 401975306 2
434001832 707715159 3
128261979 401975306 0
434001832 96235453 1
435967986 401975306 2
44080126 401975306 0
740246999 401975306 2
434001832 708220473 3
434001832 16422470 1
819554668 401975306 2
434001832 787528142 3
48448996 401975306 0
653939425 401975306 2
434001832 621912899 3
214064239 401975306 0
434001832 182037713 1
239597474 401975306 0
434001832 207570948 1
628406190 401975306 2
434001832 457491032 3
378486106 401975306 0
434001832 346459580 1
489517558 401975306 2
183831230 401975306 0
434001832 151804704 1
684172434 401975306 2
434001832 742673511 3
93303627 401975306 0
434001832 61277101 1
774700037 401975306 2
707523254 401975306 2
434001832 675496728 3
160480410 401975306 0
723064143 401975306 2
434001832 691037617 3
434001832 503251840 3
332725298 401975306 0
180664495 401975306 0
638270813 401975306 2
434001832 606244287 3
229732851 401975306 0
434001832 539600877 3
296376261 401975306 0
434001832 264349735 1
520592041 401975306 2
434001832 488565515 3
434001832 296636583 1
539340555 401975306 2
606581935 401975306 2
434001832 574555409 3
49450480 401975306 0
434001832 565317116 3
270660022 401975306 0
434001832 238633496 1
434001832 552187524 3
283789614 401975306 0
434001832 251763088 1
482429111 401975306 2
434001832 450402585 3
434001832 124130619 1
711846519 401975306 2
434001832 679819993 3
156157145 401975306 0
434001832 238242118 1
597735020 401975306 2
434001832 565708494 3
270268644 401975306 0
434001832 276670300 1
434001832 492759033 3
434001832 476020884 3
359956254 401975306 0
434001832 327929728 1
134492644 401975306 0
434001832 102466118 1
434001832 647094149 3
188882989 401975306 0
434001832 156856463 1
434001832 58924048 1
777053090 401975306 2
434001832 384483067 1
451494071 401975306 2
104827094 401975306 0
434001832 72800568 1
763176570 401975306 2
434001832 731150044 3
434001832 356639641 1
479337497 401975306 2
434001832 576275665 3
259701473 401975306 0
434001832 227674947 1
608302191 401975306 2
297779848 401975306 0
434001832 265753322 1
570223816 401975306 2
434001832 538197290 3
349249568 401975306 0
434001832 317223042 1
518754096 401975306 2
434001832 241819450 1
594157688 401975306 2
434001832 562131162 3
273845976 401975306 0
434001832 213072714 1
140856215 401975306 0
434001832 108829689 1
727147449 401975306 2
631115676 401975306 2
434001832 599089150 3
434001832 245199699 1
590777439 401975306 2
434001832 558750913 3
277226225 401975306 0
434001832 288472148 1
547504990 401975306 2
434001832 214489855 1
307456667 401975306 0
434001832 382391102 1
453586036 401975306 2
434001832 421559510 3
503872485 401975306 2
434001832 471845959 3
240656312 401975306 0
434001832 208629786 1
627347352 401975306 2
434001832 747112477 3
88864661 401975306 0
434001832 56838135 1
779139003 401975306 2
207209984 401975306 0
434001832 373013600 1
462963538 401975306 2
434001832 430937012 3
434001832 394721896 1
693632349 401975306 2
434001832 661605823 3
174371315 401975306 0
434001832 142344789 1
434001832 530044758 3
305932380 401975306 0
320638101 401975306 0
434001832 288611575 1
547365563 401975306 2
434001832 515339037 3
434001832 592224813 3
243752325 401975306 0
434001832 211725799 1
434001832 781658129 3
434001832 560028885 3
275948253 401975306 0
434001832 243921727 1
592055411 401975306 2
351346375 401975306 0
816295803 401975306 2
434001832 24227339 1
811749799 401975306 2
753061311 401975306 2
434001832 721034785 3
114942353 401975306 0
434001832 82915827 1
569921838 401975306 2
434001832 537895312 3
298081826 401975306 0
434001832 266055300 1
623723117 401975306 2
434001832 591696591 3
244280547 401975306 0
434001832 14971826 1
821005312 401975306 2
434001832 788978786 3
438916859 401975306 2
262581547 401975306 0
434001832 230555021 1
605422117 401975306 2
434001832 350778620 1
388772379 401975306 0
434001832 356745853 1
479231285 401975306 2
434001832 447204759 3
434001832 106719020 1
729258118 401975306 2
434001832 697231592 3
812508765 401975306 2
434001832 567354678 3
268622460 401975306 0
434001832 236595934 1
599381204 401975306 2
434001832 350173910 1
485803228 401975306 2
59933868 401975306 0
434001832 27907342 1
175045750 401975306 0
293237821 401975306 0
434001832 261211295 1
574765843 401975306 2
777845844 401975306 2
434001832 745819318 3
90157820 401975306 0
80391144 401975306 0
434001832 513033947 3
322943191 401975306 0
434001832 290916665 1
545060473 401975306 2
620152575 401975306 2
434001832 588126049 3
434001832 207504110 1
653323867 401975306 2
434001832 321707844 1
434001832 517284466 3
434001832 37107561 1
798869577 401975306 2
434001832 766843051 3
69134087 401975306 0
750719166 401975306 2
395546568 401975306 0
434001832 363520042 1
472457096 401975306 2
434001832 336348071 1
499629067 401975306 2
434001832 467602541 3
368374597 401975306 0
753192583 401975306 2
434001832 721166057 3
114811081 401975306 0
434001832 82784555 1
434001832 12833413 1
434001832 449764014 3
386213124 401975306 0
434001832 283495665 1
552481473 401975306 2
434001832 520454947 3
711803558 401975306 2
434001832 679777032 3
156200106 401975306 0
832629218 401975306 2
434001832 800602692 3
35374446 401975306 0
587090371 401975306 2
434001832 555063845 3
280913293 401975306 0
742830497 401975306 2
434001832 710803971 3
125173167 401975306 0
434001832 93146641 1
434001832 614613633 3
221363505 401975306 0
434001832 189336979 1
323194566 401975306 0
434001832 291168040 1
544809098 401975306 2
434001832 214761615 1
621215523 401975306 2
434001832 752532707 3
594006938 401975306 2
434001832 561980412 3
273996726 401975306 0
434001832 241970200 1
434001832 139871500 1
807823995 401975306 2
434001832 775797469 3
60179669 401975306 0
434001832 28153143 1
434001832 524256455 3
311720683 401975306 0
434001832 279694157 1
130481925 401975306 0
434001832 98455399 1
737521739 401975306 2
434001832 529161689 3
306815449 401975306 0
434001832 774794750 3
434001832 260511351 1
575465787 401975306 2
434001832 429067172 3
406909966 401975306 0
434001832 374883440 1
461093698 401975306 2
123207410 401975306 0
434001832 91180884 1
434001832 91882822 1
744094316 401975306 2
434001832 712067790 3
123909348 401975306 0
434001832 736080894 3
99896244 401975306 0
652751258 401975306 2
434001832 620724732 3
434001832 476368197 3
359608941 401975306 0
434001832 327582415 1
458716067 401975306 2
49615195 401975306 0
434001832 17588669 1
818388469 401975306 2
434001832 786361943 3
434001832 264227202 1
571749936 401975306 2
434001832 539723410 3
40604669 401975306 0
434001832 8578143 1
123184325 401975306 0
601898832 401975306 2
434001832 569872306 3
266104832 401975306 0
434001832 234078306 1
768215117 401975306 2
434001832 305323261 1
73606663 401975306 0
434001832 41580137 1
794397001 401975306 2
434001832 762370475 3
584734543 401975306 2
785441885 401975306 2
435726232 401975306 2
108573444 401975306 0
333566250 401975306 0
434001832 301539724 1
534437414 401975306 2
434001832 412204381 3
423772757 401975306 0
434001832 391746231 1
497045540 401975306 2
434001832 465019014 3
370958124 401975306 0
646556205 401975306 2
774908909 401975306 2
434001832 742882383 3
93094755 401975306 0
434001832 97726396 1
434001832 656079146 3
179897992 401975306 0
622938280 401975306 2
434001832 590911754 3
245065384 401975306 0
538753406 401975306 2
434001832 506726880 3
329250258 401975306 0
64631010 401975306 0
434001832 684889367 3
151087771 401975306 0
