669 9
978
30
549
781
297
399
952
562
647
90
613
8
821
108
657
814
857
374
442
848
857
382
767
526
722
720
882
841
80
903
479
409
284
379
189
580
129
492
494
776
581
106
135
401
566
791
215
422
516
8
621
724
389
739
249
463
458
483
303
537
385
133
945
668
512
485
600
992
976
445
767
908
902
901
309
467
43
875
888
559
882
860
282
623
599
883
85
56
365
739
593
101
871
889
120
734
374
71
78
349
515
196
257
417
97
917
883
491
143
123
401
376
982
35
998
932
917
434
988
633
172
932
85
395
820
556
480
545
627
557
246
493
105
502
261
201
770
496
43
264
618
796
639
951
830
989
235
98
422
222
82
946
153
166
692
324
721
171
869
699
80
114
192
184
967
452
736
88
299
130
351
268
925
341
571
106
329
805
555
751
26
636
48
530
153
739
205
874
261
73
924
340
538
115
875
504
919
962
943
569
92
293
837
368
634
407
826
314
211
380
416
236
16
463
117
168
201
321
393
462
746
317
153
283
783
380
139
53
341
81
622
784
726
458
504
711
864
329
24
74
708
792
661
75
254
777
243
455
449
987
268
194
303
420
477
86
151
967
490
492
399
111
627
476
568
130
186
783
458
562
856
518
353
868
592
958
996
186
412
445
173
31
638
475
803
466
912
953
784
754
444
183
864
423
658
784
552
196
566
362
109
774
231
461
641
822
418
637
360
182
433
532
564
422
358
366
240
622
319
23
375
114
557
238
536
567
21
440
762
939
153
870
712
383
682
704
556
451
340
915
984
124
798
548
546
156
913
785
777
583
159
503
697
716
92
584
282
465
23
395
403
527
616
114
261
649
817
817
99
509
83
435
632
881
334
529
388
246
313
516
181
824
18
229
891
461
812
172
925
187
918
327
713
533
440
326
533
609
142
631
469
576
417
100
808
750
629
547
348
293
62
528
468
431
756
358
892
919
881
816
105
798
495
170
682
286
495
214
894
988
197
714
563
613
814
723
715
794
269
62
438
683
589
906
465
696
615
356
614
496
524
71
645
370
592
327
655
86
892
901
425
88
614
339
53
779
61
767
924
330
828
362
364
768
619
828
815
585
536
780
80
411
850
725
780
441
403
434
878
294
686
302
734
300
641
786
430
53
904
354
734
83
67
97
202
37
925
16
621
460
795
701
870
997
777
1
437
179
786
667
472
472
320
557
123
960
694
552
13
597
257
746
679
675
195
232
711
119
247
684
930
394
384
151
390
512
151
178
690
936
844
513
407
164
70
881
475
763
785
839
712
41
937
742
716
131
974
778
249
220
461
530
613
844
680
354
707
830
532
396
765
375
909
524
890
330
756
365
92
540
203
803
581
139
545
648
269
870
425
869
89
886
398
54
81
77
407
788
258
938
183
375
665
443
250
554
772
5
270
216
545
473
370
477
611
914
124
232
135
900
100
224
785
850
629
866
278
387
5
536
677
187
262
693
982
511
246
105
515
516
320
411
340
690
239
302
955
362
533
90
614
985
665
398
186
645
615
463
31
