100
813401424 0 -862325176
-421905957 0 734638464
666910031 0 -842119169
-833302447 0 -111841505
720440241 0 772103976
400327483 0 -148258200
-435748418 0 906697520
630665390 0 986798888
-45117776 0 894199888
747899578 0 599624948
34177986 0 617453134
-985626489 0 -29101360
-46259591 0 364442775
85187928 0 -968453187
83597539 0 673889173
855638860 0 164003773
-397747935 0 -959081595
-977787114 0 -903063771
-980025769 0 860785214
677502382 0 44211832
-560843623 0 -739653786
-959586401 0 3181761
98836868 0 617794050
479298279 0 399040101
871594393 0 -394326118
-819399491 0 337653588
-795142085 0 775348929
-812572846 0 -969697739
-274786635 0 434598000
406236390 0 361095098
222253706 0 -519026809
-731280043 0 901796596
-717150541 0 -665418317
211290261 0 701814848
329037983 0 304774435
-760581871 0 -5311447
-996776114 0 871585094
399831057 0 -159884259
-623717991 0 166400856
308243972 0 987965771
-536512777 0 656901710
489020278 0 996096433
-672692274 0 290093679
-720584992 0 -83056659
-966571364 0 -397438006
-927364425 0 153453636
-162959407 0 -449476876
-898153135 0 -869580395
-159450289 0 651352003
-451352407 0 399900302
-610412498 0 -975819420
392831483 0 -855291363
-884428814 0 -583253006
-870637872 0 895779958
729376471 0 994356788
-962204540 0 889866233
-994564930 0 24877297
389422631 0 794061443
-181734022 0 73663820
-602061841 0 -647438475
-962388307 0 -676147640
-449841380 0 -282974335
858722870 0 9772662
-865225946 0 -561246048
-589493619 0 300353769
-871327034 0 -444368399
8771539 0 -369116252
-347330724 0 -990234975
-890490174 0 -805090057
-33654748 0 479593421
860727253 0 709287918
239899920 0 -280116259
893784863 0 -225463239
-342737686 0 157279348
-479530184 0 834505175
-762443870 0 -481595534
-425723033 0 725859905
-552241016 0 -665419972
970054807 0 276921298
148580168 0 94240053
-937480243 0 -886496878
900844295 0 459765
852690003 0 -990867481
-209367854 0 -980377819
-913743238 0 512906819
-373324019 0 -259764301
477173217 0 -635428872
643620192 0 -854487846
60374810 0 -458343734
-921339606 0 575113785
-135024844 0 -871295958
753720374 0 162820769
645741595 0 -964569949
-544678403 0 -71481570
-718041817 0 -883948928
150467992 0 742666370
-953262969 0 -402325054
256807862 0 39967013
109406162 0 106396333
-660250167 0 -770446416
