100
-636880431 0 465934512
903773040 0 781918212
531633762 0 -668342878
124109692 0 -506553188
-291869987 0 -200916555
-647982335 0 -507011413
-933154753 0 -736194510
-501962655 0 103499621
454996768 0 -124979750
549671906 0 752281199
-292851807 0 -841066828
-146499552 0 -257697933
-975417825 0 -932595636
-743077221 0 365942593
282058144 0 -975066870
870846767 0 642567753
873252512 0 90170717
97674596 0 402531232
698630399 0 471211078
-897011174 0 781605047
301011170 0 577138672
888070437 0 -348354549
769302848 0 -968347016
-362058912 0 10083560
-581457778 0 -363000374
-704430307 0 -398388537
-158467241 0 488814725
-25798742 0 138683778
868136674 0 319478872
-790522902 0 -695609185
-430896861 0 -895142390
-688403737 0 633023894
165729110 0 -772669174
-16876676 0 -710121253
741531382 0 -723794541
-871230104 0 -514009280
-851377694 0 308048770
811231594 0 486800848
684676582 0 6840404
712622086 0 -749422435
818729905 0 -841607748
-835591191 0 -558735615
340802616 0 -53075254
-238636381 0 294490634
-785732152 0 510538223
745620333 0 393369839
-857417822 0 -549759662
458601691 0 676607053
-932418251 0 -770466786
-180158959 0 -824552007
910861437 0 163623388
448350996 0 824553643
-385802704 0 649494792
-89388207 0 -306845996
-892345332 0 61698425
812903929 0 -805116517
-778873921 0 698869093
680121711 0 666945745
-260126563 0 936081978
379913726 0 572140524
219964044 0 -539990760
-389846743 0 116001438
125783588 0 546345288
-234194475 0 -962007432
-559464997 0 -975806946
-969254888 0 -913817535
185886895 0 -925344395
-237575495 0 -408640556
134722785 0 -871311591
-26825052 0 76958522
319527807 0 -348866686
-174695401 0 95439190
392656859 0 -696954909
664147322 0 -563700045
151271655 0 -806415855
-203394345 0 99421174
-930951893 0 861752996
231478931 0 8665125
-224455423 0 509435131
469705051 0 -321217594
672277448 0 -830781286
-511725811 0 99397845
-533083840 0 -332500237
549666787 0 -805244185
-144324306 0 -995602508
-59430170 0 668964122
-427731429 0 336321074
-153470083 0 251422264
-768132057 0 213774510
-555175928 0 284637782
-337311782 0 777560934
907975198 0 -232229112
872715672 0 202623118
693236094 0 468036333
-561445062 0 -188580125
181677123 0 -443052119
190755667 0 61537725
724112658 0 -967619250
-790732382 0 906610172
-344567384 0 -16399142
