100
-261161481 0 -914392661
-666405901 0 -41566748
66756925 0 -998443149
952300068 0 573223358
309115993 0 -71109795
-437248002 0 -998530659
8869283 0 -747615449
49181126 0 438208683
581940102 0 716960639
77140827 0 -652930885
133126337 0 -222491793
867541743 0 390837222
167016881 0 -843021041
885987203 0 549204943
-371983146 0 -513566021
-276679095 0 -702033537
-826382996 0 -540837539
-697638650 0 596241351
-936064494 0 -794307251
523390994 0 987224184
47934004 0 -737407549
698189591 0 -520149895
-300424568 0 -876099566
633305144 0 -50934390
259123744 0 772133843
-941721270 0 967634757
442321578 0 -25681725
500635854 0 -30675951
-613282881 0 -866829367
-543294827 0 975166976
232891849 0 -572142676
512560401 0 796505614
-737912597 0 655558811
349877389 0 -238076011
-733379027 0 -294877961
-415294200 0 -414944000
267505853 0 -838316250
-567303271 0 382130868
-6364738 0 -657129439
925655452 0 952923675
618545082 0 174837528
720910562 0 493899366
-882148636 0 169152194
-212112795 0 994514259
-909783726 0 -595634336
-17727327 0 -805257862
646673760 0 -930733240
771688448 0 -880815090
-116967599 0 802453266
-962742839 0 216245721
677255706 0 508447119
-300048676 0 163366960
364771270 0 -470773266
239270636 0 279081071
-887725304 0 325830195
-505451736 0 -950201074
-903142234 0 -921284918
845110337 0 -793287436
-475100791 0 -924113232
50528355 0 -813283637
-559592734 0 -14252958
-953727464 0 83039878
-28982930 0 -392301023
296887546 0 -618683864
-617295805 0 -349699531
-853790689 0 -435447542
-951085302 0 -518787344
-916192415 0 715663029
-959756811 0 -467669702
-884433221 0 957579200
-850862155 0 -805233392
878023071 0 -158524451
-320028960 0 772769160
110210989 0 882294762
629603466 0 -985879239
-857372050 0 -550880382
39013956 0 264627071
942525504 0 730589492
729154134 0 652426296
-934842515 0 -222787745
715917828 0 355899487
-794830810 0 175865230
984657776 0 628615603
-924785394 0 -593789264
502755275 0 47546698
-934616630 0 -820499337
850214305 0 -820746294
-901552925 0 -227044989
131049374 0 -997350595
426076817 0 -652017474
508092411 0 788937851
-887341358 0 941657263
-843924128 0 -559297039
-738308086 0 -473810701
434921662 0 953164979
-538225404 0 894420475
-917103614 0 -970285003
589629049 0 -901126666
24211058 0 984165446
-965188915 0 -93361297
