100
547397735 0 -701876985
-994704489 0 -137482041
657756917 0 134137206
902929348 0 848664068
-942595218 0 905496420
-885718358 0 -183102425
-133322590 0 -765735957
40517489 0 137314145
-651698207 0 -755087111
-995622477 0 -437346891
905467861 0 -331241604
119881570 0 -555661137
-489890101 0 554937695
80390905 0 815094490
748619333 0 -552048894
657717002 0 -879614125
-356016724 0 -279642591
-400939310 0 512175391
-358623417 0 913904992
-557862945 0 -256259349
514446649 0 -261799906
754486750 0 -416770966
-302381379 0 -749871285
-434740317 0 -71558454
841353994 0 693245878
-567120361 0 -333303109
30037188 0 -991435749
347894687 0 -870871443
-872560626 0 -251246901
-91130131 0 -767380477
-493019273 0 -819840854
922565681 0 10734320
-345300006 0 26246130
618542661 0 -462648754
179508834 0 580140667
186980805 0 85571204
777251393 0 -341646421
681983735 0 48318862
-433816353 0 -258804232
515101510 0 -937497292
305934090 0 -66296444
-680794625 0 -742307178
-52084254 0 768676848
432924762 0 -336053878
11473500 0 -961132910
-673794461 0 -936084076
856925623 0 -784895770
674359329 0 -589684979
-821174885 0 105238838
-569888786 0 -862614000
-875237287 0 -795963352
213166198 0 712782505
814304946 0 -105921654
651319380 0 743712085
-761717501 0 -939135311
565958770 0 -40561778
303854380 0 537535745
279598121 0 422057549
286224172 0 -225689618
-141236484 0 204378233
-951205844 0 -428544142
-780505456 0 912832326
-880801046 0 403801652
511328028 0 -579434064
-983187775 0 31586992
-955414681 0 -694964376
-636969871 0 729536822
-219051633 0 173294822
-251531111 0 -595494038
-900550062 0 -857923236
368862401 0 119079383
307931626 0 -418157162
-449284194 0 -273460084
924401321 0 653412347
172098378 0 972150737
-775397421 0 -971263229
-13941322 0 -994711754
387295629 0 358390307
-914544835 0 245926508
-821832288 0 375106201
-436271184 0 -546639900
-599817525 0 692247439
410994706 0 793076995
-716837890 0 -631172334
-691573544 0 -911059525
562670005 0 -281290948
-887891584 0 -850177901
-934423623 0 646476096
251246883 0 -41210535
-746698309 0 -293286782
498463414 0 -878889595
22178114 0 -916238922
688045230 0 -966993655
-357215734 0 427757797
876380334 0 -909511360
-440693185 0 -786007182
266359509 0 -262349774
-554722317 0 716696996
-786107126 0 -977804858
-917435914 0 -565520424
