100
-857394336 0 -944755079
-780006622 0 -139547826
-2560270 0 349126587
282599103 0 -11738099
-460221770 0 625520397
36526360 0 -996812076
-811403082 0 -125116484
380912231 0 983338070
-416153287 0 642400465
336292294 0 -651556660
-709948524 0 -990304229
823950984 0 -930807543
-895326122 0 476652135
167931139 0 -735523172
-602284663 0 -311499348
155803907 0 750041103
-644031473 0 810620248
255505914 0 -422409922
222847989 0 -224974279
538337594 0 -732351283
943317675 0 900789232
990474308 0 888154525
-830432149 0 106753732
318891733 0 -57530452
-440750067 0 93823344
651614099 0 -466341684
687607688 0 -353569346
-286713218 0 137859762
-979130909 0 990681817
924456108 0 76130286
147819271 0 794228942
637603096 0 65574630
-860960977 0 -395301294
-493649868 0 -613104100
534839223 0 649849870
-646747821 0 985641131
399644591 0 90675831
332325108 0 -856918581
-1338098 0 341799962
-902596642 0 442375727
-783252259 0 -295767611
-967434651 0 588970326
195291920 0 -916316750
-299778432 0 -804514205
892835631 0 -921818044
886516060 0 145863367
988285376 0 732689136
-995474615 0 318375371
-161756754 0 -554513243
-995357628 0 888444252
-375242193 0 -912901783
-116594034 0 -40156552
-366562176 0 -76138502
-297949919 0 -27949632
186084227 0 599225869
442381239 0 149016100
722891004 0 -461202986
-905664556 0 197536365
747190971 0 667640062
-24194950 0 256618988
-956737573 0 -355736479
956190307 0 -235369299
-184921553 0 254900342
-998299081 0 -784362948
894229505 0 -861881900
864872718 0 583589234
981291577 0 -642471105
-874579463 0 -901661932
895178275 0 871748744
-278275881 0 -231285725
-759908903 0 -349371660
902699266 0 176679543
869600739 0 401089293
-358076076 0 -453577065
-838049155 0 -346022439
288876148 0 851325930
650355138 0 -182176918
988422519 0 726984327
-295099874 0 313055905
-405240774 0 776398000
-455345051 0 -272430174
-931310973 0 -435373165
-919725094 0 322130073
534758567 0 237249241
-254516588 0 503726988
-138589704 0 -953914249
-561439502 0 -792128001
-611707712 0 428029139
-362692713 0 -895620772
-75358370 0 982542617
-19425364 0 370015290
-141882304 0 785637692
-991832789 0 440073381
114779700 0 -952980590
811066743 0 860024729
657072484 0 -147112131
440808320 0 924398472
604559747 0 167101651
677886218 0 -849257357
132311369 0 -823786661
