100
-765834815 0 793761317
-590714711 0 877069467
875088436 0 -731140189
585062563 0 881661413
-43312535 0 178316122
-332128714 0 -301531685
105303357 0 -34868508
-530964546 0 586283855
-239824340 0 -697091034
939764764 0 -594915278
-792023779 0 697168838
-375624278 0 -609724856
24743017 0 -930582057
-357457792 0 -557147042
-768147021 0 812739501
-269428787 0 -696150636
968127272 0 -653487333
476995346 0 -99041518
-30204903 0 -546039770
853528645 0 -137611447
-912944503 0 -110920765
640938629 0 -521378277
589310070 0 489956106
-208162861 0 -47633017
882601892 0 298210615
434033176 0 -522106442
-728072473 0 -688836651
-917616753 0 -484496182
104892466 0 -770658060
-857333591 0 -771735892
-346959058 0 8913010
361578546 0 985083291
-125714377 0 -651768408
-168028563 0 -972987687
-706173331 0 213993190
20325620 0 -165892415
547221124 0 72155675
156668763 0 557726263
-302134622 0 -307459287
399130607 0 -521209534
633993242 0 104033572
271100292 0 -532028612
-211498976 0 910464016
-698013871 0 761988221
-829226053 0 -608475707
-610986170 0 641828288
425361291 0 -296989161
-783745657 0 851250723
-938071812 0 841205062
243692849 0 762007547
-233036701 0 -579879849
592387526 0 36914673
-606484504 0 927929525
-309107533 0 371894727
-586392221 0 -320150453
-769737026 0 193782644
945551083 0 -260927190
466473647 0 545707215
819865990 0 992156472
918812636 0 -705550380
339720360 0 -850587346
-829755339 0 -990675365
171525964 0 -768311788
-709768607 0 -578428967
739414609 0 -821061581
-839532356 0 -725407793
-641405595 0 230672770
38576947 0 241513995
-424692936 0 -666463137
64803217 0 784703052
-69568818 0 626237044
-55679821 0 -862177595
-233409313 0 -204588382
668961507 0 645780131
917412936 0 432910942
96386141 0 -753193470
19121815 0 795841217
-132031597 0 420503924
-580466458 0 765478775
-590238268 0 651060356
-881820083 0 -353599171
558791865 0 -871889844
-766848906 0 456336783
-664444579 0 911632823
-119304787 0 -560173209
-932999782 0 -430879286
-576273611 0 -230256809
349429194 0 -214398602
376547017 0 470354496
-999027535 0 -582101473
220047315 0 -909297369
636347291 0 -692828075
-915252529 0 601357139
-929057090 0 -53939457
-426341828 0 909526659
-774774630 0 -938621697
196925280 0 -397484191
-31207418 0 -340053899
-308366519 0 953870256
880599317 0 -65781809
