100
187164857 900233795 990568533
-125876794 892832559 -940816798
-321878196 394069566 -244480066
-670273914 544753218 376169540
910151452 -861989228 -628283308
352749124 -819374074 741277319
-344455996 -217000212 -944332393
93217857 -174981978 -180151861
94543655 256400293 -888939691
782508726 -969025307 409012375
78915668 -473368237 -475614305
-196157757 650502429 654824934
-295826894 -671013754 396333447
458748050 -962683376 -659610110
529844020 -416969022 -232040015
-194776050 -881483504 638752366
36010811 720785521 409293642
-356904704 144075562 -494432271
-764036205 729198113 -794109745
-45722264 743502796 697564868
-85164513 555207091 -50859942
764639252 659510508 25805880
-923952489 -895745706 727026979
456933707 585946815 -599836689
-876818042 -995438035 -536744500
-782247725 -895688848 -815005967
220726417 746331505 -267536660
5772254 56242244 -617133835
-946318549 -84508408 -552204298
379979894 -931594636 -917598038
-545537306 -727015759 189600663
-407893760 -925152554 127644276
71520965 601539104 -199429070
358796774 -483744949 -791580993
795262548 -113151129 878437294
-232345372 769556091 -92006772
-495406896 567052013 396187038
278365049 -908061156 436293059
-975723440 -444990033 -285083851
153304098 -120674831 -109257293
875287363 -860981575 11471967
411212615 -475024846 491932356
-944323184 958303620 -288478525
588506580 822850337 -567253163
873669116 648320586 436342583
-926918275 591488713 503974529
-704333090 880795899 761566750
943594558 -565276725 104436378
535532703 -683077875 563681341
929172586 163045689 104503132
-497874884 -248253004 -207512324
381322457 -260601331 -843231024
-367721331 756933283 606591191
125346583 843167052 -876354935
-216918481 785513435 -31331856
-591772742 454667792 -586720246
-852606386 -9386531 -999230706
-134269874 -490335921 512087495
-807194030 -929212267 779806340
-658030284 -605645470 -119117500
281680223 -70829367 -889210402
650491630 -587264839 -366719709
-685119432 -143773000 420610459
224027539 -932790896 -686916042
884843849 -566737659 -966511258
-117452765 501126250 -301238134
909057528 979875273 -73927191
127555184 442998341 -82163829
382296969 -473529747 95234421
-421693546 663439943 -358042496
655457059 -867227132 -437698738
-533950642 -647035529 -572929853
797187474 -962035779 305475800
-517302629 706017929 -748176521
785633520 7185184 -788516261
493124546 610057723 142399549
781372113 598980246 -704204718
-636211856 131390998 489106850
680693984 -780098159 897480501
349568572 87307393 -588713488
-816578921 641266143 -816081276
116535635 -994919877 -593387963
990720682 -76544256 2257521
-286131074 128485694 -398478142
-118461470 813289699 -983269104
659139772 447044444 119702935
181663182 -727496196 638216118
-658153864 235222955 -938937921
968223505 -452003293 289677709
-81696265 -407848286 -143382479
-848631178 -803457397 702605299
-361657195 289698630 -510113236
-420439323 -134444653 475820580
-24574500 976394404 -96232395
-203025789 13877547 978690253
-163117902 -79514870 270239658
-744738485 -573025486 461787866
-445888167 -884463501 -665344981
-930593905 -21483390 247868006
-953091752 380250222 -601043502
