100
-257587011 400852223 -220309345
-875500067 -86782621 326270594
-414287853 -977479920 -984533791
-635666918 -708630100 326066280
-615040019 -993541890 -685301992
-760310577 221302942 45160524
-990846996 351043755 -648825880
-918729931 -379977547 911808427
252530998 107120801 -919405596
507878869 -941845365 842486065
-723687678 -673948264 -800191961
406960361 325923321 555231804
960859493 366067883 728918424
513351380 719785622 666127949
348194253 294794544 512925593
24545426 647623906 -531992069
-557090392 577856957 764998850
-552874066 -226824138 448919004
896037692 -640745792 601547102
571680005 667686361 -237169350
637406054 980358561 437069792
-998474984 109851261 980579293
924291998 -514710933 -46338797
-55560603 -74000148 -219612877
-207459903 -464835271 -433518008
-579153644 388720112 -571749092
786726063 787353884 -551016647
710570065 -184988452 -707493007
483909649 763939010 -598879138
873028348 -677200585 -341580483
-869307805 -952145632 -72822075
-103348123 -461598914 -925466229
-283447446 -980479310 -203233427
388810680 22333316 -596815107
-110852358 768518066 -487077694
-100782424 -244575753 515139898
886656694 492113412 341221257
940782781 -45424663 60604786
87232062 -754263606 514425529
255982920 659583506 -729807078
536865281 -194505614 -988256905
-939734511 437784091 853509632
-810496522 751561768 643901702
173199693 -233063296 484052962
-668032263 -988401460 228805554
-925501776 40681896 718680668
860748824 886555594 999546931
-266176057 384472294 9786679
276577934 -508502131 -244453460
-491417672 823140648 -523099400
830491553 -631375402 57935416
228303466 -803147824 883093647
-730817473 219194644 -234446939
-455582328 693985613 879669478
817118578 398425600 -338310496
28356764 -995803253 312328563
51874308 -948872984 7368764
750553153 -930590912 118584332
907447602 -144796680 673155815
-883401886 -822229739 -13869137
-209048250 936953100 -590889252
478452283 148478057 69347643
-967072106 -240058514 -607581475
283804688 928892925 -784774739
77342964 268952337 -479396677
-507907999 488656105 276561822
-78827794 146925572 -960100051
745299094 92788792 -214824512
433849192 857788467 -749609970
-674584980 396584756 813913822
554472325 757985939 -962217053
-858339607 -138322778 -643049795
-952668715 132524190 403103226
291627538 609667032 643011871
-841082559 -775007009 -75243488
-988115948 -172605131 284482595
568491588 -805775844 -952688596
-329431620 -180643070 -507356747
576091358 -975443696 323025447
106692327 -191711939 660348929
285361904 -949189130 45159063
574293377 -896628185 495345442
170958612 233587171 -800089107
-704020047 660300816 -978033346
-522216538 867640410 54861341
-28327015 730443466 -911376208
10627841 411604912 857811332
774102183 -257679009 967935976
366441198 767018351 628626705
-837316680 -629567790 -280387244
-924963615 -580826744 397027008
-629601888 -435380560 -62791619
-890478571 380647990 538015313
-103759320 -245510889 -341899740
-231742264 -27951338 -402718246
-249639156 548206076 -395290229
119210105 409270435 468717290
-903815900 -844028738 -872907380
-954193832 366753811 379687224
-669592091 -416702943 -868035539
