100
-689190423 220983861 913342760
-807787476 31872295 443021122
-815582432 -456178077 894438019
326141220 -885526038 -427240265
390679145 408965343 -859292305
-928486438 685567377 248489199
-45211459 -700556605 17089679
-28845394 -9042916 -609052379
-469176499 481816321 -964805208
-918568308 44843433 355872149
946421875 -860823990 -618550411
-73944348 136923653 -257600168
-505962309 -764495257 -992599761
-755089922 971730204 -706057295
57854469 -629235790 -759164422
386249943 -436591206 -709256225
628165818 933111657 742657757
14190241 78071488 -460558852
746663117 -43937371 -665957621
15302313 912738382 -642704285
-782787173 -868407291 -689585971
-966533730 20812894 -400228426
-97336730 -870786572 -725782910
892562051 -965742705 511121847
510786930 17131553 -420395454
559763853 859699256 573774777
523512617 -295443448 23544171
-928635651 -532058922 -923496213
545996626 -932056228 355980667
239541780 -852894781 499453270
684463117 -431508194 -818680579
232967812 325792156 -907136753
-799667749 -917072053 -879834952
-46848189 193057310 402896254
-352131300 -19871288 709917554
-209125025 -684229905 677685398
270836051 -196169834 -108725606
84482691 972791162 133826022
205157489 -688262996 742173666
-87914597 -51387438 200934073
-855552124 949719662 61283060
-132873796 -405406617 -626209629
-730358045 -246649338 136157037
-966252952 -860759389 -623575611
-989580583 -513123480 -729679179
143873377 -927830818 5864443
586556920 -47074028 925387091
319647371 965721843 -658933589
-157029055 -627759895 -411969880
-992967715 -271045390 126871593
-976546718 138544774 167664007
797000719 -605127388 -916131084
302658802 77449242 -60837673
-705729096 -977653709 270362917
-558715843 413989681 611971231
810689874 644330342 717154202
735357333 -870483275 95984357
868283510 667112231 -52344887
-961716540 537814267 -819101980
608425724 532323507 47908971
-758906679 793824825 -591604006
-231833114 -998767478 -146828349
-350208300 -809605075 398970224
787312643 871503414 -973014946
-461626209 258580581 -632411117
988638819 983801902 -923244217
625854250 -715009893 -408497694
-915545288 1584193 -828419518
-615656584 -227451165 -419846339
-943919953 595694632 698531695
-965545690 -697295876 387650750
-726273929 -120746756 789157489
184267367 -5544548 844912103
-844871040 920326076 -826626023
-428176924 573668296 92327150
513104300 -201864454 -248358887
928484792 -58195278 622071512
-348073312 -94692776 913480432
-120847574 288247814 187345037
-654124758 -842166838 -401721878
338039947 -152045836 -769856834
835369683 858542703 677101328
-660494168 755716197 -931058783
326036869 513893419 -933132027
-939681260 985312365 386737910
890189769 936538597 -432336076
-70950558 -963838617 -228808693
363721625 128657254 395187410
-389931511 535633278 -60850554
-758684945 -17582581 593460220
468115876 -890603753 655311611
80374949 -1762336 -343417264
-893597664 -517799116 -462583416
-333301869 742565007 639179871
728006564 238800541 811623587
381399239 279667071 92874604
-953029806 -975786472 -622157046
-615535974 -437599320 -608927282
-580562904 -81549888 -364822346
-53201831 48958835 72626788
