100
999997304 999976132 722531352
999995107 999982170 169518745
999972891 999976540 952713688
999993563 999971110 685110355
999975695 999998656 -268303225
999984363 999985910 620513241
999989119 999971583 -904296386
999984254 999973568 12812482
999970839 999974417 -918339267
999993144 999977062 927602602
999987674 999972115 476830587
999995143 999995419 -226152227
999995629 999972721 -341581524
999996104 999999655 873496033
999979762 999996215 716214233
999991213 999970578 413219680
999979684 999980067 972052477
999977051 999976649 -962594442
999994267 999978384 -892303995
999997006 999990432 -858340270
999978846 999992706 -633577518
999980485 999998139 -1943057
999994242 999972970 105447087
999997504 999977962 -901878247
999970548 999987184 -849472512
999986360 999986108 -116477132
999976039 999996333 -398841715
999983282 999972559 590630379
999991863 999977395 -870995924
999989537 999996488 -681687920
999984521 999982245 -760617529
999993890 999979122 -357972396
999997459 999995013 -905640281
999974671 999982993 59931656
999980378 999998871 -257176460
999996301 999992296 -373158756
999980815 999988258 -234420447
999999142 999985873 676226311
999995573 999988344 -762585702
999978355 999992726 -628957458
999978297 999981523 -344956176
999977015 999999655 -41191384
999977140 999980373 -909863160
999993130 999998970 -978717187
999981934 999994812 -544825005
999988343 999998820 -790990227
999990415 999981319 -984690930
999991945 999981704 -937215281
999995076 999973187 904775992
999972835 999979831 -865039066
-999981895 -999983369 91527898
-999997863 -999981095 -786490844
-999987019 -999994997 186624305
-999981660 -999982166 462384049
-999988811 -999983819 251198929
-999984034 -999978660 -298323117
-999972399 -999983339 -800007969
-999974193 -999993561 81037409
-999981564 -999984980 -130456090
-999985669 -999971836 326367580
-999987436 -999987265 -858508986
-999972431 -999970876 852999933
-999971501 -999974232 -147391556
-999997027 -999988605 859184651
-999975599 -999979198 59067169
-999977780 -999999712 785173576
-999975587 -999972352 852635182
-999991619 -999985906 327269812
-999972111 -999996886 370394030
-999994055 -999987881 -240263574
-999976433 -999991596 722722341
-999988466 -999981739 130429924
-999996523 -999977711 -825350648
-999992661 -999999123 271407807
-999984648 -999988715 -991299423
-999976453 -999975722 -798408918
-999979320 -999987975 292029218
-999997074 -999987356 315762882
-999986795 -999977898 -752274934
-999983868 -999987895 -609634551
-999972989 -999984045 -246670565
-999990538 -999971126 -678143881
-999997042 -999996140 -430601893
-999988369 -999988375 176961159
-999979179 -999977279 767121803
-999995251 -999978842 -354957956
-999983537 -999992201 625495337
-999985023 -999989647 -567189986
-999987952 -999999366 -942963328
-999976137 -999997922 -611970491
-999984239 -999976375 -488020451
-999981497 -999975152 -382566531
-999981980 -999988481 862702215
-999999858 -999995470 -81885768
-999984963 -999990880 -912621038
-999987841 -999975154 413731083
-999978157 -999985178 907762215
-999999218 -999990548 386073076
-999996946 -999979742 432766057
-999976311 -999970405 -432859218
