100
999991776 -999999334 967640434
999991338 -999993172 -190186773
999990062 -999995602 519679311
999993594 -999999552 -401926815
999997113 -999992848 579378433
999998071 -999999690 -930880408
999994837 -999994533 397702683
999991376 -999992886 382330402
999991617 -999999191 458945774
999998597 -999999677 -942077927
999990880 -999995172 853265252
999995255 -999995818 -925977086
999993986 -999991267 107832700
999998385 -999993054 -874926256
999998241 -999999110 559481120
999993275 -999998505 883544199
999992647 -999994105 646429745
999999986 -999996399 -219269197
999992507 -999997211 101424729
999991252 -999993420 682638034
999991359 -999996920 516458152
999992195 -999995236 -15713039
999993822 -999993088 267829835
999996563 -999997487 -11738708
999999950 -999999951 734979247
999993015 -999992480 -578921796
999999702 -999995304 -160713167
999990599 -999997999 350718080
999997213 -999997477 155085514
999995082 -999990868 -86571727
999990363 -999998550 268633116
999995581 -999993080 -890818686
999994697 -999993599 819292500
999996677 -999994910 -371163094
999996885 -999997591 778716663
999998978 -999996840 -222251264
999997730 -999999109 456346633
999998370 -999999382 -932865079
999991661 -999991039 -316339014
999993920 -999991217 666640900
999991954 -999995090 -426818636
999996743 -999999702 -325217015
999994543 -999995825 795145560
999998677 -999998521 646551970
999994043 -999993644 175513209
999992315 -999990036 138210392
999995136 -999991927 -578047122
999999922 -999994656 829112036
999991580 -999994203 -814553414
999990311 -999991249 341912288
-999994409 999991614 -586839161
-999998258 999991086 241331658
-999990326 999990474 -79301577
-999991543 999997587 123440900
-999991634 999991458 492054755
-999999510 999998280 -939594320
-999993477 999991283 912732015
-999991965 999996332 -578405428
-999991733 999998286 -70676443
-999994438 999999492 -804435723
-999995986 999993176 -407969465
-999990605 999996915 301268787
-999994790 999992644 367977255
-999990581 999993876 -198685767
-999993343 999996292 -963521040
-999999183 999996778 -328611059
-999999530 999997480 435219104
-999992593 999996596 -191935236
-999990014 999996255 -774904180
-999990849 999999035 274990876
-999991155 999995284 -418875326
-999998057 999992927 865521967
-999995502 999992317 238958085
-999993860 999990073 -627754370
-999998377 999993412 117563127
-999991049 999996190 -625517031
-999997359 999992614 -907546063
-999995807 999991048 459227569
-999996674 999993191 196658612
-999992152 999998348 -889839304
-999993501 999996646 338752277
-999994173 999992485 505736361
-999991501 999997989 316141009
-999998201 999997982 -76707930
-999997447 999999323 -682935401
-999991654 999992017 444135414
-999992247 999990101 136036914
-999999133 999999286 871109563
-999999092 999994042 75173818
-999994662 999992872 -248980405
-999999834 999994534 -946202333
-999999150 999995058 366934094
-999997358 999991000 26398900
-999991944 999996013 1638175
-999992544 999993338 -841732165
-999995984 999994692 -619294976
-999998231 999998313 -224478444
-999991485 999993847 819526337
-999994243 999996307 991999518
-999992998 999994636 792359538
