100
999982110 -999986664 -183347253
999991601 -999999175 -530124722
999975963 -999991567 466307188
999972696 -999988507 -362668221
999997697 -999975276 938733865
999991769 -999982056 -423829892
999973857 -999990868 845614831
999979704 -999987802 743243029
999990551 -999972594 -779457843
999979873 -999995580 -642473097
999980378 -999982593 -213693869
999994787 -999990798 27951482
999971542 -999993713 152892996
999979500 -999989534 214055628
999988504 -999974766 -952064911
999995059 -999971826 -290711501
999978381 -999974027 965333253
999972605 -999997130 652530472
999998855 -999978573 536313612
999987226 -999995174 -292339230
999972259 -999970832 -214369251
999992551 -999975436 -236922830
999972562 -999982021 -944089454
999981409 -999998251 -45346162
999978568 -999985155 879201750
999975044 -999980118 -875012368
999982618 -999976640 948384733
999971250 -999993535 382556330
999993944 -999972669 715991146
999986360 -999979195 381219617
999978550 -999986684 -788489558
999970356 -999979836 633623406
999994482 -999974135 924469887
999999001 -999987393 274326063
999982155 -999996847 -859067328
999994057 -999984369 297438345
999991196 -999992679 675883115
999978915 -999983013 818733952
999979629 -999979129 522769586
999996360 -999992521 334736706
999980124 -999988381 961465850
999997341 -999996479 66922512
999973964 -999970873 383113019
999982689 -999984419 -476781423
999984964 -999987184 -312686278
999988376 -999997273 -22297798
999974338 -999987606 198570849
999999652 -999985293 -906789502
999985642 -999972479 519502764
999974228 -999981975 753795633
-999974290 999991095 -941174001
-999998611 999993803 -500559810
-999973851 999971505 425429391
-999991354 999984510 -627643448
-999989947 999983917 -235340087
-999979543 999999819 215484570
-999970309 999991091 566985201
-999983600 999977922 106093330
-999983967 999996651 754225001
-999973068 999974986 976493527
-999991215 999971506 -935277943
-999979434 999982143 -984595546
-999989702 999997249 -950910620
-999999762 999975271 381988683
-999995754 999993245 181897612
-999971599 999985558 468569374
-999994419 999976282 -20586609
-999973464 999994797 976533355
-999988923 999980403 -148063120
-999977706 999990561 -178866894
-999977815 999993286 887370575
-999995807 999982503 672626556
-999999866 999993577 539465614
-999997644 999978514 284434763
-999980752 999973526 756017615
-999972525 999998811 425705819
-999984930 999994630 199142406
-999997115 999997011 -895323693
-999985481 999999256 507928614
-999985596 999990764 -449689893
-999973256 999979082 920705892
-999984712 999997924 -531137770
-999989158 999976702 763385740
-999996633 999997056 -809732352
-999978453 999988244 -377902669
-999974838 999996872 -417488793
-999995931 999992667 473913618
-999997103 999974232 -552967343
-999973978 999971939 -955851787
-999983958 999993305 -864992324
-999981233 999973917 89272383
-999976587 999990299 -879690925
-999994358 999971963 228992362
-999971498 999974908 95772111
-999974821 999985578 -823557481
-999992329 999992147 75139111
-999996222 999996891 -959542370
-999971099 999978758 750330061
-999990908 999976293 959979353
-999977580 999970220 432152967
