2000
89376854 379063415 -944003713
471827852 -789362482 -184369700
917771217 861434859 -951123027
388529816 150284383 863099328
-684844756 709695302 -812548755
-464667377 -991797883 -48791570
-100872644 745870335 301027897
863501557 763500779 -222414774
-778833050 168341796 277632677
-816853769 -167331940 67837035
67362644 156640788 -966367860
-806442564 -267552046 304933951
180659930 -296779330 641618535
-682821480 259150090 -604551650
343771622 -40568263 -552435050
377941662 -993345678 -123998626
-245499675 -845827897 454758191
562459120 814712418 -808818099
-439762601 818303731 -355836652
442383103 33432401 -461170161
-902951304 707613145 223660355
605030157 916222540 953719155
503076840 796185309 727430405
-835229826 -117399056 877060847
59243117 -991301063 -902462259
643701235 414288712 -685298973
367808175 729638380 -115022816
42374961 570400658 948098508
419979755 -368381438 -839170278
-965314934 -893458804 979148788
386367552 875164887 110413618
-960337280 -966304203 540644767
-795669767 -638325007 500526797
-529711147 673917393 -200570395
279087596 -332723908 441684665
890273642 -163038254 -942260154
-307768084 -302213437 -871998128
213521221 -347634413 368575306
-136307019 108090054 -466810707
-928521701 -258447413 531770503
931538468 -446276888 -280287672
933599873 47993202 -490020561
157288917 -942536742 -473285769
222970134 217483848 -918023403
807048199 -389937218 639899807
-78262714 -236857564 191958317
-918481943 -465242636 -942982625
-224980325 887512853 -657317275
-572834955 518730082 -351509864
-738937624 855921492 -302597580
-638200156 -558141724 981102500
-302999583 752143222 -957010106
26848839 -997206161 -871843474
-952660729 563608451 -63887367
-646576911 -943135558 -736673651
116458227 651348661 314420549
-964369608 909110410 482460834
-697187994 -143456036 -713255821
-851057448 -699879134 707587222
-675719823 -872821241 761518240
768944268 -662890344 92009396
-307488658 472976556 344242304
380133996 -610960566 -627271577
927273573 991247306 -28405213
-408813058 -26816949 200353543
-970912980 273095248 -423935561
466441130 -562170628 955837185
483192524 -557690369 780309359
426593604 642092561 -953304775
989668260 -508563243 -919373314
-957084670 -299871070 -427560377
-141067430 359864929 158782497
-869945888 -994495268 569990221
282856726 -328506563 -810957675
-899457855 -272224136 -297294270
-38643818 94033147 889155719
-869984957 152208134 -698769864
437068026 207685049 59928614
-973815973 -931287654 -371872798
558621261 735836180 -35211629
654511682 460916373 -766060330
-894602197 -379101328 375294536
-873022105 -92099138 -719777966
-842763242 190499650 -730099150
-931617554 -833194124 536556978
-707762355 854963089 -159052074
160271261 615514206 -957684535
-631956542 75756439 -256135830
645146340 835755167 -380311064
-258043469 304409143 519809810
-106336353 -447764111 -612947852
381101283 42425758 636652362
-207699102 449455663 37117824
966220936 268714545 432498624
793152555 581071003 -788431452
-870235132 823073919 77767196
-700222875 125984635 597238243
-82890415 184226782 -943215952
-339959693 -575590365 -63095352
-706559742 -900574576 -14654905
557040582 430587793 -211926301
804276685 -235448062 -259452195
495274757 528959203 48030463
-696406168 -856942697 -25525299
387115933 102782603 33819692
784232607 48781981 -889695705
963016842 -537447466 842831165
-515223822 -745980291 336564974
778772459 -853356828 905923148
362868063 114273708 114523452
827742950 4959325 557528522
-793089829 -514916968 287928116
496988404 372304575 -418369415
339198865 571150713 -145440690
-359372002 -206705382 609554756
559839419 -880506076 -979377695
-930324884 556723147 -862551302
401792846 -430539654 -517237798
423008513 -986225060 292357589
-880543587 -905246738 785850397
-40347219 596650409 224079882
-945459466 -488602916 929514570
653321919 -70488067 -696246153
-59199447 533265356 -585014777
434675542 -430758076 336510398
-547037533 -891313336 -763836194
423875205 -510494140 239221345
-731357732 30737347 406305380
384305821 511987869 501109977
-142658018 416073754 -57060869
-34979244 -455070866 -983153558
284821062 -925964508 23008704
174187233 -936310505 -839643622
144169186 504885443 770045734
-964820222 -392679112 -891765417
879419317 681883921 800867007
-67348026 918075823 363450525
-453850216 201164417 -672380087
-770403625 95400173 499725557
50745722 -185366242 149137487
-975116498 -897525340 -709314134
-916710519 904080128 -345343458
-327236046 718319862 477870424
-435616446 -653474198 563714952
-994390521 439950850 571717591
-499494453 -347018164 847722753
-916241669 29005484 -820460216
-584161407 676797238 -768150758
326922686 552305696 -406102013
272448031 -370473728 763701126
-344892726 294734244 -849683461
287757277 318418991 -316106617
943108773 -840392043 981125304
893765958 715322462 885216198
-920850678 262035355 414928895
-976693367 -886872316 -410820535
-223872210 -254992851 -991545012
-879205928 596571522 -375101450
-254377131 315668002 221335226
813583969 -913282325 -551586492
-715816405 -152618772 -319860975
778802456 -945651271 953927089
168453334 -316949789 649804666
-916981656 685309218 525420072
-728193093 874400196 -17268758
199933314 -708144131 -973900203
-410687439 -959681256 436597436
-914451235 -395663944 754699543
771857596 -878998539 215913194
-815204165 771354784 -393325009
-934608711 -941710274 -920271723
-899625786 -937338631 -496492554
542640910 6719270 955219401
134727665 704607747 -711201798
435673272 -171952730 -769852355
970653624 -40521833 -397014477
-340180651 343036934 -653800307
240554332 -975951047 7464817
283432120 -703219201 -552473909
-98855091 806945066 443428992
-115366583 960094156 229010408
-821807303 -445837508 742941042
487071135 838554275 813854313
637413920 437274139 23843766
314557151 821223277 571944449
-995005415 -799756545 -209859802
605121534 810621983 292296753
55797858 -901010401 -982394966
765995893 136498928 473612986
889951048 -322872373 -545053719
652170637 -984998188 266174348
-764033879 824063363 -885542100
-685308748 -101667370 -36318282
561769769 345720163 785592877
587683671 734236359 -683866369
-470913138 895421173 714574243
173754088 684494017 433758199
692472707 -763934147 567728493
757449492 982447254 204797675
48242784 99208772 -873118765
-858049354 -156075924 -970444220
589775666 924699932 874346636
824018225 689314900 -942400965
703414285 -891911608 -130465235
-890060574 118933285 -932264122
-877774112 -146836053 200452446
-619245324 628004719 849735863
-863741767 802974153 157296606
882394261 976140859 425050365
127192441 -187934777 53282916
-183771335 256767454 863651906
667845200 -8408934 -38318948
-975054658 494472720 213099907
220592077 -533845950 -888503624
916791377 -413570705 524194121
327739953 579561441 -987531076
75571603 592288917 479536141
472537774 -714108249 485954185
164804698 448845354 -123092767
825742254 911623131 -730183959
-166235030 325464475 -706374244
-232942511 -96913115 -483713955
508648085 -185054152 -172618415
-317718044 485256815 -892651622
-995018345 -182768966 -95758699
918398396 -201661663 -101051786
160535883 3685951 242254651
924473641 -101790312 954272811
-642363887 -776411396 -95348009
495945528 534520941 685534549
-538158189 99783120 -925008643
-150912569 373653543 895664523
-652202806 -924822413 778506374
-579104663 426299229 -150976882
-698168111 340709232 -875974915
-788484723 -762938202 -973497833
-570294175 142524028 -716323478
896211308 -308329970 -464102044
-683734875 -985024259 483134652
-759954781 -895969832 -974354799
-205983933 -865055192 407567151
-862384534 -557968546 -929796371
140199908 363592516 757649563
486258968 -221458201 -521197116
-513161112 -858551297 700524879
461961056 -781877046 -714407268
-920740307 323869678 -42842757
-624042848 282107531 -376224873
-979613381 -818766613 -67193707
808951268 -980851692 -595971087
141601302 -979562013 842361340
-861029347 -618959295 8025627
-440727129 -202969094 -782934008
-908033704 -477338658 199930696
-940380782 814594997 -887658695
845688940 -272108858 -46881044
-692959312 167634266 -427688173
-896994256 -955735414 -333460091
5825106 -891338097 956057019
-420887734 706829104 -810887042
-252245131 781749993 836762030
-918499734 -659722039 -493080433
-338604953 832785079 -315942500
-968684621 366969605 440989907
-886419201 -816353248 -965435776
902327629 -371587718 36991338
-307931118 -490913124 -84947726
-82988507 770937178 624360531
-423636664 -727801730 465216542
433898510 -892782071 497229095
-369959097 -585676052 -302171379
-549093500 -924980055 428606165
-577701243 -85884893 -219937861
-961799515 263054563 -868052274
-962921217 -955796189 249273680
-691569483 -874392319 39066536
840751158 -18582537 71374348
579581464 -974663823 162421631
-366368679 330602220 -476854632
761325516 470654884 -223135570
-800750633 -981245330 -175654159
674426005 326535993 926981751
537960639 507857414 -479334871
-41585755 75896302 466446921
598328750 -263604755 -830536625
831834726 835980402 -996702381
53274128 -4452629 -165480847
71673958 671393668 -792748526
644656949 326901214 -772942152
-856224548 562566349 -900411096
-571974808 96004778 -979906432
116548349 573268691 -104212532
-996324592 749596846 776990863
-733420688 -696421613 16178362
644711741 -330557962 504926139
462841087 -143773395 569885917
-921785085 677525911 -24203685
959516163 -221771440 107849328
215082641 450636482 294917614
-783774395 -278293716 72493306
924977880 -972699705 -660545259
-480462470 -907484035 -4579835
-507225376 -971944069 11999332
-700256662 -413510247 833266393
5052426 -876305685 634879043
898332662 807659231 -937563068
-265060404 -486616628 640537650
-864502679 -777548726 678091037
887981762 -983917014 593649136
875030634 -592387608 -789735969
654414318 562723810 -388574145
414252100 -585322661 583461963
-30878176 -443336965 -760083800
999512439 284419853 -458938596
356369099 -257067952 87066978
-460557249 868090946 928590730
580066893 531628686 454708264
229054337 -109525494 -924317024
113439282 329507449 -920522145
-358067278 505840745 574883520
-156457993 87195087 387322331
-494614826 471936100 195234516
-664439196 -890693307 79216212
-415823595 -65631843 379021253
920577781 -532443275 -235492927
-985659888 183496336 -199846589
-437145238 -419826885 -110420132
781248304 636039473 366713004
162258544 286301155 -416250375
-19766735 469324560 -456375721
-900161407 -508084309 -880651714
-647667856 250163660 -167950515
-897473144 939207912 -540310876
-607463858 966943538 673145238
53886497 -957243553 831494174
570459595 -973163772 389685188
364042360 -155573796 133795876
-35474368 -39328888 -989613264
-740319061 340600076 835643562
-21124696 375678851 728194919
823829285 -543828172 -782055933
485342588 232213217 -56288673
218614169 -566542030 716573718
-637676877 969229220 -879038843
344210478 -329038608 834251749
-246272959 -326555023 -996800516
147595398 -572996133 -181394593
-852855248 809261595 519198106
-225078413 246024619 -973612051
532612700 -912549069 766126905
-359973931 -384807833 350885240
-400670457 665521652 -76467177
95367819 -973551795 -668354880
-664949797 504187224 -88963172
275559692 888060030 246598351
-514709176 596136361 294237595
700366824 411574638 -325435291
328607827 -628650427 951297134
-754679518 918019736 892372134
795157504 -262790557 -574560000
912540306 970420113 421581392
169652233 -600516047 -978941780
98648737 608224132 -659074689
73158572 -892246889 283726995
-462843385 273662747 987705906
950587134 -272842786 95169590
-590824244 910664644 639814535
451891561 -403376977 9661256
-904903461 742137010 -274423280
-276313810 395418264 532529857
741031550 103367877 -441983879
-986450228 -445834232 930326962
294473670 766783714 479548045
-581650161 499431568 262341864
354837475 -362503107 -479739066
-878676760 -19671635 278893977
-717111281 -746663511 -446403664
-949829124 -722759467 -869126863
696304383 -910198655 -657792555
355537920 -313172267 673591672
850063343 388978736 845758297
-533160917 -694817799 259793525
-250577185 416342668 -411583302
673217837 -362841768 -478464684
356707555 21367378 323806003
-209992348 -646547838 -889663135
729870426 702709290 204890920
-82523430 51799654 -219293554
-199449715 654460857 972827284
490749653 582354057 786386088
-256167673 757912437 54798508
-775467446 -959192300 -300381736
-856237160 103048457 -716253335
-710417354 -832918995 946448380
-189884124 840470584 -89570664
175312966 -223795716 -156582164
-325775380 71331326 553064724
689729574 -433830802 -475838946
-290813769 363626634 526450486
-34353568 -866278445 -348675832
-302220079 615469566 963403958
-88092976 -697492706 515310162
528184914 -512770639 -906988783
-794868199 -86130872 846065318
-92356770 -471132175 -952450127
-111233679 260082246 668890809
-643240078 -959667873 -747584333
-14681641 457824578 -432340137
-302537806 -302042757 422204407
310592325 664187243 693320265
-221710666 280131071 -961136377
383874367 277148958 -390478215
567572714 -613152594 -199545196
-236725444 480444339 -840746260
-685033112 -37509382 431867832
951267961 -905692773 -354972039
998590060 944993988 86016452
399696103 -812676543 -112649269
986817232 -499255187 -924211671
-920577874 -379463046 752810762
56712544 495612132 -516960980
881170298 20234779 782362470
-457861178 -74903794 980863201
-877697665 931584016 157734406
-512796417 -351871975 562804925
-405222045 -306035550 159613220
855421279 -932511687 -533371317
443399753 -543268499 300488850
616947385 947979641 -474195709
-715673698 -369800927 58376789
-977072664 -339643975 704716152
123363080 -389075235 -804385838
-23529252 -539174012 -43861947
-252925346 742561070 -122578453
143689211 369939072 -659722075
-867202714 -209373882 -872816452
-991640065 -301351380 -766062004
886063966 831098892 -16275894
-644756589 46001126 -181245991
-181267467 547700136 -233599383
-57612993 -695201602 -889015369
303727531 -554185921 -706926856
-268660284 -94433012 747646552
662688837 -144106458 -318125397
-133056870 837395378 700541013
-485546843 219076687 -621495457
-986155359 -634368956 -224546025
712902479 -491166783 -372667286
-997442497 -383365538 -773901913
701484384 -584801695 -721442158
-332654824 -882562562 -973044421
236877128 -644175621 505397167
396096463 -568819376 359311975
195168631 -113088242 514384514
-26584623 -860387829 160632083
35395568 -96583908 823423582
-257907727 890173550 -928281232
991125901 235949664 -308040945
673739800 808090921 -449720334
358795796 294891672 -918466736
-923195072 16410183 44959702
607753453 -856660407 -297260176
-80563094 -137213237 16428838
177744776 970437851 -530487962
891429953 -867315131 612160825
-712507576 91676885 -145389114
-903838650 105566742 186015634
397974011 562992682 -710313982
-106442059 -907842500 -518691467
-577752378 -859682926 -342422106
918062837 -462182208 -976737998
208196228 -981627804 -596458648
-738039673 416618504 215426299
-595993176 908620051 805755274
-901510801 -207153983 -774267266
-932807819 -42506687 791848218
-164523323 978736076 -228796731
-901072868 759441893 -996680655
487326828 902979871 -471264093
-784365224 371146883 660411912
-15295471 461092806 -500281877
815756505 -719750457 -682078253
55348255 627587784 153666688
197625915 137399232 -726493725
-983491366 -592370153 -619479790
742607763 -198559274 945583439
-932437505 -442658496 -294567131
861261071 -764085699 -341432777
575523620 -166497301 192090252
177422739 -994233552 -665018172
-990528147 -845004088 596372306
677037110 -900277994 -946626828
181363501 -87430461 654407778
-951101442 -718815201 -883169594
398614967 514929889 152522985
-174502555 -479807356 713024420
-905843652 -30020167 -924726005
-948060795 -628356173 337404362
-991684905 10489076 -780930336
-721584509 -542021181 15374156
-858776453 -945766460 939224019
416684885 745768301 -869617439
320745785 794760650 -871574518
-929727951 492285130 725649135
-951516597 -392020868 175082759
947321125 817092540 -920156200
693583361 -55135509 -515323360
384353388 973931441 -388512437
718882394 -227632489 -841249010
754033389 548811667 968246292
-418205509 10571070 256358251
534988438 -419822788 864122057
-556296497 -958180102 -435189565
418767311 861925920 -999456412
-317821295 137949459 -481662403
-827033558 344035974 393316512
-733555467 -461854628 -928928466
-902989668 -633876853 621991677
505292838 -780719979 218459012
901428179 988422205 350809035
812245814 325126603 553183225
67975551 -260994266 -447596843
-484124297 935052070 -182784168
-963166467 -990340056 208829063
612778388 -699563080 -262611423
-267358750 -512638207 -218963051
-724653597 -931467333 -888792765
-682521249 328400990 -499478386
-999478884 -416295634 917629976
-861117447 -32107601 -171111091
-42958620 672833405 133268059
-966913145 -684957845 -98975635
-449552879 -885862497 169638217
-385099880 -185216323 -248449838
512480792 848328445 -394235358
-783015478 -176856346 -507933211
239049065 610349821 371664363
698342332 -17919624 -986210171
-74921557 -514462266 -723624755
-951844585 -44247648 934697687
-241390823 927419370 454341769
565074381 155267253 58207841
-982557792 -686527214 -57054894
-953371944 842236993 289357390
13763980 -895197899 -312863808
510400236 -718725536 923715814
424465774 888974805 -781575192
373962127 -747770413 -889258045
671198032 811222130 513440977
-179138804 962722066 641280558
-612963503 444928165 790847705
880301450 -983791896 -301808155
662066548 -610050863 155332650
768375642 464580791 -274306259
433285908 855632401 -230171231
233973373 -503135644 -322427820
-573042898 -906403209 -949682711
-33328976 192372232 852789906
374486351 147508062 33958014
-974385563 -873776357 -872132266
-933718032 -405320319 -968288350
523501215 527350067 -616626152
227717142 655374311 487079320
-969243883 432449203 209831697
-992110518 -785225970 -447558820
-215489939 127813650 697094296
823121454 817233254 -57286716
-761716997 246653531 -426672674
-559831030 93800470 -280569184
-911365312 -502231437 992883652
923350355 -654449976 -267633348
-962115067 -964874609 709706435
648627959 299361371 -563976000
-120656660 491822064 -86862242
-182802688 -435985639 800644916
-629169024 -980744096 20298256
825765083 859547269 509986074
357076422 -581970450 943043247
342455116 194979434 -72130024
108777054 917203693 -673032173
555092384 840785889 -75874854
-316625393 -134699119 -420066405
854131777 -474001585 -789997457
643100431 67221786 -556087318
-585964453 315954418 915894686
-770154148 -253144463 452310504
570746756 -976895601 624656323
310982348 730146140 256241386
741270279 489470223 390703679
-285970918 755154408 618521858
388990166 -400712406 63736765
328339304 981957737 -761359693
-280757331 -980908654 77039701
-671337298 128625047 871767443
186566059 -891480547 365237974
-725047555 276128848 471021592
-112840923 239531737 429408993
161347453 400737495 59466102
-721548352 -267804047 229649541
-176321830 447018878 913291824
665739076 -501693821 163222829
-712853513 864507617 -923151830
343829854 -374720709 703535834
-448971622 -120570525 -665724305
491864699 -871834443 -490957289
-690025921 708470219 -73001926
-159502553 611434179 276413492
132895119 -382176506 -221148556
121644885 877432793 176031077
561599116 -865818113 -134755841
-32055043 196446565 615817439
-958739906 28866590 -203831873
-949860935 -863677022 11600323
-603523488 970133142 -752519525
695835608 -479885093 266860938
-284922206 181872963 -916771875
426409919 385465030 382081543
-559539005 -485687963 434585043
485495409 -320691511 370571770
592501072 871363210 540371940
666017452 -320016367 -861769198
-612794218 -418526893 67509288
-117989987 -747699354 603198850
-802573991 -960760228 -719620348
-282869241 684371623 -776288246
-467006349 -719620070 -673092221
791624561 64977325 461131837
-861062078 681967060 -69744103
-138017423 -644342895 849023069
461485513 45865109 649322762
733390131 -155509114 699143290
-484320575 -2427286 455563815
-197770114 -857531956 895280780
-984740984 46635760 -599714351
-973747154 -875226307 -933834602
-735385196 -924170702 -17373706
818452882 271848670 -93211463
-820990130 -969946635 774682233
623041393 -443814656 -553742577
61635623 -620702233 433810203
-143313519 451694389 920415569
930528976 -752999379 -570693976
9338531 -965639111 566941783
635575474 661044748 -984486589
508013966 838744438 -392009977
898224057 -734600085 846290212
768039639 -917828024 69911497
337598340 509541918 -640042442
-809425085 67840373 -851433903
316760268 -178386528 499287355
-378274296 836395906 47637302
-827227325 848757331 609591588
913319665 263760208 -480510997
988886726 717575892 832985667
-238538188 -891227285 398196868
-900997900 -453747384 596584290
908563693 -344367793 -527330602
-279927810 -99195822 -750427893
-891535567 52405817 516209766
-666597429 -999685466 903349906
601064661 -782807831 -659868932
217208301 340346665 -570636621
269287280 -501210565 769477814
800516808 -763088611 -318510319
-352080872 689861424 -703098931
872635110 -949070584 790482042
960286701 272620961 54060094
-931336729 471066899 866939796
110577273 499466195 -270913809
733620251 307009742 -679270538
594703332 -106126887 541536349
-792554707 881321372 727667785
-376992066 383144577 -799640961
521260415 493464526 -192379786
219890280 -393875364 -621987340
-752506342 -548823504 -98971405
29404476 -887357400 -904937584
-762303724 819512458 97530667
64144132 50493685 539767136
-899027478 -252348724 595212296
562437583 -976184994 -951008826
-561657472 3891860 -824725604
-939235788 958072987 4423732
-987911911 79687669 911314609
-358250753 -629559418 -61179518
157921981 -47874077 580355541
-490490817 864952151 -964029793
-407286704 701828947 -548147836
-612017714 -517322160 -167695869
502705135 608574002 660084329
-441764903 -582327674 426439344
-966261937 -335771991 -564614886
-606106623 -166711434 -124788575
235812201 -90229179 578442999
792021754 972484136 314988588
-110701426 -705327367 -980006864
955149626 519390737 -659845044
318407656 902568114 583661132
260498910 -151678741 -403715359
810820330 50605857 -275393597
456622719 -467224499 517897225
-401122755 536728164 -364175014
-106043438 -183187809 168104986
-894427630 459452643 -858526451
-584049006 485914414 623200109
768893925 -256396011 471092673
358948368 291328299 388250323
882384200 779064684 900390866
-11117745 -352173112 -440472819
649269408 549772883 376487275
798710466 -954214657 73304656
-620500279 343765050 -892390092
752441534 -757763814 -428964639
-245145075 307934165 754122643
725250052 -943637914 679667143
-416607362 -108824010 433908663
-929411054 -158146500 -536324175
-186024340 296599405 -727904233
-577313429 133622062 -905564533
226318713 -272909799 -830265400
805655786 791416485 -136987539
708543421 -963386702 -368679554
-299538758 404442865 -977168679
36859937 -429004437 -967399171
-370884933 -728820686 -113027379
-607994043 350826527 -779794306
149882495 -138517940 -389456951
-908218803 518189468 -29012016
909518109 -361952256 -93988695
-842802331 -86300510 -526620691
-901854401 -506599832 -146830317
-409972575 -877819638 -363708033
-377427825 363016601 17567421
232156424 560694698 -114529213
574489514 -754264637 -136122082
-727871147 809287784 807770191
-726446611 585114444 692713579
-948389450 -868795408 887288553
280237697 -449787357 650562491
-954435560 247001363 -372488634
-874680013 -175315520 -856111400
425994773 248491899 949008916
308396094 -345087394 512024645
381418647 -115092444 985451171
-826913800 661180815 849556587
-88090482 -55258951 -444440292
-564420703 574601909 -738043651
548120849 -707283546 732483826
-388969480 -735245108 -514305954
-712479703 921789168 -196391157
52201631 617584474 839181325
-926095434 -176712362 -743166224
221367492 61598698 43374869
501171032 480041419 -777855678
-968535028 -228789502 -637372908
686543834 -810297983 -556233042
-568314729 -12254768 873396360
-955895483 -945212473 -874583948
-406192289 685786579 -554847359
-96060435 552551800 486778593
537656933 690116029 -946606736
640487354 297644612 -913140237
-873222373 -449417472 -855569308
626871600 471504738 927866577
-293977241 -281111179 -129658109
-153276171 -835918756 191987097
894903679 -743826151 234777925
-307846352 -800607890 497936556
-162358106 861150293 243516466
-149383474 -362864234 776780327
-655548925 -318504157 -340860247
116431716 -141136200 74296387
-568522772 -431895233 884154387
-1303023 -992629704 166241529
-611103480 -564099983 974360243
780065620 775764115 -633266822
70530778 -804574075 -788278647
359602011 -263157873 827728307
163144955 31208298 -689443938
-568525696 139969733 -393593598
246253442 -113365818 -209347053
91487504 -500919252 -62485375
-187670687 -975755702 -225594946
788907826 -921874630 -103002239
580045397 -472511953 283587791
-961610158 535837330 770375530
-952380480 116205935 -79585427
827645147 167876072 -448251642
-974443010 -979544265 386605972
-617124765 -203372292 430072902
413176085 701308568 -608104882
-347675559 740239777 810633649
1939728 -153793540 -146460799
-433361507 -928225395 -967385254
899107525 137069996 -270914150
124951112 -527138022 669369492
-110598577 -185668197 447073461
512676820 256587616 -372885670
-555925562 569127492 359327131
420402738 769443807 -943944966
-948478076 553034913 -170764407
-989077077 -436372494 -978829641
-881792617 -529516899 518498136
94013939 -367251021 -728683969
569092524 751375111 926649659
-809925905 563292631 481837788
379502372 -950910273 392146681
-218226380 376409016 -656281602
988314288 838916089 290480698
-966979880 114183526 237330069
844365521 314965747 884993868
-819072380 461081815 -495769885
-150465234 -770420803 -631953235
935431656 -182217781 758524839
-865953823 206547776 589902160
-753768547 138516994 528859442
656341330 650365110 132461864
-12938696 -458331656 900086251
-968775027 255327728 -622992739
-23544395 65177880 556388924
-471625659 -924394150 -887940274
-394401651 -8926960 897201285
321852431 -9487666 -526254951
419771114 743339369 -96022786
-992144062 898318270 -874183992
-926857468 -122448185 115262812
-116790918 -18175349 41712067
623013003 -333976922 538088927
-416063613 723823757 379877835
88326514 -174192728 430418080
-993346671 -813490297 346752767
-581109410 408649265 234489014
661750781 -799449384 26617268
999887446 280298582 -159449659
-828387858 -132321476 617572597
899846522 -180401680 679492481
-542089615 967437418 -353283506
563025060 185468424 813015857
546216397 539160299 -856786669
628077987 415880482 984736044
186945735 601127807 -37039499
-55580241 -957446034 5431320
-373793313 -886510922 -85752303
511987677 -537342401 335401669
-764627215 617149849 -705439675
221731706 -916119665 469919876
-316486572 314741708 -885924137
230397726 67416759 913840728
676491578 765616795 -104432795
439970486 -779119025 -5578776
695843072 735219687 795592674
859964528 -167459816 830737455
-450859595 -903563155 759037213
748011444 638388864 82326570
-892562410 -555708626 -467243443
313980352 733208849 468327759
168980436 421314797 -8570157
-906879305 -746622340 98396719
-167578307 324973010 -976580589
-88331256 269320454 775453002
-667683525 356840909 -138921274
79242861 400870356 -150428684
149862864 310234280 -685092405
-884431996 -293009552 457124911
-832249419 -116081061 883799384
-896799066 -529788393 -749820533
-844313469 49053644 62048753
-807716456 760354281 815650798
-435509547 -299522808 -962861823
-269973718 -676098875 412083178
-758616629 -423794497 -694874420
589049099 -490624418 -795179795
199987020 -236359144 650380190
-975661474 -661759711 269737348
940716872 -200795100 291832306
668146532 -974677982 560274206
204475861 -234130008 -366597568
-196807951 -613523632 -375827344
482180485 600551718 -738756094
-686323456 -833419004 -499174908
277863764 -753646791 -545246841
889187336 -859043655 -327826960
-148705281 769551899 58145898
546682267 -76094321 -558472555
660459085 -761757140 237823895
-522241969 -204412376 -174901277
-415881136 812856118 -461203336
-991396499 -774568574 784747190
-829417575 -906611973 906643624
343180834 -268075405 -502383830
686608899 548585550 697732693
609345481 -807954581 -333558509
903261388 -934541371 191537813
703780635 -216036028 913118847
-503246528 -2563699 -48218220
989530805 -40426144 -914459466
937542001 745376039 -884399714
605126194 602650085 -871496638
-593921705 720183952 -218352180
-827474936 -54196796 979273451
-855881337 195807250 -968874263
213701708 127758675 -255441980
-743184901 186793403 63978357
-724382337 -640477065 -399911208
-728314338 -295877470 403225594
261131685 -375869780 -513130739
154207719 -661544336 -932005169
411788341 -997523766 84634965
510941457 -9616811 430613888
-634557471 507228812 51224822
801695617 622081207 -448298025
-53610492 -397304478 904092944
559771089 -797032456 -751674549
-660818801 951455565 -251755051
-925970035 258300207 -767196774
214867439 -193238030 -677304144
64925727 818106839 -420477531
401581776 -687331740 593594639
-759468682 -727142657 456130227
645988108 853462250 -168730582
993060691 -882363987 -309355884
-623787947 -57050690 -639147153
-936366952 186766416 406015219
-921945858 879272457 645353747
-735669417 542081719 -256193505
-791407484 868210861 -108648034
293432096 962940306 -875401758
-518198045 880943806 406163765
703398490 -837199667 -923334753
-894714775 615274208 -996632628
960398768 -663211360 606806769
637645880 144945917 -445760420
782252885 117193458 -641048189
-760691603 -921488251 -108431581
374247999 -507086169 684362304
-251160172 -875292251 526400375
-775259087 -87843536 -443955505
194815895 114348324 -906408633
839567115 300084974 392514467
610572981 17263375 648343421
-850009850 72396141 316216100
-360967179 190343176 289315167
326630760 -588806383 -603598008
-203859841 665020732 -627083175
-944441545 -610850785 -330078
81895076 603176811 -310285710
-771883170 610122024 771656428
-222365030 -116188453 -957407584
275656414 -727145982 -560067407
-949690566 733596708 881339910
-333191347 -562796536 -255850271
-909982272 -939534023 -762765896
-741953235 -290386220 933557843
204616401 -352237306 -161422779
365877324 394006739 -920738777
979937394 -986286051 -495563736
-435758350 212572214 31476518
573065726 -555906500 -855182461
66297534 895942745 695168562
-439419761 250489988 973049221
909696073 552506406 17205660
105696991 -128253980 114687546
-334044511 -279337966 155757815
-663906409 -670576108 -880938981
769497098 201554765 701740494
-29381376 901051789 995483577
214505284 993691384 -560313951
-284649927 -443812596 -229954879
241087138 -413472527 585844332
76182059 -55777444 -920270909
-563906343 879349161 -218294264
311734001 586002786 966360347
-327126734 410768139 864581565
-844242499 56826870 -754124866
-723132233 516151743 -617551327
-220035370 586575056 529731747
983635372 -649510730 678468255
348894719 988369396 -467860812
-717833806 -621603700 473458196
-29263688 -75597068 522810330
-271479943 210829787 683912736
-641853970 -465205075 39803274
36579241 646100100 315174411
588229379 -966692088 76921455
563222718 -120565840 163303552
268722607 -539865364 -923298359
-575099858 -983849155 -698483207
-31892515 -709423519 524665424
-193195698 681120480 -707402594
-975023547 -983170233 492855663
277631024 369479460 767900257
632184997 -836771057 -810854470
-762019316 168448436 958639797
-78689755 262731226 -562316758
-526658463 458499634 971821461
-195180591 -586493769 928586378
-530174406 -141926573 880609021
76907350 -353556037 -571627522
-202514255 -943864350 -911418279
-966259873 -99755647 115941588
-916828495 189159248 -231064735
887721682 26919361 -692124510
438239512 -504895105 -520979161
-560130678 973453126 -953003010
291690567 -901396788 391924762
-754653458 732199530 -292352803
-485954449 -643926197 -594536734
209890418 -63610933 188908581
-377775278 492559344 519723065
-677931122 346282334 -673822597
311949985 -631511961 482103987
-697519136 -397324932 778053046
-923322764 950695584 981899464
673896843 -869717621 -200475460
872574580 -861818619 -188189333
-119041517 -85343512 103099011
-526385589 -165092202 447747571
-735187386 -943026945 -989765288
887407663 152487462 363724118
-558040564 -756954729 622358217
407345513 1164506 767321192
493780190 -594950983 914476874
-9047547 -112782032 -203501893
924822372 -821567029 -907925663
922723163 -166356899 534926233
800168424 -320763759 -648814055
-509010570 357963883 -125773167
-341002059 -70819617 -58105162
-905439229 956949770 -29126228
-166113301 -709524911 -743201737
-611628370 511593898 718173662
-773847959 -480263079 422062089
-305893584 -811544523 -302044590
940394318 165494051 554997880
-404729954 176524882 44507988
710562946 -103571604 -224837513
-313030970 -516115353 -931487827
554836947 74218683 265187772
-938412775 555593347 -897198216
-855278214 148601070 -908355524
204041342 -716459009 16918234
-431352730 -545770293 -400330778
-43677906 895195906 643091586
547920076 -954891909 11819916
395565339 -256131654 -75198196
-40525994 -322250632 -9861463
-630142941 -805137780 -981419452
799944092 -850166753 -454270936
163022877 -28234147 -922705239
305652011 92480693 -883002675
-745606254 289959356 679972400
-281575381 -523921321 -620894054
800882452 625383142 -758033072
184238128 87464628 -626249351
-995749979 -920669753 848014453
-359457178 600257956 798391732
-819048400 806927170 -882617813
-755082474 399310302 -807117390
-894917850 -351085156 -669020695
153265945 334093516 17562577
-580613888 780033275 -963343841
954775852 873638017 -122496337
51293073 -278459460 -927446480
-858226755 927019930 -498413454
644442725 -896296533 939347433
-18533915 61565527 -504596926
91666056 -98516555 -735638876
160178718 439230263 40696636
-894528478 -263205891 901247553
354143406 -115736745 -859501698
309236162 510788551 400625509
-632136595 681600726 -393246903
842817590 388675644 98791139
474533231 -105689567 421999973
-177447947 834904709 197698491
-477347131 872208208 492433247
933903831 675168779 -866103935
-795738005 -516812631 -441623652
-986320795 -247376298 -366936506
651455753 126012500 548607648
333160486 -661108041 627000853
-986952908 -857572892 -933773129
-921103946 419371355 -859876007
-434682471 -999619135 -344252714
-961902128 293557787 66907134
875211270 453572102 663921975
606424619 -494464509 -292021339
986549532 59672464 539133817
856616893 -909613209 77769591
746168996 -278305064 724097058
700291398 511541601 116763323
-852884635 121896311 498203957
186973387 -856544919 414968027
-955299820 10194898 -182886028
879018669 667184787 113009330
454834247 744538419 -480635045
220843786 -949394699 544306864
-236178180 119686527 458947725
785256284 -873974092 389257607
-229912711 -864919859 -5490671
-666603779 51475283 -623075821
513755606 271562106 -186454687
-957764772 -306335429 430787016
-48606622 -717290720 440738230
-955248368 -998708978 -374201517
-136723477 -566521034 807724270
-404977148 993512132 331493659
55072287 -379307966 -668674261
954338270 -936326594 -373835905
557856776 -496292010 -325125520
944003809 -292151202 457227562
-184976285 -954123831 646716312
873291801 -520707974 -983106293
-431333438 -834404347 892287202
-553110101 -118171434 789844298
-834654634 -601161449 849291381
565384418 -299141859 -690332799
-825984790 -938078568 840315183
-342789578 -53982454 785709913
86234552 290997656 -861895037
-862122927 347103435 -371739051
-711502748 183558189 -951801265
878316573 653546180 -987943295
461143480 -976049486 -292143847
-890014938 94190653 960857104
681499016 -858682558 -700811766
423787629 -108870682 966656319
686296278 -814576906 850179557
-242373800 -181716965 908876143
-100943660 -199028569 -958686444
-456959840 37663545 -320812762
207106103 -978496302 270989875
245662023 -975038925 -389368503
-146368123 -156883577 660731434
117438598 -808122140 409512940
-454269289 -923229036 556558810
-854353300 -368587921 -159161122
63651631 -618597289 963075154
865304811 -824999199 600256733
-469287772 -742686474 -542020074
408705620 996557721 -576920047
-463187251 -203719932 -4147091
945963149 700654802 -124010473
-988595192 679043209 869155180
-817307838 458055990 243520903
145882808 -917574520 -987774979
-793500891 944242898 548147194
-430371747 -976254684 -370629553
-44688236 350097790 706912221
887873168 -23169079 -343704818
-237497369 781723341 -245238015
-198241508 -699473383 -373101361
234477323 -899053176 -571846630
-172432864 -959925133 -881629978
331403484 665626563 -204024385
147051624 -380555156 -522500978
933463077 700361822 290572337
-672133187 -309068452 -127705798
-406310306 895983665 -407510690
-977137018 738618995 -215611844
-762327918 -147950969 379335367
-824741271 -415232881 532877685
-585895182 687291429 -316153933
-670814451 427178122 -855821291
-602378787 92728109 436592289
814426086 621379186 -435206982
-561840839 -647915237 566789822
899389247 -617551219 -361375156
-36961313 354385971 -395795427
999519356 -624683330 -781021475
363247949 367702907 657778722
-616457205 -40559490 -350094988
-986915937 -875079878 7087597
-541118806 588340842 -105690577
-121646189 -60234039 -438177644
-523822480 942667606 -880717384
-140430419 -520941985 -61148478
891909675 -660555719 -48319278
31500946 -465929400 51362352
-884641349 -878811637 -301594338
934680516 370495030 -664077408
5550440 -175797260 632857605
-585851977 -910544973 -871082124
-316642843 984027156 -173725478
87091087 781359873 -82209172
-548022197 987001987 154950938
662973586 -968358367 422010960
-622231137 566640167 320571245
-33258712 590875498 -134236070
869325848 -868100305 721739851
-569291776 -895329182 -926098128
767181974 802502710 -305912909
-931069268 959699865 290862496
939302643 -42398185 -536990910
-910937500 -45344466 -977851018
-958107280 719650511 -10621708
1181327 -195050709 619345359
589124102 -861338213 987794761
-586254642 -126373039 928515517
-290742966 -704294630 -639476292
691098672 -115725400 -386053303
757859933 382965591 157125329
900157584 741155308 906991425
550451663 676066472 559975486
-418648194 -811295007 210150989
-902278353 52267312 -730329203
-755924771 791776173 -126914296
331663313 -950805848 -351298661
161304440 232706945 -949510873
190577728 -387684971 -869141628
280359757 273658982 -572808474
-640816120 -976314806 256923705
874158033 -723801708 462726734
-871342075 -189118478 -161939774
52437281 7960312 342520436
461015503 -247653211 -942501336
-83903151 855332375 402763952
-862359405 675061861 601415892
922018019 441686048 -863472640
-895691802 -141205407 848981897
-686308450 445890098 340742033
-695555771 -470116026 -976993902
-603393737 -769043456 717104974
211007392 193079830 71513170
-947870910 421806188 751840664
166013910 -856558198 398204406
-638381007 -42954363 -918663342
-617752710 213260007 634891922
338554678 -43118098 951102664
-854282310 143809384 -963381785
-799368401 555696869 473459267
-295849421 -750295517 -951110492
-821608286 707923916 -955247905
-404317198 976146345 45935061
213889619 674980382 325844934
890759203 935702907 901420066
-951373325 -852953649 487962885
-378537739 8879696 850239442
-903093735 -361590605 -553437707
587365912 -620314974 -215317012
-944192348 -907801819 -647067099
-627639207 615635383 -190704278
943554009 416203099 880234835
-646201525 815422027 -193043111
-809541843 325238999 -867508363
901274069 106007982 437819595
-811260009 -365841277 -195636769
-38941914 544575584 -505423530
-929011582 -66539153 993130575
-614692874 22844662 742840327
623871324 943194372 439496164
932088610 394319480 -185340356
832688141 -362596733 -566744857
-789992813 582530384 355633722
-628037863 717463728 -229199420
-883404538 285315584 -973209257
-772648215 -509668570 400687143
-270324029 379570912 625717567
311782623 34649277 -33018487
-159300972 -288379999 -60472075
-490913790 831382079 -347056834
-63028793 -52026116 -567710332
794783852 -885054730 564993564
-776277661 615601687 351254556
-337371712 -960310228 -951317825
-863725339 95319149 974071705
-660628217 -932007615 190737861
421775406 -108856667 -915268105
-833625389 -857651561 -435898633
-838724763 365177109 -577770315
724229258 203853702 139422401
-981179056 544683163 -960286625
260856870 613020837 -601480317
330917026 -388244830 117165502
-706356149 339238466 -847411354
946772266 918334042 -965400728
-149426512 -265540518 -686473752
426619530 -621199182 -315776687
-958717800 -915518577 -436234008
-430511323 180579971 55920994
-14452628 514737497 227839102
408001586 851025972 -555225207
657368789 -706640470 805168543
-433901083 691809147 -651520636
940077540 755294129 -634060446
337060559 506238362 482089267
61652682 87866915 -138044183
306846386 442756540 -510692718
-213379177 -935298731 -14580740
-872629731 -948461083 884064198
700660367 -957110196 214791587
-369761506 428629965 -275250154
-582519426 865395706 -881186614
-252450593 -641563344 -274284986
-647372459 340768317 -902096644
-315824278 -876723355 594192280
630728387 458883067 -571693398
-591807369 371390420 -358873397
-969548553 -628750185 -752813879
153238259 -668589752 36535568
854781474 652301111 -540489452
-486286230 -2441954 91281388
-901696129 753657394 -264186714
317707146 -286152305 220189932
42495774 -945748962 -248314737
122248284 -157083516 460220906
-24985211 293315166 28700366
350189872 -952464536 -316215846
-658050442 -87386700 63357788
-520887465 431927785 -422730713
-315282368 -482427390 689221468
486254646 89093041 155334300
-958822813 587093565 828815620
-714793059 923593634 -948759736
50527925 -93456698 871445421
90192370 -945848660 364744691
871954909 -179481893 694923970
541500871 150382154 246689591
-397843393 861416542 378629250
-392898035 406596804 859774602
-187569560 -666373421 31393827
-260994513 -369668702 147061340
-86319727 -540001227 800080471
-383277565 -756747442 -856060494
-592144604 973620506 -49927837
-330247044 -536397724 -629441666
269798912 -629043177 181946823
175543884 -185334552 -352159627
-564824517 658045440 307618419
310842832 -937005200 -55155887
856191442 839097485 331191582
855959131 -947980949 335620743
-6676159 -642477201 134268093
-213866651 -831840265 330140240
596570756 999949952 -920877350
-456496300 608490332 -653704763
878639889 329914471 836358410
-985612037 -65112133 -785375211
219577387 -31112730 -204316874
-467714971 447698718 -424571454
-898975153 -105106929 81556647
27614151 -882396663 447572345
732786783 622086541 372842362
-861205259 -363869290 -970710381
-844727978 -573145424 569004833
135141109 90903165 932065008
213086109 616524702 -10358810
709761049 -363515384 676602595
-741111486 363378988 -891447078
-215234744 -656135916 336024151
-35818896 -703473821 -768101989
-103703434 -834947236 107188439
-874723954 -292498159 617623874
-704276367 -912026354 104848427
172557189 276694682 372468144
-845931937 479317830 916671833
-422915228 -949425210 -457577931
-882978381 -876009161 361711365
-935334166 -201826181 414264063
-307800987 131410532 796649436
378866280 -946103429 504612503
-657217269 317588136 557135624
785005224 -918264045 840714609
-690692723 -185153971 397322844
-983283684 -586735602 965115721
-295556944 416979773 238708559
-775103077 648531494 163433384
-521109646 -377376389 847592711
-845303308 -550516371 393309571
-49750845 -494502475 -675695071
-541068828 131155007 669792417
-879503491 478642003 -271028513
646882138 6844344 -799536517
821709492 735276637 -949488912
-611949099 -620985859 370948279
-435822162 38884412 -70086576
-425940239 533654263 -650652446
87952367 -813661984 -908491315
303404302 47288694 377168034
703665650 364719856 -21112218
43412665 -755674835 471712512
-554694335 435027712 -277511041
-374521815 -850159288 -879631653
-355410070 -864132266 196080836
319912984 -635022410 105570353
81902720 -308127514 372333960
-74016486 -124878481 -260170413
409797502 661205314 929418213
-234723630 331831047 915508619
578895675 -496140475 -223019527
-319318636 -657065618 71290870
781889319 -47993328 -554605371
381955564 -226965786 -687534705
-271602506 -653155409 -514469795
-79168323 499599464 -315603256
-869059301 -609976124 -663791086
-368253414 239276510 310691374
-817511840 443016511 831158593
-692062210 -665267156 -288700437
-70610495 161613061 905830556
-566782274 14099364 -871067369
-397453037 113962224 435606887
-380013263 336423346 660951297
-341286139 943596299 -305416181
278650786 21122076 -721002428
790772093 -189919750 293616006
-168800181 404545949 400696692
738754945 166606555 542099498
-278462490 -845936157 -691918396
-498314690 427333106 -13361655
56014438 -453428162 173138963
-45487706 -426330999 741126217
-288914355 643194310 238413313
145563215 -132130021 -777554631
-530717584 -623549589 383775991
450180502 -424840783 275471792
-694300471 452112138 -619047294
-849109605 181620369 771253119
840780071 -945747060 -547310042
604956261 -143216604 973859590
4256064 -741323401 146278912
-753950054 542426215 -520576165
649856247 580537794 180986938
417900570 703991793 -222757531
945730473 -974713659 -244624850
530211781 -792822161 -498652070
-330571162 -765996541 -525458504
796394156 864583875 -975358510
-333565661 -461368986 72431342
857336081 -336528697 829751833
-196816044 -646196398 927054710
-32771275 -389973905 -780750728
-963051526 -797449373 120665930
147595534 -789763890 -508736486
-188950346 832249909 -211753597
993135776 -516054240 -415853302
-194624127 -431301773 316972799
103990411 623199277 -695615628
-885457866 836871971 -367257477
12828273 745163780 119513171
581076949 744368907 -238453946
-585514920 393685129 -939041394
629957544 -203569302 -277400625
-326506525 -13584915 -249286006
967750639 -909603521 287260256
368374693 984947696 -583830122
-170166120 21804701 252533984
-476836449 -237041766 -760407456
-852935259 173074198 752824596
964629877 -911330318 -313458945
-442030791 50465281 -947814926
574560314 -872115020 -686246062
884089712 125088925 -831781035
477801872 737174936 -790729004
647773847 734822565 668620765
-109227094 469053198 -183847823
-292231553 -973026777 -975699562
-377069533 -945229717 510705041
476286429 -939059367 736396539
-555547036 -59833000 718471950
-162680407 957698256 719601178
-389899696 -516785280 -384857446
864537317 -733421992 567152369
381948427 31321151 885723447
834531645 236387878 471370955
-450508373 -300609341 -916167381
-709651345 -877004268 522243235
274829695 -263565555 232919284
137154465 910206335 -4749550
-398826031 288046137 887511928
-644642222 -422765630 296042924
-112935291 -432443512 -495913599
-107959957 238526595 -338151865
-990706116 -750857931 -128689519
-435215284 -943639581 890361789
429042896 856427656 -343707345
-964241360 -199072757 653296481
169298052 674109096 985557792
885870496 687473543 128045547
-95769443 -1803866 273841582
117716716 -915116836 49237406
-578919667 888528603 166911197
-511939353 -933895943 325263972
-844514868 95579084 -28622417
344072960 107468140 -758634444
231398526 -991734811 737215049
-588728064 -640990913 98447255
-971377618 -204601504 623748402
-683181439 -274440151 -780323923
-182727584 116710383 21084412
711485384 613426252 449580010
-66733245 -916229572 -789302484
-688470553 -590623786 112011
-863235945 -535819768 24486509
-228185333 861197214 -825316
640010440 -83342458 249960896
-143134618 -214853307 980771554
-419638940 410497077 980722555
408798490 -562957039 -75522634
-723927559 844796372 203226162
753007945 650233673 -226518014
82380205 -946253993 644001019
-935568815 -921871923 -202120927
578537589 -855323515 929238097
-231710059 -791800630 707931662
-534628302 -252147768 -527155805
823917688 -890022645 -217346398
471809779 853116346 619815233
-355226646 262535410 -764016801
208792549 533826425 -990883545
756433822 692296969 -316350870
277720454 -309547963 20015152
-991189560 -906868751 -492183606
-660056107 36207027 539854274
-886657088 -943893237 404580509
797978666 -838379901 646363126
-44576357 -742327401 937492567
564412812 944369645 -134109222
-687496027 -23862164 844114725
34240288 -7043776 -999275320
-698264771 565353069 -403086936
-225622964 -228300181 15838417
156324967 613982240 574047908
-351948213 -616544029 141867143
-647578388 -886793414 509065096
-789775327 -59084047 483991924
682446798 438473551 -242272195
155099348 -975100201 -276185076
-770888182 136738366 396731574
216059306 701861705 -237074143
389897725 957638913 -232460117
370880407 -719419991 13659221
-978528527 465304540 -914276981
499186894 163442145 -941959759
868051008 -535818467 -749033282
705337783 -661634212 824285159
185594678 715339733 -304791815
784667960 -246749713 -723961628
922000952 -345757868 974829488
826446372 -984323201 -631849561
-579537539 -873858188 -491367456
371969994 761061812 190069187
723247739 29881129 286552378
302440014 -961805880 988924597
-262659218 811340833 -265510732
-555936791 -312977404 -902092593
558567399 153203360 -495646100
-762387890 -674247647 861482341
707114975 510563259 90847952
-944338962 343700007 -677918461
325353637 712066944 444180421
772335787 567009098 -655274196
590549146 -956889400 226478139
255853265 170720007 852164622
-895524017 -852397768 -958532001
343046910 -931877416 154692823
-656926921 -599745425 -168200286
822833508 -275074253 665395689
601455166 -446138228 717344469
240374658 -285419187 203697235
-904256457 868434615 199110353
539062301 -295795402 126918336
-27099803 132212095 948910406
-382842220 -651284722 -617834606
-435367701 -189973246 -539210709
532620412 159636757 338382503
-4358766 -823095622 -184998572
166325635 -980096444 841308135
996494667 483333318 689514514
835637783 -715595154 843290264
-907787999 -230983831 516515925
224526124 -514952493 120689494
788750247 567743495 266483825
-958758366 575994625 -780906003
17980794 -939489193 814950041
436283243 301100401 -3486161
479763065 770751357 754752946
-721387796 -52930191 -370448386
613889807 186458371 -964720706
815627470 -899602462 -782835075
-271330695 925256007 -371840776
159185446 463229856 121622440
680458179 -278522638 834885077
311193007 -558162454 -274815328
-545496042 72720474 336405348
118789650 309402197 595216389
164441567 210448018 -891659976
-896905901 -509684814 77909464
-991042503 -449309507 35147711
621839025 205015280 -692968513
94062175 869585035 492260669
-341675525 255748837 966752334
-82922039 -712034200 -931853598
-963712439 471248730 -39497605
-817597626 -133753016 -869262239
448425077 -752506057 232585413
-394400392 -210420119 -34695020
-307395923 843403721 202116174
501068955 701665328 680870267
435088055 -887626198 -931872510
895130085 -890328498 563543996
75045030 129104195 -916166157
-967649948 962287149 841063961
-664921630 -452655407 539536701
-415168011 -25454664 -878831050
-836927714 956745872 -850385698
294151737 -749994292 -452074630
-781071414 131214537 -861355664
-904391787 429601142 70801789
887913467 -614434128 -964435962
-562857959 -859522269 447376918
-757047704 930513330 783595045
525920216 -432933734 -374340322
492822689 870682353 -928007275
-131127063 -259722587 714203049
-292985376 -928697846 506757534
329536169 -300175548 -137160597
832069462 -290060569 85391615
-147927409 -675760578 -645445684
-425195419 -81419039 745319707
564984263 590331102 -976514260
840779037 794445255 -346197447
-137754266 -856855776 695787347
-361063906 -389728079 716679506
-905192805 -982626513 864878705
575383504 486613348 592517863
525083646 929823696 -298059993
-128171349 162578411 257297448
-271041347 -505028114 -909999712
-867416292 -73326364 124583455
134818132 -697718883 360533986
-325191248 -523240477 265575227
603064190 646314672 -896099535
705040242 89449665 -99047239
829650353 348709570 -76780069
-913117230 -205366310 255299239
648230460 653926777 -502351020
988580455 686386391 979530793
706621790 701354036 -476410150
-961534299 -375886516 -236164505
117972406 -435064959 -763007588
-864115398 540040219 -500442998
-915860157 -420043265 -342985612
886681462 -911529119 916383333
852982960 -24225749 -997667031
-990819255 521903280 -961017608
-982176355 -993546845 -799793278
-869170293 -913215452 876053326
592090204 523795005 -23976383
419112248 91548156 -723440948
936939575 476551739 -799163757
473466445 751531764 -891871071
519585750 -283483554 485577780
362494414 198158541 641738983
172908680 778050278 -987112942
-331066113 170257558 334900540
-861936107 23520512 325049026
-620310696 526343459 -242913544
-811824333 597153386 -774101973
-328818730 149389266 827918174
373706367 -613123114 584159963
245641549 267378088 100102939
-754648895 675617109 900971096
762924092 317116218 -997553128
-506146502 -779847670 24053580
470641315 338257148 -154500059
-377275901 679321542 -151386746
-591120373 492645654 -914591679
791184742 -88601439 -529748979
579419641 595844988 -960057009
180008510 102425745 655087049
-862361918 602493694 -955183004
636347494 -304503650 804166970
-981799306 -493328952 -921758880
42224066 -332690214 -126320644
-871970675 -958818685 845124558
577774065 951008802 -703717024
164770563 366024825 -710839258
-116327207 760930084 -846312692
-201497165 806610395 -992845419
-994244023 666048112 83507200
-177772261 -980347639 494771596
-407840054 815416650 -378830698
579019405 -221385798 -339909425
-826910159 -47288905 -906912957
42800709 687296260 -172117095
-43336362 -599311472 -945919130
-601976268 744999511 -442879905
179643004 -740328110 912022742
-412191927 976745601 321395684
573865361 53441393 -375681971
815665518 641371506 -981874844
-629748633 -488034012 -107409210
-211600102 -542628268 -392827679
978107975 -737070216 818989120
-309352347 792566298 -529584374
835009923 764693231 902528191
-890526801 329905813 161912073
-566763300 -594827883 198596112
-942376736 277316269 -946679303
-791273142 -122051928 -902021934
-297571165 -117537770 -505489847
-695449473 -875257248 -801857770
-835892005 -924103903 636927285
-987892853 670582880 73980077
104284075 -945285083 -908747470
-938093590 598430617 288934924
618776338 -167040567 441253940
195032483 436474073 417064535
800739757 -254020328 915010605
-981623486 -644457279 160880816
-11645005 278651553 506404255
703227412 45399977 -917791217
-181290590 -758117716 -731535106
399716351 -122719450 -955757623
813868413 481834943 -894428420
619164252 144277595 386944656
825791632 885011068 -431625080
764133082 -762955828 -9770674
-635584730 -122393215 -295415380
-862579422 -927442581 992958201
-155142783 -591546250 -873925130
605549645 852421665 812964510
566596208 582302253 197124228
474949619 -996523902 859481896
646066464 270813562 175711734
981500351 519282573 -987586767
799024546 -76909863 -705916679
-954480814 -748713628 -395736886
-853151432 -82704060 -54092224
928547384 -28245337 -880273252
147465087 819449791 -274297770
269979064 -192605404 -795676546
236994890 -257802035 -750626760
-192326292 526310129 167535342
-870278394 -26620194 -441508744
477144067 574217469 733288234
-660283383 605555813 -774437211
705475284 -712011304 257372646
-748264710 -603717327 -995839144
102513086 -56076753 462697805
466211896 -999877983 824070450
-847304675 130298673 442751283
371434831 682798995 192728940
-456415391 323951793 -900017636
114723723 -926882723 156187040
-253806778 926808126 -859182611
468534046 509553760 -448682141
-733701515 609123569 -622554234
995881194 424729072 753419435
-951577745 855250909 -90157586
-770759304 157563703 949950311
-981631543 -167437963 954031282
800858881 -92571735 -163816674
579681044 -308421848 883164545
242460028 -109098570 328491480
556467349 335025276 -280577152
198701975 -675498177 -315027828
-310377858 -913860250 597943694
-29353597 907883441 364925099
655006589 -508901735 -192240914
434586089 741187458 -722313131
792071135 399866118 48649223
813397139 231900103 43079556
-487347226 456396464 -162979143
800869635 418014814 90578374
511098499 -954673457 -682332646
629215551 -547421988 -156417579
55126414 933140614 846239422
-461344109 -881279421 -87764138
-78267421 185200721 -945646231
122426346 -857557816 809552632
26794718 261326623 245032430
849803644 6655237 483849505
626925736 134769685 -459115635
204769474 -834525263 -503007000
839085818 -76565627 678679661
464387311 154845583 528127410
722616016 993072228 573287479
-38290801 80459566 802361282
217315924 467796238 -283237578
-22957047 314461875 -217187447
-56060947 173025483 -421004608
455248962 853031315 937315176
-710201768 -771554064 -112399352
-945282094 263649805 861604486
-273608154 10879279 -946787970
24858251 801394310 -22745584
581390626 169288524 314846138
764659097 402668768 -696552390
182295535 12145326 504533878
-930472441 -977985040 315430265
342445170 -792934467 633141590
-463594609 -972201067 -774846396
-66238334 593435173 -954655880
-603882373 -705379018 715666597
-283213211 -750807293 -702853136
-992843053 -720105303 452080607
-39919044 925842574 -101931054
-7798262 -972949970 -460229926
923034391 296683257 -56299338
-132378988 -886673669 824131414
533618422 238475188 -944100466
-900023076 -138563364 -531197493
900714657 -271826269 680781535
-505883261 -888519836 -647788108
-578013408 868929177 -923761602
-622742233 -706235653 -896250710
-6958060 716038274 -246643840
-307513555 -552666710 -996628954
-899307307 -868430879 128896719
284321346 -403130745 807919838
917035848 -653531543 -741019926
-951228218 -970621071 698791299
-250302453 -952402970 -808744299
815394527 -598641659 -887493285
717625628 95225749 32720339
64907688 -336694890 -987483036
953820089 -955803539 -542810490
157686180 -901430581 78863884
-314995152 -554348918 144371372
497238911 720078138 437852369
865834069 697033104 -940897029
-422561109 -535123319 -186178805
-746121474 40553264 -604677824
-415282478 -724677451 -979412471
-858033001 636200042 82085731
-211086024 -45567142 818633584
-140364513 155914848 182007127
931329078 898602631 86891469
82285873 -713998343 -420769740
-898070085 -805143048 8178694
899503124 995607929 -508349154
511439929 -941193980 2416585
593006883 125189122 -420995008
436155566 -930530419 655942906
100394403 -554213750 -736735167
555201867 391992359 -615818231
758638395 -44041004 151454319
-884098119 798246337 552165315
-771504448 235422165 551929943
-57517722 -431684000 743664503
-553518823 820223530 734252375
946273790 -824532948 461954368
305892690 297031306 -472363638
-896235866 -811630486 -216179367
-40700946 776468660 351226566
890396674 -88038566 587156629
-692070678 -261066839 -796459301
-571745308 -910409544 -814867374
893115365 -392423695 853422622
-135536506 -416316396 -427572716
-810225584 300263800 -173335193
490168300 303286120 -304787138
394323399 -374203052 13791581
260685664 600086046 760042667
569365633 -250977817 94237089
-111418804 -522582697 345342255
21974796 -485617398 915501070
-646671134 -801312317 579203725
-510851913 41406204 -891110595
808898041 243612038 715779223
249641343 -55733340 -299025516
-247708079 794706588 -818929178
-988658758 -993835349 -446145422
-590752677 992749125 -448169378
219988690 279094203 -777985408
-576831723 25309721 759061880
899130398 -521375331 565507767
399859892 -333559676 28817910
-996473924 800185034 -307521434
894321365 663571436 -804104423
-143427290 -217102526 367718417
704955685 979735903 -937048628
61129167 -644601464 -459722827
-898118536 507464304 -95892085
-502879362 571215907 867014673
484903197 928233142 -544571418
578084634 -136236609 627865711
-669786409 -858730853 385788219
931871165 126037435 -662400545
-986701833 -366602048 -102824853
913611977 658961945 -401079525
-725370326 997172 -933012398
-738472505 912223091 945415515
174163820 632608783 -387558848
829531921 -960739396 240986237
-561538865 -365032353 924910614
621674405 239639282 -944182897
480108396 -522675475 844267318
30925923 684002480 -8557323
271424014 -572316094 94648709
-913871810 587101417 890610977
-57778219 -167953466 231932291
575016783 -150539711 -784157810
356101541 758750838 465994165
-911820606 -842816963 396820659
-922274504 -768614152 536831373
-969171761 908749911 314790618
346632102 611777126 -403786542
-881618872 765309793 -920105624
467473509 204318518 -60901239
-471977456 835761851 -921872073
421230089 -145908755 -908430027
-265567962 166320557 353916170
264811966 -15220132 966539265
77577715 -283736917 -964800196
-539430535 392112331 649515072
-861742506 -314545975 873609391
900228967 506346763 865813714
-411725228 -850670825 840290822
-779923675 109676785 -181578097
-972673374 439136026 -974214254
-652554824 -166181247 -968527058
-947582178 283389742 -873014504
483854449 -788097349 817186982
-8211694 -947331733 -254476364
540459647 -875879715 -633204037
-780524163 626910903 -605192031
-874464512 -654456594 970942772
655442718 -617921949 491683123
90621198 224440500 -625280779
-614481852 555416826 406837619
644954273 -921352904 478943651
-361440782 -270321535 49487106
-424053865 116181809 88610926
-226240552 -981404409 -862810983
841616630 -949283780 485432673
179478642 867691762 -771245085
-828375967 -963503885 -480247889
451720358 915380041 924354872
-912964018 515030255 464901386
962357059 595666341 -832987063
130359091 444009182 472174117
-743264222 -985053181 -891011394
975626566 968528089 -759701568
-895385011 852338266 -834468273
112567196 -284644224 494706388
100854641 697686970 -542963790
-604313605 -358898949 271808019
233874518 -886829067 831289835
691389249 243621404 -753700276
-620332447 -494463956 -648634488
-774954731 -960140137 -255132363
746992397 737720389 -480273279
445997309 -466344625 -791531968
-858462705 877408754 -612388624
-470260346 964018725 357898775
581303934 -151530979 91957749
-961368151 -66165436 -705557297
-921406120 -786696333 -357888180
837812602 769913424 -121570991
-277980461 -974688573 412909093
-765223028 -919217287 -831394013
614462843 -853125709 -953722131
647560889 693108302 -71581677
858043608 -987015381 485578384
-451010242 -916874883 -640225514
322173070 863544683 980030008
645576706 -380944659 -909509880
-704527912 -948822683 -215954165
-17402950 126980743 -507548340
-538191210 -138006724 874182091
-934192032 -207191633 -502398287
915253596 700774415 -994900176
-845474480 -619371359 -86898186
664714222 -633577571 -919248420
854025261 878513399 -840964697
-496260981 -755993676 -891404174
459283556 425965080 -938089939
-225519180 -99817540 146630926
-901143246 -934889933 863447381
845309820 -553035676 -515619155
105217701 193707589 -103893735
893512655 817403944 -692581864
-185037855 992202603 -701378409
-73020148 886580879 680308656
705211018 -809744605 356316969
-375580150 735918295 743059959
-735191035 9853124 151811090
-780949893 815068639 156359669
588199072 -91182159 578212157
421119725 -620530639 -636856398
-260393216 678491171 248139197
-922586390 192946485 694745662
640156404 -913583968 284858396
-801295616 577727239 -936773609
-127483313 640174135 333818443
-259282197 154936598 22317133
895749342 19773569 -983474274
143261564 -672680027 -966365861
857684816 -649741128 -354738014
-119783650 738047756 421902858
371432443 -182373409 -786649781
-993359480 -592375451 -599163088
-603154098 -516842903 656923605
-152487229 -216289246 -47793323
564576437 736788736 720718401
20054558 537273627 -676516321
-565629863 706761001 489894095
