2000
577751269 -43251297 230843756
-229600093 685116763 814906172
730195718 128177392 407299528
-539199892 749585566 523227707
-164767814 -553229511 138885675
600522468 -963411831 717083108
443420 43548728 -412257353
127987202 966308478 -943029928
-962260369 -417886812 -554925969
640137727 -397188475 896849484
-247673926 -537165568 -279138359
-601533337 109106253 -795146933
-995226735 608673453 -905336264
956302625 -733289969 -434180046
-654015391 -957896424 695017941
732864784 857154251 -905673395
-166229866 -728856339 148370678
161028249 -785587828 703043449
690028438 399518866 452847941
683975343 -47050433 870951860
-609660099 -756195307 555256681
-653077034 -477879689 -589590048
123295097 -76782122 65260171
-69978901 -789597711 -416120898
265514765 -796556506 806775395
246847880 -902667550 9641121
-245501234 -890233487 584251428
-470605358 796519630 -975976494
406364167 28558115 43084056
-357043003 -228321729 -983767563
-223335614 573196912 921501632
148999504 -268008870 -468390385
139554385 51250171 874943175
-232555641 986296980 -898298895
-677343617 -203720503 845258491
947945896 -328694413 247666973
-988064793 -898246901 80922541
-353733843 452392698 -988313637
-133685354 -927508731 -536020940
686848262 -938697228 -974030648
-27854934 -197846276 -908273541
344457022 -136730774 -492984877
-451274632 -694342524 -27829056
-13775884 405033320 -632196540
-297914657 581425532 -589278888
137665328 861789674 -702919285
-81539280 -354957754 -572620105
814093108 961620183 966568749
558285975 -668864371 -404407652
-820159759 -858799924 306495582
-950223102 -915950717 329172979
-777870936 -942296960 682077909
-272907344 -817486404 -558052291
547603557 -881045665 602428904
858397732 -572955267 747767113
682910452 862376326 220622079
834590058 974611774 795368580
345260965 -422013533 379662215
-584942358 -758800810 -567906448
28263950 -138590678 -874700599
-973990991 539110841 382466648
244508875 -865414173 -137482322
-589385912 -925247248 698651287
710330406 -807157939 -21527218
-36589177 -815874241 -31068252
-562971704 -797342934 114694494
-495132104 438664169 700082914
-528089352 445918530 -12262963
781037496 406140961 -662516648
485020793 120172333 756592557
-758913263 -580110914 -556706772
597234904 -926250876 920192975
347664711 -940853048 440509471
305320063 -543498158 -926622752
-722821482 -790675677 169958037
-338859831 768419563 152900659
-966023104 997804698 -79665793
-430876576 -946277142 224049865
-46033978 -148551127 465405580
782924113 -597506375 -980597193
-113157596 -390794957 427857447
-110959409 141715488 587099764
-609262603 -846086626 -583479591
621122599 -716120038 -370386410
721147141 331971356 411193518
785591487 382648139 804601481
454364794 800979561 -968097397
401047027 310971855 473502360
-368080185 69581438 -482410165
-258496418 637815137 -783925976
-591101989 -824230297 -282920932
-651768608 216065377 733736981
-208520422 744438456 464164792
554094258 137328828 -236574972
350355886 897389519 163102766
-87340197 916577144 725544532
-841985472 -750522365 -402353137
-219371288 -147367235 -160112833
-451735276 241677023 557952146
816677064 -79236603 849168534
66205474 598779983 600803354
899819753 -342843954 -378779274
928916024 585456896 307770633
142085687 602563546 -25241666
-927831787 388532889 -655121446
-920105136 800310209 -832866356
420804813 -867816460 406008951
-581084395 -525497165 -983675134
-253614640 -739964409 736257117
-868058740 -4753779 -587290376
490491618 -866999544 -920685482
912651630 -329249650 429327258
638892677 -166109953 -57112977
-388607353 -907792275 -856147554
668172758 -504251230 -178261556
-833900773 -126750324 -479754962
-901642514 17866539 173717642
-831169447 -942546275 791909955
-813228273 -980174109 -637341550
-368638257 -385393055 606996044
-76724442 809894545 982836376
-265417582 995117800 -945028371
-903564496 -877970977 777225349
-217712386 -863670639 -911223567
231162188 -360510729 -253665992
-976776188 -923220627 -803549496
844161625 -444203474 -62144742
384640866 734131613 -880999105
364914134 76970814 -438181809
-142872732 -239573771 672218705
-200210699 -20313184 -961100876
-179517129 686546371 393677183
-33454852 -678913278 375088451
769460534 480723724 -936111847
936200787 -123132452 106154017
-844529275 -96036045 -266314463
-58253445 924679992 -822991803
-503317256 589389559 -198986116
365417556 -136501534 121256355
887366134 -845431407 -859773753
-159321373 255745139 -288480256
-305482507 -410112591 262802539
869622587 -53283967 -888237092
-733250786 48699310 352432679
-255414130 -883237373 -261283753
-951882548 -273875934 -972127519
827702236 -303563308 308493266
-964549952 -958160126 -561635956
818244471 -969341209 -115079036
-568849549 -874055989 932516434
-730792814 669071797 -121027606
-744312534 697737909 -879501807
113257175 901217642 215749549
37955723 -323083215 123620505
-885947467 466357851 -37700437
501569876 124336464 -810648727
401102930 986161062 -989110007
-784861057 529371504 -61532546
-941734748 966115999 68386289
-179858614 -674327044 -426644735
735516301 -307134584 -912744642
-228558603 -260295593 704845843
865195356 615732527 83367728
-321215685 -561784067 -597315794
-8610406 287343204 133046137
-177565100 -443687107 -501610653
281450009 607475600 -512024013
-905574381 229953033 -929019837
885279094 962079330 -895651803
540821152 811334337 -401610575
-672930827 -862622525 -303474076
-686422174 907610619 -95932188
-972724428 701772855 947211740
-572532136 775266248 -970068003
954092593 -973873280 -440882666
814062993 711902369 -240502810
530525086 459422458 -826100865
-958740180 201447901 655494571
915666324 -640264366 52040202
731091854 -421907840 -516384333
-226810084 449964177 992953107
26702984 -88880921 -897391873
908020591 636383948 -702277857
-896925054 236586992 -951783222
433553402 627743970 -381054631
-478757631 409236931 520897061
400945668 -546733407 -762827507
-990219770 379026029 -407774536
-313553211 359975304 105024093
-489709967 -978109117 904609596
-958110656 72539786 -507052168
-377442639 113706356 760447782
-615492896 -950525271 349479545
-777129543 -559320537 -214112968
596391898 505874971 331739071
846641511 470715770 -428396340
-675626825 -296467247 -969899603
200612521 -914602785 940262532
43038044 -161633905 -132739123
618506681 -60294778 -634130101
-909590950 -388396208 589199320
-497232578 681760348 -797144175
-567362291 950968968 -593757
-982002911 -174951571 -250473493
105255337 306939717 217441572
840155439 303404970 -146630995
194840877 -16143221 485955102
858114862 -606309477 690561210
-364893833 546677799 -128225705
-188940358 922093234 220995215
140146881 769204229 687167349
-204440730 -384219607 589346785
120176058 -951903236 788072701
729213117 -949267365 602537771
905700658 367926620 -872751243
-955691168 -409917048 767410643
291875087 598274025 -600759149
-761586889 -863207984 875887050
78789872 605530630 612242864
394425737 350253478 16428327
-228531857 -195676886 -807775519
381385639 771100908 69540716
126787692 -881418983 -266857561
-994243503 576616045 -753724750
-881965927 523344115 -893435671
143663759 -958821139 -677334688
230179137 -651429260 -282425048
-416821559 33954622 -619130244
244635482 -812024888 -901254872
-331083362 590527555 940566949
25757867 -920809865 -40003903
469758706 -677841017 -387465158
724056718 908558251 -937075663
528483640 -785446068 703111998
-55445017 906856293 485938759
408058937 63307822 -990172102
-418174779 -642636495 -944775014
-275221630 -433357036 -634792478
464376473 689286856 -419756485
708957687 378188105 -874562966
-289335087 642522779 596405109
525592642 621028600 720614152
800176697 681484235 -782938781
-121068521 -307647520 -967313235
438059870 992071384 126370936
-848243942 -374200213 -559212209
853939026 399419873 -860674586
295572629 478430606 -558443276
-329660588 992100067 -952956044
-263099684 -324780 -414208940
-973424374 455650832 268749932
-97611462 -451429727 281846587
-880900516 440504117 -937300711
-754186552 858417078 -956612815
-999261835 800284226 -925425445
547366791 -322743653 631447967
-353495833 -964196679 -505551757
727324966 -594104343 -691080743
62575925 -939088409 911128750
-776470148 83953671 357167148
-926309680 810231930 -520445359
308454845 988952810 -591231270
-761113278 -844190411 -276646512
-169852262 -474363463 -202012264
-18009356 656153657 -921742663
552759278 863470535 485750802
466043074 971868135 -708259285
-188339160 175405296 -964491221
963241266 -154583467 213985724
116160290 -322233636 -747626925
-994673205 -582117986 -80482172
207186084 -466647550 -851468616
166169414 -870391603 -925873100
612949628 -926583621 189037812
339379996 271638816 12473240
-847694478 -887943446 128394914
-910132324 309579811 335228296
-896802479 -911396795 -834959126
174989659 665148713 -44432250
-538020282 -989516091 445388548
-310696327 319458268 -869242445
376637581 578460110 -335815018
-354158229 793057430 -237425772
360358665 -503180150 786960853
-274410074 -865641209 873704846
469122680 -240108751 522604497
-782008958 758355917 -485287775
683711897 753544164 597516059
337657079 829886121 476032534
-438193719 271750696 331421207
-220625737 688494365 -983275465
-260335769 -229617180 759051340
959984109 -932324171 384731689
743149053 -287669229 -540268591
375838587 -973709708 321634528
649876550 749872304 493812869
-320160236 -392282118 -46556190
563329309 448486109 308269915
359665429 428683694 638885153
-418187884 -542986463 -960117352
-443355634 -442803161 -531707413
503001849 -724673863 -303142820
96104575 982929825 703617538
495873404 -849757267 -935944392
-613620128 441456772 207728985
151792953 -614097855 599648122
680658490 -665016494 -745871667
574126820 -385581856 445519545
-992494060 -971989299 817212489
87600822 -948077593 67962298
-680057356 -543501685 -830460546
-476525006 617356888 596282911
859829670 474343249 587448617
984150697 841627772 480844661
693445766 985950315 -646014887
791506645 -704555856 644310505
229746029 59808443 357090112
62472817 -8974991 -805128598
196133258 958653449 -76910456
-878348123 437094018 -619367919
-575684740 849038750 -110464749
-315722257 850571047 209973600
85085584 383968561 -436555495
394947431 -324577393 -994243027
746796357 -573766729 118285658
-504528781 -3138657 -196298181
140526879 743503887 175352080
-812043864 744202944 -391705157
278529332 284512101 -915410653
-294844733 531697687 -659054931
-763608826 859872761 839639286
-408109859 364330283 -682687770
93304166 332602363 909007077
-320672157 776819112 182700795
-71299854 650666088 31836383
-894916239 -164700033 302212763
-293876977 992624536 -940956022
-847339845 274337854 465253192
804039700 -43520458 921776069
309156244 -376357569 826951144
974392594 -632023293 992048505
862502966 -919862833 -311401839
-35174133 366107397 -914819604
496344822 -402329702 801786749
550556624 -953057793 338823963
183329853 -466835362 429152916
429855933 376262102 575336803
456108631 -967245057 -300191288
863089495 202866791 -591544089
724806602 149555001 -465656007
7391809 -876456041 -730594318
423003144 -846927259 816361975
-871088789 -145898208 -186570410
-676649215 -887012711 367930626
-622396045 949102910 -245179509
-417190152 -917779304 -854348543
273091176 -722064726 4141370
-996330332 -359945618 796477348
-432486561 -685458927 934900189
-566638333 -224612258 236719142
-702136872 436227134 -180854541
358577354 -412922185 870731832
-904498704 -419200465 -302912730
35830772 -632144851 -918848443
29288775 287880493 -832913598
-924581560 -50297281 52244544
162323037 760622420 834578443
-757678650 -408053649 -886692724
-778883728 -420729453 -935785630
924101479 -83869094 607471748
-901973552 787156954 871191221
806154500 475019451 794040417
197443855 -257151206 141362983
-147826293 -786607271 106278617
-900015868 637363703 479778221
-219500522 -190391610 566405651
13420293 -272727859 -777779935
-862596267 19417056 -29346325
933489057 950440048 308592346
-133030942 368690848 393567890
619920194 521697800 882335569
516151024 418042918 -843969365
699351159 729835334 508674737
437299820 -108382575 -643072079
-482799241 -621604918 34643729
-868959936 958888333 -140097608
-626802664 866048101 411754527
920017587 816962720 787441620
-437582772 654519512 631762628
366544121 76938718 536231136
957345324 761733035 845965497
571029665 250168182 -584487701
588418468 -671449899 369100442
-7318421 927041960 -683007709
-145644681 949467988 -930992227
-647633701 -274693177 -215545706
-637399265 -923454425 905678687
-252396463 635813933 552341034
394230371 523151208 -591099317
884922416 -992739579 -895240703
-499480527 -390174944 -767229555
-716618663 171563961 -742021602
-414702064 496883218 -265146146
-725005480 -818135839 773210162
31735497 -725199857 -16292967
885109721 334776914 475713704
750935157 -292916686 276180491
-253482445 953156978 -221115651
-985027448 -833528077 -673741795
-194807309 -38612188 609053916
291668048 -255692981 79445849
-88230137 -704336567 -24100969
-485164168 345848568 -396804933
-155565872 -70897059 -423338666
928027334 -460000143 -15968395
-599452782 677302486 154184528
-980113749 -863485739 672540361
-353338932 -785395618 -948202548
-437757522 -454614497 4297628
-920860777 563863611 -790287577
-524676562 -394616792 -654046015
460490267 -250970223 -224755820
-838235186 -924107624 805389882
786498808 510879526 -904329022
-4271754 90851616 314813217
-904564680 -4607211 41609615
334113362 -897855507 -163424125
-997278771 443493029 212280400
76593792 -823148442 182283588
-822876452 -854769745 8893451
813074745 -458410045 -527259079
-624377174 -362758003 513005826
115092336 38829409 -273351560
-809110383 -940065406 -332807528
-247393646 806422290 -420386989
879303647 323302824 958572324
-315831005 -626351465 -235676209
86826804 -828861310 -371370697
-989355203 -91724908 -998492693
-972556419 755108977 -938960926
16438125 160258919 567854919
-560823408 -489424994 -96219429
913862560 -267776934 381044781
-419667500 -20377497 -523865530
621140644 -51823753 890914758
338694995 -143331740 -750356628
455059240 -117344290 691805626
-421434668 590358891 794345106
-944758336 499811539 -593334946
-355177245 112002522 -765735200
-689470962 -857029146 848054079
-652235107 805852553 334706503
559901001 442628003 735975536
605527494 328352812 -647296998
416085647 645575133 228004357
783849432 565687148 50887968
443867702 -859824231 -306304809
760116772 -384045041 534799714
90753945 -662649465 73514589
760453471 -755200138 -951357284
-787412328 -33581236 217810772
28512814 771035242 -745651409
646187111 462227739 -972188427
323425179 896153687 -839057270
214515099 -371375521 628944310
-95669977 135212980 -507200261
47123832 -472096174 562335688
518912769 418047851 -81620124
-887839679 -958001531 -203566537
-913089460 562267556 658251304
-428340795 680426597 -121659016
-359052956 471278978 -924438285
-690538549 -377201042 305667797
-332652185 456182615 -539154480
846077691 -397217684 -68261858
593844697 -256049100 78341048
-493986961 211803493 -188909142
517979313 -764318610 571996356
-913551635 719489224 956882013
-616717427 143592925 151710641
238498986 -738762737 -963049106
94241543 524336106 19714178
120389887 -998446158 103566593
161661892 70754154 -732457519
-257786106 -244722538 -930755933
169288066 -49974749 249916878
-538313512 976193493 -697254820
-842640680 -386028832 -797295971
110815215 -49883533 -925458057
998433690 652675699 -772433398
-961336440 28648670 -348239684
379258495 -550001712 -602672924
473254018 113264200 -620372555
-942039731 8933665 -915733392
-444484537 133425794 -81064104
-316242434 770828049 802513095
-540233698 -526831744 -356729173
476479763 -693055123 -989471889
-143878837 -757091789 -667807294
-607017026 715479004 338267491
-393682239 -982070894 -990992511
995973326 -615435402 -943352764
-53932295 725647880 -182371588
-6314057 -794842747 -963294283
481221491 -25979910 4961731
46561531 890165482 -346796572
-246755795 584060398 897779322
813410970 -792305501 833945726
827322170 43384393 -658960202
953082402 -608374556 383312790
-993839598 21466912 -934710957
-951855940 -359747934 517574335
234943314 462627710 901706115
-212259796 -574726919 -225836866
881598604 -231386878 -911956000
-837430387 -427842413 -914388257
108531553 332411710 898036070
975732916 -391205739 -68881272
-298066087 258583375 480735312
566801381 -898742347 -869777878
670455755 -961913556 -678134173
556257436 -66948087 967275425
308886219 -556117954 946971360
381172753 -397098817 877604438
-715730237 132308544 -251973454
-630614950 173424488 -131118311
182616434 776907278 -923787387
604453039 -447620753 -931010250
-990605956 -262467366 -416701081
363413227 294328498 570402764
944182397 657055838 -908016479
-53290548 -995931472 775251965
43710977 -907135968 -963890839
470230423 -861948546 -561191285
631932477 -305887483 -334536916
-899455569 133946440 232663549
211306096 -575801816 681331990
-884870626 168157483 -127285069
639957876 -511698157 -971266942
-322641560 -530818082 -423856090
809250254 -151845086 -833573486
550799217 -963213464 -483014867
465111338 -551262097 977823986
977183122 -897414566 524887020
-873622543 134408617 722897665
-494612022 67471807 139764171
-699308056 268442764 -71127161
673900698 407522760 -637213673
127088736 543484544 301017349
-500324042 997288955 -867635361
-781285888 277040823 -872206644
585074495 -185340021 -438403129
-20457308 -727796974 -854104893
745220262 484997256 284256157
-353652713 816929116 669546625
-421218623 -296911555 -263290618
-23285869 -884400431 -786297900
884493383 -995552227 -99290634
25876366 -960263530 -415222489
751722906 -514175007 -322500055
-686582769 608056490 -996255566
133142471 -428754339 -939627841
-242300433 -558141176 -207660141
-886396870 446356014 968376062
-32397024 -370447385 638601456
782382508 -191529395 461934492
-936786897 75343295 -63031008
178849882 -976429322 202091205
-583057106 888278042 -388227631
927265352 -947029582 -866491600
-13816008 593502315 -681004399
-944104860 298878368 -486506838
-330702947 875328334 237153520
-354633014 -41800034 535825111
-944573326 279045366 -918836429
540203615 689498542 -622555735
99465034 271218180 -298874960
-858595989 669348747 573141891
942679570 -254653131 271338194
377136407 -600347341 18352836
-179890566 -280392560 -826517653
397111255 125602017 -615240382
-932067684 536873067 -78242121
-960543114 -411338321 -919378397
-615429500 787949782 -714582651
352821468 -668543894 266052139
425854938 595245564 -384082170
-967052781 -455385987 972788823
752794694 -270990878 614519928
704789228 842443860 210165189
-943448048 -711143663 -689235208
888319674 455281959 -590612234
682725169 -954977327 356326740
-505132883 244519823 -981839503
-450132964 -874791244 827818205
-947727184 -130458080 860282612
610725856 788165090 862367546
387546597 -576390055 978943060
640335827 -938534908 867047701
755145896 553364810 -918820357
273831965 862761557 51028798
480731913 -851980740 674598122
338844576 -566114219 463999959
-212880339 672012729 -596877364
381867477 -141775650 -702327614
-678856665 -669036177 888611183
58004054 -378731365 -403330553
-50308205 -208792109 21739430
-135676206 -900060043 -421679395
115377089 811818425 553502819
139376986 -350222783 262137720
-880323922 159660967 946911706
-349363879 -336454009 561244930
-535437486 -822653815 762291472
155650388 -137677046 -517047528
-702230473 -167887962 -942412020
-873269312 824635772 -920406477
-29805259 -993655316 54914598
435167090 811770396 -455413421
-888196988 -678859081 -964787153
-817063127 970974629 -995221036
434879999 -891561078 -476556910
-414386555 -809767627 -396634564
-899729355 -744442330 703532826
14511682 589293823 496526501
514918778 -592379646 807225943
-286259594 -185922309 305470040
-129048105 -681717368 819308929
-18274920 226519681 -895227435
-594272128 -827551350 -944615875
-255260909 926520206 -900327258
-133298225 -962660934 -236456799
622767638 293662931 -169880420
-739984843 -22565032 231269689
-866110612 -499049230 -197079100
-719498635 -603101284 -153368363
-968584673 -2905608 848124969
-913876687 810059351 179592896
-639185421 -995432138 -491482066
813033244 25629139 -551033922
-946282286 488652935 -267319183
-910020145 835384355 -175164109
716829460 -616060299 953803059
-877961341 -769171319 435411966
-195077411 684888436 -796517286
-834885194 658541255 65299249
-926362882 933071884 -105423830
756776312 442239991 -351123278
794247608 -57100064 -669795966
111719282 -605911561 703786880
-724270072 -682580735 268252770
-893351873 355923188 409531824
461926185 673786753 -517320640
-110924277 -563993549 -498409632
-413912681 -461979646 552093119
-653385016 -7980070 -739363127
789526437 -978627484 775710822
-561838976 -935553431 -356813699
-142086266 937066520 26006739
288016409 861828225 -657174169
929665232 -237303662 -137165514
-71277024 -57695079 859256677
45997599 858736489 509583226
620206068 -606604455 -141420321
3456854 -296275412 342996688
-46056965 494701439 -458557418
212171791 975341939 -517831777
61697652 -528402436 -545128364
635803330 813133728 -460687117
-48392030 -938506113 -842732983
-574152121 -189782850 463530960
761274525 360172510 -760499413
-204304235 -815233022 376387984
-791652234 -232057375 -320287941
-516241493 122019646 646962377
197468709 -666490581 569736628
100723632 -890602145 -945429054
937122926 -929478003 536493880
-235530821 -760285873 -201151181
500050360 835229452 950353137
-359738678 199845373 -914319678
346327827 134763729 920969960
-589043981 96824658 837918821
927014221 -464229709 519002474
248098911 -872580800 974862326
-536965683 352915445 691656139
-881686091 257168478 248494768
-780584713 -257197624 -2283593
-896281539 184385937 463551974
-190492476 852241452 101703863
-903937253 987353668 -908265340
-177449366 -734606218 -464667828
-609418891 519339976 454969605
-998886579 -900949997 738453731
-666098589 -108542299 862441586
-133644130 980112766 892440071
545869880 -615344582 -220499107
-948203082 184627747 -414055461
47404980 20384122 -154332318
50531899 -395270437 612032670
-512141874 -879462156 957392226
-440474476 -52419952 -542650671
221190026 730126880 729770992
354888281 -990570224 -859427978
-95341924 -877848879 -105121710
973188877 400179738 -228014578
-990738083 -433141122 699557390
659716614 680707485 -353807897
-775130562 -151320322 950519965
-684775882 592199648 -241642466
970904988 968388007 -652608388
833071493 894669255 554267249
-573752381 133737334 -486268075
598660298 -415145966 12318143
-534431174 -743848329 -867972046
962122898 420280581 858378595
-672797109 -70240304 -326905432
-938665708 -941140727 -879899943
-578495882 -564837999 15323429
211300778 951330745 -720561383
-702196626 103422392 -514871658
-417076485 -827311623 551516451
-266701814 -455238464 -663003792
790627940 620272944 979753462
-591425881 -843168250 -298834241
724322639 229862701 982797617
983593158 895560082 191967359
594530467 -475109841 -232542142
-316346384 120821162 -958030752
-135439095 -867596724 -605643565
249572413 875466096 -62356903
-99349584 524035997 475579473
523946132 88842492 255298610
728874945 -145140499 7560039
-867358698 103122275 -320559481
-239455195 -743710 778761122
-830798206 -860550297 664815312
-879871514 -937083723 6255030
-113712648 259720159 -956417441
214642013 578857511 -914373241
948677024 739603378 -931617047
-545305465 -41907951 947105730
-968238062 -644434532 -766409545
-410386725 -541679032 764111572
40436692 -131470017 -70407225
651170034 935040436 -908740499
44729798 212994594 649595353
-84284994 -892739205 -400361537
-643255153 374411556 491353297
-780652268 -510107366 -954611451
-437460532 667547688 211570288
-478962771 216925751 94879455
-283058303 962845306 -825127109
-803493972 945129828 -671991242
420429656 679828182 227391682
774862328 -635204563 -971947090
-891397586 -776911338 47885445
-467708220 -620446773 869082097
-362674047 171579369 -867663525
818625304 -949048866 -536530392
-198244410 -26210764 813391071
-668143752 -349410124 -548107754
-76888554 111041848 -562184704
48721619 -667238311 -591721795
76463951 782563859 -877984735
990447503 -667161153 -220016318
474965911 -547891814 661558363
-881764596 -924800509 31806046
445575692 -951254217 923240778
-994252197 -966330963 -270504681
-852744209 -491869203 834859441
456429042 597139665 -293420690
106488734 -85168607 765959427
-635894536 -707892983 635243202
768550845 -999878849 -35293837
-517127347 21178120 -926095739
-909996087 -198620335 -74788218
-917980662 822231229 982996540
745818949 160050082 268184527
492143866 -953112336 796366422
-269511462 -314866844 -686374234
-635231288 758237653 -706874375
-244344575 -881760939 -634085594
-997796147 497884366 418125048
-795345273 -22901222 233319572
970176844 681969793 555167804
-467417069 -921816133 -522078482
703910391 -190038066 119029560
979691273 748308527 197994744
-875847806 238534616 792040764
-974758737 165017494 -935502166
-130677734 -785239795 -64100858
772901046 493227146 -858196929
842982015 365775681 -459040638
-388219116 913431548 755619821
216301643 -213343065 -199576329
-406549738 893783875 -886893642
-572753452 517084429 -503113482
-743822911 -867230953 -495285844
-5171824 257252399 -646880166
-42329179 851250347 287958364
451286619 -17274781 -469249773
-684438252 438287736 -702502899
-204999308 80466793 919629016
-841854513 -522989996 -653833518
-20801389 -704401389 -246866845
-974549976 -255585644 609176621
487309973 -326955156 -592280001
-822022766 -153625454 -119212925
-904361474 -916366044 -682651765
710470779 348270440 -623613752
-909980681 -975120696 616529934
-772584138 646097399 -903473219
-837249385 -209714267 -179116219
562326355 557176386 386907657
-400552642 -782660579 -302391121
-911514814 735111415 -956325853
-902551143 -39473003 494554188
-705566890 -432171415 -991745087
665390 249507485 -14098746
183315284 -880541277 858648445
-899665909 470838434 -376664874
409142168 649612407 585485238
370531970 -954057491 400318180
-374659458 988663984 -429398103
-619922598 -966042166 681546946
520372956 747848346 -420077645
-861748097 21348633 352958950
-935805468 -247323721 -824760549
-730549450 458940818 282368878
551740864 -869254372 -457428887
-664335515 -898226632 694854566
-104989270 211759882 -318414607
-54425825 103847047 -855117020
948527947 -78023934 691591831
252943171 686193406 491991673
-351843844 -907391385 -630041598
361484520 295095635 238796111
258233133 524096374 -431198746
326652378 865804127 -522672011
-3487841 -131051260 -787391397
435007526 258053703 -701155785
-622461012 -379978773 570229969
-155938659 956776798 665736870
-149790221 -161653743 -65847270
589447574 194942015 -316220413
724761877 -869484998 -952857958
580362959 -918929493 -650172370
-979059275 989020091 -855675364
177435792 679055259 368598016
-868865255 223076747 440765393
600487042 -459837102 -449912049
-216523498 -890847559 115792531
39709288 -930503739 -773109726
737270520 -708375065 -240839268
-866465375 932812842 833612107
-562620765 180189880 -906814543
73307650 538379481 23518177
-430228263 -712969447 197972025
-453362909 -448939771 -934683312
615305689 -291730874 -68274181
-786066551 47630865 719920994
500042965 -756106085 962360170
-253267438 -57962258 389705441
-530353803 824192780 518493024
-574255776 230074366 567966818
-144690392 -311595123 -719434814
-914153344 10869903 -926676260
946449251 -942650556 -527563138
278193863 -85716068 -694571529
-850501528 -840804340 -305958806
285784758 -393422187 -18461463
212292093 -679442086 -766385604
662499591 183679401 -218019980
-662948429 328886338 -583323224
50101205 -231145095 334908766
-481932143 -551138958 -32777313
421131036 -589949644 -461608054
8221537 -95929355 382772588
-231544384 -714842140 -785843235
338792763 -456385354 -379453035
902595931 -179090756 -578619121
752329892 -976170849 -301549958
433719037 786469228 -758206058
481362684 428714811 -632723893
-141693483 819910263 55416965
-336299830 768576269 -950832027
-561260343 -444133225 -641449532
-817163946 -336771867 -99508600
910424656 30455874 512857393
217344777 -487620831 972097132
225310012 556053975 557655260
-83921919 282693488 -153827337
151998190 -194581694 513202819
298018245 -628085481 63326657
-500526157 -982095964 745977114
735379932 -434800453 280824032
-172352318 64405154 -760570218
514061588 156941613 -262932562
234895518 -442864895 -681648574
240982003 -861342885 -641533012
-116441974 994215537 139221933
-383745738 -29705986 934299979
-474591633 -719063405 -553672394
-902865123 -490140688 -492321892
-716102573 782256441 -828465359
-875288463 -725542624 -381210392
465295162 -258482403 -915328172
-375164287 -249296232 -550906855
-713998730 363703928 -990963803
700785960 370825694 823907753
958999711 -947092053 -583740455
941835583 13233608 -757841529
-401956187 60673256 -669873092
1030483 -860943595 -857672201
-549322862 -78566782 -261464
517211852 246802693 -183332681
-983750455 -318960004 785994781
-12669422 11351187 -308682473
-234376065 269738982 -807185289
104966601 -275603618 -56062609
-947290899 -812887671 78873693
-594259918 542385552 -705171297
-647023710 -802555203 740590848
-617334495 333382007 -986944511
47767216 -950891724 -556387719
-894247975 -372650098 -660667348
220490490 381830520 -869254210
-422959804 94108412 28150067
306855730 787439224 -867147138
-161383035 -69048772 590836719
-132058918 -887098508 -142356969
-889966826 27461741 -632610693
-80632299 -951212327 -40916532
321088099 -871120530 155404872
-300548155 -351768249 -980261492
-753509155 -179747359 -202038487
-897270312 794965624 -435261157
-260902300 175300452 -331216483
-154985776 -14006562 86386065
154518279 158071786 473656011
104186927 691119730 314901693
919523425 -395580294 317028463
-187981324 -843170197 -147247217
-52218518 -620518662 -616548650
578360077 512867460 263399279
530929746 188395219 185125293
-200009199 -141854367 -879289564
-7631872 -95407889 826279369
-394086093 -911216599 -974458572
254288711 654162459 -181365235
-971097058 499426826 -446237796
631340186 -939878342 353241082
67390708 702174764 539116068
627823269 12761505 -960176472
-886214842 87297298 85997947
618861137 222482108 -998162816
-944303437 -968564863 -513942199
-629389591 -970219833 194098756
-958535206 -470024924 306697410
68141050 -742341651 301265493
-567796284 715164229 625962748
-949765566 -572586793 483824435
-894603906 477135704 -915798176
-957616064 -936125135 500350984
297408214 612847385 -375069980
598283328 -912748397 -869578619
-602211118 244200425 -462481150
114866793 -405453384 242939595
685688842 866138397 556872647
33085754 779969744 -149761647
945023807 803559678 459939934
905783487 -158547146 636126323
-76188850 229227191 171717270
851840801 -318959231 -276616373
797407336 518006869 -440569660
-771133575 -380529698 -640705776
400387563 79178236 -953975042
918855837 971711099 368861595
-853200242 -650801064 -511194006
629193374 368356032 -164551120
861254760 572271271 47866405
-531099786 596569240 919536516
143085162 -509824086 -12664957
677438359 -131168993 648930821
-900289733 689162810 -919569484
128428982 714819148 379404732
-65756442 299987134 -896234368
993416140 92640534 443920530
772203856 -591036978 -910141375
-943807565 396553820 476240365
790084393 -820033418 -371752159
511731478 -618725530 295294558
-683736196 -404569432 -993843256
600192306 506802186 -918088431
394693917 -498448972 981449408
774064436 -723647784 -279885873
-357074866 520308245 -991474005
241534912 -610433470 -400768866
-720545857 411448103 -46076463
-172603421 -254089951 -467023063
-930069759 963963852 204094885
740525290 -82131052 -34194053
-708933798 -80298248 -886730934
-487385071 -529510117 -725409770
183292568 719328274 -942685248
-420511215 -922223537 418184167
-352471168 -131786700 334173480
649653839 326639467 793443295
-826069734 699733676 -361605602
668533081 442213695 -388186115
786570005 -980098591 14923370
999977425 104248856 -369257672
-454485327 635717084 911801091
498386336 -780716531 -126792703
-383527082 509922371 -774723787
-322841602 751728070 -560321996
-588093330 41124316 -980576908
-688126404 -898439164 -136726886
82386883 366229137 -343816266
903938390 588715686 -800976202
237871082 865345703 471604937
-720305525 -146682285 290548403
28075288 -425065911 -872115322
425575001 -168168289 965797489
-358540188 -602836981 -568933049
-898300552 787290571 -737396353
-701649852 -654052560 116142361
-210555220 296661729 -676229540
-431073506 -806134648 253585871
-457148130 -320776235 -494635653
-282568063 481396569 -409974517
-895482809 367515472 -811677060
570299482 -489530904 -147646917
-498807744 -971684567 264068947
128990212 435481968 962708422
-998004484 837883025 -729976766
-701909995 470014091 674636854
-555546160 -893415346 181868119
-191879063 384806413 -178635364
-722599390 327910661 -894009052
-272950746 -423274097 -979966950
-724949123 -757897477 566018318
-127593756 991255135 957195869
-552038645 394604229 -33238723
-417235332 116177029 512427878
994440585 455732736 -713247012
-505168871 -748405141 383064648
282007482 747616792 -988535523
-196145402 742557272 745579163
-396395843 -958300665 312520261
-145440999 -559675362 159734969
843903028 599396111 -891981895
-573497762 967304596 -699321705
258605617 -730922004 -464532105
37083703 -853643631 -845346529
535454232 -215850418 994001684
4569296 915181665 554702573
-198757471 -278393743 -770926168
-117667116 58771879 36471092
807993115 454815734 -649149977
932295892 -303205559 187118384
-873921300 226313616 552179046
954097405 672918474 -296160062
-669886213 -656066834 795165488
-189705733 588706931 822866510
588987553 500829485 190198786
-848882081 -422349562 -498410110
-38920441 155212707 533327741
891966994 -980444293 117999462
95930146 210935398 -837478892
715488129 -127041262 650407005
263723515 -934283166 -4596720
-920986385 715199395 811099447
-620714903 890655447 -285752810
-468516282 -810904718 -696459966
-481969943 -862256172 766183897
-911954982 675367700 959914567
89273916 -230208998 921147065
-945726310 -225750914 481931730
-853438346 -890873192 403975114
-713991519 497181372 -561847057
-997160172 -260583685 -671620628
-264837935 331063951 -204561590
963409680 138013873 -214054453
-48437053 152842268 -97418662
760990380 -977780834 -754121260
717859868 583562078 633346635
525194434 -498446947 940983199
80516053 -922564679 382198432
-263369054 535669571 476418320
-949653981 -589688010 -371034365
-873991692 -640555660 -173830008
659484162 -553387394 -589834753
-752676734 366533841 304553505
22938384 -298329643 -523556490
150512748 -473228538 -527130746
512409461 874054603 -991228310
-216424941 181618915 271638094
539377733 -948379085 259484567
-297396038 424842204 714191952
197959316 354044312 -588623981
-177757168 181199849 878335595
412973171 791618741 -984364908
-300262939 147705110 -140624714
-528014321 -24473963 625809534
110537810 -9782844 872679701
-293956594 -567026869 -722918100
-980769723 574375869 655757855
646877375 -764737718 -610758634
379632689 319400957 155911388
757327788 908922638 59954239
-742438220 -396880813 68642102
92330070 517704742 172727596
86701195 -689536429 117269129
-82290528 -369980317 -429751609
-952550123 -313959205 420843441
-980922395 -84925623 392408300
-924232158 277662040 324444808
-929607974 -179159370 -986289709
-855278658 -463804620 595125454
-861768269 893652581 -622644748
291948050 405388900 266192317
-460155989 -382655867 -968982122
394619221 -741677637 552380291
336404073 -622555447 876256080
-922003288 -388341474 -348559633
256849279 -841870215 292672695
356282349 659621883 924042550
560591837 571418294 661463978
-31787133 864132161 357533781
-642154239 -464377561 60484642
822752338 -62124329 843911689
354176931 459803980 744705519
-723715354 642208369 144474742
526916282 262564260 -591477649
-43208953 -313037433 671774055
-894713844 874732483 -974233912
822053396 273928442 -946449599
221850405 -842065097 18528745
-166317938 -480452612 899521724
194978046 127598580 921084297
-833659537 -683246770 -62359992
466092712 -46145504 -250276420
-184864860 -938415119 -965742035
-261760125 -435242931 -884040440
-761929843 -80387033 -972744989
6856292 -522540730 -961631505
676130555 614945972 -954193153
-142057060 889351263 904092512
89477137 706363645 -428257792
662364768 -819511256 646411960
357214066 -589992944 909326219
-368845920 -852556204 -218680829
-250064349 295062200 -639016120
-960009087 866043188 36459242
-736234721 -869581737 -113415925
907198854 -871012532 -226355967
775796164 -645932431 -528263430
476085992 875044856 -474970730
-259362698 -709929669 -217164725
-463835473 -60265864 -531139049
-87675682 242483481 205801980
862140868 -474964055 -770348828
726985665 444017787 807202963
-189938746 -261300237 736283616
-903941339 -757713324 942795322
-548821178 918266703 35938680
-468210565 -537244023 -907652640
-701966578 -869858753 729668585
453332385 -707222954 -324343573
556432561 -918417922 62746452
411452288 -956355340 -487185266
47298182 -169443157 422189497
-692586137 -618458988 -384184674
-80299740 -594773320 619865990
346179547 803743454 836658428
-478512344 613856033 -370406909
44407716 -970893290 283953495
-446303561 -373826346 -242974566
645786791 -883047573 620366002
-234756099 847962919 -660473688
189087989 -463199734 -111272965
453443957 -529732331 973517054
-899261532 416441288 203774747
-930163576 -568556735 946935569
174035155 -482839425 85624541
179817128 -62616980 -703318395
-366432907 231468192 -589836674
-429329443 -888795801 -538853558
594057373 -407341126 108273157
-943091280 -764412816 -200772343
-370861365 -418928273 -465333336
-914754241 -926086523 952237376
-449856159 917320498 498998158
-602069019 -89171305 -541667317
905394532 -381513945 989309212
99540622 919042153 636820307
-87197663 -714931564 192967745
216988229 375152043 212987480
857618419 52326074 -208972169
399452285 354585025 551138259
731909983 538751968 226763494
789025138 896151961 -709170640
927323815 370376402 80563932
-723276498 -856500449 -686999260
942411819 -555980462 -297152731
-996921326 887792025 -133327791
-265709267 477140805 -989590640
921148118 876142508 -892323387
-378331844 -951548070 588885321
-972253543 -758509250 -921633883
917300781 454378917 -305279637
91571596 16235267 -756699662
964640723 -956672539 60482418
-786670172 647626942 -926664066
-508282323 -660383706 94823076
-833570064 -383170657 -980895584
484938522 740609697 -923103116
814657720 737401746 -516708196
-933279785 852528353 360479406
115146719 391638138 37571775
548204787 -125688258 647554837
-726952286 541560970 -698297117
-794852569 -915511859 803439379
788778306 -604887831 817936621
138652913 -901945741 574603401
-12135491 -587058033 -50129633
-955978314 -961016637 -311465817
-932038244 -611171785 -607858926
-875126217 70061614 -329597291
-161510185 -907033209 348765982
522287922 535615318 -748966090
-897578310 -277319872 -177545538
773199507 -298104709 19441284
-999954503 -926839591 561440905
949172719 -427372688 -897889669
294822042 -346493609 -884887643
-377264964 20738169 -878945723
-26395343 -983482466 -594701753
289694252 -263255198 -915433529
-668024466 -89085935 203830619
82795722 833739075 -904403079
-905724092 -53948006 -59656938
804426167 996813430 -137779839
-229721273 632822948 894140835
-240405984 -349782285 444716399
454711945 126287242 737115034
811666739 -666393937 544239991
-398252413 815048863 -966455202
-458379110 802764721 780149972
69011058 273116783 -566668900
-548992180 -845285905 -328191072
-223432107 -412127819 -445119767
-874893729 -661923353 -514257521
-993327874 868064802 -872892553
-889167427 203550082 -34283238
-188040059 726530313 994722660
-536266425 -849496418 -920341008
-39998276 700324028 814443430
684333257 -468829568 301007589
569197933 -804251512 576001301
-321645868 -86272955 927087284
468303996 -957708150 -106198433
-721122832 894110722 70166317
528482560 -847130611 -988563904
-19787330 682102327 -873184798
-580868212 951094327 -884543151
914503175 85096152 834292477
-1657829 525685733 360348846
-234308158 287522941 398454302
789012336 -444913994 238372128
899106703 206151812 353394830
747702078 -481991880 -5113986
549224288 -154982596 -327602130
898439385 576793914 -367589546
-894804582 -780490356 896339144
-243589637 171388899 687774364
-478907639 693523523 -147015064
-935558629 -982309488 -846526730
-855192135 477111821 -493218896
-933753553 837017878 691932204
379086826 681541881 717540435
-255616478 262739307 -806716146
-218462829 122160099 489548709
-361850950 -353959575 -417491184
667762915 388865464 -520587486
-187970963 897057563 -6087837
442309679 -940156709 -685446507
-902898634 -302059367 881921410
250671300 -923480049 -378982813
-13966869 147462761 446303229
217481829 -423413641 135340408
-930385911 437231431 464331961
-766954359 977309097 688182034
101556892 945640591 446648464
193115910 366573190 370717905
-883060813 -563821369 -684247575
-610936979 652153792 337720045
666169947 -922501717 137534616
370814818 205694737 -510170900
266327862 -720355883 876174028
386624098 -999470554 -943727470
237316274 -943692791 544909641
-296755711 -841503284 143088890
632414245 -814878004 583999965
990287253 -569228106 -842521218
-408705434 247651502 -128196976
-523944053 -858331007 -958411255
-499289581 -58537105 41329472
-835972903 668130188 5537532
146532534 719911977 308333863
64815693 670703039 -184220542
700846216 -509640351 -689203697
-873929259 -345578372 -457718182
303192455 679739831 -547798863
283678084 657265773 -598824322
-993904465 -75806319 -965469471
874619456 -946466665 -644157938
777142226 46871523 -967284608
995000185 -418242334 107072075
-915383270 789531160 488225277
748195874 891227133 -721407581
595880995 -85854780 303957056
633955447 -694570503 -142486610
143072409 20835854 997199718
-109680285 412232220 -399474973
-635317258 670529721 407973207
451399335 676008274 -887771696
-471415503 -878582017 -957317436
769173679 -657816534 -978781835
-355742849 -302124076 -68641388
-297567198 738542527 594359745
-32555914 186880912 -934673493
716929541 191927904 471823075
-211659868 126703668 435871860
-99941590 -871438100 -694597803
993579407 81865013 -130889771
-811998488 503132751 783457827
246907160 -920799675 215117646
436372823 899899525 604199327
-888641659 950819751 277374854
416103410 58262422 -963839661
447746422 205832759 198278575
979966180 664173929 204435971
110998003 130257273 379691771
-222832381 480981201 -875865655
749574993 474790460 -964227975
996850956 -80011954 576856923
-995580046 200662990 -83807415
850163969 432447622 601446168
-253673645 -579624689 154456764
13114561 26807377 275085059
455770763 740082121 -224324687
-678339031 459758016 -556393396
485221737 438079592 173382653
-862052606 -969168182 -491940329
-442958835 876073262 -321043350
756813269 -861525200 175880164
315707498 511608742 -242446875
303356445 -842983974 -473379151
877974771 -146107080 718426192
-292517408 -607419413 867087107
351996251 -188860975 -553447860
678922277 -480856097 -387616923
-639649288 -949080498 -414305326
647939369 -498352493 -988926425
-424457009 -91960908 -574127801
-860125202 -630929211 -191850951
483430772 -976890662 -973023348
540585213 -90051958 955454000
-979519701 -959578524 -261358877
-249972063 -465219551 -784718743
446776476 -525961775 323980997
-799888771 608489471 -605170486
243983649 -979498519 416075280
130289004 -322364276 789751920
-237769657 593232952 -949994940
-783994884 382135506 -403831411
-873526846 -345673502 412258620
654938298 792451680 -913873708
-952252819 -375020378 938665137
400891020 -333439261 -987787029
-387939019 108051635 -295235176
-689112265 235162645 -919486704
907554143 -453652461 49089803
831049168 -982436892 -611171970
393887417 -625033492 99748626
508437383 686902831 270536740
968522063 -717341527 -491720193
935523502 -494168291 -985686938
-944078489 99711180 -922374534
29555702 -394122586 60175524
255165415 -883536981 952999869
-956700641 -150187446 -741999324
-491963339 -229097086 701777298
457086842 -977264490 -933454786
640876022 735176203 -326995752
-242456965 940251467 -224413080
515737035 -694320608 330984609
-636020890 986081716 -395168361
440384815 -929901861 -802478687
392451670 -122514616 -18457781
-334990890 969913589 -990649925
245542836 -588850341 463907387
-400302180 -603888310 -19202374
144041946 -384185919 -937204176
59465281 622589739 12412538
-157385580 -205296059 -586251225
-940821118 813385194 -712098256
452450415 -235975804 689996860
985541655 514180143 -398357536
-184357149 896504752 492457902
583550220 -321248863 199344830
-880143207 426332709 406541131
480212721 -639160837 656823749
-753579960 -308047734 639191757
592005223 -996383901 482237941
66086740 306607462 -226786156
-941543569 572135482 435385647
-128086361 -880176439 -55940710
-879282644 755489108 609100942
838969195 -506847621 379536880
-663062511 103364943 -315902047
154576010 -721996415 -658558512
544342501 -482085830 -576256667
606915880 -62428169 275710628
-967328363 -461512285 593555759
-905828209 462894001 -480615741
-931900928 -654118588 -408820140
-403806632 890022940 -518747688
-65812918 929947463 873501460
-703331203 -952891505 134830944
-718786637 -173722302 -289234035
664419479 409217750 21309686
-707581954 -257783793 -730180753
-312814854 -510180865 953209034
-147229658 -640880057 -450235886
837124721 -174275906 545020182
493007484 -155116044 -618165611
-453082534 -934912630 496793750
-238027532 49563228 -203973648
-314040963 -621065053 -266676760
649120543 -900747521 678702759
-396574324 136169354 -509006718
807132376 438667903 -729055688
179316609 171576900 -140726531
-935613681 447709777 471696778
-512060468 -232069187 -733693764
516250588 834420746 459344527
-87292930 -434116796 -955343473
-829858298 -470138001 482319197
866667780 828778655 -494419724
713991790 202460593 272634352
-802198643 979233483 -863505740
-647766432 178482241 -100958752
304239925 -405950238 -146123188
-228487054 471985272 -390372371
-137083488 -42044559 729771786
977437433 557994007 -78499097
564499128 703590758 249683653
603019515 -674882662 201421016
85446382 77724106 963513457
-950130192 -352446700 -369372170
799770084 547016823 -455587726
-957836126 817800060 598477757
-256535262 302121990 247216582
853354379 49957870 764811610
-871007487 6301785 -685175067
137818897 -534810506 868028183
205217575 -158581923 599008675
-717709621 -789661475 780231110
-782892035 251934991 590543529
131768513 -32496360 58433037
-610928929 -331061858 -970872547
82167867 654353580 -489979919
-900846656 -697521098 -990682091
-922162881 -368671866 159112433
-588353900 -753977357 198572988
758610857 -754235007 615406741
-303257504 -339305038 987791261
-677449374 -729420885 6442630
-756929011 -491028889 822205289
584079816 -849572601 -984235028
589417787 -231074418 -958395476
932229055 -119020323 -584936746
595991884 -559605425 971894706
-374840489 -294045202 -734481894
-309573127 56516626 465708788
-192479389 -692750111 -944388902
898706673 -956923171 317237933
660661998 -522807700 -252844193
7106356 882753886 -206879440
-237967494 455140428 -38278847
470868131 -804844258 -966572152
-453336314 920079445 -228785811
692176643 -989859465 -590969350
434939529 638538783 -769515730
-249534302 -482119936 -629092793
-617889157 135952612 723338376
821074929 -212753041 -644220007
-418566686 85439513 432034922
188416766 643990405 -99133135
412164950 855804499 954347212
-541264206 673754650 -965707213
619714023 704091409 -112686547
111921488 520510936 -465997390
963586830 242295105 -163445330
-184583665 -26181409 -469626824
603465754 261814791 823871203
-975892603 666372331 -636006410
-941217518 -548502680 -22865981
140855199 -746797312 878968995
46972090 -71463091 -520617409
276588779 -123490865 -945891522
796616326 -970451441 -365598579
5262610 -856237483 -502408566
982356713 -378644778 -977070138
982917018 -881529438 309051704
-25043783 -281549919 -950894535
670951999 -200144013 409902181
-113568953 802664646 481367555
499926420 173349262 -807827291
394532378 -748645047 25623048
-965362229 -867918379 416539729
432074469 685127524 998784817
-830870621 869950369 -982940234
-962492056 -857292077 -375624074
-772660935 -505194963 -347666554
-627174429 505088312 -888726611
-359014890 470778246 -839273249
-414736593 -294930830 -185757455
25624178 252152054 -457403055
871889571 -469268337 -925235966
60017521 923681922 253941577
-500648218 -450535159 -107060435
707357650 209291739 -798203346
706422818 -880677026 621383859
-859129628 -626707245 -173879452
587679760 -161101887 71786834
-71878350 -297324949 -757016881
-170478737 248949161 859997424
596530619 767567447 364468964
-987189920 362386192 -836513936
393761575 -193639867 -98787031
903011706 -272401951 -247375555
-501278680 571249701 663748085
-177080219 -333673144 947267638
204803788 499938713 -1152078
-775727031 -716439983 520195345
926830788 490689491 -944642557
269780612 709598453 347517514
-574757198 310531307 -332758467
392311526 739016996 -765870549
878562443 -623502375 523501723
313459030 -853719735 42852444
289691612 845157311 -875685204
-426365976 -804561973 370198182
-682248601 333627601 -576710538
348237614 203210352 759824604
-431292483 732880526 817632887
-638727535 -148560526 -73494578
-517977034 601514016 397924484
-881376480 -166414603 167615684
533283110 -76435862 731192458
-680822964 62893270 -272633840
92308728 628149668 348343533
-915426666 259146567 -6350352
967439370 -191861023 -328484931
36953437 -140174700 873016731
881731750 188365903 -885304911
-883534016 526702027 -356157405
-396859892 -10183205 158936631
-573069555 -508877107 655122418
-477179964 -16141675 158005185
-802526846 -790055683 -696204573
-938159559 -237283169 -755004219
496068097 92728698 -601289293
-333129399 -763198129 195300302
-181907348 927945073 915646723
-695454879 -409972294 291226108
-501508444 -336932425 712925719
-632548420 -969944199 470598452
-821523892 -935126161 -927993844
169050076 136922735 -923270201
-818081084 769919232 -993747430
-615409209 -86309243 -926603684
-843311778 750782663 -939490518
-449443257 66404669 -250232490
-124731632 -650251432 -619096767
-467829869 -301237622 577102115
47329191 -657632771 684965816
919647238 -670568755 509333671
4997514 658682703 815949291
-751618883 -965850572 -901122538
-997473153 -715890719 -922304256
689172267 558951910 511001860
647069002 181113403 917371327
209867990 -747573324 -997600807
272361754 209798433 -688726330
-80944642 -66666459 -521318564
-924392570 480544279 131886458
-265136734 905503381 -303399724
521553083 763827202 599276399
-97826557 818759253 -11493032
757751439 -421453259 767936791
-572211643 -630303792 -900699298
401964981 20954172 -587356175
535542296 282513230 272019915
272513604 -900620203 966710362
-989325299 -738465171 39686125
-675606856 -871128778 -89274742
-961576683 758952792 900007778
369854499 -988850463 824938399
-257011262 681565968 348733817
167630856 627597804 -902163352
-23091807 440132587 855573555
623788439 735113162 9818578
-441031020 716982216 806625355
705661805 -421091734 -577206901
23476854 -956166963 -71845806
-269058137 -703641935 488018066
49889966 281594300 -668632122
708447652 225061399 436947718
845176385 -345862844 -783150090
189866973 -609486209 221175068
-905424229 109109860 858531339
-337215605 -956625588 -288044345
-882705189 -949534953 691994169
-499649767 812742389 105313242
315947947 -632834626 -966276294
-221560332 -29500746 -930122176
-599663145 -948375030 -482369172
457785932 718484533 -685398732
439292954 -3056316 -958951135
307567414 -892080233 607940162
-529106391 -163470102 555867721
-919881855 -920933774 -859771918
977490998 105186645 -583170168
-993213025 392091208 904353538
-92923714 728564688 468537468
-921249965 -959286770 -97628596
33574341 -882231756 680809437
-151757891 121649033 708768403
429122970 -221746556 -659901641
-76625244 389194050 -883496970
-971123451 -973802675 251706537
178173397 77304940 -877191400
-243006164 -796432251 -762164496
-577570270 -981895179 -753708726
-203917929 196936157 940133503
-357408835 73732154 -66736798
940233519 694505338 -848593348
161325974 325310165 -580237963
-860078378 -814179089 233672669
-790389312 882553568 8017364
-827293987 -632812683 294819018
-664759623 695496880 281618843
623015577 439550553 -300072857
49941445 349277554 -971334340
93642179 164293947 -314297603
39502006 -484609582 441545196
919304779 827654207 -400246803
481706810 -886262910 -443990713
-204048637 -776782935 254536479
-148801774 531366215 -670507713
-575757438 802809037 -929648011
601623633 843428832 733126542
198668989 -981673388 437904287
-569623421 914350813 882907548
-129165651 242335648 -698953897
889685659 -296590924 640862555
201218668 -777335422 -735470159
87064335 992030807 -25174284
287478841 -304656108 -119901523
-948507601 -288928709 -88123550
-620516406 359288944 -912947874
7543429 280524888 -676147969
295354003 136775928 137146266
294813057 -434503611 -968228259
-935512758 341189491 638262530
-943258611 -911153534 -978093691
687798888 166787012 -88150066
934055467 169486321 -761936216
-695210241 455209610 -402077264
314584544 93404161 -179291849
38250123 -268125210 -625230471
-969340327 93258118 171353419
-624083704 605407594 -893965290
-322707190 -387180383 472692194
501188608 -210084920 204821080
-923189460 99486486 -854346588
-879662707 -889266935 -636312100
-207463727 -511555678 280733657
676139464 -276031532 845621698
-360111423 -441025433 -237873035
-938107243 -803913517 785369727
-729121464 641028684 34350151
427136400 414819954 -395101
-39528388 -645316425 706739496
-986830261 465283140 453557629
-927481384 110409460 -853596078
-872211634 -636928173 220990793
653857798 -231199532 624451121
-279024221 -309078840 -309386753
-905550989 905836185 -243473628
498395273 151714207 -289398534
896305324 -93190601 -886970850
859204593 -794468518 291701566
-46468633 78844516 -490781166
983428050 962490337 319034586
973916703 85991868 426746472
-477672682 -246489824 -909253483
-850320354 950132562 -658952141
790320746 221332635 -46067583
-531982994 619822492 -465364965
-229318348 310648565 965784760
152318697 -98577236 945335342
972696827 -820641933 893241236
498758243 492137005 -170105591
596166023 893768709 -666418726
-819999538 7388994 -361053160
-158049277 -225908697 655126907
-898111003 293916437 -916841872
-691421972 589360361 847344746
-863633952 -728870244 -417266468
-873323076 52651765 -417512036
818061951 280799277 151862834
-232307608 -230083427 660332861
933025692 502090328 631399294
687480097 633250059 -61694027
929700237 599135101 676306790
716191811 832701634 -960419588
903003970 119075889 -695314015
339228463 -987189918 -999041243
674240446 619410562 157112493
-382826590 -485668392 -420680748
783471592 -782963470 -967718751
77598869 357319298 -59199299
277854277 -247401959 564545161
855843478 -538606388 179549529
201599220 -994141881 900980835
668272604 557979810 824572235
784291352 495414710 -833799756
855757429 -233098817 -201101128
-597365561 953184432 -211589600
472097396 -5266884 -724263697
864549581 -711014402 -4842728
-991147617 -602114389 797861472
-888333570 -164381998 806254071
-867360345 516401461 -984744548
561166138 824775983 296802504
-633295574 -750587706 841687653
-722827802 861081467 744476640
-524128876 538643041 -641008651
-493837956 783317685 -648961840
-667421983 -108252669 -635994557
-916142294 -720871538 104522860
26564542 751472780 -536089578
-725718142 966514391 -916858958
-499793234 116417238 -118185538
438420806 -943360668 -558728855
576603112 -984660422 522640314
-800012592 -650175927 -891231574
-828449329 878027608 808941849
314482445 -38185808 225752681
-52065295 -934614354 -435069428
66101754 876851678 338733436
961444214 251169933 -254853939
-962217017 -126764679 379169865
973535202 -324245549 95649560
198944392 135362844 44434573
-627646168 -865031515 952429477
898908934 586252765 -126867740
-996690811 -538575965 789089718
-174572172 477143438 673096691
852004032 575866209 933188552
479629512 -33076738 -612152804
-716069699 889493543 -937938147
-580805727 688149215 827823623
888516308 -40060131 12210916
948299909 -866623753 613433750
-230104303 76258182 567464335
285087221 120404213 -418754940
76176822 -741540808 327265184
-902753457 391191419 -922383379
-880249956 954230897 841923802
-943450717 699606351 564294176
224240875 940091532 981441961
813381361 -982422873 -178506142
-244163261 484048107 953950824
-951853673 -532373025 47637053
-649525415 -567654768 -810860442
-829557782 47583796 -292653574
-642942877 299109629 -115326293
171743785 -986320694 -280422352
-523684799 148006526 -402795638
-37726902 -927768623 -28285284
-744302565 -410313245 39952084
-749390023 342411714 -52143021
-67896977 953253974 -86615064
551781432 786317173 16014485
-510537989 241831500 154980627
606241199 67534726 631923110
-955478740 886501666 -469436904
597974494 -364496411 730992656
898124935 160101717 151142666
957890092 161679219 -923179306
990471579 210457337 614840750
-276838520 735331857 -199516993
-845019268 -657566773 -990052866
891478379 859142809 -787467236
593600810 777082669 -458872426
849164565 279050654 -288622521
-783313729 -916438834 266908704
418341266 -313223726 796508948
370822001 688238076 -794736543
-204088655 -862029614 -299091304
-85300872 -978359246 -625846905
-606370159 385632731 310672546
-247803674 -629590649 -342360380
468914914 36486970 163835815
119623331 -254866798 504910324
-949376195 -598544924 -830058588
620058025 53102494 885586032
-300835363 -93667656 -556013386
-769297946 -838897345 -558266471
-322498573 590749532 67626525
507406735 654711780 -923289048
891657594 -377369258 856793361
-444948330 -95570128 -491762938
-180723195 -429226505 -535177536
-421916890 -836681536 74994269
931205723 -974940748 670364164
636896377 -742014373 -112924073
780009961 -799358099 895167626
-699047664 749118794 -773695840
885263106 -614780984 -467297383
928492437 -864879726 -617706391
34416902 -725724916 583472349
-248758933 -849680685 -509587837
637853333 810631275 555066655
888749756 994582734 -892247814
405218749 70837301 -110957631
-427552217 -261351617 577228132
-888892148 364456561 -326573346
-733860126 57244919 -612521228
310736267 833803494 -750917842
-804958067 139777550 -104250118
-997806611 -898451496 215228160
-560904042 -750331165 -846614084
-860307752 62564308 -920808320
-379586854 -997015753 31802369
-321158719 -763759716 545022607
863920477 325523230 887021993
863218237 326478544 -666473497
-231634100 -886038830 -901484184
-316688000 -997657480 -940119276
-293631324 227035145 656297648
46268084 -967219572 738830632
-492697019 214694154 -284820073
108980046 -565703425 145432294
157862748 -107626628 -812198685
74240144 -57730794 -225688990
322066713 -337548317 882340458
699968864 -943305492 318338979
278736780 491212024 -3542670
-29319545 982213966 300073805
668452095 -239502874 587235373
437852601 437284861 100809611
436663295 -611487598 -591243701
-294486529 668782858 477880604
-981921692 -290792035 559633251
441127016 519363398 374281329
353576189 157655916 -578841087
908240621 -867537380 -8054137
835275773 -146638060 302224990
-902710852 -499050722 550160975
-709012990 -545083890 513911349
786569346 216438766 -646159833
582409503 72339236 496234068
-915752207 763965451 -668140880
672781035 -309912019 72124861
746714664 169784133 609356069
936852307 -405614436 -30365691
-623203364 -893774832 350001083
695826645 -167478638 -946761332
-802926271 -438188487 -98205214
-411707461 -87181202 -779439418
-336464530 -117087878 -271236317
-411822001 -336502996 -958538382
78690610 439863151 -135252254
-525314309 -185749681 283943026
-824115625 -153066363 488369486
-745475875 -142144838 -38567303
-868970401 479145112 -83465212
858125465 903555451 157492058
568777714 -294536898 312828142
-422779097 -681675412 -522443200
-568016091 -104984587 959758254
-497319073 474700199 62423672
981329650 -572002883 -333312480
-952015372 -452561997 19071931
996324842 154501210 -32776768
-429065144 -745448421 227192830
608717102 601272701 -97329597
-292835188 735825583 925819558
683110543 -620603894 374327450
-970810617 -360019337 -229062090
-996428580 874370999 -285120581
-167906537 230821456 -938090434
-337066902 534937482 -756297987
270402236 854297123 -885095108
223756076 467003310 104960214
-628335827 450853220 149278940
722324250 -119645036 215793542
852299033 -301528999 -68255777
-98304998 -784361118 203386489
10572548 -481390678 -558761433
881283017 395716903 -727868257
167854197 73695538 -539992696
-825336487 -926515747 879678038
777528414 971830417 -112491980
788946109 589714265 -200549266
-194279081 -653458117 636771505
-825271734 -342429618 794981781
-675112696 695635340 -574298870
465524460 -908899299 12524787
753747504 288882821 -570170856
-470285107 861037533 532383074
327001114 -814014061 739319498
686652485 -911921589 -909111330
-864159830 957804444 -894495966
669141748 -26587887 229331403
-981234438 -496515416 -503611889
-399571131 520010862 541969174
-46182513 -274623372 900317511
772808520 683628076 997749556
621576162 956899061 -500403610
-782300400 -239490163 -393673640
885700964 521673256 -331858270
-613427186 752533573 -416796215
-732577975 -446035967 -308633218
-194961242 714491475 484980831
89330924 866614858 492016033
-834686860 -989045698 -304770300
-666858433 -562999602 113366674
-85351508 -232709800 603099425
999500322 452358252 260252494
139937292 281637114 656667399
-936017395 408704366 -900637282
-988640641 -925858601 -636775622
755684127 529282382 522066477
-541916010 -129179237 -504703248
-879977489 -832677144 660144215
-983849078 147315045 259814535
34396724 -813115525 -523878300
-319878068 464445737 376938575
242302713 -994210677 -909529521
866958258 878219480 -355344018
-926846074 137273680 -13928843
-656182929 -507210388 -81088120
-615705517 501510908 -344751434
571191381 841253100 571959872
-164838566 -972690447 -329762343
257361465 665340750 700643466
-498110507 944700044 -852837699
-906923179 -117038400 -913191588
592438464 901745479 523656024
-997624866 -973336568 -404264192
-221347827 -626045830 -411156407
-316753605 -96452377 -280735054
743968718 504473174 -358450685
-728515579 -488791998 -440975007
512936943 -426227260 -930985223
-31023798 -853136875 -8756179
395169692 748161708 -443255473
621096088 114604174 80377797
670734573 603880529 -687693766
981056933 570628684 777118542
-351599950 241501680 -202333787
344227728 -25855488 -458909106
-854411933 107692975 797564374
691460288 567339292 138358901
-382093183 -381579582 -437216203
833162362 -637026268 -214024965
361670112 422725859 -846233909
-677928829 -976674962 475686364
784017116 472022536 -552300489
-8617704 -788912926 -564071143
907032594 103126702 834366281
503583245 -196137998 -932313037
-918241492 -243819410 -637772049
480070545 256744484 -624308035
-25511492 -470206242 -486647935
-483153990 -645353468 -947592808
-369798923 466208791 688989497
-987002053 -931839825 162546045
-875849991 248285062 312177199
116003631 417253681 -921788589
