2000
389263830 -405935753 669574669
231558764 -947131817 896828872
10614352 -334835127 271062571
-709463869 -301280001 -402422121
-206698704 10932154 -536982687
-999203446 622875490 -227913333
-898072789 336971881 689463717
-667370995 527302553 229409694
-223794456 -692862768 132062784
-390582110 524692629 39417470
806788314 985945491 183151695
-846058645 -404412987 796267834
-691748758 -828343580 -477626547
-565068725 596024668 -97713324
-976866647 54361031 493020744
-323277763 -47942983 -162727105
-136819227 -208216527 879691856
912715549 -798353127 86409659
-274277619 -177726883 -871267161
-34311197 -718308291 -745036932
91271943 299101816 -154199022
-956484134 179507086 940080729
773762504 -653690510 -197114485
-694009853 -317341585 -547666865
-682259673 165114131 -166063145
579545067 773326859 -780007793
-545216546 914414407 -926493811
335381301 137521426 447710777
680019484 66604695 159753753
-958928233 841542140 -822397806
-210342829 150721298 61288892
347979064 -251350956 429039917
939363237 -976528885 441408462
227840898 933622398 -624251377
20944380 248077828 -174270584
728757814 -162408144 965072487
729064632 -738423849 -872724788
-226286563 -509664504 -886194691
771700828 -803130720 -712777132
-317631045 276561859 -854481705
968307086 -444719168 -813612759
375801006 -276986646 569042500
-594660447 -207820159 737494923
708200288 37899033 -311237100
572602222 -179221445 584200464
503872288 110700643 777800636
-499729032 -932864070 372620299
-73441668 -569037382 364349260
-126509576 648556502 -402938977
-560925755 -284545298 -653395621
447905618 992194530 -304265424
3628659 -956490808 -792577191
-392026539 -948067923 -170311845
-453691019 88245511 -247478516
791995446 505499988 872855908
21696398 304373345 -677287329
330270180 979050671 597700494
170805796 -698473912 -937161116
122972357 106136820 -709856633
580757444 974451945 -279618963
297288033 -587707949 -600106049
377819167 -148839819 390541343
260058236 939172555 -630400813
-889381207 -331021916 -904694262
872123258 194598225 254817039
-787471411 579330242 -777267627
383149414 813249194 -370857482
-3877861 -838535921 850115438
967980835 323411003 69957926
18082442 801778514 409340921
156843298 905227566 -956864560
-50229887 -759413557 105754054
-211345138 -960735302 -136914026
197257845 808146419 40769730
-571811203 -63856465 -886784280
533441253 375574228 494635978
-458320526 223120999 -490640112
495953556 -97566239 -943460383
759787046 296204959 915930817
313039253 -433983569 -6482053
-585208463 -157796537 -741196151
586546424 -122632958 216906150
-459456037 -560780662 -953908679
-477656494 -790390280 71415285
633677999 661946487 238109404
-978951873 790785813 -864991240
977753747 212085658 914965180
846987828 -602604332 -695588905
-710510430 -234924087 561635739
388548120 -182522506 -702513513
420137000 -670347467 965545047
-767319370 316257881 546507083
-392305896 714818785 -117089959
408207983 -342344288 -90290053
327594052 32194424 -470164733
-814033680 911618542 428545385
552653796 -781546635 -259539266
-180598660 -965660068 735223476
200515844 -876490010 -807472436
715973537 -890848901 916812710
-601414392 -80844183 367754881
478469620 -287792454 -760657721
-982672761 -909428472 -951693583
-668772250 910111468 -117555395
-453229511 -277107418 18172037
707092675 823608637 757364781
264482534 -783048527 963050628
596612582 143566153 -397790065
200862173 -897259527 -303448615
311210729 660136535 -596187848
-230774910 -490210680 -900643115
-899925254 428497097 -802590115
-943951434 68242494 67919870
-560474074 246791836 355377466
520527460 885044425 -977713617
250746835 -865404314 81849805
805798556 133674878 -686480137
-770724103 404099386 -465195015
534009690 775106690 -449018781
25563456 -952093781 -190380652
-922109710 -239932100 -353659154
-810122983 -556476565 609101393
394021873 467917720 -929365704
-793950740 -442990573 702870483
-914802494 -322497590 32970398
-185100667 -364482677 628182167
534108313 -568783810 -898028792
-427254787 743071788 -274727971
-815664579 -683373967 942073184
-672881106 529639514 337176966
-730037308 482819107 437110468
-677072322 -878288553 -863065359
912065468 -257665818 -930817490
317991085 522559443 301713444
-788581402 803197336 -808717342
881699579 670142005 -13494902
991784133 830370710 678696937
861859318 -861195360 -305667794
170420641 -661502646 650993081
-760804391 120217801 -885449613
998842624 514435105 -318660473
374890066 -881858198 -865255761
438489192 -513017646 816799715
736545995 413347107 -928592535
-636742166 391619569 -821906852
109495866 -745685554 -721248984
281513149 -589512249 -907891062
-39991512 -973492245 -456481398
845878428 76636332 -499820091
-108171939 -391906104 643648324
388452906 -350632156 352041491
167400005 162701885 -993689152
828213273 785128282 570819829
436716132 750145060 708917613
-748687562 61010682 892297197
131371804 -559212279 909430860
-793112221 648195103 -277093726
-181927412 -252617431 -886934229
-654235042 839982484 87698702
102211013 698300891 -89436070
-344733023 674893679 237660980
303197378 513420030 -867670795
-49834135 297831360 631402959
-101503152 251290631 530383278
595977780 672751163 341019259
854080300 174603361 -720779596
-309714803 75337880 158152086
381830212 -146773049 -626452634
692437688 490656121 937322462
-383918582 659821995 -402998313
634343985 -794849123 259097529
86731767 911065879 593014615
931309606 773869428 -761904347
-466193889 -425670929 623975907
208594928 -731729127 719053878
-632230691 -403731911 -772962235
282440500 342331220 -468288934
-509337559 -296329157 129611297
-578046801 613141415 772728523
-617446286 -669549126 -996682839
270416140 -779163118 921275627
150948207 -917414687 -915748973
106153013 786265789 -912809918
-142020302 -216580245 -904595790
-960353833 -994967142 -757617176
605129503 127972773 -624838606
-293184169 645186984 -996860361
-857381010 -556667876 -497617701
449081906 953401957 -395380011
-968920529 313837947 -766513274
-714363258 -924590623 165059106
653692480 -42393567 -204230221
-520552897 230851340 794633378
347647407 361453377 951362917
218634269 -701928859 293503991
210207917 324134882 557598581
-118702031 -969266006 581680669
-209310465 925875549 -915544874
-724439052 -898053615 -491391168
-624413675 -999514280 764746823
-706162919 -741816261 -835510894
728912002 -69057609 -348980252
-724301217 87223374 327926946
-323118217 701048818 666745180
833805895 -76423721 -356464594
-874622532 -828582265 535812455
-807271221 120669231 500280879
892094973 -579805143 -789667384
965394665 -896708560 -402513044
904437752 451019478 141058788
136146354 -34171684 770743034
-619161482 525754035 -315946083
-948476961 870924042 -547952361
223037899 -459946295 736099267
633018578 799051665 -451293843
-936506389 -408344228 885737872
-171278697 -761346597 54537897
-756588654 -170320717 -941929742
-880940492 252026812 -747991312
-617181093 233720653 889734808
-81452223 -378535555 -65000651
-705682457 882728535 945503265
927393513 -887761201 922181497
996130169 866107438 151181355
161977911 -395030022 603026814
-862260038 489716638 -930000711
-307574798 203875461 640458320
533662151 651391991 -954298353
413156041 290028946 -271646214
-896286880 -112085968 429526097
556916280 -60156846 548234153
-852148652 991967098 352753402
708195058 171436008 682324103
-880223531 -461467549 -983221232
407875931 -187745673 319465007
-965164258 761550877 835422652
993910589 842029104 -886595891
-923258371 -520531967 454914198
519243209 -529174142 -166338786
41115834 25796457 -258234669
495908008 -626235986 680633501
-233178151 -47837288 -557527974
-518907369 -509643392 251349454
-331579961 -487146912 231397579
-145232784 781610713 -990831334
425252962 -484675011 -807313108
999107264 397162043 -44049448
56023122 244147315 -462456563
-845012568 927433203 270292894
662452855 -731086332 -548308741
78251605 142331772 -78272622
-927924086 222739861 -469044074
265842356 -986132229 770246704
-76664223 -977081277 -983166187
-457582808 -691241186 652747954
297793334 -792366963 628529713
555338304 -301112902 174473143
821929227 683411869 -925636037
-479415380 960429588 -972327296
675446846 388927401 45770058
88175674 49892535 -785280900
694261410 333824989 -110605535
662496828 -136980766 869860646
541230958 -356019095 215658136
-409758419 -749761890 615033328
680219477 514120079 -912245803
650400584 -127975371 -72530920
764169790 249500849 483298469
295118342 -259504215 890994077
-859878898 787499841 197479881
-391719609 172103142 868114475
370133618 36236374 -850980894
-240498287 -812409235 607450381
-36426748 -979441115 -435726962
-233954023 -956842780 328275657
-686502282 365229022 724161331
595653978 -167763308 342795384
672486161 -83124116 544775478
-921695516 -473675330 -14538163
-236981488 -767929780 -858846065
52668961 -552026568 387108179
856469222 -155564823 690091504
173029842 367302266 205306630
-352190156 -721133858 -336872589
412040005 -385296711 847739755
62728852 611246634 -174433891
790516174 266188101 547778951
-350327216 -41491632 289031681
-137494398 -210393694 488225920
-751749620 357556289 -304577023
133738472 -116672086 -356758899
-792665572 -538952754 612574689
-522640342 460701867 439507423
791526718 -690008286 -489209359
-946776139 725050231 164361249
394399612 150638585 -597991118
910205125 -791636316 -940688125
-864317978 -635909605 22450152
-714541544 -321523365 516390368
651328530 -770030812 -720946790
254698450 637873227 838183440
587829978 887543554 45317405
-886110084 -940690535 215937229
482905720 197425094 -668484307
831542840 339361037 531651608
-971767826 424894899 -628920835
-420498930 191929707 -461150748
22214680 112324495 117438296
912161297 994958327 -615961959
715109377 -364603678 -110914022
508328936 675644767 -862310887
-953456930 260704863 -837487027
-46439081 -896872471 220962997
-935125627 -919532659 436289815
-964071146 -279016818 124350845
418812808 -955603080 -478923578
-880195014 -714224741 -412979122
724969294 223065271 56646248
-419951442 -399995468 -33657167
-995225137 282697365 889830154
185167140 140435550 -890305868
166332979 385830649 -418692877
-798397831 944779012 -958132819
-366079305 278173631 201582585
-143976425 40570616 -149288688
253638712 -559722973 768337879
754646040 -390994242 -311327041
-609296035 -137091904 590903374
-400196826 -358700314 256308188
-316397829 946295478 -101560132
323388621 -550634890 -612501348
-961141672 -820168240 -904106908
664573786 632026139 303966860
-111128404 948092267 -746408739
271046523 406080494 37412962
-148913463 -980683774 750178540
-222380507 -525047901 -610689414
-151900368 862177045 564212472
-110794546 -972386922 505935182
-723811063 815412834 851435254
424602749 608367658 -213438544
-190453577 999863799 -97214738
298579884 851852176 545103678
-248895141 -999341842 -906151062
-838211903 -828979530 152443971
-959269272 272624919 -442298663
-895310945 -242158060 367499467
377806313 651939541 658080512
856499454 -236217843 -926400110
461065156 -387904579 -70312263
584368000 -124271123 812731403
240708193 -91324869 478039959
-921149037 -406148272 -450495273
578016161 -98052625 917489876
936898919 -855432868 887365355
124691937 964571747 -284375273
436649485 167185356 619190342
-594229365 613088744 -333750896
-530056835 379791594 -582038854
-661654174 -689303606 456438358
-243795748 -204725359 -943910008
-186635984 -964228404 -944041864
672956545 749381323 934943356
-659812304 -867795149 -163929458
-179240443 -617501978 -407889510
426387510 -919063091 976430522
-6965708 -440397094 503070952
602081052 -921447018 -742777044
-890563603 601834229 -350365394
987576621 24949495 -494844054
57132524 688456563 -318335776
-817396556 33547253 -838713624
-290222516 -968967646 -815950296
-979849936 41971799 -99851238
-655298486 448905654 550601209
-297279483 -629285130 729491727
-252824060 291483730 -445524781
412168611 -948129794 -28313676
818645048 -828582068 -905645818
829889540 -976210380 137616302
-922953946 -382684484 -74740452
194302459 -368049693 -511989475
7493490 -699247244 -708902913
-258015167 -458429113 870645614
-116802730 -943807771 449319709
-591377138 -293605649 737311444
586602313 -929007812 639483554
821346239 578558517 687330120
-905440122 268100784 868155772
-735368703 -150647402 -444141427
-7157880 31361341 178127903
214379991 879358551 -45312662
973611958 -242961007 420471133
-219478317 -733067860 -738937353
790878646 -934645959 -164132214
-320998621 568584283 -551729323
203223790 -300577781 989055407
-102134449 867379072 -426694540
-479956226 873948872 36671481
-208363883 -256595354 -291744526
171223382 -547427112 507795424
988955273 604694831 567974740
-671953736 -240481003 519885624
-880672982 501487823 548880185
-197802770 -657358735 -365447900
-607779474 674976079 -179453867
104039106 -759853728 -483973924
-680753900 -532758619 790796181
161489560 -974304961 700122508
998039271 -928638489 -728751116
333829676 305340264 -139299702
-708626053 781636518 745027809
-863697039 -464182644 -769805599
173221707 447569977 -126856794
-981844263 -703192126 920416565
-921544456 -39114334 -959705913
345734616 -559663627 565011750
-956535234 -977814961 217450583
611587407 -548068907 107662569
-938836239 156500269 -453922632
-309197771 969136201 486702812
-807434921 -979210078 -548728161
-167416068 450323641 -230120946
-250090228 375221088 316888717
706825280 -448249867 -199258060
781539700 -999155388 85252756
247722984 -604796851 984004352
816771839 -814880723 -37149035
-179918973 -694516627 419598285
-895308116 -275069219 158293534
671031294 943097408 -869044731
863848127 -358127755 -715414404
-545242452 -102472169 -86987345
649634623 -965067654 -277908424
-765742820 -973058777 893744506
-257516421 717505440 -187032999
-915500410 -652579973 -118211529
607462765 125344058 989885912
889363642 -636710249 272307098
-989672284 -853719361 246264262
-644064608 919813669 -171762056
633338130 -895930969 721532096
439356605 -229202589 635725654
-887988534 693660320 781160267
-291805357 -975341990 671403963
-353838215 915194194 460858364
968856710 431791586 -617554519
308921608 756511355 343054406
-702295835 392685172 -842850233
707266765 872327210 -479435902
-942870057 -336485431 895503861
-994994759 477605583 867763715
72110354 806132153 -692905610
-238221612 -278797354 -119667246
176670684 578176757 -875261419
-628523131 -21138416 97537836
943000661 833194542 292944890
-970610579 265772598 -527196711
-100517919 -193011159 306754427
276235070 -53899555 -778344393
-225131001 -200749748 -845873502
711550100 770269584 -5260246
-569200081 -757012241 645453674
845009344 941348457 620061060
744525870 -996449054 205074180
846071699 -971660150 116629484
144054229 -867737990 -77878647
-925744858 301585837 -371310489
-574334266 -620375367 -889003640
471588188 312351515 232794978
-988008971 907247232 883649498
-150968479 72022121 187448480
794008797 58289802 -772502538
-988880013 178057102 632520478
197315373 -85963151 -409919043
-293401495 -309470292 267618844
-346858149 -553456875 -412107957
-838669727 -703966660 -286163103
349136811 -972566191 -807330613
831224305 339038296 183787349
-324135842 -899175355 541053954
593992881 721153077 -863041550
-446918206 -171517153 972431796
677228974 -491624970 -916475399
-186227515 405189354 -390927877
557561794 713641340 569719806
52543382 694755655 480501491
876144661 -825250843 -817214653
-60862953 918613498 236605010
-62932994 883978255 -129360145
-329891505 -867195455 -323053822
-125955411 -508533206 -964213919
769490597 860608011 -608628199
-590819338 -837263347 313577967
88296038 -991921793 703970804
-818225333 -559096514 728033354
-345095382 544161213 -161732346
899600387 -253270131 528367757
-960425745 -323936268 -62080298
851041457 -963874886 125910640
-668417151 720031455 -791743215
32330278 -265742210 984730436
72760600 -746628304 -675787931
-250197098 -984916713 -578064078
-539071131 -398991608 464775163
264596457 -948525297 928027174
-443725516 928654518 353753121
-251183595 -699805550 592620475
480284415 378677412 -918374666
599082949 -726045948 717460426
943523531 -553995278 573970086
-933770826 -183356212 632959743
-637924031 787378719 -348370072
-415703132 -932540318 872525401
695320505 -543067871 -463996766
-874617364 -873654477 -936798445
234668306 -795326662 -156351766
711548237 961175674 835586024
964020953 951610251 -601321880
-858039135 -863535677 789470896
888673535 733462157 345069961
236353261 469537382 974556323
642258230 786885140 -688731515
821237676 285365182 -196914227
-930614477 995595792 -637509061
-454892222 -535418414 404107125
-356960465 -791347477 841560368
922066574 310028159 872855825
-993324181 -918720152 483896659
611154503 -563254592 88213274
280916534 671749986 886992184
936797221 294207913 424928758
-941251441 -963088677 -991738212
-345343748 -887962628 553059217
812778937 -169723384 -839920561
-703201754 316271055 -356749086
574737284 530138069 -864667360
-203520544 743486784 -801493358
-606933483 -87289423 773432677
-947557704 912292947 -883638175
-92823718 -477864356 -253184718
629218431 79960888 -833491064
-269772485 -786867491 -5935043
-908804816 -565545522 104139003
329137064 -606044503 876923796
-455782681 330979629 -586974603
-523116013 -355794003 693377274
-313507053 151517631 325105504
-801604062 -646543302 827066975
-616933143 -920879393 -97830946
-185253741 454048065 -311497710
885930651 -130445168 507090500
33987694 -979712639 -732569651
-972715255 -974576837 318579113
-426696825 883791565 -972659852
-584067227 -560844254 802330629
397917703 858142139 -987451750
-945327578 -179794292 431183161
-894750978 501959189 -475080498
379699276 614339491 742425077
-998406772 229198783 418572739
-529474036 573680202 154395204
-561541859 -969086574 47983358
-10420382 -905122356 -875572055
286061420 -717849356 704603289
-896140115 -186577626 -920378704
-157051003 770380031 678187803
888767680 -380516061 353805943
-116044068 -584861639 153976195
893459714 786232757 923650741
50196945 -528947236 726774740
-422244225 939646716 103109413
919166913 -167422343 36431325
306572337 367950336 442608738
-12745886 406213335 -921878613
361377790 -440823794 -514624069
648271080 -818865848 -660899619
-932032139 132817129 669497198
224304830 -638380006 985203205
-252562760 840302475 329764912
390497282 -912151872 -999001105
385136652 -158776025 779823834
620297332 499380163 831837150
-238323104 -907432007 -829602777
459434789 694635210 918851763
-878861025 161868445 972370771
-696286609 -966321505 893616795
-803346674 355770991 951532640
-162978482 924854361 944717282
242471664 360816442 39614444
3368492 58618854 -232345539
801512368 810440003 -265756286
-87134708 -728984285 243121698
-680987054 464718884 26703611
-921917637 -140357777 -139970632
-605141226 235371289 -258628676
666440355 368145640 -890943383
-965931522 -169809073 -573203292
-892316116 938917472 -445323464
234152023 -252502418 -34869368
-298111203 -79739274 364674429
-522581750 -345049937 -399863089
-727867470 -136757407 768106866
-945304388 349883485 -254995658
-640114591 536886523 442830686
46901345 -621834907 -498440843
204227635 -876946364 -885744679
-182701713 -855277147 -172005502
48900336 -11832226 -886349472
961265665 -833135678 433526919
-932411629 627512300 -765052622
-899468152 50490350 -794574099
-682641356 -808391049 370560547
664111143 481834875 -961278041
-545598280 -716660311 -462528744
554994546 -726147438 421582393
-628982097 157750268 465783821
-992916233 929344594 -374258409
355191712 -888034383 232747465
-228531934 -935127800 711581997
869020570 827205954 88322654
895950063 391926042 -639864649
148949985 -314823631 800768304
75786147 477981898 -576998886
808787856 -814785287 -326058619
-537646895 763128372 61490397
-879606657 44016455 -401631508
857690728 -319422881 746392954
475204960 639401575 835788417
-11750950 -651453301 -672291375
831171633 -523868160 605712046
-659044683 -545503953 -802969924
224664569 -950859057 23853363
675962704 -888895958 -326927332
-838181928 -358729607 562137148
908177752 491663796 249615387
-314221181 625022315 954964860
-994346194 184839745 614421825
-40190892 402636425 463217535
302156816 -334409217 -279245933
413046993 899198053 43908447
444465485 -810069858 849829836
-974849440 -811102037 58464145
-421298738 -954873446 -188472578
866764303 976593732 255253752
31807434 -351465447 -919651425
361057738 -174835609 -901616545
-475613989 933057374 -163321371
708201884 -284680851 727582705
416474763 -353438395 943173655
-177643413 883080064 442064550
-897724809 -957057878 -37692959
795598131 -484517038 -963405096
473206895 171121558 -374949814
416288691 803001756 -954704066
660382924 -304143918 -300763368
-950192710 708601803 -397592569
-191415851 4935451 -66757273
-374369322 -607716676 184949922
-112883578 -989186670 -343697428
-499970946 808172170 -16028979
-670877160 878242947 96722527
-347649466 806431903 -66988224
-269662679 827391212 526283199
177540363 -977027104 -242958846
-660076 -515216696 101690685
-483432203 -362463919 -908962143
-104106286 485225746 955352144
-794681976 821381333 772331915
-3392460 533227149 -795588131
711852688 -674550159 413354533
-542316846 -553587724 -185232546
-611290452 -365175925 -983207134
-982257482 800945960 888318342
268484497 -732434777 765753170
456780239 579256769 674981646
-915375313 575661691 570967180
476553936 -660862112 810747697
698324058 -558272020 -914619907
-211897338 673215512 686707774
939458200 -829374657 510654948
6818060 72201365 865399834
-125927805 -275511513 769037323
-849310116 -451213110 -899053266
-394595106 58520268 108292425
-931591630 -874247083 770901463
-353986226 -879268407 -599025575
228906713 911094577 870754116
-953454210 -664076380 -963821288
-984062568 709878619 725087253
-968830519 -979511647 889884609
-822183245 -853597961 439962265
-3629707 -726149984 -597716398
-276459686 -177110028 -685748537
708425810 -851000800 -797672095
-703392346 -328227478 136044280
793488134 469076837 -915053712
98056769 571312393 491598716
-828359262 -17277295 551061793
301027169 -170582265 -505517618
-763602625 33128919 528920663
-759786918 -88737222 -964679836
-800093005 415354913 -291835214
352812609 -951076340 -623897051
250853352 -853019000 379887918
-414486950 -169802383 -287919358
-553052321 182384340 97270925
-643371705 -304391679 -968669268
-546559558 -861987756 -990710408
-9846766 847817492 -832004233
-798014292 -852968582 -636423313
-972369058 -195739761 -317495691
-460080077 -807730155 -861497703
362719420 -228012232 29237742
-904859289 531374170 -823441170
15404735 379847359 217316988
875631272 743452780 761025293
-735949474 -79929566 -258406576
-495569855 343691210 -537979165
673302007 -116258157 -842208477
-690203245 -691496660 -176946406
785807505 594650725 -948049145
-90532355 206309234 511963983
-673627227 772844985 83165731
-33385365 -991290490 489920028
261813279 171479009 -770116433
-794538733 -621994562 828796330
-632685350 647146923 470505754
-560925394 -915976064 95700734
855101023 -418922207 -590447334
-267709990 590017066 -141926614
735150630 917290945 363619968
-627367716 -226664144 -412568405
-739930456 326302230 -504779561
-935228668 746827085 -557814447
-397466478 -955414260 -200766798
515828828 -251572521 -851616560
-588671239 401515092 230202132
498142728 898229125 -655409158
-822471733 -437815459 269420525
481474065 706359101 -234732255
908760265 281570851 -551552748
-547593546 334940267 -892822986
637684042 834418986 -908155279
141694 -911832450 -841860362
623671661 499209160 -849861921
-236712497 830842299 301104998
713218936 -349723437 -362607225
-636012413 -891508777 -647651904
642675295 529712704 -464605276
-264235041 167698276 -771686202
-294237634 773812014 -213580080
-345528247 -477566572 -820193756
827485947 -989734426 -982618094
209951201 -861607445 -927630848
349162678 543960060 -328908346
788005557 -695936126 -210996681
-565428100 -671161980 784810470
-723798778 869306547 -147777541
-721311618 -123388698 84222986
674470041 -759694647 -1486659
-777023436 -10782003 -229232055
189151815 693075700 447756037
-523232345 -880287873 868275284
-961151633 149094196 -588063863
-41972187 978561499 395240849
-812103006 531137707 -964190747
-26182756 495398768 -964802944
159026546 41037721 695000751
-515945599 95482611 -942742968
-969059641 -246951506 -589658577
-598970437 431958377 -906749266
154645143 -340000515 -314194556
-899747055 -392099069 -209609853
-560025130 -276624942 483072511
380111145 -341976383 121443659
-152038630 796593810 784504580
-37300444 -195605417 -148129023
-76017949 104753509 -553730023
-858838764 268711483 207334442
226574227 223430558 -223957005
228930650 -752962325 -365424656
390037484 557974552 -9761854
-957406141 -985173964 572718923
479317379 -193851406 -724338075
306949297 -388388513 -180590013
142676494 -930206012 -825117848
193566302 191888204 923144398
-940110936 -548831377 145318333
-795086796 805467915 -292545759
726803786 -724590977 -733513991
-603378063 228861077 658903776
-822002572 204843648 724023488
-919350378 483289630 -552408722
-226644815 504204135 -539657551
-502357538 -783778137 -559894461
28771575 233153275 663603600
-72019134 -276284566 975373256
90507838 -315932631 235558135
677667556 -272279733 -987385265
-452662488 851958019 -169464665
593966263 632240996 471967595
337084346 952391072 194103110
586494938 573394730 437748613
-29034943 964763941 -142104546
183134930 386416402 -898530029
-796962157 -761331582 132414870
69163232 251607866 -674861021
-687681589 272726259 -867044142
-825206534 -888011634 419614058
-985444456 712792380 400782677
697330442 543721213 -859888668
-13504686 449845224 -606600107
-746752558 561761008 780111478
888114083 -780866194 159164900
-793032296 -304158038 -319942380
834604180 -531435211 412954447
-203247070 973991632 795438452
15621215 392817277 -298618355
232919135 -857495441 97296990
570373537 -930290627 874351625
543926669 778849493 -532633759
255882178 36361421 -561393628
183179472 -705397023 -119609826
716213648 76098379 -341568917
-910355948 742612109 -367568146
574867905 596313793 288894986
-398896285 419157424 -834200746
-907642504 425735212 854192038
143929048 -811684438 909991084
-400225359 840319457 -979175116
421703416 -29167111 -565428549
-389743756 -984634728 -644614237
-876457636 21258664 557841629
-902246062 -142560216 -871665831
-91596695 789154215 601855498
832770559 725231863 793915560
592665097 -788572464 -910077948
68229240 229043711 -157385826
775270295 798442035 -177525755
-200852812 427040261 -372803598
-17711348 -444949041 -191134487
454814463 701888656 -786796120
-988619758 587326437 -437340448
-245414367 634617979 -981179930
-351924597 -995581984 -52032885
-752584997 -559904865 688449234
-827488164 -140503848 855821520
431694200 243795390 822754680
558608014 -559406454 -596364803
-271506080 -257900238 -672112366
-809477829 34497724 -223361951
523527520 -399885464 -730991265
5675929 -161819883 -412456360
-624504277 -124345385 -310108785
217708665 -923859084 592883931
-205040599 777386082 890845806
388045182 -995388976 216008943
-589811132 -684030958 -881318072
454683384 545616935 628455543
-967382221 -927164517 80270287
970994591 -975810803 -674982144
819135688 -980219722 546281896
585742714 -52772880 -885343733
747795171 724554534 -152784399
864277709 -399387906 -50605354
-518232515 -584483472 -910707641
1067468 936244136 487242213
539190412 -649098364 -975758079
931919367 948041152 64843532
-223204467 -45952119 -475047235
371055639 397225960 -515791501
521544249 -907358613 -520043509
-771317818 283870506 -258897802
-46565028 775004221 474145606
-87963084 -999172504 168697368
-507502493 98103020 -484684633
-982563108 -969909183 -925272049
597028262 -315128135 588005272
-46331544 -673467571 -952143917
-595823154 -304725909 709563668
120689520 615307430 945695143
306461192 955668486 -192787008
532600580 -980502171 -659082342
864198150 -303148472 -905321696
-852869713 856662966 -629486204
-443394874 -707169244 773275253
-439689856 -937447088 893467295
252565835 486511002 614765371
-29037846 -988188488 -550004515
-88719956 -951751960 785570840
249941707 167388843 -846878397
-866779729 531056031 -914717849
-396495242 -634983058 -223667662
-480397116 -862129477 -643970283
-24305452 -317242545 -472444902
-917098355 933706645 -181081732
730135878 84145683 -271955629
-527644915 412725861 -412250963
431534902 -658803917 494437879
-469761043 840941488 305081715
-377397937 -561791988 -86346237
-87139092 -392588859 490740397
-335955804 662106152 556177833
-853142932 542201483 88985769
115499105 -493238284 348531615
98546130 283645426 -806990573
-799469861 354886048 -41391509
876668328 132366697 246079480
225793836 351740668 -113426391
22972256 -528347980 922569063
-783471686 558063922 789827706
563450304 949439986 76101330
267614971 -29864800 708119026
543523381 746963855 751416137
682898956 744235966 -142588546
915114885 42665288 -311045160
304685624 -545786579 899179832
556203270 17379319 354800699
833110231 -734655792 -778310880
886170836 -48958548 -754214433
-957011577 -918396324 -144567064
-967610568 -568877577 991751212
-55084229 -843251982 348222459
-852762741 721714345 -864937065
-756985967 -260336824 -925705787
-864796393 -877541494 869195544
500160138 277199969 -533588957
-907347588 455730404 429730959
19997071 -417844215 326026060
814002024 -35901796 -686274800
779758534 -798798916 -829497388
-518589630 -837573063 390134268
-841591849 -919417718 742204090
-603405898 -222733587 111144525
416033652 398446189 -931065511
-389332907 -444928648 -341138689
-15655259 271864938 672051256
84176640 43161941 -177712123
778583516 524809913 -16933064
-403003948 193037214 -40737250
-114646032 339285055 840759025
55114611 858138363 -757835142
-101875398 435561698 720094809
358403892 -913997584 740735598
-8568733 -58005544 -896750437
-417457691 -40085701 -955188954
-503945269 724679854 -684546655
-48645918 -56345939 -969791363
-857057887 307569189 64241431
-212437803 -445786065 422749283
-507378520 -10141998 -914849521
890630380 -202290431 626516373
361782773 -924997040 -463847745
197324610 -65021338 -675600536
-766357526 13520642 -465635142
909698221 230925207 -407888759
-168272967 -433585098 593791801
-646681112 711502173 692936266
328223289 732798999 -192800827
-941846330 -54890971 -267503918
-493329853 -980195459 670985630
-402190261 -187967805 -692913235
-183890470 132709948 770690492
638700840 -642429135 805649058
-564768303 -139052778 -806063395
236753212 974962353 -261464831
-913201755 988493678 -68099291
-646121839 421627356 -897964632
807504744 417847029 -506765894
728660915 -430098144 959878350
-616361057 30570459 541506143
188575587 -259395104 445829536
-464180354 260563782 -768538218
421210100 874103484 -578231274
-838479937 601529243 -796294787
-947884901 660003007 -993599035
713994985 -627387354 -312100710
291349874 273342945 -632255708
218006870 634115916 775313535
403257879 -746098668 229878619
326130597 267393689 294044582
-610336776 -511727071 -472150164
-860374507 -327605158 -874595107
-808739279 -325530752 -149667389
-544294568 67437342 531443124
-813017865 -760156292 648227496
-171396434 -944824127 684852543
-38182501 -531858861 -660167710
-802417220 685944314 703409626
-189352665 -444657915 -987258297
73056391 -538132596 -954333987
-499137536 -453883518 -340295962
-806022820 640226830 -975383298
-911877224 515395754 298828855
202475234 -616370048 -33979812
239325730 680767781 527002440
123918343 -917691819 -754345039
175716478 452456522 -293810851
-301666604 -591355714 995113879
457013234 -867390785 929294083
-344324691 594997087 101532033
-429858957 443509266 -957506085
-907733697 -344075365 499811101
-94842933 -599515258 -257196505
-990199626 277868846 -875785473
888570035 -789831338 -603164392
708398557 -953672178 -956627216
62726529 -20722729 -457475337
-989752452 -533671714 613083150
-877119539 791537416 470559879
-136754720 271360137 -6141091
-94306462 710719471 632272761
729345322 -27185223 -957961306
737685287 741309888 83942939
52570131 -483914396 -285008618
-126906511 -824259870 992670671
388629831 294788951 416015231
887174233 987681112 808207427
296302301 -807873187 -502327139
232074747 677144961 263244460
-962821203 -219883351 -302856755
141687770 695107080 824147600
94558176 -878431229 -676279102
-489643030 117051137 -256115428
-882386607 -468188584 -167119745
-947429474 -515276083 -305080974
-344372137 854280864 697885597
955267548 823366142 275407966
-612199061 -854509704 393803515
-883688626 -652673348 10289275
934404330 -838643920 -545112359
-232760976 843569075 -802574437
-638694266 -370867070 584812122
-145037086 -384317713 -250051456
-139181503 -431648205 902815800
457165625 -874275535 684200225
322058518 -630100013 -3981551
833452857 -963952465 -10259162
85917765 -399362878 -170603864
-364666779 -797390214 -970730773
-974224277 139570100 37005137
451946941 -268450351 564894791
992115225 575148193 329427957
-894798308 -395055009 -737102184
510718364 -890383034 -864794054
269995250 168197547 863345530
555184338 -404136695 879948966
-33487412 -664924686 -445694258
465536928 534287762 -985629844
-50214659 -352871122 -872976189
835724908 -326223913 207701588
-132385733 -847563458 -280690895
824414381 782477204 232501506
117229662 550153853 -930253310
691701825 -213804553 -469562713
-472470333 579208864 -900027914
-293921268 548463353 -451654341
558210969 -78004095 914972279
-130391137 -338096029 -196246609
-673732156 659904061 904514165
-956864292 -796690973 -309984008
81815136 -48859332 -6128792
-7721380 710967389 -141066036
-975261808 -252136654 810560458
-564432387 259399091 935134350
-982408989 -504693448 -838666850
-619178649 -981417743 -531506464
-283988261 193401919 968475203
945560928 -975446735 -608678013
-844332264 617926813 402693218
348214145 923322616 757767799
-199830857 -417618253 337847865
502840851 -188146644 -379768961
-5409132 -926343560 408899312
-200791883 -797689871 -958774161
-235401243 -946432148 121454901
-975452087 -862564026 946565313
-210521661 -423021556 360632789
641918359 -365007491 -955606793
-5447344 -340207218 273539307
-761565823 85862191 93453155
716792733 -926620729 -943799818
-166171542 -295507163 -618544196
-383861662 -206268777 -858610053
115826619 921009070 -428723668
-585334653 -856651410 -332150968
-297833816 725527556 804841764
-736264535 973482734 51961981
-329281655 986364283 -108214338
987074592 -829010811 -948872230
487153207 570244332 -382987754
-186412154 57216777 -720089270
-26113564 676619819 -932196794
-116259148 -142949014 549098782
-427776690 -979408839 -937175149
396845567 -876061340 -216607619
-219375867 -171547702 -997826368
-278195595 -855298475 428074851
-132898464 -474971101 339693853
-997386444 161587044 -974927243
33340140 743423472 737790258
436965306 -158417337 104996709
-980625732 223612190 -911657209
-230833580 841100562 795654248
-991538517 459895746 809579723
668314273 348149253 413551396
574988473 -674799360 -998069450
-445101522 -352100835 877265904
-995336399 -298561505 277159696
-977923083 -615487354 864267691
205430074 -733878559 -575703842
-986060455 670507176 -151196848
-999582125 882846910 434450337
-248157189 -423706565 -513022465
-439134058 -690126619 589165281
-505032322 146426517 -997371025
573765617 817925414 469797931
-69838865 757129215 266310582
218504445 -787796813 -670908042
-854177335 -391295398 147644474
930382032 273840045 594515974
-619428744 521403341 481555665
-345186379 -479139505 -270072314
963869770 -927707715 684377486
755896697 101100311 631835852
-371782339 -401317875 -213264168
-453223323 450895275 913201140
118035687 -911928671 -272358690
34937780 289592427 -334308300
213637845 -801603966 805976231
776944759 870958051 -865988519
-899625926 179466586 928993319
811049687 603387230 143237420
-855083309 -808062273 -768145018
537900386 -331441168 878557200
-302341398 -238436084 -845571395
-628133322 -910297650 219541942
481980467 220686358 -451121820
-365446473 545660483 -842206844
-324474709 -492786581 -985645166
477009969 76571515 -395314964
-427748005 990419344 217700613
386130556 877546812 -379196326
18663279 -50230857 -977985222
196339519 739865725 692232726
-715607354 -188299309 -401361938
-398771888 22400478 414408674
-297081187 -615924110 -832442875
-429841699 230558261 -630739436
76203845 381152561 121914129
371663307 -457613617 649835423
-813928650 -514545503 -431501204
-293915801 -861985766 420557660
-741305282 -167042509 147204168
-921996091 372830416 -62593617
-458811796 599699217 316255107
671024093 -648884426 -894610433
-714006944 865621876 214054467
462200439 797505938 -323207357
-949669756 40892373 -142457247
482439524 525659946 -872706785
65541054 1575705 -352978643
394705213 384849481 -573701048
-865654683 952503008 435492300
-690358020 -200180304 862283647
26384363 824320553 -544679573
-694557233 874506097 376248890
173945541 -70717025 -19280251
778389509 788100403 52850070
-404691830 -968282462 554197030
-938905145 186792934 304767007
482692303 -77235185 -177237776
-943078943 -948722603 247406720
-317327039 300068372 -382561742
198783980 -879873620 802401084
-683774752 -991364311 91433842
650495941 748503131 -311265600
-430224018 827502857 -831655708
-64260778 -100574496 720832414
428188110 -888056622 159694336
-532823921 -501077727 580118749
-588051842 327495072 181953289
-1865821 -746838656 -12299687
364672541 9200477 -237048439
640788468 110263787 479722130
933110387 927072255 202584816
-867249457 -914383473 287392394
-964171426 101438218 743600255
-528381896 608884852 466103771
-907751380 444935599 184126645
563214909 -59406621 -459162239
-947762119 -697573596 118929626
281509160 95893181 -984406240
929839816 -276391154 -562245940
-650630088 -894096290 -873926539
-891036357 -950919721 150358102
-920970449 679069164 711081396
-260864413 391981023 212655858
-902292479 -608285783 -848126475
618102912 -282217337 900374866
441933951 285745876 -952972823
613913055 -932820942 878444302
-805377600 -160483651 -373188873
546899337 914668386 -492545600
-284598816 -113238460 -843434993
936042840 705067712 -154761052
843843664 -217530872 -853867860
516206321 -518001033 -942302021
895738898 -868095148 -255891554
315712588 9743713 701070892
133919271 -133691319 -939918838
709487979 98583527 -739410263
246191028 -240009650 77253324
-900185326 -865260572 -173939121
-986243367 -96388742 -662162241
-563595952 970380501 -140720969
-921583905 113375796 244815880
617288503 -581953251 155494072
-788304363 -605560387 312183016
223119678 401113076 -642721064
259969388 269925904 616904832
-853286599 697096298 -843033716
764628352 -934125004 -147366632
-394969411 674973256 385197970
799974055 -306687437 903467539
524129159 946681821 366082118
-882856443 -884828404 -866983381
964272880 560163238 -845271804
517011853 159836532 -243203688
-127816954 794326291 -977680807
-926590526 970474087 -395471104
-982259648 -885465279 -202576401
-74599232 932961120 -623118675
85666677 -88773430 -381574860
938233160 563832619 229344482
-984780301 805790374 9816867
-619709773 -240021481 509876975
933435936 -169553 -980961550
983632772 -893361452 196151186
-63833486 175309717 19483021
800987196 764339353 -925130913
-140693098 -74332231 63815552
913342820 845640455 730741080
552094016 -33933347 -467275341
-911815632 -996702127 692746607
-955328490 -834145255 -635706448
786131052 245710508 -882011025
806385124 1958109 -825819425
-21568811 -224250023 267130104
-522327746 -983379060 -597267830
200864038 -874145904 -42446025
-975000733 478538239 -813125280
-986220918 975636625 -635322369
-953995699 -158461844 -311565366
-676073465 714571063 760245455
-657342842 -929169820 -299108734
-67805588 283959468 66502849
-880135077 -664274453 -284154053
140732954 -982402012 318071180
-362803281 -588059163 -534533266
386731179 621982676 -40192624
-459276458 850709446 -294596582
193374754 -304760599 228127954
-892789481 -383094922 917203683
-732577679 434938867 -146703044
100029477 768769670 819739273
-857982056 152503963 247972999
-682904173 481886632 55187282
-650718356 285107624 320610076
102446311 908426072 -541173845
-284317305 -175766457 -979784540
581346141 -209531951 183301443
592305968 651803909 -514884822
-557160703 -190131638 -875428672
-160331987 877429071 -677425785
-62824609 57057610 -22506731
-812489035 -954319742 -2149339
75720550 251867760 -923775999
536321633 -83080641 555571038
568108610 952797312 -132521863
194973771 814006283 581053455
33157473 -438561203 549488852
-669301215 909759559 -255123085
-857366510 -704515869 -519666876
-108684429 712790291 141160539
896887866 312214031 -945181684
-57058945 -474858746 548995147
550465090 -940441352 -340685026
-425070937 905996810 -364965819
-218683651 -881131056 -467809767
380273035 -708905149 984180130
741429340 345280326 633649655
459629969 789092958 514542895
983945173 -624329799 882177969
-974858076 -881953428 333900899
-928469982 182917835 -485726567
833610998 -338716926 -807943287
-445008904 -889499205 -903081007
404819103 680561892 632839130
-956484052 417321921 -50934591
-712344738 -414220998 -470081179
-978619944 162182419 -371604450
-913870389 -732363048 908478892
612705960 -466709821 -683793913
-205995369 188939296 -850203330
-977225938 632830792 -813803988
391680502 -189945679 -847870327
-32395178 -571575613 79388477
930530180 828670344 522585332
-102864517 -444566314 305697937
-478946928 208645465 -808577600
208807507 -548700843 464167472
-61057286 -525377224 -362973404
-812733282 431631465 726023841
466765676 -938986952 -759616325
368397559 -968330006 99327360
-148239128 -513498270 719870488
-995858925 -27858565 -106061635
-430983260 -798001366 274370888
-99558465 -938816820 453112863
-166693378 534065656 876287983
-451702773 990220001 -915844465
-561262186 -936613634 -882823140
-811514463 -865885719 -953540484
-822424659 -168814237 883440118
-835306494 -651666932 283165507
929012620 -812723634 -159846848
679341320 -866155423 -952839965
857960324 -926886648 -821844157
-506738365 -297855249 981499573
791871860 340598311 -805995559
-45536632 902799781 885840471
604932934 407650071 -14051697
756736011 80882851 -942706174
273084498 -937598445 87618323
-296910294 302817811 219513398
939198511 463182454 -419688967
-896240283 -914970326 235282978
-895198305 -913569278 202952184
-344727363 -467881726 -698315057
120547521 -421653492 -614704073
-794857405 31294005 -545483838
838890846 -834746973 -303429203
225502980 705124631 -559225003
54904129 367228225 567841188
-279339911 -914892758 -226492518
-881682329 -337491661 338206654
777307055 422880653 841978829
911435962 -572520814 988679010
753266913 443320461 -457210826
-84479241 -142674737 72425835
70120789 -281647400 -932171480
126416496 678711560 893377876
-770967326 -355963156 889953480
-366500683 985710680 -327768148
-350314735 873141478 -35849888
127561614 723374297 161976209
-456485672 -971957043 -990513195
-140877759 -500692194 -958805111
-919557436 -913868023 -991976341
976839834 605736835 300213315
-685133654 81368219 -657129862
20871077 988131286 -224684896
-913626066 48083973 -892584832
-5424380 381803658 935699396
202062119 -788465872 357166191
-927298407 370040804 343471470
556321667 850569650 -426092716
-823446090 270728105 -360415048
226086227 242272443 506911870
25035816 375441408 -542487766
468542055 514494893 -980467699
254658673 -289451294 542964153
-880176118 -339701810 878676092
421853322 207404505 606109927
-375380399 596804722 -413365336
-424024770 -754165027 272170962
531681768 985642633 -660867784
719364197 -656890019 840969149
-869893925 984366274 24354970
-285121083 476132504 260657182
-692065205 -969087469 507837246
-849756537 -858939669 290934158
-391357894 -755115107 841303082
797150752 -736161136 -862725824
29943615 -993289251 591326880
391105876 172077568 836362528
319557361 -24936271 -258548587
613257843 -778358907 795528503
229075770 -122234839 -361357501
-386878115 243535601 -512605568
126203995 -440218792 448712778
3811649 -988098282 999581179
-597743505 -118386384 867628390
-977125786 -79512665 -382699280
588337593 551621856 -326861508
-297450142 727335013 -567926951
-272086788 187954583 -375265838
44334994 934741075 -759255656
360572444 400136595 415602742
-794282727 117460967 690797140
-636506671 860395377 -936077238
148913846 -152171246 916164797
819397143 -970083533 -874153588
-109451640 -899192760 -535434547
-950321692 634538449 -490472417
671781937 378472596 165051910
127569038 579186727 -940733440
773936591 48045906 685124874
-965386317 -867185269 -615376558
-140209112 134309094 -166645830
-933911043 -869355035 -172068941
385748410 897001297 899120874
-871196206 608518360 656821354
-464450068 -739805069 20493118
-785000967 792988612 -923845640
-774421092 584641987 -31875927
-773814869 -354804073 715881376
594102876 -937017784 361870324
-558746757 -546680539 -899571968
-353202597 -275927480 23453742
833860343 112562437 405241040
-904846033 206432369 -535675856
-512153792 -48938562 -14963493
754872258 856988386 -657993616
-550085772 -616070120 -989985123
-562869842 -323884501 887889080
526488185 -643481369 -450135689
-601883919 -528515852 769568081
450735212 -119931372 -44054082
-822957178 926534274 879773274
-73312024 -961852636 690434257
-704030345 -694387781 24792872
147189621 274066330 -197729144
818724812 -87328423 -3689804
179496544 -322445827 196722857
966110310 -420455336 -185955246
-695527051 464883105 649996443
-902471954 -177631251 -718183432
535544741 -914391795 -198024022
176048931 170060706 -901791425
843331678 774853561 -560493749
-931484764 733983720 -549520096
-986921290 -721835109 339814661
139790566 341754567 149374115
-968128891 -352874946 -240770601
-163519627 397581474 -260549914
-446532258 -336502667 -496700872
946159144 580304674 494608169
-396528371 688542376 363525917
-911299765 688547848 324738998
-267409043 -7031106 766359833
702340294 167020038 369697235
748398605 -625100702 -138169138
-914923363 657544346 192018557
917864754 -202235839 -561546494
-889444444 563575517 161337128
-968658862 431130488 854007759
-51386572 -853910463 -387107724
-228729294 199155326 -247087677
-887637292 -968943338 -330900026
-994151915 -585640070 -224114544
-354112253 -986902842 -901555519
-852475963 825632534 -671097237
999397164 474347478 -658125438
-7572986 134510995 324481445
-5455491 -754452129 664847729
528367845 -193802316 346973777
-125698087 199336272 -117896583
2737384 659680720 -903680936
-43689390 865654470 140382362
-226126543 -39281880 -855445937
-87712458 -583032831 225122874
308459098 -673603009 989531689
191144702 486508169 309772201
-693269928 -524590097 780043804
-974797647 721698231 -524525409
-417177503 -408296955 -389769168
307984467 920674026 -346208532
-239788739 917007938 -837282890
769626025 -221279407 -979708371
380071857 -970141181 -278856952
425248782 109937730 169939616
772194821 966098095 263337959
363688144 -3289304 -465704138
-395137872 -734712616 -509441713
-363056256 -850364450 -342202298
895151864 -289933514 799952553
827435860 513863386 -105202592
-562825820 59104543 20839236
-347359670 -877244883 933916788
496068933 -491706298 681771345
-821948977 -544031008 -601485384
-933028026 -886084219 682295899
-968367913 200335528 -266121986
-974550041 318213719 -743779017
285177985 -112435444 -213878914
-907253742 430668538 -509268758
-871452732 -988712418 -71178174
388625258 25510421 -138871736
792889704 394923425 -965950119
311815741 860149582 -55525282
-870006021 735457964 930461185
767369773 -972159532 -829999330
-778831608 -786469938 -820467596
-871648241 234584428 416647780
740944606 967184654 -658234908
-867922446 -618094968 796425555
-795674529 554998041 359809516
-217367847 -80486109 -389577854
-647028097 -777670071 -855685781
-397036302 625373960 599218759
139554245 -728871458 465167057
174994563 513236732 -102157837
-972345432 -790695511 -144093420
-220534474 -556216799 -601790623
-219799553 -188380904 -958600416
166527471 297615778 218266656
637001979 -535050250 -936294801
938609494 -912949442 -591864178
908302848 -659366572 339098805
953480199 546245044 -712601227
510918518 944573226 748045232
395872682 179399932 -72399015
-833306508 741399045 785836836
-311232047 -379184959 -892283194
-921710037 646597515 -523783711
-864001305 -652003561 -186469252
-14197362 -631477779 -870596075
-181271012 989522625 -233396628
405503099 687203160 79954230
473145339 97850718 -802977389
170221354 -626032647 -638371933
962325893 -372039900 -830709936
-882994203 -413890656 -5584852
492381944 371606380 -84453384
708119249 -299506760 -986494045
-441779039 327744805 -858179939
-605352036 -499888997 38074990
-484456502 59322102 544494938
-834447124 -744663696 733063263
244914219 227364642 -940851577
-651151169 484933866 -404623312
427553689 537005387 365311533
577985479 -871265817 -939361043
570280425 -183110431 348511231
-50371994 -950089509 56949409
-422420184 612794873 -945951118
918659944 600841784 -222846804
-897473150 989623030 417207850
-595351667 -386400700 110597420
212643064 10923857 -501836534
-267499992 912527352 -115466410
3043419 -116117094 -442404940
391645337 858691912 -20240535
102310678 370843658 -215273716
731645316 -863738905 -91733427
199662402 -135792773 178595512
-330344925 -879100142 498212862
444366615 507448027 246625476
-657856695 187032047 647581483
-197535943 -996971780 -989179109
-360018809 -268695822 271549425
-936919748 -149801342 998267735
-245977860 -653456539 -121857876
908136053 -70559940 -920547748
-29253871 -989502260 -388094765
98687730 -976412264 437975510
-569053868 -233116892 -617735679
72593019 -512282370 -10723309
-825579941 -616019508 127078239
312256574 -246293442 743650503
-87246782 -451946411 -911095435
-900909769 -298271819 206867607
86624844 599246666 -745671684
-462468976 -360761139 157313897
790397429 -696871640 -713672167
-900452580 -988113534 -714093049
483440841 -907717700 -443047942
848262701 904263130 -107331992
-851634230 -906695799 372664701
-907204584 -863733024 884072950
-437739237 -303458979 696170644
297545307 -865555044 -517497604
-300386951 -315394365 -539054136
189288125 -574252597 -873987808
95291582 -123479577 20932249
-922039004 -763819732 -354012796
-945651756 -720290391 283575950
93028551 -792475677 -867028742
-464672669 552082927 -537507205
611186579 668676535 -544344699
843342302 -216919151 -148612277
-891352524 53663624 -956634872
509529854 419285460 338787051
918848405 -880251645 -423670363
-375681971 763090551 -651634324
423075467 94158415 961621213
-60040214 68847665 451600519
541364606 -975821828 356840704
-412377973 -749942141 -966060412
885118231 23428610 469159974
-867437144 -307363178 -721337051
-914399377 262388191 589612863
-466490034 581769541 -365781673
-772269080 -894131856 767971719
-90983671 93135167 8796512
-350198115 321766815 -365870921
-299187334 315268570 -130590332
328168134 -608281323 557167819
-995161319 620611369 -31031445
-946421391 41773453 -962840215
16467696 563247900 464237861
720477635 -565984103 635569200
-467889431 -969228926 -807959483
-868510379 329829432 -898470221
94942881 -429719445 332122330
-559894148 -578108304 -213503501
768969924 728446109 968206981
109055906 975742943 -103075140
-248040348 -714909562 -902428292
-542011849 715551094 268202030
-412848318 -907229368 572751258
947767045 -226118270 -296563857
-624885672 -966562991 -871017147
-300992968 31261898 -888272258
180981944 -154848539 584638860
-528547667 539974655 853526333
-4758899 589768427 619732725
-650702177 -637567126 210193431
-353082709 -609773312 252458876
653298054 -75664283 122521020
607475753 561749253 -547042548
896396540 -981696923 -98428427
-479596202 257831731 151613456
-179297096 822833657 -617654304
427657482 -637127678 -485911949
-541796968 996735695 246299537
465561782 -529307497 -413876060
-485192797 125071741 895292454
-692005984 636579979 -449673095
-839489913 641250230 149961043
-232674068 885353751 -399514118
959276840 -30738109 -990801656
-184425009 -806565034 102233002
464552092 533578386 -791495210
-570492995 -82615404 -240890683
-648909379 840970945 -653980702
640247982 -496602677 -846258847
-688707702 -124836688 -55808584
889938427 -616546213 173508633
130449633 -188176381 -978781129
124750256 890492058 902053889
607402783 746224144 -110940775
-22559071 -956730215 -565857998
69972065 -378273583 613407797
-416552315 -171812758 -681658880
456893050 -814082846 997125130
-572180941 830468442 -219538109
-766384489 -913243912 552694749
535833044 -987610739 -874642181
-382811534 -161786161 -279814941
268647321 -444370633 158827312
428375628 881044564 834253142
-908006748 973871869 -333491301
-440430306 -587990224 -522284070
247548879 329304066 -347772773
202945257 594814159 -121331992
-830478435 914569476 599364307
-549910809 85913694 312207393
231113039 -957324999 -832473165
9180984 -445599558 604784274
393068863 -256957084 377837204
-502010301 -206788269 -470522631
-202869618 -121268520 -985601315
92646805 391651193 109658326
664027808 360033698 831290618
98597455 103897769 716946860
-24841923 -8569407 -888035257
-865125007 456829123 963287325
575637572 683122522 625426609
-995528878 -338247846 653548635
-279896382 -142628869 694875457
-525463094 -354253199 -274472508
506315502 395855688 -228045747
985778165 113123894 -498424848
-932501465 222061700 -284606465
-232699844 37571082 206230281
478205050 -146242171 -491646909
-551992863 -776084145 387650471
359114754 588058440 92214012
521614552 -994365104 868933905
-19549740 -696703563 -65674325
-921947384 607465603 233037252
-495586738 185822315 785284612
-52715954 262717697 -502152890
297044819 603772000 -889288716
638308673 4541888 -931663630
-630205757 -959662446 -218460291
-657429125 889500363 -327607876
745521539 738657174 683235347
-26924168 -265452741 749795065
-749786506 -865158727 419904480
-641765747 -311514013 -830098389
-898331855 138756793 -542135902
367271119 515133108 921810328
-299325310 588090802 176220315
851365531 727142035 -86760785
886835808 444823212 -66922790
-311157571 413772462 242023346
212530858 175785862 911305201
678612808 494086987 -106786920
175583456 -352463847 -77292220
-669066310 -45993659 407868766
609358673 878995925 -687086804
-324882310 627379042 230350785
497788059 -5806568 68526967
971225880 -969168855 -150746119
-293697130 -981118419 -136212234
929221222 809371355 385231664
238907296 -526587127 -927926573
100676268 -854589711 918067203
-890255399 491081928 -482776716
-779898487 -931843478 821101148
-919314585 -691015107 181859190
325851256 578551174 -891324420
419137116 -805020928 -708356786
947474055 -991429067 -527509132
-304960486 447930105 -904143131
-724710656 -33604010 -871846010
870921625 -851625292 -371349940
-966276560 412794475 590361177
-648694957 172871077 688234537
-937104873 377571428 407774257
215430469 -862368334 -829880880
447740525 -108358250 -277040092
-538287738 -873626028 679071267
-907120082 351987258 375536454
-965341430 455631026 312262936
-501688912 -743135967 -529762415
461992470 459866236 -886162782
-964349480 556345672 -945819399
-290891603 444991012 303362664
388373774 -794226047 -403696654
-65203723 83567048 -221673205
-869003817 770711876 -107780140
267347587 666757289 -158388692
-349050453 195859591 974529546
-156536092 -497636579 -888198977
-542125360 -655085402 426312347
430310606 -63289941 561846406
-930772032 -889002489 -186292520
257438385 -532739793 -320820192
-898132575 592117756 -446464213
323296951 768441730 392046618
-330948779 27129778 609956741
-525877083 -331799558 249441914
-771844761 -246684998 926197035
103590775 345856074 -874027444
270540702 616776926 497025456
-793041988 130502850 -104459129
783616412 -873558431 -999492006
-210015022 -509719558 -295407758
956933964 -448213128 746632029
-658488947 -379552350 -527286478
920032706 243930868 388813217
20597564 427616061 -898767004
779717743 925183728 -966125810
-608570789 -642305779 655991341
412581362 -494215656 824329924
929315397 790389841 181580512
536207151 347225520 -666559937
-156139212 426855464 775854778
-771547556 123133158 632862168
664547062 169102886 -694084609
637542317 -980086436 904126615
-996167100 563501881 785121100
-791092549 -931372328 -259625439
764131788 -156449202 -238131934
632858677 -631731038 -20575208
-424394729 37786932 -856598201
56174250 618542350 724379501
-839264796 -406288985 -613140361
-880359791 -35200757 -884478590
977481224 757294722 -142710302
-860083719 -9270368 -868617934
-856694946 -670609398 24936572
596875491 -690558839 391150441
-167091355 -157017476 -929725254
-538412177 -497420297 969947937
-48019292 648379217 -952279367
-493788952 86761037 761209656
265904786 -882063554 -806941887
523513380 -293331437 -117168275
165463027 506367890 -564088666
-113464504 19173872 486297436
-170052934 881528806 -155061761
-952577089 48589828 -322865434
420621723 -385695240 376180862
901969252 395118792 -863403150
579478765 -930207453 480757455
293641520 -268093145 -989580988
-998631738 -361684231 -755080329
-418638322 -915993083 -673132025
-161656243 -730721321 -931137418
698715620 -990921728 -799946987
-48758456 612995703 -914124292
733729818 869213287 -411631761
-463106888 -933484575 889493723
-798244492 -702272723 -989366360
502071292 536698059 161987390
524772893 858332420 -502538189
-1041619 -875235484 -686504231
-330963051 -155304001 730276934
-448287468 -224852207 -553230514
-898546541 838184377 163168037
878096517 -76551068 967700503
609554916 447623052 -182753221
727279168 419348979 -185614122
-785673026 657421854 156043416
-953631080 -202620089 831139234
491074970 680112683 -845347752
-101953432 48135144 -25527606
-345707175 726476203 -174039052
553224086 -6927254 -212736188
-406449280 -311080643 -973829105
670950981 -425764742 -916094164
-439350461 -952623525 -482035093
-757226173 -309978524 -153384691
-539259168 -763387943 394275712
220122469 -195040464 -807899164
620407522 -657685759 -617315129
-710014075 -161950885 -362095066
654382919 -704212872 446059165
997935567 -979633220 -556358275
-769610505 508015234 291118974
881165724 47455530 -749640442
-548656505 243187715 890281723
955599655 -15786595 576029831
-255453134 -969875251 -589986113
-726199432 705922146 635910332
503339425 -445124117 827773356
-814556443 96278598 197478717
-513160140 -30163916 -531061656
380405738 752971976 -595019773
648388875 645104851 798303029
-704165936 -880678148 779783241
-634644049 -980877395 869872571
-604324824 -841964321 267417806
28055995 -413066669 -58302036
566210653 480331165 -995152959
-548787050 -514703299 -172557285
-341159852 806840078 900503182
517316554 -909347920 781797877
80900701 59184612 -753271766
-982508571 173060211 -481631740
-92452249 -244918052 979761428
856732395 365660209 -722722816
743034982 -709469671 -100048866
-367748855 -199685093 463989067
332515731 257005808 -325674234
-120264697 -453031408 447897621
344923755 -125383014 742389083
-937754117 -621389208 -591873707
326027027 844785157 255108389
278744975 -509464353 765614699
-244595276 611815433 -885559914
58709554 47711742 -427593190
-516360276 734087983 91361723
31190094 -427897287 850131004
291916191 453515647 909269646
-204311554 503052726 -743249225
-425218697 -430598308 -927831589
-765510986 -995726317 -818506349
-18798217 -199044424 -159917956
761847060 -281895945 395237925
740122747 -461391060 -894399428
-209709226 847638390 -100041039
124974943 -670048251 811960538
61774144 -934803921 -200579799
423380884 -939385516 296997464
-2114235 42768095 406536176
858366820 -546085869 -588618582
43133149 -958084868 -901382373
508194878 -287507098 110929167
-83663107 667576053 947838761
729303266 150802103 -15613779
937303532 -132192609 28671659
-240846028 312477872 -913569627
835831998 528687065 954960909
985800175 -429070392 -865654339
577975986 335513865 187019193
-191794574 -852645105 368299060
-122281611 540380205 816864183
-364485232 -439813636 -873304212
-489640895 -286731241 693611095
-999694735 781752825 343016360
680525904 -622798912 -872776965
-606075644 70647693 -883674154
49173290 -54192851 447636681
609947921 212458982 561034156
709647571 -949566877 -871360259
-862368360 -853491560 -126582884
292264442 -55663860 -965019292
-704486932 -924194228 -326645898
-546758742 -252288393 806977480
-597777181 493325592 -994903049
-120257352 605871609 -191577673
-152288356 -782237030 649462928
786304484 -600256293 -225515954
762286845 -952998506 999933516
-865693431 538181984 -732587772
-972101468 -183780503 -739771406
154631529 508153897 -916437240
370721201 747868572 771230774
81789729 -534747403 189053120
-971709594 220409528 -860403771
-730334421 -326675372 -884719572
421892536 -24991425 -73977406
-173647474 -213887925 516855985
-764125535 402607879 -891079097
-24661135 -749737589 -143921221
-216071095 -113959634 -216395189
485897927 -598484753 -716951258
-676955294 -769892180 521264752
688004158 -589090506 -726992609
-336046717 -651543102 801367620
106462210 -858488047 -848242632
128567260 230598861 -524717708
483066116 -50592471 394149876
-492477271 -805896288 86898343
837933929 -799442647 829388748
-239373855 -992258065 -925105954
-267963575 -694748293 -129966544
-995420267 697655319 365880674
-551013761 -812156433 -555016146
604878182 281113314 -361019032
-25121394 -960220202 -970697415
-989333349 -929759639 989483382
-929206982 553299718 -490887860
827184052 -627475910 -632987803
-825137823 -292265252 500865610
484709580 710175018 745436764
-121277378 -29436520 -931879096
17264722 -697471632 872744745
691757671 511133344 846704498
-60919562 49525485 -270751845
-519425457 -91430686 852097939
-920953384 235104135 -654598764
-73598629 -955579472 772500159
-374691067 20748766 882248040
-498044706 379211801 -966164416
-968172181 -925577053 -885481882
-386759259 -917687364 -132268246
-988216355 -830551538 810171220
266764049 434623440 -349904339
-292939884 791907251 -441325108
521365181 522926023 -726649139
575407097 321086469 851197309
205462651 -120210368 -988670550
-863888523 -57731798 -866731222
486501358 867535196 -89105839
-119646724 -308798516 606772817
-825084305 -41191880 982768607
-997789129 654788282 89288164
-711910736 -938423222 -771632043
850890483 107921392 -281102947
564471839 942826601 -62798918
-854706418 -32574521 -399232718
504591636 952523952 515389506
-979565389 81873438 276019753
535511987 -894822523 797265669
-616064623 -294209948 529506420
-629710594 593718449 -230265060
813081459 332265565 -861315325
-240148647 -455217314 439739980
-916948083 -854371986 633640413
-477031285 53867228 -687670994
-52382027 -927194151 -554451448
392900671 -158065504 -449713209
994346087 296324635 904602986
639841874 -252059561 -228503168
-3842191 -11947574 182199515
584863129 -356175734 947548022
-921873851 -704757009 163330478
686876310 -283435434 -497443925
211840168 583864617 128083152
-279619679 -158994198 -702530366
-854963579 -807407771 806938967
-64781223 379530245 -992115896
49459897 813965335 -997300055
830247819 -836688637 237376083
-37108279 86432198 -492029810
-956821832 -593859465 804810486
-211121824 985089956 -223688312
282569634 -50558231 -323205602
-822832433 -873653279 -790869094
-302777501 -362207859 561591225
791407014 -468901716 -955736217
