2000
593058037 -616165164 -689956235
-633787314 -239404043 -39780003
274614032 801301679 -593789893
-498038356 -722310149 -53930341
-99563598 37943253 324813843
-840887657 258277545 -954869067
238012041 713231428 -222325888
218567416 -329609930 753148243
-849999907 -891548024 942878062
456613870 -17970253 150224399
415475459 -686711876 383331952
-760647396 942587468 -174906143
-929828298 195412704 -366374761
-78060457 509887042 383409200
312404683 827233071 549353525
-432352980 -545284500 976244441
222970797 321375516 860756829
-938591880 -881728312 -441032155
-848444853 -719872747 -42072717
816706594 222221847 -786799350
648682760 952876850 -106196102
-505618134 756618190 -391380984
-29401123 166616362 -277129418
968635231 874406326 -848814591
-16294448 23273077 -877798887
326536493 -178269039 600386633
896827568 16813177 -40432564
749714800 13157960 -10964906
-344057293 184535576 -920524115
757655477 -804112888 498986133
88601726 -216755981 -4806136
743270204 860608961 -467670054
-308158928 -10989794 620758500
267853401 -946446395 -447315239
-950028318 -917132454 -437299120
446584106 631948845 791861793
-571634551 667213961 772105777
-369650890 74689084 -923226236
-245918901 378042171 -710428414
-187613414 -189207033 671880202
-892321764 297194125 -641398332
-891871038 -683550200 -961379458
450630376 -141161391 661056248
80267856 205379201 -997492068
-615217027 -724861200 824953315
-205724115 -711935795 270240750
-43252709 541098165 -330460659
-652102658 110237684 841496028
-396210639 -981017341 510550744
-166009419 -463305912 -423944936
631009907 922111855 311594342
465604517 233976438 -903729541
58093785 -479232414 -544164395
507947574 -641809068 -605485525
226632122 330862291 632896987
-194260043 977493866 747489069
-562156881 -250659771 448111100
841355587 -243585055 471320
880032987 -887698329 527169658
-276561736 748566303 733492921
-871296507 -939637820 -985032673
42965829 486030575 633979580
769071578 -237224336 932527284
-909938420 366595458 -782256769
-183078282 -983003499 8613592
-912928334 899019886 -892538863
-628081099 290677398 -913833363
-973306346 310107451 517922803
-887933884 -974584926 -705513602
-889519677 -365560517 -781675261
-134287642 975098784 921598495
-40539264 572607767 80899118
90027227 56844766 -787296111
-510035790 -955550268 -215311719
309632935 -482755181 503602280
-803094131 753312463 303836358
998665922 -701533461 -108835443
-182180515 362134025 353271987
-870216385 -297969131 -450984264
583814494 769778760 -362540172
125728595 -129678424 -140988234
297113796 237953912 -870252242
-567511092 -846048721 -657349579
697755584 -47728403 498859944
-215689153 768446248 870158787
-943699900 -996707465 -567480261
594554097 899547676 -946935744
-828658818 -888328824 -715213314
-534917715 -695366531 284744736
-881056260 -698362118 414867454
-960461686 -721694725 537868128
428130264 -707036965 102036091
-263699280 -246352236 -59773617
-798031035 -865510397 -927307693
-263806179 -952464845 -123582763
-231680059 978130345 293025044
49750702 -600554072 -721911699
433208604 -924620246 863412726
-533361821 -261703391 -259248289
-946007917 984834205 -760301118
-901368693 89281246 479610542
-232552863 -863071584 -695042423
-720927957 -295157584 -884922848
376419276 -171499780 -922232613
-990388626 -555020359 -430750978
991909050 850795326 -293874188
526042720 878268197 -610647227
-858143490 -980134650 698183144
-934983070 551863863 89790493
410775189 726404762 -779646762
-332116830 -924702079 376035212
-972387069 -526432399 -455266549
20317200 749913026 52393391
420833493 -940751063 839215075
-245269712 -920249909 -331614428
993136298 376853141 -267114119
-978124971 694518817 144529568
-724989720 -809627415 -532459546
-638656414 441613272 -631365121
915694094 431818058 -257530097
820258782 82336585 -322647570
-451398672 -924029528 -344639127
-362029420 345421517 -69926528
-873284945 297719409 651442331
474774583 874232932 558356634
-969713743 -539471442 -521577200
-35872181 365048455 -124376628
379832897 -858884510 897559430
728543865 672950757 -302796183
-320610255 -717098285 -978988964
-233414717 -485532998 -775343451
831543386 -483552067 -864164236
840558845 906045863 -941912833
-237729882 718511267 532829800
471869819 611927236 -13073769
-946979004 436175926 -411155351
655966635 452028634 720301198
966290708 -913466669 668791945
622270402 -27962399 43564641
-677874625 324699433 443917504
-137273615 889735486 -780804179
-230641918 840628868 -71103550
-755082616 338046397 -888679773
158796912 263164576 692370060
493357162 126061170 -995386498
904223951 920002620 -432126171
-40108294 10258461 10033932
-710909825 303844285 -643207611
707997767 -739983013 923643044
63949149 -150081196 605516791
-732086867 215271958 -682200344
335248026 -858923018 665715551
-566335293 580283928 653372312
-954648598 925701344 -976013451
969694359 -283146761 463999733
676312203 103729107 -739607555
731933558 236917640 812099153
58252369 -776798382 864315318
828757073 -158186532 903473273
859355724 -423564934 -905395064
757149219 -329228064 192775181
995058620 406679501 -904088698
-518328742 548087460 -837400725
-804313264 299920622 -876778434
230536124 115712050 -646931518
-564128408 -833637444 457291827
671866737 130881692 -141451578
-953517732 -275381907 -868026148
-11340969 -4668765 492275395
502334706 -986566817 850044677
167372996 -504818368 -432119290
-750137903 -497009661 363362837
-572533537 -986360854 -759352470
184683426 -234196642 940258939
299939146 443022371 955874160
-873169271 964234814 -617130110
284140433 -921735077 827858676
-440426460 -855272892 -488159553
-192758901 308186331 988699887
-890367352 297257052 -466411940
-532820723 852318248 632553600
192927931 -403606805 75280415
-990688322 1280776 -927656413
172419941 -763138829 -372023187
-537766273 208141536 -888243908
-499521055 -447466584 841997498
717577953 280337752 766935452
277194450 -29013241 999338567
-560076633 -315371147 915384130
-749422501 -418993165 803409144
826182305 946381365 -756354389
-972886220 464207022 959404361
-648707069 -780968733 -622125431
-224474863 798848700 244549175
-456588061 781331580 -426668687
-154364579 451977471 -118514803
-64537662 -92227779 -320617172
-911023058 401162251 -340227852
-246174003 144285599 -166662469
58910315 924594741 -785847330
478375846 5383520 -155452572
-541984668 320489642 -159450349
895046618 772245502 819428621
-211642360 -965061859 112589808
-901967224 -108989120 580386687
194173312 -327624224 290400153
676339806 315482688 -587665219
378414797 122582006 263352610
514572191 758708317 -458698410
766354594 366369689 -15578819
372041736 126486561 525530182
315136887 329574850 -80009434
587423052 810963900 -583271358
-878976178 -900194599 -549699069
-240222228 296780521 -149296041
-443513889 557254268 919184942
522530439 -904333754 -199835741
-938057563 124018893 90962226
282396063 76713431 -965505619
-240827948 279930900 -968037358
-955655208 907320306 993151596
134624315 -593780178 -783623854
-697701757 -275499540 -554412937
27632272 176854270 151759376
-548017428 -432727452 986351848
-938559558 914605685 600719042
544648519 -393978641 472621310
818123778 404003050 -975391983
-115166677 -248473246 -335225639
57525331 49947925 578160218
-433524285 -398363712 -967374524
-984275858 884838327 -803712547
777583110 -90830738 348687184
563232830 -247267031 -503377134
32752958 483762151 -97045002
-514006392 914020509 -602516784
599057194 176360704 -973653624
559066297 -247828873 -107200457
-881496534 1399129 669189355
-971347604 -865679835 848189268
-532602524 570303574 -186774313
-202485549 790202186 -439540673
348976501 758136886 -909534591
-145442192 141525086 -628270864
704795040 -864950055 853936637
-129458862 373724262 -672437644
-650657130 -223351686 -324585422
24775659 946054359 -753420363
-999658112 -178727293 -99459904
-639227692 480476290 835507829
769371667 -372318985 -380076937
654560584 -111085475 -81690603
747237857 -867708659 945091058
-882117984 814339469 860052920
930768847 -550308140 523355405
-688016414 -972746556 151710429
867291898 -278153479 -780426525
-425843936 -958137739 -602322066
-953012236 300274528 850219149
-349293959 806127610 -991688737
544370842 39870331 173560323
674070132 -409056381 380732673
994019320 235460302 511224607
810971932 -255514865 769652467
-439475 739247527 -707936363
-874299982 380705657 -98206742
-545416540 -668496331 -309446083
424743232 -297911016 10312169
654890162 -919478829 -213561957
848480038 820277876 631689819
36841870 881236296 977432363
-970706187 -686145010 -196576098
-209625651 -926490868 -515358898
-975842520 -118374440 -405373178
423581317 55394411 -945755954
-729098318 418431319 -637709219
-899998090 419423643 -133773920
-148927232 -859441232 -666048420
-589092368 386686620 -183883745
147085361 687620760 548866581
-859119055 -927955551 -815451196
426977495 898324080 223451730
356315517 -203066055 -895791723
906757140 -143445310 144378793
310306534 456952141 250903487
-139614430 -670095632 826076642
-538504199 617445501 -692196323
-278096925 -362530682 -240310503
616077034 -809227822 323583594
-586519754 -972208913 549866515
267371616 619986980 640616541
428609019 -660669283 452912166
-858912207 -80816288 -487486119
683043742 439752241 935147780
223209286 -430661769 527035232
-99357382 430127480 206327481
-359262359 822175539 -804974220
-201981812 -342419821 88174693
561046958 -561849041 715257646
-527143676 -422217893 987032430
475813380 236584156 -839835204
-410699159 561163310 -868967246
583027856 920283296 -924105168
-441548805 -184405847 481085220
-298956201 -828549597 -890772160
347996000 -900698638 -298593850
46505994 -135593326 -57651539
801853676 694578501 -827231165
-871946246 -834075445 -989745955
-410383558 -8933900 -359025771
-742372950 534883665 626513915
-949574607 -536359527 480175498
766278367 -974231804 -21436807
-939328728 320831312 -493615764
-21984786 -175103152 658892395
-830699376 -503034656 -396815587
-998727116 744298238 -993702032
737344870 -422754188 -475946798
471622526 -840077720 -54086358
-891662660 -698311905 368596173
-916904989 -277932590 304257662
945327146 449210574 953673464
21770233 941994284 126292271
-446323735 120532994 408768814
-729816846 554340035 299877285
695724473 -273186912 606776438
-146903035 754758148 -260443404
-8004134 -977565085 -968815307
737187147 -480713301 432546612
174789081 -920136068 -18437402
933742361 -958395714 -381628478
828896298 896588654 -328474143
-413466921 -636735163 -934729879
-84351516 593373925 429078282
-140307963 -413586251 -908643849
-647965339 -311622912 -501204352
-238741056 28084400 966706649
694381725 681907876 -121986176
-428949753 139598086 605965438
699338125 -499003363 273441631
-950827895 248651833 266784041
-313855921 569846765 127040046
-504127995 106011782 -747780104
-453145553 620293705 -425806512
-667382822 -328990169 536281967
447289120 -512928548 301820197
-194378154 -830637092 365370548
545000878 519572605 844632030
967468718 -406645650 -900053412
-246388732 219679355 1185537
-169941252 -366774835 -562786133
-872659700 -273041597 540279946
399871984 -521402657 175215344
-147877269 -837385712 26853092
935744539 86074919 -568185560
-599738623 372322775 -488498512
122951554 -146589963 -851495592
770210925 927134265 397612798
570089721 -192540411 749427410
897189093 -687478696 -318936599
-144133651 988165033 -400638010
528756806 -473228210 -329746823
-213957710 -252804160 362176819
-163234047 -188927507 -685159609
786282968 17096585 222714505
-237629015 246179457 -419589488
-657423097 -971356784 -26538629
-189166748 834839714 -630145633
192748612 -433072204 -918191533
449579690 -934031343 -504428105
-971876791 371978485 -883561990
875112240 -888501364 -4279629
744156298 394891118 -954934505
-34834129 355672506 782464954
684894515 -967403021 -261293187
-129736748 763378830 -621006124
644499029 -84859356 -115185342
-113576002 -782826752 811293459
680876310 909542646 -907460367
-534419054 839641398 -903598585
434194432 -265988108 639608335
918689554 -518501706 -805949349
969558013 383185309 -724247489
-614764742 691418027 834005229
702589551 -388223000 949035572
295997909 -239758829 157989728
98031606 -939986551 413232922
625175146 42891411 596607711
-450042907 703831810 49335008
762172385 -434140849 972023071
537931076 331005275 -980997230
-996923369 926362754 759235810
556361819 -326228340 -756193699
-967673075 -607497484 559988298
-389454910 -993631146 -885541950
-370252824 -578505152 584114427
-405369146 407526987 780128091
385858718 385199368 298128330
-399759138 222736928 197539450
67500395 -228473636 326152742
222583072 325881061 457167107
-600268224 496157238 -445459498
701406703 -637167679 -836452572
745778543 328822655 -273861434
-727049766 -135369875 188429156
-737092257 -9970236 -279483233
-62411060 643276016 926468494
26100763 -187859843 469540813
-865684122 -464102213 -566365379
-859798337 529674288 -9697692
-250980365 130506424 216516993
-253668314 230803187 548350117
-333680620 156175135 827064984
111833425 377736272 -696848046
-486297342 -627268765 623614136
-407894222 -980944881 -824088206
-592206544 105347410 480728822
959923355 293452973 -867097647
-977954378 883085090 -511934288
949461691 -934631211 459532467
-22615876 849302447 -860949610
917703477 -156739230 -869752729
332233136 -200981359 360175147
714609362 -496673296 -625823472
152744367 57697505 -434412864
865162019 189704791 -198263318
492172372 913615702 -441426888
-645267232 -739518572 585078279
-107656796 869738101 -892477697
-512372702 -873444244 -27937983
-696078766 462512334 624473296
689432104 -289874645 42354956
-131911949 -974503945 -125114714
-678951744 -107429038 484593742
-697883347 -46127354 -396371959
-621041714 -591051008 637328708
-375538945 485453107 7627297
-723172627 -331055828 -469006581
240590588 180075611 -953258954
245638348 907336250 -205814615
140142344 -77594181 -601353214
-917792906 -206072954 -291157739
757436108 585926977 -341505612
-466240861 -668382298 -938214471
243518 869566325 -234857378
-586849521 553401639 424602619
5835290 -611392294 -386331759
754670847 -986750477 -588105288
726090359 228779928 341256216
-685452712 -176587517 -617957599
750136090 -998541485 888658916
-959382356 8904367 144656942
-273158373 970534516 -928911526
841920909 328946681 -413695882
-618133405 -684624870 -750176151
934931724 914337290 991506126
655785983 490249014 351762668
304974532 -887719117 268324808
834441486 288768286 75778906
-427725153 -612764248 -924153220
-104821657 -853293116 940636715
732254191 117113336 950175984
81084845 975052466 481876128
841277910 -569547943 -342926084
-460638646 95336514 -806117082
-19396646 -598573969 -856076628
-752548650 -249445932 -955531130
-687252174 220970410 -625012127
405502006 -37929261 162599694
437993587 895843577 38379094
-50487217 692614905 -878152091
-352899426 -579872055 477577603
810963642 -892877761 404096287
-30716279 266614136 250469025
294831369 -914381987 693659138
268246993 212531610 861382725
-522969049 518165244 160823485
-166034207 120523289 614362970
680072483 714713080 690782132
-896703731 -752759446 549954206
-65565728 93516521 -993643133
833319900 657426845 342273501
412170985 984231387 577922303
882044274 55951787 -166154666
-484894494 -935640462 -874846523
-462584741 -42345276 341666720
-359375609 987522252 -128010277
858127742 -763442742 83273341
-547712704 608139472 196874572
-98714893 830475440 741191666
610561949 -461176309 -560994630
-918414769 -969259270 288908215
852568094 -143278239 -24110772
699493507 160988363 387518133
702810635 -223137190 402273206
-942087563 -697476344 110191421
25591125 158839127 495641653
648262011 -135607358 796309257
-497382356 397740189 -426501582
-786807881 -966875552 466335532
45620724 -917668001 74860149
955376995 -120312205 309511168
182761278 -525648078 -268517271
568176536 -435996817 978287844
530746842 -252008116 -682667054
581652745 -928889609 527854585
358495656 326063825 -853164703
-114311406 987024946 517526153
695952911 536659027 365286901
-615102758 824984161 54933868
-577301738 82948428 769847056
-806269153 -688389889 384144725
-722275235 -426777815 697386576
-38234988 -823765045 -124159748
-386957985 -336688730 617402995
-42601704 558847436 -356486447
249682855 -584821560 795753430
12819193 623225481 -142430406
442547146 -524599004 -427780783
190244779 -975720796 133863419
311955723 387299446 -85736989
-979284309 932201109 -287979945
962346540 -469022006 240307125
-912623883 41115860 -235743446
-53528726 207707856 739630867
251029640 -567435134 494310988
-722949094 -344956016 548558328
141793687 -512151978 -746216325
540911466 265712756 -169212044
43976287 667463338 42740305
-993144636 -939904995 183705123
-994344603 -296837485 -445287386
-513021169 -514296042 -814790520
204815994 746381154 -649892325
-868816238 -487282310 54276750
-678364176 -656381536 -963600715
211507386 619180545 -207088647
-100406752 -328347140 21011884
-805738002 139470896 -611678176
682050058 -530540124 600189563
-420287529 -66569223 -45559760
121005625 -811066440 197075883
972530960 -782751140 -903375665
-800441424 -145201243 762532377
-922695946 -776907452 356673108
637589728 389046594 380960518
-422831405 -779474408 -768522564
952521862 893712740 101049004
-73888036 392321295 -673758271
386342759 468036262 -712704296
-687504120 705063312 280633179
871125943 -54241020 -307888426
29005170 479514724 370629879
-2751712 657853470 712350412
369983499 -964416706 834784168
608783874 495634898 377370775
-767422418 -444239312 -392539444
-984992731 592329006 -958640246
369427624 -239938327 308056229
623350822 199505939 171480872
-502752174 -935049545 721582009
463564221 670534688 -109105038
121479503 574516029 -720436162
73197746 -724637663 -901183708
-748933446 -713910354 -314348224
-584891079 -134462428 837781488
316755177 989469303 41023407
-324183712 -482097906 825872452
-506339151 94180748 894815299
381410751 -456937123 561258685
250595377 -843744530 733194376
-101656431 -674735907 -976941181
332002485 -559045806 -404490093
-199684374 -974528709 -785667461
-683422321 -266198611 89476144
215779758 600335151 -552637151
268856701 -304880572 133443670
-689184439 -280599332 -567188378
303625330 -904633327 234349789
283168536 -291522224 -613076539
856894055 504401121 709138167
-474726558 -992902550 -314504891
-691304178 -735606003 -777709140
-859762371 -755985660 -974354186
708778261 640229521 -905711774
-909992892 -970056636 -395870888
-285840728 -434643558 309864040
836454080 300272138 266381857
-649967671 350299981 -882748742
198689463 -599978148 194547529
-933680383 -366730930 -209221560
-652832545 -701906683 -725876829
-789154527 -999732941 -607582523
785619062 -978000076 -884592667
238806928 586260165 -354447400
786783404 619836195 -386703765
-995132236 -711406187 260089390
402894044 -363112346 -602833871
-908395716 -715574545 -204362596
807861234 -887528812 -934646660
-705671048 -314547800 -248551433
-58536571 723756665 900330722
430363319 -419096470 845277417
-254644351 346566479 -960626347
-647111748 861793973 -960652395
-870344530 -901456599 51788305
112748826 481731158 -932605106
-790821805 -468754131 -192768700
-911470755 -930977425 -406757286
874264147 806891096 556329729
-19647659 -760442664 312908205
-888447320 -536088877 619384514
-561855901 -637763854 329973685
326984777 665847320 35636882
615518913 181151 -965476880
-931702373 -983488833 -984903373
-330927196 -898536724 716101219
-413499904 183369227 494757572
-828777728 149724471 -709267296
164439295 -895937953 740719257
540950364 148366718 842034567
124326188 119770465 411465996
-888887915 981739376 524145962
531861193 -998311157 -308118691
-553946735 -909579422 104490312
-988402950 139216071 -264305832
-250416846 -440427262 433461667
63996519 -579601009 -37257846
-918260767 -281553388 533896176
822212287 -39188381 933116070
-938713471 655711539 -698080370
458107765 -894211826 169201850
872230498 462283976 368686164
306270539 -812759450 994372128
-853799160 -960858316 -882292105
525362435 781277527 -647290501
-231827223 968131224 -211632034
-233522784 232438483 387489438
-428001769 908443905 -351230436
-979494065 84492454 -195083362
993237966 -815741458 -478386537
-245020289 612980925 -921153030
-360502669 -78760911 55297435
288322125 569089190 302015702
-427066192 -982558407 -725709328
-353121334 -637382158 994398401
480917421 75651459 -72086174
824135252 80447827 -987047256
-555878142 482909736 -245253464
-730956589 -972332771 -70852775
675858839 206128874 998855555
438871418 518025923 -721182212
-909365099 -572428069 610501959
356687886 -981021080 -754423688
466143070 745403827 -424045855
-707426216 -616303831 666829341
782710899 741590628 937891974
679003182 359386510 -467520558
-127521366 930066120 777083330
315729848 777558996 947807715
769560418 -982238784 659610123
-243288703 758059418 -39538766
793364618 396198390 -802468143
-647771670 -103377473 685661242
-10315126 242126104 198238528
-992784149 50598337 -985386522
618605635 -745624566 -114845753
460429177 -905604741 -418064507
686346241 -807240 -398911736
865566046 -55907158 -620209613
-266412767 714716566 -307870645
694901927 -467737955 -219170770
889188689 -883880890 734160197
-932602463 243689052 -7029274
575206868 -768648872 505984902
-764796479 917812986 62160601
-696566555 646086255 -258943584
208183201 -580595817 -285095653
-800707690 -864982458 -18990934
-949680739 -229216716 99110664
-332998591 652386407 -303103292
357197411 72173192 -906715624
-118219097 240028101 -644764757
-71803857 378069749 -206857896
245677359 708767687 420966463
705190737 749099108 537852449
-251427913 -854749819 -625319793
-580960376 -420829294 663564269
-901460479 -383837064 -954293991
552790548 -754052925 -419437932
-867733400 -497510304 146264922
159944357 -892344526 69069888
-444198317 124567697 769707672
163736588 -576249439 -782366948
-782042484 -998030616 -650687994
393620971 615451884 -268837951
-797895703 449020540 -609708117
-873513880 -677059394 301718718
524323225 475837614 447928864
820531944 428661292 -396200933
728964684 523710898 -304111383
322493080 -818188777 760928600
193054198 861542687 -982331069
-605716961 -588387885 -58725489
768259025 493408007 -698421220
517880425 -473353471 -46569069
-986801505 551303402 558906835
-624728037 980203373 -961953466
-7200125 -669512468 -900256445
-313606944 454878057 -231487912
-990570559 420045684 350148759
562224519 -662830526 -886128167
-984146876 -374740120 918356427
-408381961 151301518 -90833651
141799279 301988355 324239110
925401030 152986558 -413634207
-520653739 -919887523 -746726099
-494989629 288314411 -496345281
527713963 -754120596 87791088
-745995568 795133548 -732396762
-936953814 -155330498 -9780729
-5612363 586468262 455729084
-419756942 25379776 -238439864
388410912 -940382646 -501528140
-824396119 881222875 -950123063
-524331483 -299506365 -560497197
406418516 -789732118 -130300500
-233879883 -825943697 4433642
-28984881 560653684 268522045
-751865964 -940520266 -808017295
-652589958 314548447 848193883
474180482 -862057874 -835931570
403804026 -412537428 -995718805
-982022777 -681318147 -575385463
-982693979 -278570310 -392623570
-10438323 541815751 853677361
466543954 76382193 632105060
697116072 -14666882 985106658
-535134444 -932429329 -42257945
208652859 369924161 -810859356
-295595209 641196960 -933844774
-832842055 -927505300 513560030
885697745 285195897 -439086933
-892076074 -889448448 393104598
38386057 -564404724 885504050
-731960274 -275890820 686772179
270594664 -487846931 -585210396
-397426247 671568503 -133004306
719126424 -233732110 819007812
761672075 -268437390 -847593404
331683123 -869556285 -1563946
-321312140 -951797859 503981728
631282942 -689325265 789268781
324661718 892913957 -459604985
934614620 996489499 878048387
312539680 -275046690 796626096
-591926224 744049658 -919336030
-311571846 -963663568 728772104
636229300 399038491 -717030443
-397325931 -920912507 -721946974
-319937673 6560084 726889730
-622297548 251322929 774113621
204576699 149055721 -775335602
-747852613 -779169698 644279941
210429248 528757950 61473143
-411468913 513379661 -943071782
-75457633 869877270 82060961
657512681 -751068614 737587868
-541419653 653720716 732447144
-961663581 -83937976 136468080
399522038 695966152 868725454
856854334 572502649 289247119
508735865 -650961888 -73434776
933466570 -344242957 -943278966
-568495158 -826313855 -922943103
-970864877 251487317 195763559
741540569 -752084763 -156782156
812784483 911740666 936118493
-739320198 -417079063 -534403680
-794922725 -28077026 251983585
-339238094 -936850343 299855013
241611203 229339960 -959282625
713507801 -313097309 -89261713
-255202608 569544359 504980928
-555637625 -342528581 738448279
492535745 679293879 278323429
-23366718 -211242267 689564938
-49273506 310036928 470706687
-426730936 -980547553 885313752
-333064238 493428936 -948360043
-678732370 -51661333 -604931995
-932673769 503159961 -756285709
47109657 -32924870 -123231798
-99720041 382213394 -738109454
169467586 -879100873 922031267
613380437 895659680 -551171045
-863179905 -986255847 596856934
-437603582 455315906 635589013
-515728504 744088873 -524134672
-800537328 157414340 -657518603
-900747628 87975914 -770025756
210733645 609879003 -386194702
475579221 293504895 -364016674
-859662410 -884632111 386359692
804370948 -768670156 -778972867
364043403 770288977 637312457
261110794 913870910 -799537754
927478111 178724588 651627466
506919204 -980125786 594755367
694675626 -242846751 -654908052
733781931 -261264922 519773447
639762082 711705152 -612698689
-830012137 398537190 -28384238
-283589540 169474173 -725880609
-557610400 -199878582 263352395
-51216112 -98448235 -615374347
-574301856 -879413310 -915303029
-485421209 -283777373 347596804
-799032563 -304615831 -562458864
-933150042 -515275751 74561123
-752798218 -637499583 83606411
-738520963 630651368 -135234538
-530506535 330614157 242069714
-169677945 858723854 -879606910
393708725 136980135 -197217915
568414671 804143042 -459894345
-375384968 -940421160 317607307
556509357 988754144 -155339538
-958613958 429839584 136744400
617651016 -147639822 701545933
18154374 184569727 -423745627
418695779 265147541 662973443
-706735480 -279911967 -995024542
-744286583 -678491156 -842128630
-543172486 465881156 -108543359
-891179318 206755501 -854299116
250789362 -649787765 460283007
622554476 -860388117 941007325
-932084526 -909916495 -28663188
-381857836 -483708566 -988087724
-714639350 340369661 -899764863
900825906 -410406053 -780327298
233740968 -118671246 202779736
689086307 -724816721 -866372835
270669538 475632553 -14386142
230659808 -667702602 -824930185
711178129 620249638 -652445361
225110943 -64619941 123065155
-426852500 -859331961 -41085525
246261651 -686220698 632280255
296762848 929198717 -302235707
439190852 558456117 944251488
-365097493 371095514 192830011
856620585 838733888 -699981583
-741609402 -654234065 -41693740
-35279586 213317577 -539936536
-390550513 -241222717 217432020
-185344571 -798859546 -952019100
-372090630 811742297 464366926
-683788360 264931069 597151439
-974498067 182500536 -729532721
-956850249 823977783 -652513916
-138418842 -337374056 884135142
178050747 -13807003 863628111
-957580472 354632024 -39644958
991082368 43649025 -864899802
699178095 -966379370 -838470717
-699509882 -576352364 -924822130
-775921401 30885056 -935624029
496764036 -109594859 -408308649
-759917468 322517778 352913322
-389051268 -89826310 200349528
-339111382 -769657332 527858231
860263433 863577231 570663797
304830548 -900773549 -826146607
829390130 254786310 186432576
-878772508 -255796673 -931156377
-659449936 -906031731 -218663715
227085768 -864212200 -489181750
111950380 684551613 -32058005
-887613456 -949177707 -863331065
-247818455 736018517 -779205246
-143493619 -231353261 -393803695
413665801 500277295 -282477710
-31720145 -188484018 -705494698
-30512200 -105777909 953383183
688018287 297207253 -939300162
-870534140 -971991688 -747204203
160551208 778899139 -668071535
-769966353 -409965205 881926465
-742309589 -804065939 -946311584
-265508890 332358348 995505867
-869412484 829281909 813709553
-312817332 966778614 -609365198
470268566 -927077084 -229233494
-271710320 -448047090 996779741
-403292640 -254920657 846269887
-311330235 907615960 127043203
494299940 331665941 -893983949
-26958700 -533394411 -160912889
-565036735 -223204233 63947404
192842678 -394200381 -237007984
-359511684 26478648 -468097347
-122862213 800017207 606941275
450925005 155494017 -235893444
496581461 609398474 199175859
-927354441 181921051 -279008482
110247963 -769456992 688616749
-431123489 63201625 456601763
613035298 -405892851 895817063
200129883 -882482746 395115902
-999292929 -51611591 -265669281
891340551 -656059134 802233586
-283486430 591245953 823037384
476922475 -960168129 -735667053
-835130153 -877866959 795378393
-741536451 919880993 -550193395
-648815826 -197841401 392614497
320550571 -668540121 -743725364
104908601 512653551 349846442
570059648 -994344116 939664439
-876408036 559509353 -760733729
-687729975 -985167097 -771530941
346108515 -786609701 -489500547
345520464 194951412 -713045536
379939754 -310970677 -647505819
-509215105 763203737 833579406
770314600 -680167387 328366564
-604433721 -492398798 -733002077
-808926940 437353404 -155936244
831131062 -713529511 569346710
87279354 818325270 -529311979
373706427 873160428 788572953
-521317699 -890165316 548851381
-361955226 -852958970 611089038
406818895 723669141 312144783
39991282 -412144480 845003121
179447943 567021639 764179900
-533276592 693583023 -7764530
897199845 -80689708 121802997
-624041533 -905720689 -959399037
-645506223 642051703 -455387591
-156854364 816586729 404159817
193383590 368234170 -8342456
-984845694 -691118983 976431679
-700108363 135884780 -955752732
71804740 -87473871 -456483319
141173328 24171508 22150976
-600794372 -376494163 -238005940
-625673947 10870329 321506322
579175719 746993026 424579538
28929892 -795393591 47104170
725161313 -890567047 -602571393
165965954 -921128940 -404539492
705862929 271533666 -978638382
-856099382 -83923330 -269973165
-751713989 361605219 -93777858
-880612557 -303417529 463061619
566794857 87782999 93373346
754396703 -982495517 -426867481
61506649 -867100957 -862565104
-151434834 -633941608 -870875546
160060620 -543879771 811534877
-939066756 -94644852 410957989
-247419480 -896996897 -936026220
159050368 -121633058 960712942
-236847755 644836367 -884204289
-876912886 792064462 -889478014
-244164791 -469991587 -506751915
-864253354 780578909 -937457508
941217331 -971496097 -242710056
635242058 -876373828 -147242218
609226453 -155094238 -685948949
-903058135 -137624625 294391340
470051358 875174639 -878437841
-995735306 -637639559 10948319
-69251286 -782218703 -221532579
-979678708 483784835 374767514
-864728948 553771603 -790780436
752501408 -87078383 -695461967
66012384 -264164157 246163352
-111589626 -457285658 -766507146
480974305 -776358713 -782958197
-392175660 733942494 -537768456
-718142904 -446775592 936877234
66211848 -954465468 -955436037
-931292548 -754470069 31192427
513660035 -260480557 -134019655
764796894 -706726788 -477495042
-734061377 -373578941 -932770002
152991539 -698782305 310266458
-490584380 878007195 -136298908
740178351 145001162 -883283463
794753914 -45412934 -969685976
847149563 -242800717 -180288300
421213709 379025859 -983007021
-373595198 335166501 818253392
188571359 759547132 -56055732
-695608373 -919421060 -820774417
-23151927 -711530327 993369696
523428754 -593802214 197699885
-353782889 190831268 -725541000
-47532648 -871314574 -918698486
169915394 764521226 -150029085
-627886733 -879643641 488994814
-668894700 903901843 788163525
-80968888 179092503 -923472746
-931198252 -18755559 -903694084
-14826584 -22246343 651363065
461355540 914120582 -325510563
921862204 329357007 -848034761
-506554497 112343702 -809551084
437965320 -372586481 556914114
338234127 -800288428 -739019524
362467909 776545831 -643215323
511818215 253588309 946162125
421540884 465112335 370490327
162039191 472952615 -898721956
-782612849 -108593521 -902027709
872916372 132604828 -865647924
-397445977 -454100177 -654342902
920998389 -564793093 -692613202
-12422764 763853678 -170389564
585731734 -462706823 -931491700
-40961498 -876984210 836376387
-102250369 669679878 965418382
845516092 -984421203 -983041293
-410073280 -927314129 -915993544
-940023942 631883565 616491236
-114148511 -899856951 -587398466
776791863 -641542205 18211080
-989691343 460209872 359924067
519254916 557968832 917661895
-272176431 -707376458 -883837124
-810156194 -232717212 -55713507
-130470793 -492578353 552853323
237682601 -190880563 -264099684
-28694522 -50307704 -377824058
-665476771 -191272649 193152778
-320437361 180153373 795431907
846315886 220618761 388187574
-843813451 -853909695 -882122730
446988155 -968959032 -849506400
-135053227 932223594 -119426144
-73130036 -440822436 988736418
424975478 670135209 -647835397
169348375 605903241 133911397
-147644241 817254637 -444389113
330103949 -697182254 -139102159
-834536697 -938661578 -903557144
-41272064 -206566634 -141555785
-480643962 -313610431 728703999
143738790 -334259502 -852397711
-545142817 -732789930 -905475215
-492622500 -972028944 458817894
392184054 583000090 -792170951
647950425 331303671 632689158
-69452390 -641511449 304353490
906245240 -998251152 219731019
-940832908 560197804 -418709352
-693213993 232374005 -965156441
-911293264 -433566875 -844497801
-254547593 430397846 996541279
268138085 -60949657 766657718
611472314 89654976 431602765
57204342 -932072132 -907470426
519202497 -871317204 -223845444
-426536802 -812976161 -928914926
430807476 260694589 367831310
918072712 -701802801 59137431
-966453667 -565309362 431892242
544082523 570405374 904147001
120989591 709442171 993740615
607210551 -409198727 695793226
-326827786 403105266 -68799389
-278294093 -941010523 611365954
439523555 196519103 440931005
-942567658 162107688 292233617
-472499844 115826995 -257259368
-979901734 -837341434 184501942
-441792595 -779215398 -880471679
980599998 401725110 -592991513
-103628880 648538064 154559407
-924901190 796694647 -624625816
-867457477 563979845 -322655000
18478205 -994798251 -383651658
791644835 838908836 631715435
875580382 242938758 745554092
-499390378 737480993 377053333
-261177199 788960744 -281242177
-738860438 571720825 871013728
-670010524 868775023 -154753934
-291575247 126243431 -299893896
-124119578 -581414549 534036645
-626077000 -608181893 900435212
869244133 -809873154 560673571
-318184407 -540860478 -690433435
542306069 903084485 -904582733
-483756241 -252518423 -894313229
681088257 75277851 62394431
-911603764 78112933 -959143542
647480768 -137260965 482803972
918532979 824045088 -835637958
-913097612 -951168039 -541739108
535635010 -922858646 761029601
-905621592 655561392 645849700
-792362669 -897814955 -340201276
-751036865 906253370 72774578
-776131976 -18825221 -266541748
-194448827 -102267105 -717146281
288690657 -260381011 30390459
-948311492 -689267097 80494524
978628951 -898328157 -206952371
-488193001 -882778174 718568211
-913509739 -777839461 -373519174
-879833211 -370780436 497644182
-800091100 773888591 -577628099
390546343 -46348380 -211188515
-944284437 -724056846 -907421849
623158351 -665656514 -379240586
29559885 415199786 660472832
-931384402 601961141 -482569043
-841772725 -829670246 444726824
285410977 1012488 777169453
-354066359 -595603705 443967284
-359070964 -396690325 -203874127
207215968 243749474 998903509
-99770060 670598334 549930001
-173339160 888733878 -496892370
947787465 45728407 -576617381
308430456 750166236 -816638868
758220869 -228895831 -168044655
-992241631 706980515 -591423892
-786970299 -708577995 49900393
258543972 -19693013 269633572
4175608 895745432 819671414
-341700786 567869802 -13538863
520463827 361275779 365099350
265267800 -995626415 172063364
306236133 -777087107 628646471
601927537 -936425515 -448319371
-816038404 -289924889 -509889669
1874366 -965327025 -913687862
-902953680 657741061 -299226030
-786148215 95535271 -811959302
-447679030 -352499313 660478993
-260495519 -273494409 -902387436
-492471822 901015992 994322305
-460825712 -415719884 -379417417
-446573960 -772637600 -360390475
-546101850 -565621107 -510610249
-904584380 316622414 -431472674
-388415125 -607224568 190523123
-981070389 -930358073 -782256353
906934087 -412230372 406281605
208831764 572177710 -678505411
-628778493 76649497 780165445
-626084448 -885549523 174670492
-69375998 -19330270 28930213
-897480677 519857068 241702420
-997450249 251306146 -891607771
497603644 -781899202 569257197
-905733385 438168272 -642239735
-150882521 200323237 -799824870
-864884484 -682471442 -710223384
269318189 -77189285 31132505
-1517429 845138718 381737519
-969835133 619523808 -476252752
-616762198 141579232 -304668017
-578642483 -97883208 969503834
621133589 208097145 -121809603
221926966 134321676 -766818891
-963893741 -780955506 406729821
-241956285 178514835 327487806
-979300350 -741424168 -432621315
-692040525 -776739936 588923909
-719888428 241245881 159498897
-355608531 52293243 339662146
942035059 -671771549 -99636351
-177256924 -90998111 -736872129
-550137345 146316773 957377712
-702425127 -302836900 -594084043
-586903355 185142301 -824412156
-2828453 883966148 187022453
932844603 -445715955 611037380
660002950 -978684953 -633681988
828953929 907635783 46522073
62573487 134695336 -230952998
308377434 -974434327 -502392466
-914516841 -599576727 451657991
943536461 556794371 -551716284
-917303283 887806116 476235990
665615 24999176 -964539193
-101416626 -707774731 781691556
-921663021 459946164 -861105258
860994241 -830091001 -564613620
149028636 71798155 745786073
445660761 -354732981 281405695
541447647 666260341 242971114
-839782418 546699129 187569833
-86455825 179427312 525038294
-957219109 61122792 718971372
830853781 -888742293 -842449496
-997803993 405442039 851756953
971785175 179413443 926839729
-947503568 -639423162 -591128255
-904850815 -840828378 -518099642
-483096539 785840878 -939450324
-233113829 -975208556 631842686
470833167 -188181047 502600740
-996094998 115638894 -995833955
271120034 -272172132 -940176378
-749654737 -213704657 -422520277
940447478 -128949067 -871368968
-840865969 682116426 -209655530
619502581 798192977 -78586675
-775364793 242819974 425991042
179843312 -762669345 -508667544
592109487 402493796 -124058399
225379910 -692342304 -333806938
974498728 177677747 -898271641
354325925 -948958652 -662795538
-320833334 219448660 -811177934
628648906 3195216 326957205
-208823257 -24455866 -45300960
-972367751 -913220836 890195847
-248617922 -563077610 979141392
-2323234 -862944236 -855654237
-636025302 -655874582 -359026053
-111290864 -243794212 -315462400
-443565012 -57728218 -872761546
797948310 -449408299 -741311916
975442152 -363239238 537800535
-713704505 847170319 -493885784
-966296603 515102662 350013292
171884164 825310895 371345476
-889274663 -349128126 912825797
186596 -141161720 -543462693
216990372 221507862 107009793
716974277 -987994291 -931348728
-303742658 603203840 680790705
-192293073 96586892 473046334
229948599 294577706 -223715738
-34356239 -211924594 -127212485
-288365757 106062038 572069567
-548209509 938077906 143686779
217374317 -244944606 -277095721
-982105112 -618240598 -984353593
-558034570 -351471086 71935421
-988298541 -869581613 627720821
483393175 700293182 -962322159
397180354 816584936 -403631333
-609467557 909894389 935554227
-895269418 -405444867 325421093
378090194 -688230368 578531330
109046967 842360319 -959867194
279172451 -490879638 -464228423
545574117 -985239125 -3940308
586658969 355505024 -262057813
257358251 -884268728 981520439
-886946826 -904217876 50194131
-146596770 528876019 -471684248
389908452 -977182033 -381688738
-783864018 -522445901 434687517
-379339553 -500620118 -4984790
213188271 211749891 -921282699
-522911257 -347507424 -750635943
509614565 -963845399 769252723
-422490071 -740039942 -956545069
543544100 -703668878 -361039846
84802992 349945662 837339486
-361307156 290089510 -814348597
38333090 172302733 404462593
225016911 144412586 -217731017
811097036 164151296 888351340
-143133450 480707630 -863980297
-930605277 -594419952 797884080
825981024 -43024259 -484161925
642837386 458448537 -385351838
-542887341 -849172567 21297243
-472077116 145895837 -69155706
-208346767 -869224570 -97425732
-567432636 810312389 544677590
-88165638 363942833 -946484417
385132760 616353684 802969978
-747658767 -831189191 -872372573
570323408 -439388581 757695037
897007790 -266723825 -763133877
-424631294 -736277972 293941804
919575548 -139966940 -530820070
740911120 851712673 -976534677
-393076012 621665310 -952383932
868929367 -187908630 237013618
-35806155 -301780770 302058959
-625693312 864374421 -687515024
748790086 -442493568 976466724
632513709 -299216006 768516261
-551338653 -886593567 928340631
789403052 -259710023 -305133021
-387309415 -743950510 418443140
-339500937 282403229 -573995166
542206537 -920769071 -646809972
-909689530 -952619022 -261647739
-467459800 682520143 211167089
721800645 -439781497 396370718
-232658303 293678091 618559016
118872157 -366189962 258044371
352712034 898565824 -620109840
586488648 -742501152 -636788425
949630736 199327357 -954170179
291570151 -914436763 258632510
510207023 99024739 -911856252
250483008 274174229 -222930854
730693691 301759194 482571746
-804358291 -507033306 -753627762
11918067 -455783965 198177055
285928972 -722011772 -956783487
-859665860 367741598 -555054167
813468176 -627762557 870598672
-981251482 660059941 714426796
-250980369 415294385 -530302389
-608567141 -229293328 -370283343
409356134 924719843 736594992
699736935 351857420 288648669
-431649538 -987270534 -730260775
-579328080 755242171 -55579467
-902209781 408224439 -161942406
706808221 -498285062 134370299
-926676538 -780964753 -443172466
-168593804 -676639657 615541486
-29981854 -932862244 -301401688
355095511 231931238 -372650442
-512566510 -700019739 -131958129
-432020094 -763513012 254059822
-148177964 270195202 -874204956
-255421060 -239640082 -551189338
-788194235 -388268798 -731882054
761197400 -452473203 -26208300
-943037599 176083936 -977365822
-197710563 -830317931 631730344
-993782587 77257453 554138879
925541286 -308446408 -162081820
567230800 -368772258 -846963979
-855607483 968631910 355549246
-276359647 858569132 419262623
936786790 -254868626 -153935128
-872693520 -21159635 597128452
-863388956 170204333 -837952414
-848580756 -375382432 197931586
931779916 73740596 -242684411
883585928 562801702 233033293
-959390706 -689070456 170226896
-907430871 -222671753 -696145320
-226171171 -862100135 -113995761
691815890 771753831 -809454919
-853379956 -507644267 -867190628
-567705893 250692966 528639300
58819401 -905008275 101806486
394598041 -496683908 392627711
115001180 861575352 -380986974
396771201 -666202201 -25630695
-640525479 164410194 -490203149
941309213 683918018 486776750
542746497 918969778 -372032342
-407908205 369367093 -301617364
-828717924 -903443872 -350090570
252483989 -230691210 64131932
77953761 -288566139 261092115
-293644683 310177897 -184378146
-574181656 -180581275 741313075
-322109336 -292736758 128142923
-840007487 -129766211 -914542182
952368928 466569465 -284437993
-700397925 -972040871 871248779
285861244 -716953941 -398000860
321693356 91033245 -931539283
739319156 -1501822 -407938627
-633435729 996381751 401944740
-718064562 236578355 -42639103
-654958272 405665871 939322321
-471568991 412615508 -836043825
898777536 557471286 522210115
-568263728 538067836 689095490
-894322737 329270430 -156953125
-717329417 -992321126 -168510189
-97460504 -257722587 966699887
189773492 740134789 -55582719
-821525169 -168728619 -405604077
710038422 274512301 -897590569
229507708 -495759482 296306177
-964962364 -881695049 -604659159
-699138527 593741094 751920388
-802416593 -339707375 377473265
939875649 869852767 -669773019
429386917 192379864 343817571
-394291121 -86314854 840159780
-959114524 546200770 451196440
503206340 873445433 -59075350
162069555 -440337754 68202961
-661584409 429767488 -182312818
-854143080 56638678 -336304054
58408416 -106853158 353768727
-956520757 -964836383 -258716970
271786738 -485614836 -884301691
-464752712 732123086 236345502
-278151907 132308130 -152342342
846052571 775328952 536174435
79744439 -8458010 -594623140
-956861763 -15343676 743224366
-873228484 -870660891 316755576
-862572299 -378370597 -479479891
-959989490 -248135302 -953985670
592076211 -715509519 -966658159
-192806498 -782783413 910090686
250498321 -183878054 485205300
187808745 645871696 970540292
906625807 -950294346 243291281
595588847 239674873 223730819
590266517 -642459641 749369657
925263706 -837432259 1570764
-205539177 -900494054 -388510916
-636137659 -984873781 840601780
-163828180 -428717503 -187826869
-285850645 310847451 -223414133
973967565 -335290558 828831767
-908920686 -582939936 471166606
370931336 599155499 82952045
-453447835 375064501 764613432
-872638451 -991791021 750388743
58795118 -891856099 -19911232
42803312 381126336 -986640322
568684684 -650617843 588859414
-246426520 551245118 -604070021
957976745 -759333850 -167430889
-663128670 -358873430 479048398
308140286 -522427254 -626281734
201846626 53169565 260475398
514221429 -710702947 296386958
-986281670 694447129 -331346161
-994390143 716061869 -969706284
-231424931 768667461 -934468139
-671262670 621890431 -849767927
80922149 525242587 -272200449
-993526228 380751609 482933752
134773555 17940374 525773201
-847889611 -243372225 -207041512
510864260 535264721 -912475299
122533733 872518049 -142525905
-806116531 22645962 -74581059
-945395584 -977299992 869492105
-161772891 -252234770 -907351255
-455764250 -906918137 -492455735
109777131 673850963 148470481
620354905 -164874217 -547474135
-246921240 -436400055 -242826402
461424343 503401432 995578820
-168660372 -651414474 -3596892
-990125321 539689600 169840940
948951855 -376664011 -142262713
-318386641 -881736622 365340070
220232200 185364446 -966827867
806303053 -607970413 -925600453
291224833 -861282139 -216452668
464954166 -305976978 -316523521
715542555 -275254100 195536153
-984099942 820529314 560476884
69577938 606585160 -905515310
877606140 -132303458 836696369
881028965 -884156832 527280727
235211154 -667349107 -948446370
832459484 -536719945 606309694
193349443 -800182523 844450210
-730358688 -664390988 -294198677
-328058599 -713719421 757471913
-391127973 -171831628 110171787
-224417530 952415625 986577473
-484301375 701403643 -513588641
398907556 677533026 -883220777
148423112 680373096 229939898
877590250 458589700 -252099259
-958891568 991576052 -997687995
-527927335 -929710572 442061403
688608280 -185589856 64888692
-992062866 -932895907 358586373
872885561 743552022 -934315802
223725061 226795136 411671025
-402407959 123754471 446707563
-325120697 107789391 184537370
468030632 -542014459 -646912838
312899225 634548547 555558451
125398711 -680021785 -905320664
398317129 -934453738 280076580
-976577894 899365476 -145828095
907306881 22030554 -833235986
-319985757 796301572 307625668
38927416 658132657 163479853
354146438 -852775783 -180946448
-140543562 -991614601 -550452966
-584418668 -641344260 970034798
-590356143 982479717 -675065469
885574949 -911608079 -40334467
981726792 887619689 753848876
120951253 111955651 623768263
-257452271 -776583017 120503699
660769173 66689569 60550934
409598715 607665637 -463323372
798340255 539194303 755077574
-632967308 704215722 -207264827
251423117 524702806 115796476
-45678887 281140468 263710396
-950006301 -924589225 -122630977
423483283 -996659841 -98790400
910086757 -396963949 -437627216
-117267512 161090963 -344294288
47589233 -942351344 557888884
768944878 430235604 547801737
789896672 -345027771 146860365
-15758138 -997758552 870567648
437092716 -72460046 931686193
382685607 -513848334 272584534
-858152809 898185145 -313536169
604429788 299792511 732649481
-795190141 -867135079 125398509
615886898 -914381198 -898131511
-699141394 -89037384 -892759880
252938737 -395852288 -861158077
-811491156 -78106165 -159396652
386203442 152676993 -109844903
-320029439 -110269378 -209400250
-666567972 -82264484 -910661587
971410057 419678393 83225367
-976435032 -957941925 767873868
-780620898 -799468572 183880654
-651895113 -725114258 69622643
464209288 393614963 250439806
-443475711 -916259380 -937065719
719734633 -854559229 -43048490
-724309328 564684201 -294927929
309676840 601515821 329940193
365673800 179929984 -163868556
636451143 299193439 -920923031
-902842742 -915582492 803196275
605357185 634476642 490682338
-363589538 83861763 414984031
-920434379 412081389 -480457324
-862564439 790655674 -472310596
384885800 -456399364 625529237
-977456507 153206966 737773027
853339536 -249324825 283528954
512579797 -117399835 -770596757
-129190346 251940739 826606339
-196928968 -114119707 -835121294
-222056483 -960735722 969280769
845898692 -826682446 -497060623
-321949682 -461429306 -139185507
944826139 -544192094 -964506215
-812645798 -644635734 -136451255
989625204 -860979984 609239168
32134972 -271085169 -262541177
745517572 -630199045 -889042871
633002578 43729288 797280855
-845058879 -156543977 983148781
-623620165 -33533532 398232916
590562125 -889540729 596070156
-353017610 -70398187 -392241911
96981282 939344817 -988281157
-978868064 -845153495 704155967
-436614383 -524158024 -615025848
278158474 992930469 -286421960
-950006011 320773272 -271762716
504646253 279302511 117837932
520053544 807693450 717647953
221582304 -960615711 -403276033
-711728942 551160814 -155854430
780613790 -638453629 -37972845
980776223 -981350348 14012067
-51228592 -983511286 -153499235
25333429 -477914964 267804202
107630831 -836199444 -666901083
-129584540 -724663763 999816430
888553574 989666028 -908002076
521201702 737464068 544200987
544757172 293206977 -238413175
271089207 -539142752 -937320784
-219363257 -252113128 333583
999934584 419444107 -368332600
-506583178 -540248027 -849711124
806813854 -171731880 -163994010
34796648 817212467 699577577
-655204151 -704792652 -341194598
-536434154 645069009 -253729406
858956401 -630752616 921808535
-207866961 -431125469 811152359
-52927750 -284910428 -367020436
643286591 56677614 -189652219
-681093472 710911293 709662479
-331789796 -309969432 -54840125
667597415 -904318962 99348990
-229058977 386368972 -329183729
-240131247 137385291 60529819
17097634 196980905 -175713597
675649808 280736447 -964043947
638996930 758969730 -63949123
494923268 97994995 -846695528
-936281759 456750422 -493277418
-950962724 530210222 -146489636
-583346307 394342811 621036995
-85338970 -579777519 -609900712
-744567111 -876172538 954081246
506023010 -886112884 508239381
555905434 578433943 -541850619
-925137507 -994094913 650178685
-246901068 965753991 -969474319
-118128080 -942712857 -118780581
854075235 367586980 -827742864
276936193 2573808 437856993
-303034658 434717724 450077631
-665359487 -613221671 596550734
-250417101 -409800183 -186395489
-346045535 -945939496 876046125
-607711639 -274165608 963120235
723999064 -847321374 706224578
-416183648 189735743 -168695550
416774558 -222096868 -366923503
373319360 35784881 490847870
-410069458 -122268689 -913395910
429011327 -862180132 -66457928
-694161434 -683659594 -560673909
819464598 460320199 848792655
804542633 791255012 -587074471
45476820 995408203 -967308802
-889518526 -94740581 -440619057
876114912 -219468984 815104844
247363193 -879317606 597481475
-546113956 480351621 -195048385
184311595 -892489197 -572789304
782651880 -881951479 801916547
582898867 269006578 -962248793
-855923527 103380041 -226297703
-414676926 41360217 -924557681
493887325 -393211072 786614543
-835763941 550866040 -907317745
-779911872 64263757 -887485314
-480652614 525584609 -761530854
669831682 -269099690 -32642941
-845383597 787728236 -893317407
908846848 -711420899 14388762
-343795740 346505019 -492861843
842350662 -893615321 -626811823
219094043 -636923013 106824037
-503478995 815745124 80973028
-273155119 -981674813 -619771145
-834786356 -520344087 208094833
-559943358 -901518453 -850615348
-3187747 -108228294 723121691
53145167 -187941588 939377090
-897228672 63177381 799204069
-856196441 877647607 -973647770
-721077218 -973230563 -235134180
-511878706 189808795 676453006
-572925500 -49226495 -986042019
-962223791 -812101534 528148392
-455604134 -412986276 751786494
-668333188 -296997403 133410275
-806122291 -28112384 -220151012
84748072 -529745086 805122270
-46218016 421355446 -293258264
446829111 745757506 787790949
-407009924 -165920302 774324173
200596357 -474718683 397540813
-875386867 139758504 757299197
-527751300 -318618637 796338010
-616703448 212588203 113416431
963390711 -612484860 -769088519
-165986302 -686306880 536775351
498264207 988810520 759574172
972265520 325247692 523940136
450061442 106935294 844848163
-14226479 287907029 -969652557
-966809109 998609658 -483803634
987444309 685260575 701988278
593865327 -569471688 -710333155
-336328007 596511364 551217874
902757553 -157051472 735217183
-46810147 450253735 -110485312
-333906783 -697601481 296131185
-127673914 62044597 -792242686
-725277784 54818969 -924086885
-369626411 393916895 415506125
726647157 492551793 530946999
872700543 419148611 534052108
-919969128 -146816467 -898012920
643919356 -27497882 888844152
159930290 118104145 716949956
133569540 -187940935 -747281617
991791643 -875586994 708447943
307033679 265513882 257624702
714985110 686296002 -350434781
-258499195 752788650 270553408
23390341 150293481 420681591
286390310 -396407056 -286812353
532962559 757985981 781718694
-515310180 686538105 -186146413
-266501846 666669742 -930299346
78466123 831316739 -31593464
-931909262 901556099 -963296903
982635343 -840055534 -898903872
610924082 -178993805 -283940142
-147346641 212233353 -966956906
-57208471 131583938 -917964766
-728390638 -236651233 913909879
-573110863 646071547 21895580
601244547 566092360 615832377
272152963 -242082132 -807842464
381920337 -901006674 -760753872
-47729797 968491750 -916977322
41055159 -143167179 -777765781
958779189 43748266 -717946501
-5345518 -15521407 -585731272
-824280712 95148985 -771245755
101052685 767307226 774234874
962294323 -212920851 314866411
-292187623 81022289 483138263
10784348 -611031606 -862595813
-154049388 -700996865 193277479
-966404009 645041613 -856589006
-658653564 660389032 947207978
-22139808 245023265 -995548699
885957702 -510168649 756045059
-98607222 181127692 794218290
769939543 -714316538 -597327876
11339299 772209394 149489269
-474188820 -659669616 -217962046
287221599 423764243 -309112030
75096756 172734746 -514197354
-923432769 933058874 493561560
-81829313 533073157 333742837
-174899113 -899042142 -774641286
700964965 803023301 406925890
-968772281 675844915 -55940100
433632303 996459916 371877716
-162699816 579745819 -503219734
-193119176 -248925982 -960796842
-963811686 -88121705 196670398
-806173326 561503464 756837767
237697819 -976719762 762627749
-467034731 -641686027 -561770608
-636179033 -931385103 -837650178
-968732259 872147987 -922764962
416113554 -491277251 -103422026
-901563649 -920513851 -407811902
781475576 94706897 -746530937
-609748338 403204832 110361712
-930105386 983060459 -647570506
583113346 -887682755 276143409
-875300670 404273593 -408214585
-975633479 -900506385 -127723548
-211162223 -372935962 872769471
18620718 796219885 865216239
-215484374 323084390 85449111
544119185 718494873 596791470
-892247084 -549245125 -993655641
60718341 318610748 55531396
20075786 -831751414 102581190
-542444417 -88169651 175120287
-853021008 939017758 -709498143
-866567864 809772407 -152679129
620782074 -501282030 -276149593
-508928035 -265306097 -695465368
24458023 793993382 770919909
-964862429 -240558297 892815118
938617714 639093445 763872232
-674334787 -150738112 407486509
217546025 349839444 154556802
-971451181 -94455718 -741052318
-338397934 150404864 227881714
54127107 208729738 -909003865
-366085476 -585694751 -155237310
-983472155 743207861 43906918
975029766 -238466817 536153235
-488613222 630437238 934965997
383559766 36327144 -356332919
-385131516 -366516444 -277250601
-771725329 407198904 -2134578
-110198747 -114883139 372621840
-940160189 857269978 6115977
853032063 -940725534 -516332446
456818396 -9000004 381285824
827825624 437857655 728689957
-571357731 103123910 362526752
-269286324 862101309 379504567
-790163433 -817899857 -639852629
-173270305 -403125821 571363426
-225250188 273651385 211915474
420363123 -222680167 838578557
306231821 523398376 -336507716
-459988734 62872482 528575512
8317498 -265273809 650977883
-322700990 226444633 -452068197
-181125684 -373152325 -770245114
-41532128 -649977173 631463167
213825921 881100883 483977356
832034812 -619070909 373826222
-396524706 942677004 614926369
-163790442 26940070 -872673350
-995822372 171620007 -940342562
988911592 714220504 -333638696
-614494954 -533952177 167214713
-919905922 -336781608 -758976148
-442115775 -279825598 -298627504
527531936 -430473790 -519028250
-4845363 -945514038 -830794021
219867645 -223994697 -589798645
619347796 284634454 -148114366
-305452949 661376736 -16342961
594377330 -162568867 -264054524
105486800 -133635357 841889543
-919301583 -700065700 281160940
680284916 -276980771 -341191495
-339792799 -912160502 672656958
-596453894 -542775456 -858329537
-360973337 101095904 258957059
416884148 -22379342 -63660999
485879309 870895009 511078932
96856067 148056881 -586628618
-752846899 -590184335 -729221950
-960826503 -713327982 -810317249
806436891 581197021 -750870229
-394734115 -968287516 -892526711
-913029481 -830299521 -963531117
-318174036 -201673806 -89963716
-136338417 -21794947 81748153
-632228012 -519167910 -220423735
-761045605 -356886699 -911648607
815188253 19220770 299797962
553090200 523744198 -20474352
-761444523 52621032 770082833
778131316 538201234 -317658751
913297299 685811291 -889791712
-451286936 352770411 300996158
-572756033 155277327 395710224
982729517 491208087 -395061628
-571592808 -726162880 195195096
-556804252 273493061 -400152696
-703542226 -458612257 -262660906
481946384 -784506683 -368510792
-944461740 -972958536 -418633659
43444886 359530497 53420507
171237301 -830594914 133300309
947052187 -471509002 -401461034
492200231 557834758 539391468
301851627 111716461 63352068
203208433 42934577 153002516
42701121 926505968 -863411766
-483384222 -272831291 431633050
-8746979 -332530311 134796666
-211428847 -930056665 484550298
-922753935 187275314 -79291612
-799116058 -879210308 598939409
703382420 114021200 -484994602
257908291 531606621 919220070
-535786511 -431977736 523867283
504799788 -984911293 68106120
542159671 435974612 -98356245
-394381769 275091381 -887534670
-864046932 200647415 764298597
-247512759 116539573 -945455182
40684502 -860021549 937466992
223262293 86946424 -518702626
201137030 944244800 875668822
118301703 -278304356 -902927209
-641010749 842205933 654844152
-520342071 986078178 -744242461
467853348 -802555939 -979613755
-998899247 -574662115 -386614121
-210194676 -550551859 -861440073
636918647 -956524877 -210796202
-521431520 303293189 830747952
-492490582 -550202406 152291930
7570807 -361117244 598918674
-356167102 850659010 -328782574
-425809676 243674087 755265385
434978206 191092358 857063089
-149681562 600375203 -575856012
112493337 189191639 511735559
498611475 -442628779 585410415
874003009 80716692 -977611631
-395672372 -587499003 392372973
509190743 -894369404 915871843
781556537 -994389140 -971840964
429623697 -289625868 -286804843
975385892 435778102 -760827594
-29206344 519654499 -48585878
-896595666 947375144 -879768076
330553277 -409768008 127627558
-168737081 -43625673 -116862711
-982783663 374167940 670729360
-824947976 -370369274 395916577
-231953569 -357250851 -33960621
288676730 34041342 87379003
598989073 896890994 775958442
-585048878 -137379528 -127616027
-960499845 -900509607 774024231
642010502 -282981200 995059904
723777597 598655390 -756317161
-455722788 -732628409 -71949781
-940139120 -193623264 654206889
-800400747 718850521 -183461091
995286112 804715373 805444932
-838080630 -277384155 -197267333
-235913545 -446620221 -870240561
13648078 -119546756 -857873091
871675998 673719081 -172501851
-34199404 -437685685 -844440543
390449410 542494600 -881585237
-476201437 50658576 410991763
-859115100 -915439270 843515164
-629005021 126750832 875790083
-468993252 723103609 -385872302
-133093283 -238290797 -767675849
8536491 -909064069 540473702
-971564905 -814610976 665681841
-508420507 -965652832 -651918968
469259302 664989722 -922241728
-291123038 -958090716 375888004
-372725933 -565642523 890504708
-250734356 967569944 197969826
-196568792 -409613721 -974207971
652918452 -54348373 883767943
-862933573 820187559 -153191909
-371146605 898187298 -577169349
-595614001 873834820 -433211977
-954347289 821813743 441362966
-447639995 237276557 521073396
737690601 241537830 260782708
38516537 545171583 -665096382
985406339 2489525 -897126575
644975846 -308388722 694856573
-692288695 -131343074 -856417431
428950573 403803013 171885253
481353419 265201239 49623450
-69311569 948998628 -942426512
783073334 -902013578 159032203
770011812 -939338190 -973498137
-561327726 -977792452 -985091283
280049181 -61276573 442288078
-280171656 925438679 270367264
-805551722 754731694 577991484
953846843 798548810 377340298
890365038 929021313 -14349794
100354566 602667452 189070790
-932363950 -958684621 759374243
-996620149 272059857 387669190
202740415 -591875551 446777578
174874917 622594983 -11904161
908798179 752855390 655831162
626873749 -76887690 -545773293
971674270 -73378428 -2218316
-854693279 799274867 947924476
-580935744 -911590655 688257768
507143367 -829850326 712805043
544317140 124324575 -651530331
-134483352 -718719853 -980736446
590927068 731358040 -840737547
-972138240 -236603530 536700129
-844280132 48578686 840029166
-271992490 -745348694 923021211
-950570753 -578810547 -959224715
-905320323 523617777 -944273522
207430973 86786499 -519640584
139118885 111838882 46565212
865040015 115593288 -128208540
-754483302 -434382633 299853491
35660289 89648166 231194145
-897328506 -412252641 680428369
766005605 -740141610 -628408047
-219069592 519682653 531788941
284371708 -192300477 548386908
497333704 -40291498 -859695802
515073530 937671504 -598472741
-892390243 -21924267 -131644202
316402940 590358447 -127300512
-227664860 838090760 -72776464
701741042 736397482 668515760
-289294419 -598793490 -299517451
571378736 866030254 70704639
666650970 -839902492 -213595257
-96243522 -978999432 599155333
-447676249 695625347 -163311762
-548466563 56864960 283032239
-10630323 -864461523 668049878
62787361 742518891 -63268736
280115346 -816206641 -581980402
644226909 -974609638 -448695872
-940778147 -506160921 667637847
-879162651 -892583114 127249572
-890075209 -967310560 368732795
516786577 -949711393 -448225379
723430370 -952671557 -844996301
607625608 653346854 -724140803
