2000
656797253 -862137230 -234043523
-392855847 -707119474 -69644067
-879345815 25802982 -692064663
-74494622 692754683 -694706582
455435039 93600817 -993077173
-202349503 -857906366 -339299335
648575352 -196151946 618875087
-681892593 163500612 -923627499
242854508 675676320 707970237
-207529106 -295848562 -320868499
169629656 811772746 452965602
-898883756 263095325 -159874044
647406368 650076022 -420188517
874725255 -894339511 323074773
515742713 -439312590 -103203160
-501651433 92773034 -805491281
-742081056 -850657806 -966396721
348777766 692113135 -516262023
-331950450 -630737997 124141302
730819460 194336301 -675698279
-652195802 -928459932 538425163
591765751 -356106987 -464092751
38666099 -887776434 -526785748
-531854502 -553421910 -955973243
776146853 304762647 -509191637
-866052935 -959076662 -147958130
-761193325 232557888 855331838
-341399333 910251878 894365836
344525634 -465472781 -155391432
-617833144 240101281 -346752400
-152439209 -372520726 -415538502
-87800048 275935098 919814995
-886289249 986833734 856522605
-708651937 179796754 925547202
-592279567 -755162587 -840029914
513141639 -865085109 -970088608
971839400 959757756 -594132481
-854757134 -705402847 619017130
-975695093 -536507437 856927628
691722318 -951540223 -963657300
-104513970 800639296 -571003882
802903169 -64369404 -891003530
-461546940 -842088178 808406248
-252914094 936872295 -822334316
-417244515 505435268 -344111075
-928843440 -910990074 -858188826
-113722102 465722910 325297989
-200185297 -492628080 -860326716
124790908 157075137 -962432293
-320410658 -892230275 -746228603
100244409 -581072318 120691255
646988283 680331295 -761969826
-353148500 -122101721 530176003
999342007 519969694 849618932
614637750 14996710 -676312657
-858663418 -66502931 -661086352
-694304898 -943324067 407850093
260721994 -275546341 -958794022
185265418 -97058671 791642296
589037626 320402380 -944533062
-89197456 -611892019 -934828444
-731369473 -826696831 120682789
-837917422 230204068 -153670584
645783231 593129851 -307391406
878481431 -876135312 -42373449
-998481082 -321706785 436370619
856330629 856652 -315147929
-97266535 -955304366 317858984
921424737 -566014545 449647465
-855820642 712249892 908705735
762270224 -934617783 -655147230
-684180124 365463622 187192741
493877026 -247401328 -460428871
-494383271 -729509085 399260727
-678011612 610234331 -516406669
-304935141 -924873620 -507706748
-355015045 686999165 -750982695
-307907950 -679498936 -539182302
749822459 125766186 -525354176
993611631 767154802 109483564
691778665 965199105 260017369
-946713977 947095454 -261421372
673691154 -975689332 -381721282
-736552767 -731863689 -582690833
609437239 374809254 32240584
105316254 -577133466 -868877732
-485815016 -979275490 579839124
126526892 -917518315 77887410
506145390 274357028 -549057003
932329512 -692343564 764976321
31574329 260738948 -896539213
-855119727 171298368 470099534
384416188 -170521254 -125739240
110697812 -753112656 523071019
474524582 -677226083 -637567398
-302278937 -214118967 -659946847
17046836 506665474 -983748864
617178005 -869789245 -133253046
628708373 -401296694 109576922
-754668199 -178638235 875872852
158726911 -288456223 862167115
-800282511 366962416 941625593
727675409 -522865008 -957349879
-421427624 92582301 -844016789
-749113222 -935562064 -929049273
-57291803 434774875 -558901469
-275868401 379768650 -895782832
-905253326 45123975 -873673797
-504180901 -379644820 17996737
609349011 -686729068 -710793541
-947430394 -574746273 -782422750
523119043 781254328 771718718
-537108372 -832366330 -968079327
-711629983 928274333 -971457879
-557793229 -634164558 -146989751
198823273 -568108446 99007742
-945971517 571245083 -667477697
-665721337 -672913758 -990440075
287873767 771522341 -732304075
914947535 -923379604 684010957
-673748540 -146682652 469481600
-867344664 642360295 -919697350
609400978 -347439784 524913717
217278996 -895784340 5349791
21164890 -327894910 80519719
563832097 846853227 -335776967
300522424 112622403 -980954367
346075211 -949395290 354352120
-416447734 -642600056 -761605533
-801501511 -969489443 -334103543
-305255325 -458004626 -932548426
-861775351 -868171160 168566585
974013499 22619319 971054936
996467980 -604637005 859044367
-624854299 -226803898 -67070483
787659547 586280041 -778574004
-971933487 -921298674 632445920
297013510 -681444446 -865104967
-947545341 30203208 -977766826
-533154187 120394485 -784666472
-353056940 630587637 202820758
102107017 360050289 -946394486
-221169298 -241289122 -389324602
557500308 -706901717 -681900859
-911243366 66696785 -56406531
-531326349 413224570 620248918
-199221612 -432337351 -639169169
-456851699 -607741101 -582520673
321230573 572867268 219085657
-384976745 -944871543 561367825
393719911 194599017 422626169
44663371 -58712545 -353969149
412059894 -225421097 154430731
823840666 -580723557 -462953108
684237533 321278014 -450755650
343157957 777985327 410256644
547958839 974754557 135207157
-219942836 -393505573 -779157342
28860422 -595267981 -76827210
-826486433 522180501 -664000781
-389006970 -227614086 -931788974
-412837763 520801997 -458266381
-209560285 865111290 32383355
341257114 349363632 -996573616
179125715 -874477467 5082256
437817302 -21240597 344841993
78304686 -864721246 265574987
796326186 -330614345 -768119492
-566051579 639335406 779651055
-168985124 -592123847 -476454595
-940742377 -980136654 670737127
506252520 -914091878 -572104116
-752198392 -162549221 58414729
-48198948 -749540330 -696780560
115136899 163304415 -912648558
-815106456 828354340 242069148
-955198328 -568710320 -984640748
765095719 431187196 -344187045
638165388 -41410396 -156387780
-119560486 -881040736 166230270
527118275 -989839318 110469634
-277030694 -41457940 11104968
325546742 -238427209 672278653
-847133771 -252234481 242822317
621392109 43536022 603365099
217274646 -872078646 -976404668
-736291548 -272677772 308997028
-154121691 72959645 -466518240
-663525065 -902077463 -166803015
-660396090 -454169374 -295514142
127335964 530111350 21485523
228961182 -884198917 -970493015
-805673966 105094677 -864802368
-94346918 911428915 -304638664
-754849846 -33348886 -10322816
-50202114 622786412 609633284
561543503 -69424606 -137869342
-931619921 -902085261 -981741100
-278195162 37384773 338394088
834624403 -136543413 749545784
-944070463 -365333721 911192320
-339447679 761276818 977327226
523132495 -694111047 -750929327
-427938036 118247190 -499826937
722837345 588975851 -840919532
-967962574 -978515180 978334212
-911203754 824756187 327690394
-756710602 356025770 -503193630
613584995 747407656 -615463832
-120880850 -738784003 -942138300
-989826951 627923835 158571962
947268611 226515820 908348331
397931716 243961043 -192313989
46583069 -250624808 -101846071
-380222104 675872617 -867489254
399615038 -130834981 -759310761
-654212226 -856355577 734901598
469887997 650584701 -164226237
-175924785 -440880549 825010320
954814772 -567380052 -335836176
-376496620 791633233 -244123712
-467788323 679503251 -781211048
921774375 -830045808 440518050
-845725786 636009243 896198028
919927025 768223143 602850250
719661623 491507969 67784833
484641591 -6881423 679312246
-816670634 -807991640 859254416
-409286743 894322088 -668510459
-733790 747323742 -57918006
-55004193 -674743479 300538479
-822937421 -636629647 -319158070
846019898 -713870190 -910206462
624127812 -349857749 -2213827
-979555339 380769 125797296
165520771 608484209 441082500
927713339 764499943 -617384269
-942452522 636224704 -241425225
-411846853 3518653 -904669450
697955467 -833644486 557765473
536107554 -62376063 -27997988
256422264 -904103947 413767087
-418892787 346846238 -183836185
-357454498 418227797 333819838
845427263 55003696 -973730709
-31009659 -174100884 224845020
-886053437 938860659 -985302720
-332388941 543171466 -856888579
118089277 86521087 24963673
412406347 -182347791 651154693
-434174528 124154070 -860313481
954167435 -855402012 -370648245
-986883096 -206035247 609233698
-970157218 -944412962 -543903014
363889289 508919561 734527316
-215914142 -916708261 -847655636
-451419683 -27111096 -753382790
268175432 242173610 928380418
336890619 778331373 -810799659
802378270 588915245 -35275681
-221809637 -439059263 129538550
661001845 18001497 -99842962
-382165642 508063818 -879973613
-820254229 -877007968 394727904
762464362 543601689 411827994
733861478 -172102913 271793953
707183745 -38673181 -640629948
-449004799 -251402038 -85698810
14942238 327870243 551823758
786695372 224600926 -415749494
599598197 563635915 246801232
-976151101 205454541 -785317562
633480631 -468275 -891425215
-328032854 -12532943 -548972648
-184875102 -449252248 270243590
958570506 -893708050 -307129903
313080671 -982680198 -602730317
442532551 -84181055 540238427
-557175201 -869601018 415418611
271566044 244410461 867298380
654215333 -528052674 229964252
-462697622 694233647 -900501651
79555945 -415415646 250125822
-994088363 -982470412 -200406926
-4490871 -240263806 -972032022
-179204311 -918327584 95101295
-128844276 -921494729 -412613023
985660959 -47347143 584342976
-428701419 -308556638 569931843
840576585 5341244 661070428
-441819280 875662833 172517236
20864955 348250066 -444708957
237839134 -9962192 -820223040
-839706448 -747351744 279410154
-261730872 -966789783 683111707
195867775 315299552 -78529250
812519574 -139589716 760700037
315511342 595737332 -423498926
-975435772 449231716 401332600
403668142 869153125 -947420853
-372613155 851036740 -960134779
978251398 -388055244 -879168157
78754938 -584150532 -175958823
-77122231 688679810 -929201992
625834709 906948791 -243358254
999298308 997708973 929748342
-134342085 -344303051 -823442206
-119885897 -863593527 116881505
-992717302 229630467 -876865919
103066088 732341872 -910387363
94818155 -874437094 -947151048
-651259044 -972942883 -783314269
-727218377 -713558364 430278184
6170878 184105586 -710114260
452272100 611623373 -851666174
763827715 336224308 469454759
467308542 154685738 321098626
339342990 -361883805 627460212
159548881 461047663 857697628
-485250477 -718328431 -883451658
-911632766 -143533830 -9557666
567301335 -970889008 -980761507
-114295261 38155444 684150660
188024248 709358992 585270228
983678141 -933527954 458882227
-60689603 -119259400 475645878
-775725943 -787392071 272139248
-105032333 486440416 778986748
-307052091 729966629 479643290
-107626498 704365179 480120735
-991772470 383934306 -952285053
-908892233 -900637715 -79766368
-543948509 -635704861 -999348156
965613462 -709806303 -405718094
24601881 773853935 -261918191
702420355 887659054 673264389
107162607 -737857394 658846737
-120885377 773939932 852911380
120324802 641374829 -853766814
-983375295 -929290752 222558164
915900002 -914224155 58678901
738958629 734309952 -341975157
-898096007 864670682 504232319
963238624 -578383034 713372199
-488309173 -730332443 171699573
-293989012 -302001277 -24275900
-226330072 5181930 359703489
584517500 231208760 -217092309
-894773340 439905509 -876366721
795378769 839509873 -635798935
-508325332 -130951599 187656390
230344881 -172377173 135736055
753393590 122263610 -897045990
95133930 446124067 185788789
687444954 -460331412 -843440873
-441922238 -991171237 -615176943
488300575 314898303 320965739
652560711 129601131 195377691
-889680735 -504250198 578263446
-136058092 -563655394 -882771415
-456036404 -599538571 -756361698
-341142566 -587502877 -472782142
-992915323 -925584536 -75171291
371264969 857517950 -33445833
-679029452 543375759 601809445
-336271083 -504237781 -369635183
-752020215 -60586518 241200667
454450833 -965014599 815175557
-809435786 -970149167 -815923761
-87950862 -355472622 21483050
486578352 -970354328 -448602848
-765172088 381383159 -603052231
-695726495 585152883 -916113458
-816730154 -438176351 882419146
-149657810 -632779761 85174919
-521343530 720409306 -907343574
-875543776 250738760 -187928181
-121076332 -227163 858310951
-212310862 -588629292 -184818474
-895540260 29386804 244732348
-868290752 529662496 -738867508
848421439 424889945 -948508075
62599306 -836515964 977884301
915381197 -852974335 174489461
-637702954 261351594 -778721862
838731520 -997555090 -601669898
613573408 955545895 311638992
682542181 -387121790 52222545
616015665 135434268 848850989
-888866348 -260654540 484248525
-922093741 -324395614 -315049886
-696376484 -747473309 -440129591
-909880328 -921319053 -957309710
742634039 -134734932 802519566
496602432 -690797637 610867894
390195721 -364998990 -306306375
-623924015 443100484 -747379172
-309138929 776345363 -605041995
-23665610 -202600013 -581118708
316614808 208718817 -931700448
-597732370 -618327535 -572058808
100034570 133989385 173802603
-387562143 967617209 711807864
-747466504 -81181004 -839876732
662965925 50126530 164634469
-768145858 -661655381 17498145
380877725 -164258105 224177963
-69501571 15389773 988234871
-534218742 -528238209 -890568083
-338941935 532826957 -719176296
-653071635 -273691500 544040147
-393161009 -495140831 377915665
56174331 -470206309 -588738860
-51383487 -539799257 -170903257
857926033 583311485 95870905
-962147016 -356612198 -960317512
178149829 33915378 784660615
558927698 -302779363 -577982955
-257589708 933074111 264333772
-602839485 -996775666 167540916
-491961270 704558059 697715381
-811403109 -253766513 267788002
45891315 882398972 -806298755
852996878 355074304 -372915628
645764244 -940552477 890389017
238006734 -147690242 -502659121
-739799961 724190806 -616388214
-352942652 -833678803 355131758
-889824437 -732745073 -163535779
-361800049 364135777 582569803
616786295 -377900209 991309713
-278212219 -661639201 740564387
60085243 -588182858 106068300
732594290 -603069525 -311161914
-225075661 -886983914 -524920190
605227355 -931345605 -917998434
-739071113 339238201 -396678271
139097831 138530264 603267374
408413018 95608937 -453686448
780330736 -506133234 -172375774
-227876820 378571025 -248928563
877364013 -612801990 61459413
299780628 431366421 -292331114
-983203748 293144867 -189002176
740795088 -878154527 -971460173
944402756 -977565028 -984171267
-957581346 -887081095 832643547
131343399 496888576 -913934035
850902033 551456709 244085104
-270815424 887216223 -756206922
33826636 946449290 -470206859
561024911 298444948 -280231127
696667303 -26065249 988392354
-376069234 -740743906 -216139335
-199858048 -766574917 220178543
722922099 -882767910 212429126
-736735899 438061538 -800023573
-264982155 360727679 -866848292
457092730 -257390330 -931428674
618869298 -413330669 -524971970
259514119 -899910603 514203598
135807259 199015706 -467160888
269690418 745121592 -195219723
686145109 -317666126 -857985743
197863104 333017222 -407391534
192125329 822906081 -684137745
550145836 -909036905 -839532569
-289024640 -326188095 -653174408
-937421340 737562303 -204105004
-878396289 -496740565 828905718
-753877270 857805125 -635977952
-322095547 -224058317 -37790428
-44172921 193150246 -874782127
-100936520 522727510 92580152
-417704552 -230971515 621862260
739178315 554569833 -757985088
763931725 553313627 -883761657
-933436744 -184129820 -271956140
-963447681 -970652894 -68386983
590488890 -373580405 -391190346
-891369110 -954280669 -339809730
227575385 -147625038 162101956
-44017277 762079346 304284490
291938229 -563156470 200134110
-103186790 19647463 982109854
-456996572 -880197750 486343463
583406215 169294773 -461505641
-57878964 -974503788 -112761197
330747278 58929515 794649062
-349035814 -185617896 399554021
917440196 128760257 939185994
351895565 384465683 -924314809
-417872276 492558306 -276690293
759522331 342811344 750650400
-291379180 -490964553 555485364
-389840856 -633469628 -802035602
-397064792 503157968 -266724214
-478598865 241627741 -703090033
942952580 725037940 -803264047
-663107654 748391916 -774702985
-491472369 -212249143 994097400
810519798 263056694 856961708
775800767 337544759 -788691130
-986906759 394727458 -411136115
-724602343 993319937 166006714
559509869 665958477 187280157
-287467758 518716849 -140970505
893745749 -992912958 -210975368
679413258 444638382 817349181
-157259344 113036095 -998802118
-547820885 -873837582 -105093948
-807237528 -432941859 -389442936
463230240 891745536 374569219
-370122352 265048710 -267711593
410198618 -955384241 -715800973
-336937917 -670165738 639850119
665265022 -772858035 520156079
246297389 895121535 -390276329
12215218 284620054 698108183
943746726 -830161790 -990972821
527389108 705512882 -156824126
388321510 523956251 296977886
-793422539 -889206167 660349125
352491274 10283637 -986198579
-872267872 428906387 767238766
854141774 -162576204 -206233130
757036364 42457027 -608788383
225704296 -324269756 215354394
-104989076 694822457 95229552
-629920850 877343785 722856850
649921036 -650069285 -587550447
-957280792 290250857 371833332
-759152552 -275995893 387925228
-423352304 541068616 -559717711
-918790826 -123098943 -50387366
-862420868 -908785065 807039697
170250470 617717129 -478589
-872842691 507786868 -378131767
882846406 -972797476 -962028388
-941792772 324247633 -807470543
405976161 -148673211 -621123432
-922747594 740330141 -514744810
930122253 -362543226 291415963
-846300207 -214221681 185213713
962030641 -335028726 932822172
35070331 298019173 -235760528
-924461299 -920401324 -394206559
510743617 -447449174 985759687
374011451 979552911 -940518549
-226127839 581887588 186976335
533508205 992790419 -655756150
-275487189 -898870661 -39746120
-806345292 -399886579 632286031
752681251 -69458068 234787693
591297306 349744779 983953419
967795741 727323359 601458932
211398091 -943688879 675098499
822130310 117748721 -49409848
-927982852 -444993463 -44142445
-549707546 564413527 63205560
875574911 -866186621 730736579
-955604288 -275162118 246857762
-196146388 -374203207 154647338
651616243 29816450 -571174801
60836363 -863719389 -678455902
795186224 -935039842 662116223
11515048 -968497629 -999236126
-486253615 -925073592 -447967035
945616144 -189923152 989521495
-482333724 345977518 255166746
408114764 -630299231 462465623
-856903669 985820790 -18814501
-266807230 -60992901 -957147294
293664818 912168756 -160584778
542130802 -382542356 -790652187
-694248966 -994940309 543342193
402835670 15226755 -987632336
849825708 186140445 -378709980
91810614 928695582 420243517
-972636687 -65001662 679248674
804113894 285464789 -136203876
-881361703 511272889 199785338
159290697 -977576062 -939423568
734925282 280760544 914759936
995377864 -677495850 -961778754
-150685049 398945025 -920807444
207679 -423323487 429859927
-343766291 -475560047 -460670576
628918042 -732257481 961758898
442743174 -867726547 -119492640
86666796 871693822 -654836566
-746240909 359127234 -438791888
-364222270 519311689 -627860152
332288088 61413004 -558544568
-867919829 -964888936 360260828
228070921 281467647 -280425631
-464308793 601245457 494544413
-238757047 222806634 -550931200
-906804490 -810547662 -856321738
554037072 -675343697 11799002
958050184 -429900824 -117646325
-863160792 -575422257 -941154135
-479499348 -247196525 -138551621
293275202 -28761724 -923364196
-720814823 -258167823 -774425842
328906850 637884330 -413276511
900119280 -100252910 -719951738
741286841 -215261672 -471962430
-949241429 447196882 502497253
932630802 887840232 -729265877
818202925 -170685867 534289883
-617586493 952604367 -906581693
-834177853 -22838248 757816775
-891982509 206112196 522494897
734831629 291613615 -137624408
-985024949 -216638460 584577819
-912899314 449990356 -362656460
-621765229 -369212505 -520265967
997543413 84185481 -132200307
-864333693 -377694462 658411886
994965620 519532077 479804075
-870137012 555361869 704489317
-830554913 -963967487 -146556213
-940174456 -936181636 -315343775
627277443 220510586 -46384973
-6502186 -881996361 -408780591
-427073716 130000527 496749995
565275490 -965053308 -320081539
-821793398 315461021 -858397554
-18509839 -621799782 -857573807
-614285733 -492791038 113209182
242964532 -154304870 -862778069
-804704177 -139217795 -62782824
-753933977 -983564002 -682212096
-998720663 -645227584 572911079
959242927 -588708685 321302898
604254616 291072014 312092017
-482585576 -782828906 37772604
-880610711 -867824484 597729539
-927944521 753457318 690669888
438912575 347868911 177191865
687391057 761304059 -884807607
156911174 585529804 659502449
959588885 901897670 959766957
294732248 66585259 -952201055
645546140 -64453924 -882761027
-823628046 -985633448 -872759291
81746704 -656279349 12317080
-944227742 -117770396 -231066932
407089106 -32218900 459959322
923214085 932309797 -407145068
-967759464 -853369068 -871298472
226811379 -156830847 79110393
851132929 263069092 -986820444
-132889191 -734549072 618441676
413768404 -357418857 -469756258
-952127861 165792630 -65741263
-353297315 817442856 531060739
-882408049 170443713 -879238330
-26025476 -628093288 -557696174
-722127206 540580946 -154230985
-347390715 -582062784 522948618
-832156509 655042456 548297536
-689993175 429563438 -401728339
-502869224 602717002 156914368
-871725550 -566732218 522333922
-570960535 423029253 204613450
-37040325 -611831384 511242618
-921720488 -388245527 318482812
661865676 -173164171 -965911222
31346482 534990180 -563295551
390385834 448653969 723632971
186784520 -860211241 463067759
259894227 -373746537 162768066
537310112 -961754219 -657080662
-143399096 -961190080 -262073244
-271388775 564500762 915205291
381109875 -288495985 -772811682
870858294 369564826 -925527189
251912286 682678974 -145482056
-263057159 391485983 448332639
99714005 -245975821 -54747814
124413631 -890597299 764370230
-271339965 866185205 -997632598
-71261150 536038988 -319802760
-889911061 227452058 -888027026
76845004 -627414432 -740657797
951791014 -97015102 -201218073
-176061187 569989043 981697360
783705588 -922289945 -104119269
486309619 680516557 -989471125
347107291 -978756037 -762343018
-967982059 259619679 -565278130
-927673652 313438466 86247547
-349299073 347978965 -100540183
-506776650 -963001255 -774640156
986576893 188884703 -81449832
524611625 738901231 304529694
-102197447 -464207744 -592231357
556253453 -774076805 499783524
890653881 -809130762 -249820472
183518473 983968669 -411891318
-450620368 784801983 291072304
342436007 151560698 -773985951
222092158 -323278056 -521154871
415518931 749881325 -915780190
256339597 804352656 729739197
-668525569 265636901 -92335089
-353300314 400385217 99747653
658955664 420651669 -868722926
991222848 428327990 -72166658
-193693998 -578834735 577918526
783050940 -985061793 466309553
-862808641 2030197 991147458
-885264028 -471779805 92539395
338214443 -951742563 933818573
-701719314 476351115 -305352429
963893910 -809587910 47161978
501736148 -284599599 920290568
-985355006 -859522689 -858644615
-721868205 121659316 858235152
770136454 55649348 -817394205
-223795982 -67152754 347087768
114907656 750929845 96495041
-162812891 140741813 429076325
81445704 348390526 579938174
789493534 -811414623 193030562
611275037 -945123599 -934420778
592518909 968937016 618098191
722605212 89338503 863202398
90800877 550792930 -422623462
489883747 386583209 664622764
467485347 -699923638 -960169276
-972981021 478152830 -890512681
133728566 -928335174 640738164
-438204694 896616908 26267174
-673556829 -4085208 857117585
-853411593 928349370 -871203192
375686082 -982846178 -857366188
787647274 -373120824 -318558084
-413406950 302469769 -810626793
44774684 963841603 -374695148
-721876667 480384377 704706235
-841255708 853535593 945254612
821425222 688188452 -235465351
224896521 -68009003 -253070800
-360447866 682362811 -776155028
-817632429 380726012 877385535
766745308 -790690072 -907208694
-302799840 -395652749 -247398347
238879552 764971212 -134881769
-952404575 -773547736 92625225
441361973 -585745600 953508090
148493778 -522330291 -852831298
-652337399 414648254 -469064927
932729127 758925484 259319236
469558865 486391016 -406686940
-530468170 251200387 423833089
827943908 221740778 166801968
-450162080 -883737657 -608892975
-978564824 -404850373 -446338098
981289795 -224630361 525905665
349984810 -215973899 -158905974
-546556334 -943639682 800767299
-48188763 644458559 318644177
-679422668 -773239891 249051323
-149366696 220544369 -893688420
193435650 -294113118 -903520772
-381100828 505323952 -916323630
-880758495 -14895334 -313519809
243889456 -570493218 -386270388
57800000 128068806 -754593507
-919131974 -845285719 904230132
-769807647 822252405 -141772477
495649818 987707061 -318328279
-657000333 495219775 -151713350
118765250 742435569 128114423
-911407475 388992463 115889256
-432623016 265694494 -317889666
754628648 704002448 587089802
647480378 -956026551 440990234
529651024 906626257 -952609250
867171518 -903101264 -390549761
174892224 867285251 -1667518
849043636 -922157045 420952265
-832054789 223975936 799097159
489326274 -151818717 -18300169
212231978 -427259312 -305200931
318145323 -312539377 351861947
-929831179 35274641 542811009
101076660 -865506178 -523259939
-584887159 232862441 -309078425
562895714 -8870319 299679805
-914568615 875648959 400214732
-669637236 -672574855 481030888
84064082 352002099 95569150
513112991 67902094 -204200266
-84354244 -532221826 611906065
-291898955 191275211 -304867599
-237296137 726974014 350048763
126146435 79267623 295150692
779968881 980490708 -857936904
699150709 -994816895 440656914
92952468 -924701630 264626676
-626187476 -128460649 -139899150
-455049026 672917989 18286283
151381262 453176186 982951827
-950285012 290913243 647791514
437433201 -143647293 -81436472
596379586 -294067567 933997392
857577984 166187221 149031624
-955184077 -275983383 -926680902
886634522 -361945604 605887860
837169957 -925867553 954274591
149752066 669102885 -939576530
925499616 -354352122 -727117512
-797785982 907374288 -451966829
-611216087 113204569 -603547640
-606801255 218945959 -988118490
-957894239 -852944209 -749789028
-509332720 -841884334 679481302
-528046360 431157155 734886224
987935968 -68529026 29072730
-995305028 494466029 -866928901
498755882 573364830 -118483727
-335100187 -779842266 66940364
3682369 276943466 -942743324
-871667678 554553806 908822507
686522953 194591388 542002456
443996342 -669977569 590469912
-872879231 928742473 666038219
-134204067 860399307 -390925194
733179956 -496991272 -681572141
-114548171 527690956 218035438
873992931 52665387 846455144
485454981 -784123883 119492132
-878182275 -519331570 -691148860
-955660100 -605045597 13999953
887990935 -482770975 700973059
-556128430 -860988815 -19291342
-244847379 535491046 922863119
788890752 752951895 -255678667
-458951295 110275349 204670862
970125196 848059624 670942062
-500748450 -112605968 -209885150
75904040 -57683014 -881347208
-132218046 780321017 -169399391
-921915168 500733996 938542891
-198024820 587549121 880854599
603622911 -992663372 729961105
-879006367 419473353 -623074353
164363870 703404548 210547252
539843571 -207651444 799012951
881953068 -843509852 -890555401
-270657551 846984867 -903226495
836011722 -655407392 -117415514
-832836869 -350228262 565926743
953443166 847321149 941074209
445496531 -916380395 -613701832
-168763796 -107290784 128584809
-989044305 -193411053 -274000607
159933408 838749317 -214637907
-547147143 783898507 249344024
303132605 262679454 489590293
-703731538 216560246 759297055
-976407630 -410381105 -265897802
117096445 863898492 -776170067
-824278519 -855447502 849503350
376025514 13002186 -439397907
679969184 -314753210 71259797
-507878557 -264188522 865010327
-194453904 -854115720 -776195458
-589630559 897863875 -995860260
-945632720 -698554830 955745768
-885207688 8002084 -333923699
663915424 946966178 -408331593
-512248498 -277403842 291489311
31876781 -903503299 -729451123
-781535319 -390726343 -102045602
-394405633 708288266 -998322194
-256399058 -25245774 -698197124
-894251677 98225718 -396393479
-639507055 -290972146 -638135069
-732853598 -740927838 110562746
-412814426 -24834444 -13163555
65651246 965613343 -221644285
529545832 119065245 674969072
405299990 921706233 775163149
257856730 -346332710 -863124509
677843231 407930704 325681493
53568205 550790403 -895619258
723855628 -14075155 -582777923
-361943938 -955944845 -445059264
-392598698 318903545 -24573561
-824513221 911470105 -870406030
191919845 -39320998 415075332
874415080 -941635061 -923154174
950624930 8916481 -324454986
-239154534 120183602 676065458
-967123339 870053177 -921802478
22665561 -348189165 -971050828
-553438529 -784756964 -114471756
-371629942 -76205911 -383423100
899604847 -611305587 -106396307
148984729 123570382 -493711373
-229807381 -97952793 488454987
629276899 830560380 -508438067
-583683071 929475423 521710230
398184170 -312556261 568787160
-391358172 157048315 516731850
-622325723 359827267 785992027
227380325 -944046941 -380581242
137230570 420468717 842262947
812280378 -132701932 819282354
967401617 -640506746 -631096885
38770681 -723907449 364798014
-303570078 330366377 533990116
914958207 185574616 -913326730
-136295803 -976749818 -413437420
67836528 -439783398 -621689791
767063762 -245071174 639384850
443975715 482120734 -48737720
540368722 -801329244 514300972
-880214209 56047222 224961124
-907249723 122618594 999006484
570016353 97435373 -205401568
-190596659 122442876 -560917316
604785814 68221450 -72999739
-857411633 -649092091 -838901618
625289154 -304900204 -755827892
-954849763 439618618 633275215
-879520194 951943990 -230752183
-825120453 550292275 -243826624
985874142 -264971444 224054227
144253749 -678111699 374785670
816134443 -951960511 -784124045
-424932903 599042062 653282224
683500521 688450795 631232223
-596456403 -537493557 -120753680
672725580 -437797136 -854600178
-286539363 -268502217 -391508063
-804071386 726806730 253384271
321347493 762023941 23806930
-580342922 -797579274 -179048490
-269468937 80371483 -689004386
38506080 504630694 -665926912
491324580 501092202 -859133270
-929685870 -188049279 -95835311
-980346338 159410178 -498389222
191950566 -328935835 535157051
-986519498 744304858 -424714380
517760729 -787336421 945768859
-257337064 -857646766 -104092463
-407831482 -927162823 211088248
121903817 -608991651 -760928832
-599095089 -236980213 291811419
-737979884 745502548 699750785
841278387 490190114 -553599746
-942779812 -453712902 955667374
38449380 -995994634 -392047340
942004824 975786746 683801333
394195572 -232901689 -914417664
836297319 -755224961 -483419110
572460155 608535971 -309828996
-514668958 -210660388 828519774
748662632 -858389329 -244281704
-15440926 291109879 -433264257
927403668 921741839 -714702725
956198154 467046386 -164256060
866133125 -775951701 -340179033
-51917406 255353574 46185300
102926911 -943443679 -889701174
705179974 637593773 -950526933
-932724490 -968166261 -902207553
338094719 -482235206 709603514
-338004146 761805461 352382771
490368684 -701344008 -287470383
-539592957 -997728737 621134276
-372600207 -528363530 527766604
-497473908 -203730458 -741718047
522788286 -90556692 77293918
700939431 614603403 724609332
-353120531 -153614496 387416039
784298336 -737820072 -890370742
302369959 201017404 -285715976
-251000617 -793094101 -444313354
582609438 624470701 304101259
665767683 46682089 -13205705
-83124484 -822506219 -787072358
-981539180 -968360706 -414805743
697080395 231652461 894170786
658830506 -784629431 332846741
-436550739 -160281063 922566767
748216718 752640665 282396842
213671968 930570605 148911757
175025804 -335215963 -827397433
-167871599 956496142 -845542868
330836081 -660199288 -240074169
544928748 -662749963 48340987
-514360687 -767385507 -892795847
442587677 -172499165 883720396
-457378850 -778010527 -305935469
-540413353 806185325 -413148631
-85832062 -12482385 -724219361
702703756 -939919712 -522937902
-344505921 -748582227 -870133144
117295995 403460496 -122284981
-498735000 -792212070 608438842
149674600 -982884507 870280261
-276164498 334963919 962416969
-234262392 -669518847 -743539414
776881322 299308049 96407441
-630980751 -758588513 -32137823
-326439264 -24392063 -84175886
478670996 815691512 94074369
216259352 -248060962 -633101756
733505151 -239487918 -810680
-527037982 472669902 117170844
-509291060 -98085448 -975514781
985974228 -965856888 665371648
195654524 505828227 452245947
-720764268 -841412936 785694045
-248076366 -329832535 -219809446
665772962 845717370 -988299012
-593199120 307825441 733518337
-136638522 297932585 694972824
-409877452 554261582 -315383631
141507504 110420714 -188768477
-896838775 687597020 833784151
791608963 925697734 -738914197
-810625755 -32942640 928618390
267286607 -654666663 154079057
762420896 712549473 -302525805
384183774 46694030 -711096554
-370803078 -998291437 879061216
-923293208 591811286 -985672704
-175439763 -962432525 -477632242
-320166299 469791676 -625339429
606672652 989603405 507771165
-309213976 -723276444 -903551594
-446854735 42242261 -697999256
872746122 -932431389 -479430640
948529440 -529702613 -125834529
-999452516 318474095 239934661
-954710621 -374902346 586700138
57292410 654108305 -862460821
233277136 967138360 -855066429
533026542 -395168661 698549358
927961140 -124335572 61779020
862899239 -231029811 48892591
-927501635 -78546420 -350444007
505846423 -608663664 658810712
-3207486 632054086 624495071
250852970 255949140 -471826237
-754897315 2130889 570165301
-987298555 229548629 628533049
895870193 381736984 -341118741
542824794 -886523343 -922556639
-832543268 -921558512 -854453748
194063181 -939922350 -349433568
-585324730 -131749391 404805842
-32450918 -671209725 425928544
517359900 -382496652 781795837
553180751 602231580 -886997922
571468380 948900297 -974647728
527065957 834905945 87761894
909100729 -191573595 -719725888
822439641 -23986365 -133584123
440999191 -711377094 461667290
596464342 717557222 -141219286
646014694 580626613 -588946485
-527593749 548478974 -944192557
596997007 -531713834 895931964
232933928 -870429590 -765393731
385072419 -943942710 -319486644
-705364714 -896517773 -163363846
-404370044 420526110 -466247201
307154911 165310828 406464466
-661133683 689883714 -472957414
573026314 -789899368 714967058
-149363873 666754833 -875898493
-324421058 -341777967 840416564
753874753 -955355610 687593979
512325392 -126062686 175655168
-841155124 -119743200 387748897
-847711830 967220014 -617267794
606936293 -184269051 515197444
8638429 -150697833 -961770525
-145641411 -376075399 766314794
953113876 -368401917 303599584
-497822751 -757913487 -627694970
-549785597 -926712769 -972709948
-312471572 -214689437 864551088
-538095748 -843140963 -428893225
-164501962 456586343 744816847
713111383 953896100 -169799243
109268670 -796749806 -254238231
-982124096 203916081 71589492
136051405 -867436282 -742656187
-142054117 397263686 -931208610
-990647939 906987601 644515314
-86908589 -865578276 -327124991
584073912 -167991671 -962405907
449593355 -574060960 48421621
389804204 570589433 -840343121
858865058 279778199 372883749
274606587 487924734 -415519708
139465237 941000033 -979484635
-821568223 856403431 399792208
264079982 436096704 533583066
250145530 -981470968 647008568
-141532595 -800225606 -388060960
-670298068 990764522 -494489872
779427590 -375627358 -777624693
-883169139 44667235 -788947166
355861921 -343071601 602813701
517116457 -523980862 -870085812
-990219618 368906780 373978994
-105146768 -41554850 134178546
-756068842 331264376 -865940449
374557282 -952578573 136456034
771997040 202896867 -731500106
-301941441 9579871 832543957
741176585 -992539014 505408429
-811325793 -459273039 192217804
-612709950 -996988591 115177919
623689595 -740619831 54200453
-589109986 -723727543 -865296129
-135216200 582197682 -981128770
-232493466 -468378073 -115236677
447743862 -377516623 -216017075
-415795254 91120671 -769476480
505475893 -27370244 880710198
96451202 347431188 702437359
445584208 -252167122 -939684633
-42780728 424478936 700972387
-102910548 371373257 -951433250
561079033 295707071 274248206
-898512609 -321565583 286136407
527208338 543369080 -971357174
295216666 232304089 -62330776
-126510355 832125905 -986073647
-551142434 -751536509 -574693219
-720462261 294706490 -594082429
399648171 -943291849 54504323
785169491 -157038751 953729309
366370548 -978808212 729894597
305555101 -346083163 991056277
-48182384 -139330432 554336446
-144005417 -224340848 -339426743
-979453860 -736979445 608473510
-680628443 -297746474 -410882218
-322736428 -894004448 217017900
898973519 265064971 -915728103
858751592 -550987083 -724340089
788335939 -133671918 192788962
-863687898 775966226 208645108
-842107226 -61855103 -830199734
604232479 -786334935 287035026
-485857139 165211481 -730760916
-853010239 914531148 621114297
-601301501 -44321801 -367928581
544798780 -999116996 -38118394
-437016083 -908244207 -224150818
846418747 -154191282 452502962
504767608 -979391974 -77228084
302050831 501673153 -970468172
-900587921 -754643441 25199848
957179064 -263036685 -633485633
808658365 691338022 938993603
-41528469 1938003 939750441
-980398038 -440278846 -330858731
288598047 622405210 -895539929
872705858 -664950061 173301542
-520686866 951738026 -711543061
-910548393 335512578 -802019469
-294750716 -516265213 -977982621
-283782845 -912626613 325895736
-991168905 611709146 428696739
298317970 789985432 -428189015
226534929 415465088 687482778
-971309540 398929695 494367042
-143354269 718513407 594606249
200945509 177658820 791875521
960850757 -946048514 -32422823
606681824 986228986 55647884
349394478 -719505892 -89129958
823716368 977771966 -302434632
-986893509 -452215910 -379763907
924125102 -811998156 669259982
131544452 -361400658 -291100216
-706224977 914978351 -832979367
580823175 899645145 531994978
407089549 -550599679 -892325087
-948748871 672937571 707836069
550426550 -244960932 -998767666
-445951054 -264609546 -412662144
-674199992 -915520708 -323937879
-137376039 795130529 991585505
-367994811 -972813149 782710436
948198750 192623752 -433043753
-910317077 -33463630 -862405615
-649524925 424774146 -915222842
-775093436 355499550 -748564486
595508802 37022297 -130318450
-893382854 -926025608 -854461733
-500248889 -343666438 701485000
587590705 -748778008 -944801475
-731298827 881799959 -477508785
-316624103 851349763 743095082
192026231 -339255125 175636397
-648531660 -17190658 -266889395
-614555305 -518218719 520984684
988425336 144864967 -858885680
-517787575 343046344 603122999
-354475582 85504439 -103603283
700646174 485322312 22272065
842183523 -892315511 -993113564
566278964 259123295 -393046205
745622518 -209694710 273134000
160136939 -7540587 146783831
-534975885 784171184 161355103
243595538 168830077 774007784
-825171453 -198654508 -886101646
-251345359 -856931930 689763574
-870471271 15492968 -998452162
-147554131 -781248671 -216237386
-631930458 813603569 358877498
-432005835 356730335 640505108
468471826 824845802 -606631503
-318524063 -118154183 -879817062
-493717075 332610781 -925921747
198110761 -947628593 990639542
-362681549 -230609881 270357758
-247715404 269410165 -359369991
330115586 351485453 894869263
12342888 957611334 -626336535
-985923819 -189477539 873469917
598032584 949553827 -440353936
-921388616 759550145 714416928
981964733 590783863 -155083308
771020395 290226793 -994806888
-975517178 -503208714 444078265
907057646 -741610182 -556489929
232661946 -888332449 359312441
490602744 454739087 221786072
860664499 -213258094 -607437271
-120530548 427138963 773614042
-188542153 296853681 106821150
-656770561 -859330714 -243297406
-17675256 -298745223 641412173
435457736 -177106551 -842548553
18842803 -982321414 -853188699
-644810717 -317598598 306616141
-926487602 754910174 -547596663
-980759165 -870469886 482477821
599348610 -60072873 234660015
-768605977 132634956 -887718624
-987000882 -120657258 -579882517
942018445 -497504914 -508046471
-678389043 597166924 239453042
-44421962 139260145 -858202140
-473534340 -717561310 229864690
-834857283 171270068 218249345
-878595369 -498822783 -983220480
-998748890 -172416672 606022728
780577156 473804581 850748974
-293118957 -942588094 -794703253
-391840327 680082753 -78050972
685604547 55314466 -785325703
-291925111 966034432 -894589737
95094576 28145820 -28782403
225130536 345744929 -327336428
-77074391 773248428 -442616582
-986392037 534369773 47805492
-653692958 146404028 -215749230
236100327 -179618853 953743114
-583896430 -273102551 -798022573
974855025 617789439 19077776
831264022 -972959001 934847318
945169882 120987245 110065444
637651277 717669637 -313999961
6816792 -940201758 841076915
776138825 624706084 555203646
548141638 424435083 -784143559
185469452 281538120 867554201
646613167 -804885152 132839930
299692653 -436400021 799211218
17842372 338408448 37801100
483644809 -286107963 -181962295
-932712391 391751131 280602220
957344624 -945298782 -261557930
132493719 -654125888 691129597
891401119 326314493 -963168136
585261173 754144243 573703352
-770294967 -78744148 520886951
-350351281 -779169588 -380041356
901490521 -40751714 -717468989
-874401832 773041816 -851159860
-873175088 186684165 -299044452
-938619854 25930003 -82351234
-141022095 -28733853 -696103104
16307910 -949388834 -503983973
306731953 603085332 -950802081
-987800458 -256093 -621947480
127446784 505391480 -580638001
-973647858 -703139141 663653855
250793285 90618961 -408647971
-360292109 302481661 454192127
887377197 -715076408 663560958
668017357 -210565714 -82511713
-548509697 -970433634 -906265843
-533495224 -27320588 316868516
524309635 302340751 -497159405
-632742643 720210294 868248712
544107838 634808982 -414774490
161144964 -387258502 -728735707
872657704 788892482 458065453
704269261 727959419 -334278101
-997825865 992558749 965294252
343950684 -929217515 -82037424
274766666 -389197746 43071001
-660129903 779099762 -7520645
-429642342 -159269094 664447121
85643104 -100925539 681415244
-96858583 752018029 887573008
273005432 -133861735 -892977588
237726999 372513351 -848387882
-84181873 -946365770 -287025225
-301189350 19397433 -468698924
-967275148 -924994435 -802897123
-403128524 488877092 516424735
518045183 -533744950 48859679
37812174 587794384 -786005019
777543732 458377153 -914295340
-913158534 434277539 524358110
458436180 -2695650 487487050
365073610 -688758238 -708586170
-96171113 79648475 373343951
761506543 -962299187 648279259
-34602867 813134374 335641153
-643323444 89540412 -905305469
312648712 22464062 -420912056
530741699 -75686388 836886781
561840563 697281435 731227918
-50845558 621440680 -323614393
-969547865 -911974339 -903315845
632129459 809599579 489665157
-260981768 427445977 32393370
-99055566 -912251995 721760240
911663258 620944612 148145153
-68420775 -716673819 866607692
-195033389 -804499426 55779242
-197723596 50202328 -816965760
-869712234 -344179957 687819776
-734402179 -760861920 445556744
591074960 -937129551 344871361
-499949301 -336739664 602301098
-138022700 -910177961 -259370120
-75351981 306536406 211450246
-20062908 950002818 -527911789
-644176376 -334258588 368640106
-229702842 350938303 -435802875
892450842 -771780372 993274325
-830725351 -759773989 660528911
649107705 134513746 248550168
-466428663 -937561461 -141191659
297258532 978664878 920045921
40632425 -340704984 -760112347
-586520931 -63852028 -708911138
664668864 207152537 -954503082
-674388805 -776441521 -133712806
732024869 500547738 -314778598
-916023120 436885073 -847558972
-935204174 597273257 -450105404
492270366 466052164 322549045
396664128 -348113597 -768478934
122478669 -763647113 81847306
760280893 -184493545 601855220
633340729 430686761 24686680
-877979038 -776908893 -203804573
586581155 263818757 504021434
425744352 -806144186 -584782276
966839943 -219175897 293888642
-397543831 -908414667 595854468
-287912523 796504213 363550769
-949077642 375418516 -199186097
525011576 -666451024 736265546
-60938890 -516667454 167735801
989336630 78480090 868298718
68534395 232675966 8021038
-38765726 -546881551 158244209
-949284523 -856254319 -545088942
-959024233 191558208 97288823
-431240583 654278207 523086743
-227769951 186938432 753557434
-926433964 -725388588 -60810625
536981077 -94822088 -206724635
322371526 -499959767 292269447
-836810419 -882238053 -313407269
339127584 634612741 26295546
648186716 -16592242 814188311
852240225 989903254 -961376820
703735362 -429045167 -442113219
735015113 396074447 581366993
-144184462 -315738253 -977709868
45743426 -466782552 82904329
-406595880 -636678682 593078154
801281251 -304941536 388877191
303923120 411065948 -948011964
540425982 418239425 -619285726
928499142 293080219 -724526156
831837468 415561326 -55180725
-238155634 -2141357 -787370703
943525476 -42499763 168053307
280467064 -189157323 886135542
-138492934 864856745 -707169429
645994428 927389732 123614405
-816555910 888381468 970501976
950468594 -956121583 410017468
-504640809 -571407358 395646180
-832756990 985935844 -896000593
961378095 356670395 358631078
396487829 -325676103 375197364
312325267 -972824868 75022298
-529698346 792828586 338619515
-921826643 880118377 570778811
34021878 966721999 -930535295
309833444 216701953 -135640321
517236761 253385592 -521976312
87901046 440200673 122377408
6462011 -981839013 -505224412
-654779144 -266796859 268645067
-801432917 -638947186 -726259267
-801710110 749559869 -853239428
-997831462 405266769 135635436
-144380571 -832898052 -223870722
-146920173 -101282406 -635400238
931587904 -770286045 508991738
910907647 -756580963 -565474731
-789975764 965427315 507301207
691742724 -654252095 743743203
-386924066 -315727343 -742587680
-147638520 580622986 -245944026
385374771 896963425 -136259925
-481149519 -74517033 -648543166
-840525736 -928541918 -931350597
286974518 -496029483 828502198
351263123 -39936706 553438193
-761274233 -574696039 234076628
726733045 -963913623 -271651960
-845434138 -391298745 -262879956
636074574 -921113087 785331621
132074918 -946624937 -774698863
603615195 -318354174 -583100372
-2084630 604888785 280401819
937629251 -478761175 714459037
-999709051 933257365 377300012
-244022639 -904590207 -643032953
284344503 -871192593 638896077
397827028 554930822 576196788
801394215 870792746 836219967
-844953639 -16776164 634645098
-320105958 400743263 162797008
-44750372 -486539988 366316283
-914709503 954869201 82870498
-899588593 909557606 337704179
-423258327 -898365318 -542557736
788478563 -14496779 -894475904
215160219 -140043074 -722807473
-254050494 -810991991 373884183
501610933 -165630907 180376735
-935212833 354051426 282702584
129888249 -788771736 559674348
314636266 783592093 -763798489
-278650242 358362720 958522820
627639747 -663830979 432369089
-280548982 41326286 -470100991
-842878822 -617957004 -239561030
942223946 -399951093 -100655981
-359289321 -788496024 -928774863
557115197 -449068951 994137020
-997055096 -723240 295917063
185435960 474763729 -890961713
-642735296 34895728 -312948882
-730691863 297600770 -354439123
982883138 -518020809 -785635208
814870716 -902248575 180619718
-88163474 -303087103 -31239678
806930795 -897685820 -324026993
-967932488 -870608576 -855050335
-548573438 486532356 720761690
8487405 287310638 190565388
819279785 -407780083 -286473039
623165182 703664219 376658954
605820068 -152578703 396497771
671881808 -32040105 -67464716
-343909162 772775658 395582219
577207817 -874459437 -889096324
793299574 -957142140 -71050849
474863989 -993228958 -739248745
-957537201 -996835933 -690368792
-473329347 -903665992 -979413648
-9961892 -215390572 347362398
798429052 -986328353 -42839628
371276201 490321090 -987402920
351379446 -517970359 -49384439
129491122 -36359475 491191168
-205364271 -407837426 899374862
-606840821 243339872 -184783514
-125076141 -251259581 -748641369
716172832 -128388369 -144981884
699264635 -330134406 47860325
-510617275 -294414337 772611561
643531786 -940615477 292549673
164284836 290694313 -11644490
-965196138 -31498629 277697948
276663212 -946264423 950263455
-989410153 413523038 193699762
-580248539 401893851 629739154
-373272436 137412558 -90484932
462718484 600514008 -602064875
328644119 -876232974 406530391
-550875080 591132562 -653810715
61374791 464668994 -650923536
-601555673 -520889480 623055995
-551827213 -214431968 -649541484
-288065748 -596025446 210752361
-314057477 -375783348 49610531
521870900 883999545 381269803
-74984519 -304422548 951123548
-710564885 -954424046 -56165638
-204293082 139947200 260603867
961105435 -885687667 335550743
163080520 18745168 588785022
439943241 306673542 -868301837
54797907 -177438444 884078762
-193185633 245918378 -920472974
653798383 486120090 -204737641
687904858 -710074776 507840918
-968752024 -4836218 -17895486
683389786 -726923382 961356544
-322088901 117382858 75738301
-902946961 23926065 60276157
276751113 -424780585 -964011665
-439607504 -312781846 198729171
-300037051 394035401 724196040
503601137 -738322176 -750455181
702110469 -998388352 8025546
157589782 -135572011 -535941073
-788379088 458531846 -971337739
-980921820 -273980834 -603237051
-180404135 -113153201 902291593
-737398873 548916193 714435283
-397266992 -606634945 -29968058
-961684169 -868632968 -693659738
-924045927 -719209339 -289662186
-567201419 -499827562 983722048
506373946 277941827 -789245762
-863283569 266751964 989763215
404522025 965875834 329406776
500973149 -286706238 370213501
565412747 -238649979 -245484948
-415208326 -913922314 663403637
-439964441 3695893 -88634233
-891007801 614156348 -841945817
-999620051 351892460 -598760648
-947762766 -676292693 -199371872
626110377 -286609750 369507540
896571422 836696763 524304992
-296593033 63586054 948708023
426622049 836894682 414310864
261536271 -745750272 324132691
146150229 654411537 396174700
223666605 -524462337 -139266652
998586852 -699631139 -999455472
-482656769 599025187 810279472
270429015 30056329 -963251251
76766651 152848884 310920988
-77624261 729933899 -886469091
537622877 -307200048 991807360
-70597874 229419124 -380937779
-192384290 -127284200 -465174510
-229787423 -856085133 428402964
-708318233 -920156027 543557832
-506365394 -982248210 -615529564
618978880 -75187426 -133955226
412943116 -197029133 -367464268
-763709385 874255308 197332392
811540256 888102645 888796984
-848548530 268228425 -473005378
322497143 -115794587 164993740
768869185 -983181916 664321590
144366606 -967930657 -421914180
516024856 -691621622 -889696791
835107458 751728702 818587499
86579344 861825356 -114859938
-589454817 826621090 -23257940
-47751215 67182276 16246961
-991839251 -655596585 -643007639
-959345386 824561189 -170823893
-564651139 -181924294 -177094509
-469727165 -465116983 -580187062
474765548 -883270226 -138292617
-855070000 -752143719 613316918
688466757 -104518714 760683793
629364607 -610412737 215939518
59219533 -991786680 140836287
-876957983 -769186237 985863425
713227172 740478385 -405307687
-934587015 999511376 -395070707
-290549887 -101207404 -404467378
-785634321 893594171 405736526
966910656 -45790297 57489896
-450266263 -895758474 -898759990
813235676 325362873 -892256948
-305613979 -150518982 785071583
-854281954 -340247021 -850182046
-747830453 -639167216 919748224
812630790 845676768 -278851616
542823927 -763504812 -195975486
969398662 701860394 491255315
371521869 -275769751 -969610330
108137655 578647903 -218240851
-508919082 357253270 -407621893
-713186700 114816344 -74484193
554226857 929046338 -947406770
-626990555 544969194 457539564
-932707993 -773838041 -875423811
-630063468 834559074 -994495627
-759939642 380172751 475888550
-538739450 -973517127 -783408009
-817855674 -552127845 -868223707
-743787041 -143801216 -972706260
819918424 -577820201 614498882
-733488584 -259805988 -602041642
941038133 -40342629 -768864318
-295189917 -441672193 -739374681
593078875 -147999665 -852841787
213521244 586748840 -274946912
-133291593 -928008414 639130019
-913704016 -257924990 -633875928
-758048214 -506052973 310367020
-143933919 759076970 -157052061
-956645751 -935974400 961883861
797500245 -282309705 156206188
-460612460 35241508 -344699797
-595063413 -563715114 -573501620
-881641974 -7379415 -919886873
-143206069 485880199 840754729
-563261251 -844023890 -57814650
8940942 602075404 45231339
533326908 997427959 303019365
-282719597 -982967581 801192588
199220189 253138110 -922644049
449199614 -167775324 957934049
-968796565 717104332 -544910496
836006018 762408419 65308446
-210845440 535626039 708491093
147767796 -245701470 -436259272
545324047 -952831925 -316347232
-245450877 718282802 751970337
790198187 -249808342 -188687784
-610483510 785116274 -830186706
210684291 357361651 -202701556
-904657993 300480134 155913023
-954940261 921706363 -6289721
105465221 -546083152 773436363
-267141568 194683008 631567917
-492739370 208629278 -101773564
-895556566 -557343129 91543784
404005609 -990917051 554804313
-806125488 354052638 -349144327
947248657 -820695230 737212330
706225910 450176311 512258637
2841687 -469038127 -814494052
146896720 782799061 -511453670
607146993 -925208593 -436634363
445395110 -863657704 -901024284
337748432 -176488192 -743558274
-439720059 227765068 -858995513
-871147596 363764472 -686261436
856177521 570998827 -474518675
-918329473 -893606852 866175717
990121554 68882910 814557823
-871854267 -952129133 -844760592
261366332 830446282 664308518
505903638 -824717666 522835430
-327777418 -197155099 55557330
277058627 433558110 590178162
-918477244 993991887 810699153
-329054749 -817818125 -900550688
736944614 225363581 -856006447
-156386981 -416233347 -562079346
371139862 -310396092 -329205366
-410417991 -686308177 -937617946
-453621163 822959842 -25043306
-6591717 348356612 -640269891
189306904 -770672331 -411821965
151217961 -938308913 334208525
511525185 169837636 -664665065
362092146 661887014 452742335
-705103673 -481798829 -555573323
-881955217 -317484169 532936559
-193581133 762988415 -411505262
-393498045 420017466 463986436
42417534 -983963898 -896821591
448063094 -904538524 -119656591
-579202724 -930698994 663289006
-280370738 747472897 -380463895
-458776806 -354345605 676879520
589805457 -912203626 391888259
-297277543 -921021211 -120234867
587967315 91053289 829404213
668833983 -600905431 -725405060
936757034 815333651 900246337
391481944 -519049834 -747155751
913261411 396307112 -302122707
-668994388 -439462284 -173329549
777757050 -12303415 736761106
-992038459 347779469 -921462565
544555199 -783857566 -950498106
410241382 -45095732 654836053
887360253 -580688574 918073475
942470792 795439007 -873432203
195252324 99717016 131550318
-865403966 249765302 556877771
610968824 429731817 -997652326
167339114 -926628373 998749330
-845034449 156285721 767839246
-354734438 505005444 -181159712
-391964413 -518023764 -392980685
-624191205 -147604621 729590844
322142443 764379989 289931237
970032178 377019018 84288503
257022874 -123287581 -459926783
-533838272 -307299196 -172959004
-592807561 507551876 -958796001
-297344949 -610389815 211316762
953573891 -44093722 390027014
825165878 604279696 39613465
555794418 -966311540 647703947
-449889859 388213122 -73717540
581601300 -876345058 1058710
-970235180 538097139 -639226209
-307034363 528182171 -122694478
348284481 -376054923 -317310943
44683045 771158619 -725653462
-924547559 409507653 663494798
-750620554 395239357 -423182547
-159128887 -916823620 -646130047
530722091 -387143626 -843313467
336607904 72571028 -640245409
607406308 847740301 675165840
10354637 246635921 -76986571
152521486 -456822446 -798795909
335990567 -29652338 -857703613
-922436161 -84514355 781431145
-410581577 501406033 850699828
249620531 552857528 -996826765
-898275877 394368075 595351681
-85101095 -471906377 353114332
-986683317 679867276 761985167
-145504731 -919731467 -626928721
177723310 -851898238 865962127
467126349 -162887721 231179652
499416366 20149637 270039579
252246218 -911451891 -676088074
-722086038 -939367402 46330614
-582363250 -185242079 -40079785
305318827 -41205720 58970154
-359286491 -799874920 481470275
-915506500 519912327 -355429994
550415779 858798037 654371462
519606322 197549046 55322966
609602093 -91511411 -793629102
683020108 -105794040 -240836104
-187721510 941292051 374418324
-887952156 870534339 -908078913
-481633955 601323445 124056859
978458648 296438310 -759515002
878695036 719319279 31354043
-423830249 -940956247 -346283300
965277269 514101485 -930022955
-668003788 -377122878 189644248
-293770659 -416605150 -389216947
-584114910 -841117537 -321049566
625947288 -677066620 170534344
705030630 61860510 92466469
-761858399 34395556 -549912285
-352718843 19115365 280067258
-606320637 197753006 -969794116
-116743569 -370522099 347183443
-337101950 -220929156 871041492
-667874852 677033692 78992456
319621294 -906091618 -871986998
-646400288 -891248898 -404234896
672790411 7577517 167466583
122386493 -855931257 -5103794
177978571 331523608 -800608743
304679655 -8116717 359505045
35188356 -188923063 -197734007
33097637 273923765 709912416
-757215709 -915750092 389862209
415348907 -320133478 2959609
610509002 538232107 -39639070
839261419 -144593955 966266932
699408387 808230758 -136184833
524954769 -285575783 770368439
741494004 966812481 -754144586
-101200777 -400210443 820791993
670818340 560707931 601863387
-921266847 -69536351 -392095189
-250973307 615692837 400663466
419858020 -291403962 -396700677
266931021 293535410 -934659909
225459316 458743312 444835802
-937638642 255151027 -890487794
-392753314 584247285 -995625900
-909059992 -907820253 -179229040
-212819118 -886990040 -863141463
210541360 193531752 177642414
479077103 552245753 -605092946
-650291846 -136827466 605786857
52572795 -913258590 251912001
324817742 -809294419 -229703880
-715582929 479923544 518709445
-927941846 -484442038 132765697
730038162 998344294 -803884815
-827170615 218165035 597583017
456591509 858347446 537970609
-873891169 -727379283 -609891262
-877024883 -474927377 886098956
795227264 -935809254 119782706
-219323627 6971051 918343378
241824881 798459185 354853347
131846278 -555447099 222334451
-525710587 980214164 -860521810
-755485907 -705363324 -586007422
629063559 -749099459 551329063
122737476 561945882 451048904
-608735582 -390681991 -727929040
793843304 -356927431 228182611
284801968 129880792 -940484737
322631470 191308519 -979062480
-140664926 -550573011 -450696390
-310422794 -416554496 -309954154
-955349236 -91131809 -563597792
349525390 -367760637 -285039265
959453880 -388835327 -744053044
241365556 -150378521 -665235885
556073967 245144389 -922869370
820131828 -889734146 800627170
953936776 825272261 -738920172
210561859 -403965324 203706597
-694433298 237260616 -114037061
-639492390 -222256383 424987990
220028986 -712918523 -286170120
-460173740 -940651099 -861984309
185054142 571990981 401908624
-978357049 -362157908 -971226624
506762243 493338102 -796500554
84883911 526145705 -34666341
127937491 969877605 691868577
-847810442 -656538086 -920345393
-420553654 902363463 773889129
409997590 -591775419 -992709926
-252604488 277787480 -496077055
305723584 -832522104 522098906
-460266523 940564647 35528644
87698699 -299702101 -705345635
807804069 -66188447 -433725505
-744421208 -238797078 -41226010
798266004 863566843 -588313789
358495219 597019740 229783441
-741029034 538985082 421202563
-756455297 807170873 984213919
-556261516 -634044830 784406607
383348364 -936165729 -517556194
-691454634 -15917471 356703365
-783738622 -779175482 280782818
911459672 979419306 168215881
945275328 587305129 818846094
280140045 -730745315 -469361969
-599246713 -823211695 -938118154
458296008 -288232959 397225949
-732599152 458999739 -33077777
-354679318 128065122 -924540729
-19278108 -404268608 -970751545
474942172 -531580836 779420012
-226225357 -46955927 -322882297
-377067557 356220803 -225988246
611902825 -956283217 -954663852
-956390384 -884910849 -449596554
338247569 128384550 -894077684
588474935 408165244 -841937980
247673030 718790956 260010495
-374587422 -544717393 -321307366
-764345217 36285184 728609986
-383295069 -539566024 204697038
-267372780 418859430 185558907
-471180186 -972106020 -768378917
-814498493 530308496 -701403714
956153186 924503330 -43019080
75466431 596513011 -293671784
-105042780 -496285159 -219398822
348834208 390012219 -746862577
729891159 261054215 -41637242
347216790 -854126974 -585848879
-957504255 -37736314 -901142145
-142091673 1058533 -534930049
660156075 184198810 257783990
-911546040 -951934187 -530033910
-897049347 -391130783 -790343278
491194905 -352498811 -35368181
243322207 -872983605 637520279
386514048 336770738 -56022482
914503865 637165612 644149764
-122011480 -362690157 -484932853
630266130 257889069 590937273
845127036 -942188491 -552304628
-374755725 -261339398 462485618
235816714 -79942938 -539690795
333985799 -676307778 362962062
496215567 -112995221 868035769
886040098 423715267 -868841269
475516922 -486736641 -504752564
-541437315 -964170982 -251342341
-785827734 909831361 -961051426
685682805 -910832956 570376950
18184236 10126315 -923271437
111991393 -981970023 -848067454
598624531 -619749441 383952374
851563463 -456505819 937261673
272073334 108210001 665783847
556591174 931012156 124365699
-31637928 -887043510 850531894
-206746769 -962095536 -842998342
-950110802 -932786886 -410956112
127878644 -894977914 936664721
914649107 -740049449 499123644
331739609 -905721208 305284977
698018201 -616546163 621521722
-676345558 -442035996 -629302433
-232659741 516714135 495343475
458308379 161637951 -925874047
-979818148 -819984916 675942422
-855661557 303574004 -528121017
-116382135 904978578 923404336
-672994304 -426423866 439277645
-981009197 455300442 -151093353
-776712682 -860991766 -93845921
524067310 287757133 1776697
-839156679 867978704 279162753
-894850183 -733467396 -916019500
36784719 -814649529 214357079
76340496 618638643 -793153838
-860822535 -518845367 87401247
263888 -732690605 250921411
608859070 401772494 213967711
699928904 671377112 -128345980
-856058801 -184545086 244205966
354926473 501048020 -56773360
211729225 -708946249 755267264
-342311581 678620518 28732411
-349572369 898868700 -133351919
621718116 -927112490 -781093457
850224974 79282109 -954016127
250802886 -193346279 854587116
-940199760 339205407 -77931198
-706277248 -938062436 -825417253
293427611 534623734 953744006
-254836709 883926689 -367268054
576653468 -735363878 223445324
-82196907 -688110154 -871627911
-900998518 972160153 857718143
833902666 999400881 -152871393
-101087619 605981831 46996299
-406852726 -977556681 -36285311
223481716 750472557 610030533
-862790746 -339696938 -226414440
182400739 -935281907 233357764
-590115227 -114241417 -772710542
-381740887 987391105 338890734
-573111591 -714931148 -673843769
-774852090 -846387383 41530853
-499274421 558181059 -638549261
-788335543 887144082 -476910282
947004331 -700798989 -560227380
-983062707 490177322 -909573180
858434241 -40349180 496638818
830934632 495706958 -998811900
-197426463 164404164 -498561070
-897203676 -272337911 -7122612
556498885 -854872648 668571587
703537547 -352306034 -289937231
-277068834 507499965 -898473640
-284559177 919631134 414070473
796933869 668629794 374202289
837685243 216089379 -804182316
