2000
-487456201 557789185 601546826
-162423750 -991036944 887305505
858117480 -882057181 577771086
872228962 -974871645 -281578647
-88250461 593508678 405875115
-742959507 474485293 -269269591
-936818455 385701404 496840214
-985344201 -69587834 44152735
-722595645 159891243 -729871649
-887249945 -365399467 961735858
-888409005 -306846842 -602889503
169348791 -453741140 -946203312
-694672392 357455306 -818825181
-413473431 516816087 -663919730
-257379884 -892107049 -720450123
426224955 -221827728 -893257630
-221716716 347453308 715279480
-865472208 691755413 -730086042
-565077244 -992345126 634839580
-426825906 -756390322 442755633
-829873075 171375154 -139687221
-77358101 992673180 -866594368
-188086018 66679965 139866084
-127820510 -741953860 949218148
-858375749 -313520389 487066247
507898788 804803668 825969600
-611055929 -689145051 666896211
443010271 531878036 444976222
-88574457 34065821 -686394590
-850804058 -971034771 798414332
652763374 -288932395 208526012
901957049 760198868 761034122
812990512 479593576 846381589
-504575293 -485444154 289850424
32345406 -55649375 919810450
706287054 -54776730 -379531486
-642268834 -32278104 -963890688
-270685135 -741881586 638995673
927611150 -196756299 40109371
981413608 -988781190 351765769
-863189909 -67958094 -931700360
-258065141 168350518 628476346
-867924629 944903382 829539557
-487949296 526105333 281118545
93653502 -897114314 -374770645
617849040 -82900393 442737492
171307079 7406578 640179720
79236071 164507524 -222091278
-929904374 -898042212 619517501
-885775074 804684633 -681532541
-805414383 -666517295 212001468
961519216 -78712916 977180832
-501928896 542554947 491707743
569401449 -609985209 397438034
-927496501 -131050058 -469415136
-919910773 832843444 506119045
733357157 -481160550 265263458
371904299 -513353547 -178470384
-722025374 -181838417 -840402396
-916718065 905463753 -310633359
-761428056 542148602 646748261
413827032 -147160885 -784866297
450458602 -744965549 110831684
404700053 -297264659 294826496
-241300813 76410503 512809822
-957116550 461008456 -132073697
-987791656 936482362 227958629
-31593034 -598442463 -725814831
-863030482 -377666031 -964117735
131261370 823412436 644806162
988220451 -666819221 944771322
337665547 -237087319 -574883452
-779401904 676090063 739055152
679733942 -530293171 -270566098
302321643 -58674668 42131997
814438585 -996065751 -619187934
406206592 -876545353 -215708759
-740677110 -468697275 933341025
-868659651 344511897 47224584
430902409 -124730535 -597496843
903486612 -163589829 102749046
191762072 307451004 935264998
263617520 650775517 40180057
839557176 769469665 -624913488
-946687804 -861417710 -571312706
-928019681 -921250975 28926642
-688551940 522102507 91580197
792798317 811557403 -788897296
-387383432 -238597713 -261409727
-228448411 -813948057 -134835186
-192214195 650190357 244546285
833635454 985346708 -192838379
648951168 -893933581 783804636
658606565 -809932887 553923779
-322923232 -538254351 -189688633
-50723681 321015718 -703398664
-871711251 402699084 -835919232
-528459795 -332303348 -443524391
-76278585 -470835955 -97032883
803552958 373534587 -434531351
685211860 760353254 953900211
202892315 -5714952 -167280659
797876059 956943937 -377739580
-439887764 -881315607 -179602096
-673307467 -114045098 784469750
639209057 452302891 -248803912
326082750 -94211933 326286715
-545306042 -41176936 -947243825
335717311 -388283974 -231231403
-100085027 -224086715 -439051853
173976959 659405136 811042517
887394136 -272859266 -540426857
691178692 126220746 -438997654
-528128555 19508506 -31283997
24726932 -485182228 -491978040
-931226587 498169203 -36912325
-732140902 264596930 -747936410
-538609567 -2446963 -594181304
497911145 756088991 -968022289
-546183446 -433197769 -547958145
-968546637 990381547 -571880488
-46630635 -997248849 -981944498
-144123717 -892947580 -550823840
707995173 -455643383 -585209949
-194930113 -757049216 -859165335
-905159836 709060084 377563120
-840717694 -540155824 132942810
470541024 224120588 -480705272
-283443930 163001617 -845780980
273476052 -601283201 -210219823
-13427646 937580876 282441759
-897795509 -637644160 401382091
-700462367 270908535 -283644606
-328794189 748177444 -940349615
531759876 478751981 -765974761
498789679 -371635926 -607182724
-953151170 246649064 -865597144
-176884205 65129153 839438332
-533641952 -157158867 -394493717
373258564 928383977 -320259485
-266036275 395519718 490437440
-629788318 24535444 777154363
-772895182 975550811 319514351
-844329313 -898615187 -979414453
313801730 -869527318 851129933
-880926932 -197968433 -641093835
-30873178 -650300902 309962653
-42016950 201508728 175832004
977175996 -400695560 -830009259
982428636 -773454835 237712633
119257430 -814814376 -581024767
929757615 304582970 -19075085
-976132868 515689648 -722278954
-440469209 53705894 564248373
-982779611 -368992341 -235344388
-905268259 354893328 457559698
-996086898 137080011 -820642638
878952702 -684030134 -488209428
72774704 -956309708 137704293
-550829434 28377701 -583155230
794880431 683565224 -902873104
-158027600 94363605 -949270680
788479855 -921128583 -90901042
-67603081 577546572 787715317
-869293141 890320372 996982482
-778449127 -369534568 -888610569
53198748 -904290049 197141007
-797007632 -904759399 282118462
218184418 745507225 -173885816
474609927 -911128113 -826392098
-922675185 621425242 -275304237
-60299470 212876550 -909697418
283039865 -933436288 111362659
-431856165 -139876507 555644097
-851733621 -275262617 -643667914
735386640 873876588 411539139
926208720 652329363 -972353414
14018062 -967607180 715040777
596319465 -712995496 -482974180
-527774524 610277682 -446396112
295930441 -425307941 724142523
-12202732 184715406 -60369754
-162699560 874725860 674722107
-990052890 -754798014 -369067287
868039226 55509559 371384453
-984718623 -139755277 -681671805
433658723 -964945141 307735915
172937233 23468841 773852908
571283973 -729663372 -436994746
-856900531 -472301774 -189232863
212452382 607029438 -590677087
-636305251 610910338 495118551
-266846894 -936668001 -134938750
733572903 20759893 -56825397
-145412698 -473102484 -547588112
820022765 -211516449 -778013260
626781411 598030287 -181589004
532019531 -782010793 -501778115
331957384 301243819 786140979
660792690 2080739 555988842
777712916 949892696 -623351353
606457637 774830585 307034868
-966418430 -43876641 -76691565
381613248 889565814 779865451
612534864 208274155 727270319
337859876 976396197 297531547
-743972594 -396278136 -859211344
214767404 740639880 901574916
53860735 18352034 -549867970
332900640 -427597756 38734376
-476052039 -872415230 -799604228
505289666 -537281184 157592179
-15090089 -155978771 86529782
-461729721 -833079770 -356427769
749940056 -957401151 -871533534
601905254 351883078 330923601
-793074434 293042918 -273849349
-444021945 -958502939 187486473
814325825 -413622750 754911205
-111780294 -127861214 715482551
392689456 -889680885 187137635
983865693 952275552 -301886065
160065861 807801793 -906592756
-528076603 535741568 364895512
858827650 -242376746 -730490713
8382574 -928352434 498645094
838529674 -874618491 -828084062
675889490 -572430415 112948818
276601899 -43781175 104146105
261389363 -557952958 -31299511
-545922133 -658648714 -999656985
374251665 813454220 697968277
24396474 370745558 546012263
-300287611 -360436575 -924289198
-784451819 -39854541 -715242666
-177328989 137583201 135736959
535615038 677723876 561731591
-748613173 -978902757 227139224
333976246 -975708407 -539769880
174032655 -399692937 -999474030
-367459101 859696790 172999721
399379916 -142764301 -857095951
-915599897 937904151 51920001
-503023114 -258899955 434219642
514521286 15679196 564262124
-573276551 -232225314 -398530082
177623406 654422654 -894399949
827659542 872768326 -907962347
-324353299 817504670 -711568917
528455443 -432237641 669182954
-767669060 -609944528 274559574
191448394 642152662 241069419
49568430 453221075 -881620936
-860291677 850721561 963357908
-488985835 321428652 761240883
-939602445 -694569158 457113730
387046453 -266203877 -980620450
285004519 165519785 -423967516
946428422 -427589781 -160519908
-328703158 -684244723 438743209
-259508123 695233945 -508901081
-737927451 -177388176 -899013129
147241547 -59668743 -417193514
-279102893 -780536479 541200233
720627718 153596571 50970797
295846984 -938586714 -194012378
315732476 -313631123 393337203
457686315 576174775 -990242772
401695707 931575290 934335834
-958394610 -74727865 -515694637
-116721431 62007656 539457492
888059704 -35594041 -596897020
-746651486 662629806 287188096
-697178401 709751166 621591731
695721160 290575040 937339005
429737715 -32224935 -280447726
52606793 818729622 839749712
-530897721 815478091 799511262
659789663 246348583 337817717
266876000 297218220 -367861153
-608626787 -716569428 734835631
-576595363 -442003860 -579241653
-850734705 301213993 367447100
-911297749 228745894 597456233
208461742 -933789384 253120704
84839780 721305112 557117462
-873699153 605991059 -862996857
511286900 -932006497 903374259
-890255354 859045479 -750584818
-906073572 -626613067 -720714514
-293765108 450136363 -225213259
-368185587 463652826 -24338241
-298565241 -950664280 913630699
184058927 893699359 1803587
-765819746 50866028 -920418849
-512331620 44119325 222110547
946500608 -958819948 -419655400
-79893010 836908497 -327928676
-821851577 -265000679 -442949455
-401010245 24279227 762748789
-653932517 -553843513 -69739670
354726302 388952074 744546471
906474761 -686927894 970151030
-958735602 346730671 408675537
132521840 367374524 607469158
-639750393 525415246 -126894763
935844670 796973899 -56761186
808666300 557382467 783555004
-673537081 -988266476 -863318495
-331019312 360937188 530507495
-324110392 499516044 900793252
104016319 88144949 -800549995
-790159933 287832873 -405899199
785714120 -430900970 956675411
663636257 -186444215 36331790
-470029554 -945502709 738590077
-285062195 190193173 985673303
-36581046 -896401817 231117370
-121881431 971725947 -832570913
739050236 449282870 29690177
691099499 896707374 119550186
912730226 40396451 203147761
532702509 -667287587 791716843
592138 -62832178 -295676216
320218300 -759563359 539518891
605640625 539951325 841958867
-24382951 -160127030 -724136720
50862286 645518241 -354861813
-58852879 442768328 -941354866
832859465 489640446 496675476
857550277 -772661637 624170239
430512074 -713284207 293393036
-985721438 -613619005 -963582283
-970993380 738548638 -691770179
660310200 134372967 -996301729
729877961 161287402 -199998450
-452321885 249746154 425093555
-879119536 -414241631 -624836241
-892610912 625547485 37264362
653783435 509755046 980088964
-343094804 -595876016 141613855
-854038572 222002998 -630687166
-895058581 -385277157 -978968340
280461331 648531395 -141895530
-373375546 -419145519 -49367358
598505538 -643148779 -918152496
-965473665 595674630 805276333
-609039205 -635140734 658687518
-173289719 -30869180 -82715734
-134391981 -629158901 333891890
689792386 -732937843 762967303
338162310 -160739302 -436668355
631065068 888831107 603696180
-447562231 -159219757 -908330001
881597419 -14651288 985517112
686964275 -167180175 -338980357
-41217054 279914006 512973876
67549590 782256507 -731530173
459593684 -987758516 -522174397
-733443632 795019041 -991484180
-358290285 414887119 -217290931
324463716 -228257998 571351347
-861809781 216313859 -17876062
907964254 253211324 -347890270
-773629391 345193075 403251427
-293176910 555114366 -949225989
493458901 713228219 -91406586
295628988 -452643713 -754585741
-886100635 115467963 400830081
-252805401 -982198348 761835030
-792641088 -979660375 501330506
-814102610 789460259 833945122
-161803729 -309077920 -494556392
-870377641 -706993117 -551263943
76612465 386849484 538920334
563929460 887434010 583463578
-801136634 -549499140 758970187
-979294901 -871634820 -664787438
-269425215 -704381960 87741476
-420803892 399820779 -694282060
-755844496 975775149 214283485
-252958752 271552438 128742541
-854018960 -882745123 -877297953
457198027 -559838404 996763304
-56066104 -138595673 -567607595
-81089806 -163010638 666734167
-412763545 426075490 321206210
-733901235 -386213838 -315371046
-544220102 630993968 294385424
-591541377 -114785267 951456988
356002109 -797649662 83543587
368173136 8426471 -290513193
-112406347 -682571185 460835470
996158793 914060290 -449329628
198561182 -444522768 -904904209
-855089741 -918317327 -945594446
379896893 -875138479 154628422
628670797 827303895 608930029
-812874999 -4354127 766085446
184339168 -593413863 -526524511
-324385619 404462346 -896633276
-904744857 -578140658 222635551
401795527 233913903 -811392805
-433632174 -200530727 -365119820
-350536255 874350948 -271567027
541213719 -122984265 -357855259
806883838 689390271 -138126258
-179154823 487200003 -484775442
-930163905 831734176 223238256
-62347720 -340410145 -170254475
65831659 -944112085 401893402
840170794 -134191677 -178082224
664588023 797157828 -317716186
696640752 376134095 -225937060
854166165 349485325 250039660
800723421 49376686 20037262
-929424345 -301247866 -861640370
-923056672 -571678900 -576483595
-207359153 891097093 671189583
-719494661 -551986403 -386484869
550403837 -989908261 190288407
-787452478 974701171 351996183
-190198511 383393507 226075223
725777016 346073905 -928757686
-346982177 22483152 -814586594
959606583 -690570874 -858305294
-895557942 -872784711 -661318843
330569036 -540882611 -924600588
612042170 977870888 -871421725
-330136584 561919303 992101421
-662744392 -470273845 525949511
-558901227 483853113 -604810171
-218068221 792746509 296538168
-719396539 -933564008 452906201
343242439 -78713853 -762184589
-746034629 -35780070 208407286
598453297 9921731 -952824253
-26566674 -640410081 -169571707
827101363 -346135114 -477331369
554728112 746071950 -556439800
-785220428 -666692078 898369965
136659013 635963642 -80883593
-537473707 -165989537 -499492167
849514815 306856902 -933392604
707680162 -885749441 914534789
282764626 757170130 -9644050
-530699310 770990373 771136864
559574614 -307433341 14731429
-859430540 -651059047 -865295563
-367054050 -909584816 306864812
-525340104 184052538 -451834167
-358984651 920879369 -522259082
-389586066 -630246011 -735621460
-984016069 -864580001 876991890
136542589 859020162 498763754
27984217 -297148050 604936867
-571753227 -906697956 -25614465
-278113511 -931010059 507059908
58005671 -986132149 -229878197
-412363057 -147546091 -473941090
231175375 -235451143 -872110352
-366596890 135528952 -262168667
218589479 802202549 -672879977
-960420777 269020278 452456425
-971439970 -107107206 859613992
120763221 -314144909 -980281105
-442168804 678200272 383952348
-445013192 118663742 -560539531
108632200 204581726 -787928203
-956504155 -617240036 -210303887
668346023 -581948970 -86144440
-540129171 348201560 -12850437
204278116 -853031774 -687171387
-616887518 363083799 248212719
-363351050 324216239 -469541541
-419083459 -169404804 596973782
896190454 660162931 286399466
884834675 -890543621 78867296
-995088902 -910119049 111733061
705440580 223997133 574132178
-990985227 460571199 -109069706
-945023527 -262945916 -184101414
312024272 -967929260 484610485
-560883559 653019340 843109852
733321298 271205816 -646299397
818863019 -993345074 -858710797
-81452890 -433491796 362451603
424602239 827044717 681968143
-524068250 -448246421 -657989590
-980726927 90767444 162432987
456701239 704466020 306661097
460816980 -937521388 477023321
276077502 626574816 120617271
-126759565 974707083 825044509
-353960127 832104988 330374615
-980497697 -250053990 -941071782
-394872619 -978729631 458020717
347343649 -905265681 -165806637
903178194 -94416129 519775338
703709830 -561837137 -79882546
-454719534 -852745121 576416241
-826015787 477943228 -575788219
-174658824 791143378 -48538767
981789697 -867566057 -803252254
-513156104 -439931560 -387131378
504843503 999715124 -664811126
50492269 482039285 180586168
489740581 -192595349 -722715732
254356716 708411524 -580309017
-480271704 861757604 -364914111
116861774 -663028367 693444390
-221220386 14692867 566416763
598164747 510410237 42936098
-208067361 -270446163 -13385701
-798411502 184504507 -518267137
-785746561 545736853 -640397580
-418563380 693540833 285417858
-76482141 -869848720 879320983
174687838 836702797 373024118
-387134386 396088529 31331810
599650180 553968015 -61489971
-384956191 -795517227 721062307
-70855180 -179665491 -988696022
372386178 -429967930 -987506915
58749826 -913285628 609793982
14511527 -550356157 244322233
486843493 -565719552 716075976
148362342 361230034 126923744
-419494493 183652652 -176399252
893699723 -622572858 464781954
496612183 917232530 433778794
-881986567 782838488 938474174
831833312 -246139332 -693306187
-917373680 -294250153 -938821378
-669737436 -889412164 -855315894
87026120 680313150 972849362
-809801367 -433643536 -341662115
456498405 -123929 518382003
-911647098 -290796094 -894365038
-994850835 882429764 -322727815
-549586752 604842479 -987681317
460386877 -846471667 605552897
600036135 -648450120 279752815
-864361778 430385479 185671980
-393464689 -791490211 715737215
-684881658 939298431 993285325
-580461958 -883690907 -916090297
906975229 543057393 -158481907
750531212 -965963722 -676568093
-51735238 863575998 -340827508
183869020 -887046261 -925540753
440109033 177495986 159201922
-12546284 374005037 193000156
887112033 -794606604 -478482414
-881933787 321626928 -157313117
644087855 92597921 400896311
503379312 -715218008 597257319
-482212851 318136774 198352901
134932581 809057871 -925962977
-74965001 381598380 -938897101
298116726 332454511 -735015203
401753243 879426381 916003959
-108721672 -417263750 -590674728
-672413510 -369293711 -985037677
-945959066 641912492 331994418
268416301 829144938 -746766795
-924168057 904771779 -833996043
92067412 -891194156 274290616
-322580811 889440267 -918849187
927638260 876272337 309320149
-675993912 279151574 -243671806
-598221180 -247132759 20181450
274489207 -91887046 357868674
-954259833 -451351880 -761409429
780988496 -103225610 707916094
-660040920 -409826499 654259856
-910944174 463360066 -833363864
200641781 470229395 -610331482
268522837 -890040046 861764590
-468164647 -3221922 -509457171
494361721 -255970332 -607002867
805068693 58580002 -527314303
857885219 73274008 -879405555
504726706 262042880 -215094919
480052937 -581235303 -196482089
417630698 409333807 126333212
700927706 -913077679 134773502
752555065 -789895220 -32630153
33225339 -94489174 372764751
480273441 447967952 549802679
-663193160 -934117907 -342696111
-422042976 -786989518 -915065549
736391101 -792447156 -794986827
706832067 450480052 -937505419
-208989245 613457535 -188623896
257124743 783917595 -708840142
-190759821 631872698 -714506283
-877868723 -428432632 89492343
-986116883 -278605642 586297581
-394896827 -130739417 655078710
546967110 352477347 882224983
473780230 280540286 920546462
-86044307 998132469 -286366350
-444868650 547801064 324310224
699362900 -407676778 373691628
-553017807 31608695 800416674
737568478 771949048 619984043
109455094 448152786 -717551578
446377357 -423915040 -224122814
-885437288 -780451543 -250545608
-904824438 -881724550 816404004
-733312028 544729007 280113745
802820902 747077143 -937047629
-974259834 -382639857 233685895
-919485067 -306693013 -986312796
656424341 -66734 -206083048
-474752911 -996524203 -14730122
479281221 -978952073 -263916658
33656849 -140454241 341314834
-337828937 -957758950 820261207
294517319 -3974734 306903242
-981738144 -575518179 476389491
245449400 100831785 -16307504
813174263 446205438 -561636211
-627622352 59059782 211076480
707414539 -732557577 536337339
-965617178 818024194 -68871969
-187448317 -878174316 -692960141
-973969485 -957965496 937559672
800851951 -916544865 -136080548
862705765 -591190552 -362241438
-948088132 151319377 463554704
-730199755 -964073944 -688572539
-248756746 276729274 -205472253
933882188 -838914959 198410666
752020856 -212067464 74556914
-466580892 381205440 -758668231
-355048761 102215431 637141168
-787249567 815526504 -44567774
578823595 354381671 336369276
-518678977 52885964 -364161126
-83465058 789060759 -803749648
948060383 -480257831 -979836635
573067574 -297468697 70760096
-509734774 623724898 555530430
-500907478 974169057 -668166418
-709599452 -265478657 -998500659
-528411310 -901274131 25470504
438321590 419579052 618752922
189312582 -617483671 513672574
826270227 85416457 693970790
111635699 17759604 -986141333
-11368618 81675004 466163026
-748047741 -304854437 -697794649
329164721 -461230577 369819035
821562651 402331711 -528323810
-655514118 -898289705 -480932182
-682188537 -714419074 70521304
364118673 507709451 -294781195
-674595947 -421665980 -695887850
-340159442 -96389358 268438400
512968154 714309269 742741506
-557682365 -892356205 -287929047
623707918 -806981709 -440954390
-265202380 -882749347 -480762930
-33545997 -91289411 -99389556
-922282980 -696206613 -731131022
342657494 -689025953 -373644790
-132795779 55358575 380046884
-624738799 567732728 -417961215
565649116 -677868275 -878964639
155550067 -815916530 -227032391
279949603 -824719416 913933964
-777227360 -414902830 -20640059
53209455 -628142950 681258438
197389259 674836658 -115561368
268536554 251070407 -90984372
670980956 -946059978 612902168
-956408071 386991873 -65788549
365298772 -724469689 -701209364
806893063 391192407 670596293
-271359150 -866644860 373800403
377475260 875953897 -228489143
-436308461 -389472751 217131993
54819503 238782996 881024338
-819332394 426293502 -349187636
-376054204 569163327 804552533
645299837 328231544 -905718857
-138314532 -205889090 263444256
-875974069 -433101695 -990621339
819414657 292906915 -345884384
304954065 -32846983 791332574
756730820 -332044325 690408394
858628733 662204724 431406094
938801901 -99017198 871831082
170339336 -62654588 -600289323
-904694451 361413686 -524509585
-897747697 733627905 -168865973
394451298 -424654639 895336905
-619379178 -976140029 -523967233
462762855 518835076 365075709
367353558 -103511326 -659113511
-982455024 726505770 -268227820
-896384767 -871737829 -92779487
-516120254 -215363717 776365131
963871833 651513770 -839263579
356096213 855230494 845545221
-452026334 822470463 683793100
-687379039 603393318 63739446
-552943805 274942657 -928410530
437002458 888055409 868170220
928332761 966239064 179872733
928138513 -485089501 857838548
-852823710 230852028 680074937
487155851 -514241631 94655414
-743432607 730423948 728194592
137112517 486830658 -769382549
-93577436 -376187269 995765838
-767406633 889935105 -809259166
687697970 483509662 297482217
354011761 475648133 379477681
-396649132 -20796596 890880865
-198616774 395002299 933875325
561969410 972173630 689795703
-688524022 -618933142 -898344229
-612110400 699080480 -984854935
314627571 322513637 451704802
598618974 263489793 -245002469
-966638019 -912871183 -789587051
26428773 450983026 613947417
46158399 -179056317 -947103008
-556402596 -661067590 220283714
119538733 -974959056 149716287
872513515 175271294 -799539034
-65246432 629019970 -256705341
638559494 912864428 -904901916
-966919741 -992729133 488194550
-306255782 502688568 151438670
183990289 31192634 -955669980
776905233 324172655 -715978060
-923271676 -597038940 324661022
548935967 388470499 194608547
-903097753 -842947835 -76111956
149658615 -178583601 150119336
714707785 -539498010 -56524664
-943510500 -51377050 220423714
-174007783 -641543167 809408891
775790711 760160530 509307750
289386939 -956954691 39280211
-59209941 -613656359 826044526
439783705 897701510 -435091323
258532364 -728931764 -565654670
-216067122 -144024967 343263387
627733274 906540745 -523754061
893977118 -208365973 170396147
350377338 -905990114 -487336850
653584597 -59662436 763198857
838035471 -631306782 -931422418
-575275616 -119397696 -63699340
-43221142 -402928327 -24590862
-547068135 -86043914 449986718
-453873623 837880144 -839659596
-462110650 186659122 -306969612
-835140293 -570089461 -21827466
380675960 426796922 -999952038
726010497 218489783 -415438528
427971731 -112288205 -916490605
510003133 661022970 -978640753
403841648 -967648251 -60587813
478026357 -940905273 -752408314
-632777530 190267599 746373785
-874986849 237117973 134084280
-91446610 351164781 764432322
-363406533 490252034 -999115279
-228743197 -408936828 -575487944
524965740 574412258 -313041519
-172021413 642128553 -699342
-366857044 -917119474 -289830289
138167971 -125386994 513934949
-116696346 -986297859 805894676
-362088731 959514909 -201878276
324656794 -253470880 -982669484
-889615717 -48417888 -887083613
187670706 -205749720 -762203157
680084327 -637957057 -28242353
-352637990 -269847078 371223368
575571185 -628038219 -961651079
-464537284 -473859628 843723749
78054575 385843308 456081817
260717900 -948937378 745567250
165802145 485365711 550268841
-949349415 -907154190 632556391
-930334027 121252501 653065251
264268391 540026743 -243359819
258501129 226657128 -532284729
188987801 -320602479 955478956
416758322 -259979658 51853073
937141218 -381843610 -927056604
491399759 169151988 -187035364
-923663732 -179526685 908040090
654539465 551536965 892056406
-141246916 280373447 -773815397
-179191775 109702945 874000596
-861265502 -92852938 -651601333
82516133 -338394427 164504695
107876790 -622890740 -904760850
672048533 482381384 -179830815
-723132924 -109949288 -409452883
710516851 -997661545 790904465
-117085952 794539500 599580608
482850609 -637923083 -469341684
-789084162 -883570932 -824514496
286887096 722598383 -528251555
889613710 -240916972 597579334
-803845697 181766999 890927536
-224045444 -34418692 -911921475
-947770427 -602216096 -191197710
807811647 -249165201 -455271261
980966772 -916256658 924654872
491069060 187024165 167466078
-718900567 -576357730 268707139
828144962 660402892 623595187
-910286889 103647347 -913164045
-281712335 -410472016 965319414
410972000 928805506 32877189
313242097 555260918 -458017950
-101580849 -855308516 346340527
348571073 -289242264 249193475
-630572176 -943756597 -595460534
554807610 341418892 363060842
961376874 276861201 -980203347
-377834085 -500025294 437891435
45006453 -963453165 319934193
-641451122 757181579 -961962108
411821421 -617738295 594223005
-583776681 -997776362 597396740
-788168556 458475348 444940483
277021340 -78113265 344077293
-854986092 -788688619 883758769
-115136816 621352431 18040348
357160848 585732724 744152234
140856958 822851543 -120868847
-50741429 361467329 976226817
962089940 -267331716 -140772001
-949517398 900860531 574382629
978064994 957157014 -425556416
957418933 -569290585 -989035541
-898660099 -859719363 -642733117
145372067 806137859 564394246
916687879 -739485184 -724225543
858078732 820909092 -703979093
-104462523 -305984064 176984563
160696135 117744730 934242434
-756997034 626656373 -884354870
627677744 -932117348 629839508
342533028 -433930296 -968753713
180770334 -450755029 -889648166
150733450 247950965 -887253552
596455080 -68760032 -482598692
-434289264 -642307033 404236992
-917661955 -776455281 999576587
963482648 551289247 -265539344
-601189289 -898558543 -984421026
-112685405 -82803432 -452792073
988712738 -673906151 666381942
-860827652 -112503992 660075738
579894884 -917516571 -230386625
84151272 856030962 756146575
-30136716 -717701741 -46728899
-423008951 -940285124 -365935309
-941482345 -118012945 -143175456
-103289862 976017238 -848789126
-221648063 400040775 -117224695
116247563 561571275 -275736774
-93133671 160962801 -25258200
283441638 477941882 693006837
216890435 579797772 -635663424
-640484132 185835558 59201789
-608050874 535036968 -585705116
-450445748 816889873 885428278
772529738 323238196 385911391
-948559897 -409163575 134824402
267434326 776469271 -875078834
-281676290 -189663089 -731902560
-612164345 537862542 168029218
334106676 -852601162 -332461185
685579048 379151254 51393406
118812907 944346204 225880405
-894554104 574797733 -942360101
137367966 115089353 -645582452
604142142 -198530615 -145866467
-972244526 788052937 851116296
871338619 -847681278 -447545593
945469724 382752052 -17217582
672050543 -649631450 -432288110
138743174 730223214 184163444
74386905 682109846 -923927615
880916703 -179203704 635594243
-674292858 -269271154 351684276
808703806 885414500 -998914245
516549367 -191553204 -966941534
715835821 163983104 -45055874
-704333607 -582896800 124612899
702152195 -404915506 196770050
896050781 -940811260 145283141
854729794 -425022228 24460889
-986113107 285136209 -634583834
419477663 591000594 -267000940
-877972628 -969358903 -495520202
-963773231 752370728 -483222807
-171963046 -851724550 522801233
-113474980 -398533280 -974072570
-469550465 -546817710 322053471
-795817420 314651109 -406160871
627990706 -912301985 449816304
160091793 897207533 -592748729
-664578225 486229448 186163902
274000607 -216864341 -999773634
689616901 374645907 427937997
444580336 159941072 -320494451
-493089335 554931754 986333799
-549013513 -350409494 -759937535
-458346195 -226511073 -601492966
324365726 638595384 -946099855
22015608 585555543 -690863892
206368015 748838268 699983328
454836166 -221093215 -77510627
-484582053 56649585 -633712383
545419914 -466863265 746909633
-330546375 -548720169 853395618
-123954124 99786456 -605483862
-838811543 -215871508 -377864353
-927282974 473680474 -783118673
-701764214 -587481113 -207150997
-472244687 579262034 -707467165
137760210 8977121 658124678
-314827420 542890996 -648263753
773657574 -713192155 -173933825
-979626443 -835532058 575781650
-963513449 940740796 -724321931
-60717686 -295300336 -596254602
-579009761 -210926529 203084614
491689338 688920199 -578731486
133507372 -852959583 278320702
-576205809 792301200 215552233
-346709337 -8385775 -767342317
682368632 534564664 -612374678
508870323 -107463208 454754722
421958134 748026277 -737314605
781476750 -778531151 -227624720
-352737517 -252437285 -701057861
-752186004 -672150202 481733462
-202445813 491958979 804906835
723417749 -641751373 -277174855
-455782913 -309389911 -941506738
-221901896 -195401146 247363356
500159099 100123570 514005900
567268080 -418256830 -888858332
959758130 943956016 -94072374
-688690100 847069941 400333456
-443460887 -757035006 -985661589
-512391362 -691819598 -339885362
-358656723 -451493894 -865112592
-948399706 463942333 -839948633
262051619 58704341 -768661349
995218147 935236912 256495071
445997067 258937603 -589894350
327003671 599709250 -140980231
249250076 285229835 -751155985
-614661870 -453271947 -185164425
-949503850 2595010 -818346619
-582462325 548829665 741885969
93159444 -532164837 -167858734
-631257906 -392129389 590785158
479175121 -998739804 -137246330
851616416 -135080341 -939704264
753282618 -93650698 -450353731
648030546 -850701354 -239176449
-453801245 494115594 515470476
-762343265 614916036 935898874
40365984 -861346164 -95665906
479082450 -752484775 69850791
-8502273 -670700570 -854052402
944247856 -17396389 739245173
419660515 -771115247 -35509906
11943564 88870326 -842387656
-199478375 -488137211 -943843186
617646196 -317823216 -685247554
-318767384 672992529 -543199193
-120768033 -869414808 424284247
-969018118 865135049 910962092
916949603 -254055211 726333557
839294129 216254780 -194498297
-515410482 -563399520 -135589294
493889398 410417227 963705426
-423427392 444509457 125659374
-619481418 -881249144 -209273630
624395289 805676052 -661137623
549464148 325649026 881447280
17373702 -460322925 145446388
-317179450 -614705616 890437752
-343233104 -143087712 -182508468
669231734 -7154209 423480067
446684218 -164882662 393014962
-413485790 776338666 605362668
578588975 -79432348 231301033
-866449167 343368531 -893648433
-567197891 -579453002 270692402
-772671905 -959125381 -522406937
588110850 215009944 145944895
790092372 499336728 -267090229
389178196 903840862 -864352554
512494497 171644897 -228195908
546881417 327854900 -975240596
-994825222 -512116614 -795233981
-294206316 -797595497 -905037257
761046837 -960906630 -680934884
-561441749 -664933578 -644886995
-83787418 -999291401 222225239
-184326163 949984369 153820064
-642881418 369256731 -576686880
277220257 982769115 100847194
535930598 -132249176 -981114571
-367398649 -940941770 214578272
521964347 -58638603 267853015
-729979903 536215671 -728795993
-285448943 -286814719 661862128
-12006552 -774295012 -862302069
994781731 512974246 -503535247
-856959380 452034052 850317001
186031357 404161081 -282362087
444089751 -764086579 -742841078
-972752070 -169860970 681535976
944665903 -948469752 -970343310
-773727633 -832093034 -181427307
653642385 -253365462 46437357
-294847364 268864738 806058640
-492532848 871404938 -394858526
814734139 477866166 235442838
-107323053 -634462253 667190546
-117915460 930536663 -406698616
-188739713 -545646320 -159814715
664326364 977085847 -588397900
24680943 -84957175 -171567432
-681490728 -944045758 518046166
509983127 997603466 330133448
996763287 -230157863 563722279
-472652823 594567057 -937186514
-659558194 26737903 -530125048
-902596058 -901973131 -395885581
562232076 267949739 292454181
-361175814 -316764589 -457064206
675528904 -528893345 561180103
-354012964 953789081 -297971161
45005807 222234364 809630159
410828879 324429793 -262480349
650228707 120512295 330145378
70359456 396067769 -363040857
142322163 -768956832 504913855
830581082 -993257277 -453969596
55877659 246255514 969203257
557568475 -369909116 408787689
515388459 235692591 998515368
895991866 974916433 847399713
-505606738 -16253979 -758666877
95419284 -782505699 -756458024
276417039 787858989 -960858257
-271174414 -385534546 831582891
-8795856 156575995 540782209
-62141440 115017946 219699128
46665247 -633454415 702740285
960719666 -952850200 -558904014
-706367053 -464933138 812095328
575783693 -999152910 -924396287
-596940561 841180940 -317035722
235907732 -123211789 78894765
-577633341 667317777 468140786
219083175 -749576556 -923835151
-407847543 -891842675 -435760909
769518038 260189070 -685650918
261048622 60907928 -224815385
118011349 714818673 197669148
-195417785 658928175 -207202872
391796750 973464615 -810231496
-905863318 -824449496 -664209966
69292460 198998886 630703441
294366673 398210384 -516292762
-667462961 -901108758 317082615
970892494 -63970583 -966774995
499976735 -771630715 -360650795
98628415 887327112 796304165
478826649 -549480354 423954615
-669044073 -377591080 -940141043
-255569654 -592818337 -987153500
-690848118 448038355 -794712191
-857365000 -256267518 -421267810
-881145415 -651974956 821405539
-947195436 -701835763 818164038
481774628 924784987 160659129
-32276718 -421994324 614887439
-524341177 326281741 -698086606
-31631361 963991006 -472447692
-765816206 -388951215 -555211958
899343670 892948281 183149119
52617992 643123424 -607969425
723646132 752883247 -347964078
-289965663 528379686 -682540409
-606012497 -572286620 418931967
229286964 -915393698 -389219119
-575229173 949747465 295471215
766317399 -856737940 294957160
951071708 -650103247 -674466717
630249988 863845614 -916137183
176287510 489187244 333103973
910329011 -967176280 -108958117
-925316659 -916050894 -457003833
-52340015 -853856000 -932577604
-743605326 473390339 -927425790
-450385658 -211292412 298478575
467067123 672884097 -145226376
-105666383 243271785 531626344
200706321 667624209 759953434
228264761 -295734318 -122772023
-932987189 936009347 180056860
734669196 42097743 -248926195
699986389 -890258789 932731969
165654175 -340885996 -213791334
-127720069 437669388 103257079
-858252416 215841010 -286230161
-166599297 -250395424 -626119621
-241521472 -642871514 -364751329
281441440 527194612 384562772
298962111 -976568656 701102228
926905184 109313696 910381211
131259959 -986361525 280509382
-441755152 854805853 -927095640
-288448969 -306753517 -949105957
38664131 666480661 -39282669
-912471296 667981618 479645173
-445281749 -662241417 37599724
-931193209 340670684 822669176
-428557708 -875822363 -71747775
273804715 698511727 -608019317
-80657212 -169561286 -124604670
-384308674 -622719030 -464987852
-947552663 429291073 806519387
402121444 -614021951 -262758740
768514310 380852078 462462347
484269276 -959379780 758626711
-933444534 -951391406 205495337
897718860 725423001 -585397751
-906999668 -887352302 -617735597
443422437 481308235 -583884218
-852110044 -87228489 -441838179
299764211 -976610794 -25943433
-485289798 -616840184 -969327673
-520430773 -291607651 -668985848
580203729 -213262152 -320722905
-699681164 -971825541 -367047409
-896506261 914263289 -979058655
681528974 670621828 -186677926
-249137936 -796763211 -694618529
683990683 -729471161 665339390
-981653528 969684958 -887073478
-616936390 190623775 34209831
-9223169 -991023505 -818100183
-347016930 166342613 -108130944
264574598 545532799 -55789771
-978355555 337135972 -888049068
-277622065 22516705 -85264394
-53044344 -440656609 969516073
342720814 189002174 -118121468
70320158 203260622 -185491818
-384660753 -475897522 -956597422
400665441 5611471 939734690
-499339649 -968717701 705540939
-175416973 467045148 299333043
475837956 901075256 400178683
-832028335 488040793 102903115
350582578 -249099782 -251524543
-526530715 596583951 -892108468
-689173177 461054420 950412209
-60667606 -466661544 -913292778
677805126 905649193 -803159684
-11725205 -755591208 -560364148
406291657 191735487 156707393
930892750 686410139 -852985165
882262142 -923167092 -348962193
324016093 -746840364 858113165
275730092 117428108 -302741002
-820684613 820430755 -82392739
657129509 -611668520 -195246092
-992102923 -513796427 655625502
368946765 329731834 102957444
-901691227 48918890 491250368
806847413 995625514 -404016191
24009226 -463623298 667834318
747270020 -862369461 617673281
-453267086 969228564 -479105606
-243300150 -69908484 191507193
611510321 971963628 -768922596
578134154 -849068551 151201919
-63671780 -373110366 991210418
187183862 -496398492 -457549432
-44524993 -187492491 -991204716
882395085 603054135 -152657765
-220780602 -891772367 455049611
721858195 818602904 898334829
258184552 -995614405 -498337239
-959249692 -146629462 397362841
-866474347 -236783626 -600296546
610340247 -476806726 182571085
714019032 54584875 -987473954
171073567 -480959203 -875162552
-288364691 -816825442 -316378841
-214803687 -881632847 242405139
733041535 -887355237 362856560
624494686 393774906 970418122
281813560 -567709058 -4548020
-377496044 913935549 869058209
491138563 577350426 817936305
908102324 -113215276 -761646327
-52321614 231293468 -924746764
-582893909 358475271 -205018289
-783325476 -28186073 -899948756
-33526964 693846800 -933180557
-61268017 862801382 -11370678
-691114443 16743346 305151409
-180611742 -192952741 -188438058
-854240147 878560118 658271324
92439397 758942969 134349149
-989420351 -872523276 -860743929
-900294458 -39956456 -479387998
481444417 187099612 -956280618
109032583 625538386 80827402
979821329 896419013 726272076
74563390 473585968 765965627
384364595 181252327 -112208238
290354242 417115208 -858400104
-737102885 814280553 770248404
-520073102 33971080 318613509
-237832665 -498457524 258546561
-803173732 -380035877 -801322544
-497050695 -290684818 -332633444
-329679163 169600971 -189523676
712979084 631304264 -113716916
885608785 827259823 -840882260
197360483 160133525 -879573327
-207516056 -898177620 -429051676
15314731 -606025956 297912004
-3195805 -966520986 33479496
-812041534 -334763349 -866647686
-982761545 483072179 -602867463
-533768703 -396628560 937086227
-15621634 -300689223 605990511
682039740 679749771 -658247786
63524940 380436453 924325751
-703743154 859010937 -73557766
872977134 860609908 504785265
-985852482 420485302 -879163357
16442216 -578132356 -232642139
-892973676 241068278 -255651704
892961810 -16655407 404289874
-888910774 885498379 607241162
379785292 104165408 127605925
776239591 -419168976 -198969865
-615418120 177788527 -291372224
962917813 -417357095 -688853363
811359097 729566751 -60257945
-521486502 -208905564 -452558884
-715417251 102260596 333600043
764319014 -975560892 267567614
-174573090 396267268 720604981
-505887582 803161233 -520145956
-437024972 -928569438 53747481
-404018768 -733161574 -878917344
-132148732 677190319 770728564
-518603800 42065276 -855853291
-192963391 355275243 179952021
-983263440 -7480401 -577825171
826608561 694386782 111803232
-853637348 -340634411 272851753
-541290082 -948893290 751490059
583067914 883669151 -872307559
-882894922 -214468972 912569498
-539981305 -854629600 -397310459
903383745 -70716676 -523475427
-608839864 576250463 171104846
-993474318 47009963 -581786765
-911386149 -567193524 980377923
767528890 -886798431 399267803
-231476786 -951898957 -370637568
-563714192 -931654344 -553031713
609562697 641216522 -249162107
565288599 -884191922 195034304
-109038523 -573805000 -517377888
815169932 -383191917 262336494
-267605128 482741098 -653355022
-914633736 115225172 733307822
-266651875 -188718927 730868678
518106221 82142414 -108244581
-261004056 -158309552 739298889
101896774 -966649982 613155160
-640724360 -811515189 -866996143
563860889 296811102 102924512
-834404832 -646134314 -871229428
9184011 947865617 -412998393
24522431 -880715635 -688677004
-225167160 -976115464 -781769092
-937135250 496295671 -137177680
832440018 -875866868 -544995757
-812293504 -252881920 -238877827
-621296705 603610299 -221645519
-62927334 -881991344 139499114
212525342 165944112 -53875475
-589779114 -914574002 265414654
803528073 422108237 592437216
-76259357 653821239 -136166756
636515886 -551064440 455181252
471926154 301410287 -852384653
-580244184 938435423 324931534
124706735 -739470242 845714433
348098021 787608993 -838706553
-660365543 730072565 -428285400
-621855886 -347423946 118110587
588585593 -75838879 788835421
555059469 -972428031 99753721
426382611 -33770906 925044731
86701922 -469580615 720884616
-443555298 -532871016 -58573123
-141374974 471164160 -724177090
508303857 -474361351 -859940222
737340312 738203336 395584649
-495418021 673928527 470935105
-864112113 649394056 -503637928
258672900 -163552738 -859169783
987596440 -354870164 79970629
-457031805 628926239 632438172
904232235 190396254 40566429
-650397668 -866843626 557420072
-427958499 628883523 977376977
-947726579 -245619003 305327135
-853169896 368044018 429969063
-87909989 -908761782 37323161
-901133982 982232085 -847515536
784493226 972372259 948579679
-638318072 854936558 -859188913
-908835900 -904673550 -870133761
334264967 25703310 -571133643
-986229318 -862860328 -134383336
-126851377 618481225 -113105166
-952148038 762535961 -646811889
-595059589 -471901719 80518750
-44336852 145143657 588812132
-276933568 175069080 -24945428
235130537 -502427050 -328764728
-54864982 -696531115 232911708
-57222607 479432489 -626292668
742662094 895301866 539061699
441430812 -695032590 -528239304
596519583 -506228424 664997807
-953221344 921500850 111507370
-785410060 805930484 577081830
703054629 -682019759 822524349
-249168427 164634912 -490639370
448953668 96164055 -859634049
-367348544 -714015556 -61373107
-951461198 -916046923 276793141
-485587113 -667264813 -389238285
-375338502 889258705 860034966
-121600296 330191504 670543073
355807494 763751566 390925752
-920478260 -672999954 650980879
842511579 667189607 -303295406
-548523073 -959394007 -454102489
-753721363 -432989688 82142578
404726862 -459524935 507203150
-960819650 299599918 -386901057
-136655386 131549316 965272135
280645073 272184054 -199494729
-938919004 -938462801 154048151
-830549105 171926526 -882108474
326757444 -324725001 133662437
-254281626 686145049 -726585039
918867127 -535300198 707431496
-30384492 -784557375 -239202544
-43135684 -381203769 -701366595
-374559432 826684296 31215040
-46280467 96493863 397706424
-756985901 -162998721 874471249
-72103211 966039200 55466024
101351097 941287031 375550028
-884207378 677579038 336799842
241128110 -198238300 321873335
-391096812 338341857 203339770
496849276 906301369 -579390983
331707410 505116094 94375822
-898930785 -993621148 549121040
-32138930 -823305819 260721159
166807477 34041453 817498383
-498980240 526428233 960593183
-250342860 520809365 -685907891
170996336 -55384595 -411333798
500919664 -254962360 -767081592
-996478477 34802016 931598668
-907430023 88787042 -867872007
-709440180 792102898 -15183774
302347497 -738714737 -366471790
-972210180 571504348 -336519864
811124682 227287907 -586569848
-951166288 -250462600 -388586929
154595618 380056161 -194150431
709837812 -882023269 -854497641
311200135 482464801 270811923
558656369 -573082180 211464398
177703144 -517528372 -199716950
-986833321 719721984 446855962
-982997976 -811552316 287506032
208530795 -642480594 -947513041
-931542817 -67650753 -856761479
386833064 -581488049 -183923938
-592986621 569678100 -844426557
860846405 -64472776 -453316581
-392206264 362751773 -23026485
186181799 868744725 -602840625
755480317 87101467 711164399
141985464 -947170185 -881659567
632325001 -874534267 -900344762
-908665492 349363629 300042803
948122574 187430089 680309803
-879468396 -983937435 532172194
-320338107 792902918 -2555871
-175263745 -135003643 -639724971
903459704 400265129 -997418582
975716720 -726395812 -131031901
249184114 -123798905 -310340093
596594840 -328804687 -876354215
665121462 543208885 221965171
-391019603 -509694143 385317281
-971118456 -688148766 257496095
738082372 -934444909 -293117624
-369786727 715841042 635910479
-168450093 72796963 741877237
135089780 -991669205 -896637629
-559289955 -997101405 -436601251
473258898 -852934349 -439124027
-799208940 177745157 -706935300
427781148 401006251 384236128
-297557467 439905565 -76548531
-448707601 -982245589 550331048
-447875695 -173541030 -511419610
-733506531 -940658886 -984603231
240768091 -599073631 -925602710
-97119193 -258177272 -568093577
353524331 298240424 -524293529
-939220233 106495756 119126749
868967265 -123027833 341817219
-927844762 269250807 577601098
-429200272 -954020550 259156005
627249051 718027082 949969557
282962947 -87797100 855412047
115553304 750340205 122268505
-98755871 -280496612 554035486
585878987 -556815544 -964803173
-289126472 -771894348 -604997216
-319999358 -169873402 63939359
-723477909 314628013 73361028
-526896564 -646789994 -164215300
767851087 802159075 799792136
-411051707 -608899039 990264012
-562563266 -538406588 -54971458
-913827334 138247281 -910675967
70897996 824184703 -201379753
-91079621 578880816 972138301
-275188746 -188696177 678244659
-564488322 -658601106 -976983619
225787247 179665607 -87496143
974823778 894737385 218562772
911761881 -897113264 -967090105
790272593 -114790366 -865554931
949291081 163258695 723180135
-990374036 138122268 -654681866
225231708 407215980 -677769418
-81102374 605687587 -980399824
165581365 -62058028 184247108
388605482 741727571 860360408
-787050703 -802043510 492511667
-36800922 -805929744 487768386
963281347 -890439772 -285315163
-984645121 -332725649 -226938179
-98311168 -913796892 -360123426
-125369534 729995132 852839699
-948774367 -488106321 286658023
-952611906 -672416615 653877245
129053607 -512649751 -28132835
281831474 -797656802 -911998958
-801926295 117676300 -894872729
-355785238 960277032 278079967
47739659 -456659711 -988574592
-930543443 707868717 -578340482
-875594498 908694969 -351582335
191137480 -74811657 241137449
519956352 778233855 -195208558
-175318901 -141305270 548021946
946615152 -43359584 7410037
192161741 -709980057 -781014663
-890198169 -547654410 -306531870
27768101 -96903184 -872216087
-363855558 -477102504 -867750765
-836332139 -943158998 336347703
-652842898 484105252 -546936767
-957731846 331596958 -915026496
-499222292 -474152155 456604728
-940542350 634206592 527398920
-977846724 138573858 -936200377
-848565585 830143270 829027413
-435246671 184054133 -527463245
431282337 910206055 412065110
-295453755 -29055704 491895563
-759181747 -921330646 971750772
-896001528 738971680 -482586290
320035558 -714233033 128756611
693136098 -559871877 306978266
40362073 385041641 -69122119
66577490 -541536261 -970182495
863215621 24467153 90157182
-895679773 596742451 968636268
910071693 -925784607 270007610
-90868056 638102646 696665208
-624866225 646238777 -359815407
-458304050 -540229707 -995114544
310441903 -370239812 277777089
-978760674 828320564 -288345161
518145947 -830543277 415451863
-984764654 -259837146 105534916
-613358637 -247259841 -633695059
-961299557 413253306 -301286163
-240850778 577958525 197776334
-717915431 -983651783 -960859626
-875728557 -949566254 735903258
-746980840 -959190525 521604547
-495278001 693536499 -477355061
897358243 -327100085 -769340325
237592499 -931468968 -148859928
-462139251 -563741545 -116290518
-203060720 -485488092 916847232
486956834 949278749 -508647669
-673914042 254865727 774002219
-932600836 606278965 477322208
826781424 -913861848 -860903023
-247704506 -998331777 562960492
283743445 -720524924 756388062
-506019171 -656567008 939273663
618104401 201302333 980132910
62133481 932291133 655284371
-241302019 -367226098 -488377237
-883912026 -198435683 922545094
-652901466 -871218824 522258172
280657033 -123177138 -713580194
754714158 -172037769 -996224756
-865947041 -935650174 -947343821
549833043 241616832 -94359695
-998200658 -229802897 126698883
470323090 -631385249 464797132
369357604 -287373881 -544886498
589132571 -329249683 -120985121
632262877 -962150944 216771184
907331024 -680787057 -886610520
698746672 -432453675 316703438
-425969487 -493500880 -100112589
-263132045 775096077 428578794
-35806611 90969985 741938490
926787795 -471867337 -152405841
-828985624 -458770786 -263707172
785806530 -170647626 -589048187
-310746323 -519994263 -245751087
-964264768 -122599367 485067487
754467515 -296010760 -67766294
-823286005 146266357 321991868
-675729121 -65627619 -973906659
-501308507 -619281333 900246022
-682056558 -98260865 637220886
-143327727 824908048 -365619470
752702093 -662684256 992921964
-281478706 -835462587 174182782
-894421515 689648528 -84117177
383746255 -934080332 -465331119
373071 610063923 -412683112
703790097 -824510992 716046060
-615650949 801031600 795691517
-928485861 -534796454 33191595
468043571 205033389 -617552797
-666127706 400008760 -980636473
-947275553 -647316147 -835250431
563650457 -583451026 -349106879
-866698618 -951711990 890157076
824562749 692619888 -728286744
-603217009 926393628 -219781078
-166345279 -808501175 -271183447
441598233 237872629 742756553
437098561 -477293200 803416496
-768837016 912153702 485520676
840471500 134320853 620571710
409655351 -968143301 48073737
-105259604 -998198023 -824828417
192241194 -945684799 -40343410
908685133 808806887 -254336398
764012872 -14908135 -275580084
-480022778 -606869247 453758202
-267558857 263204824 738349759
56310444 -998416967 917698330
-697087512 847863019 105386567
-892165092 491046936 -273382739
-527547458 -705873934 664715222
208462418 882205314 -856520500
-749694265 180278684 -773479425
749484834 860794607 -354425619
-880766672 -568523334 960137828
-457315409 -960005720 -165821420
-78488112 148156717 -164269880
-396841901 -592346316 -968438106
413605856 937847547 125539407
-379330308 -380821767 173113827
-637010959 -558766569 312242101
275036224 -282846552 761267501
396673352 -854024112 -407239024
432710239 -706057887 -382251611
-181119098 -561448766 -696234037
607558166 494502555 -938263419
-119776382 -195463412 506465500
-908800809 -966537118 -735317089
-407480988 -921326037 -963034922
-966322262 236608190 481688140
-530586967 -327826728 562016716
-608042448 477590966 -65088643
-182877566 -878491854 629663089
358812639 610424259 -106548871
-757957399 433340062 361635663
-535777861 322978857 -961449259
-543140213 -843673667 667241108
-850145034 940454533 431517197
73996231 526765687 -752959109
482515365 -200453965 816963966
-987642323 478500699 847554796
368986339 -817245217 -884610218
739428852 317787273 623783587
105652447 -472500627 416669212
507520448 -271591093 -622501358
-130155998 -86697665 494269351
-856042228 -13032914 145182166
-256133294 785157579 900586592
170971950 -203431372 -588885313
-73402490 -866005775 -357968231
-929306879 837701218 732514362
-226277371 595589810 -500318991
-56719010 -64314410 -941827515
190375496 -817627068 -41927342
338706473 -879099374 -362819652
-706084117 -172025727 -345757701
247518459 -894255655 -246112428
860377692 -791581227 -374085797
-30491601 392352889 88375985
-937801730 -935390227 34685880
-607770261 -881875385 -228525271
-739753926 -687446510 -961395067
382392866 410869275 -285975538
877136369 -600158797 -162482383
-699037736 69554128 463135260
372169007 594816001 468133503
-932879654 -721028376 -621115499
256016816 617107887 680322509
527795992 -39674301 238313452
-810182003 768953118 255500804
-988224758 -478738473 -915038441
908393800 -112413162 873199668
508538666 810273922 -875646213
-561483693 380736113 -221186907
-683173335 -22980995 723457055
-272389582 777133452 9634724
869085936 434622743 -701663226
789831545 139089084 336715117
457442626 -308527744 -202050363
515878042 -557887947 124742778
399936457 621227821 274885232
399914622 325970012 -419862419
287102566 -132328807 -874936349
727887185 897897364 671943101
693758695 -855268166 656685391
-304290792 379590132 328581290
-114711015 781926539 111786990
-479298726 193334522 -492234611
-861018771 -457480495 -644575669
-570939667 -967208834 236726976
804282970 -121620301 173370686
-983206168 86289001 909498846
731724816 100488531 588998298
124851432 108535824 -850549063
366979892 -258385799 -151799548
887189257 -730526257 -955738783
-38024543 526284332 897217176
-783428004 -47536411 -473411275
-352070811 838765235 772388491
94901567 691317251 714996558
778325796 -324574 201975571
228349521 69704413 193850884
-535785342 218782915 350696546
-981582680 -63423895 -195163421
60468764 -239273342 -339980668
-938856204 -525810475 -813709433
969492398 863474976 -8861520
715079618 373335443 128113344
243289943 -264372368 -264645615
924826067 960698309 731537360
-930273 -869948885 985681336
-973172476 463410210 761374339
-368170451 -167659292 -69303173
240745011 340865374 253639990
496698218 -404322118 -385207008
-604511931 -438971987 -922718039
-358917245 -144176707 -345171029
734226441 804936091 655681770
-261322131 -816842181 -498954888
-864524833 -585984648 919112770
627513583 743056762 -400308217
-236265740 891631224 -481429336
-479913094 932154397 990937114
-388003646 -904787515 688520133
172566245 -280618514 122263547
878582518 48513452 924567818
954709602 -479192481 -991192127
-927715738 -963707443 233282961
262306427 119167701 -523466504
-508269629 960200900 -410211943
726162690 -960527257 -502809363
-786328547 436382760 133319977
-948883939 81480424 844040381
-934068860 579837757 17630381
-907743864 -385315930 -928947224
737040661 970231643 184678147
-703150385 -726416334 78603923
682031312 362556863 362470766
-38702960 -304806598 -347013783
497390660 582359772 941904167
-898581521 710652048 653550139
-84528295 -344189642 65085893
963387837 -193509454 -406305401
-630623405 -911390549 196365843
660138627 -688332787 -692270833
-101026578 -162985294 -452602609
-996386526 -960932522 154035019
751691465 -920157910 396306269
-396829764 797225777 -190144589
-918449735 777343303 -316340818
-470586195 418238401 -884454248
-333709953 -762755853 365444725
-610759912 473444280 465023383
879969948 462847657 -954219168
-263980763 -596885387 723153447
971909872 -927133903 151870937
-421752975 -864586220 557776853
-210596534 347810166 -788365670
708682316 -975405577 -708987156
-233904185 -347403197 -491241236
771236473 -347206699 -715529980
-717174215 -630819486 990161609
-273450428 821286815 600072075
-460204333 774118460 643367939
-418586975 947646292 -613160225
378007159 -329057096 102595305
248956391 89273401 -40662471
515851350 40910813 -944680664
32286556 868125874 904021488
-65660701 -912828761 -347587285
800054300 -675912546 512939308
797113892 -915651394 -996259578
997316044 70439516 -855962995
-273454884 -882307980 -80880434
-263529998 -529245583 760416586
502039374 735641788 651938656
756290450 -259538820 63397701
-630508427 141601188 745471502
-656662936 781601867 774086666
621409996 -864037452 -149844686
56613267 -697215254 748552581
372655215 -562556673 651710556
55779896 -655038699 626451124
-886898262 -990689322 -961437306
-162779830 216902905 -857114359
922746328 -460102741 866556549
117649688 56714773 -934181216
452326211 -590717574 813902540
689821976 -573976758 -972539253
-576798923 -143226299 -832307812
-79780933 946671234 -679856230
-993264685 -138145465 671784180
-298475089 -950490023 504774341
-998180903 -281959534 801811955
-21047346 -209414821 -668907234
790875673 671223182 538316846
-495223316 -438158900 542969151
-242673749 -959491780 -640053624
66975801 -169102184 747032494
-889563501 -237199395 881074457
898420369 69785047 -53038802
408330473 -524567138 108266714
-565085601 951411459 536623852
465279037 -143120738 -509955877
-501924500 -321059321 -892261236
-917622245 331096822 630506136
89358812 449579211 -410793403
-307418770 -197750811 190857563
-278162369 765990652 841478456
948105912 -885456397 263335244
678604100 -971159215 -770748438
184182769 -788561248 659140026
-39556373 167564536 813027269
-954447625 843168249 670807748
-400135618 -574845946 -958204018
-528123343 122908790 729931000
-691276799 -546026660 827189840
987976219 -98942409 -561872474
605721769 -872928932 -855703261
-939106894 498270451 -588543851
-433128529 -914218663 -279708142
807262724 -3591204 -595424075
-824144677 738625561 887493099
-372876130 -275003864 -948802464
951190516 -386270383 -307922427
-650331963 510029272 -166057175
21018144 225818987 -934543420
245537 -761361627 468405163
2174172 -165871516 544006883
746333407 -899493126 5075309
775630858 -710509917 11496248
-409303540 350682675 -265383950
501262470 -889503705 635824452
-913261441 731099947 -605400371
-749245913 -538081990 133422839
304865956 298930908 -673543357
-912153471 -585615127 416602510
336578913 -504034960 -935278006
-915571287 538228018 -742294887
-810994653 190269046 852166006
-618713489 -955192813 197683220
122578899 -971960188 -952465151
-11098689 31175762 678471570
-618476748 -142181409 949025895
-659407651 188818759 -993089470
-981531449 -983924715 401703463
85958688 437090256 549283782
-509413810 502296597 -247114099
-876765480 -105557121 729113342
-824214260 780845383 797608466
572474115 -863973780 -466123374
515432724 627629084 -821995995
-265435138 640011810 229418440
504271254 561761875 346246879
-229072294 806956278 632201635
602598334 -931868273 -89859958
590081739 -401973746 -763428250
677759144 133207011 -851947727
-72249990 -269030486 -193279001
-559167196 951522204 -751936945
335298616 880912424 -496414946
979759519 684554134 -808448992
754146108 173852100 -748054954
-954398202 -5557839 -670119704
791154586 314373684 62189707
735782447 -899227508 -989192421
205429315 -785025595 -879188007
-970746174 802893098 -961474911
-363240117 -542226445 -186242667
655618607 -61722036 938181235
-428391347 -873966893 -283073686
-336046030 -816955050 552570482
-775242921 104411381 -499516936
816301584 -625519425 -624012123
-494576323 414731124 -881290387
-747271119 -612040158 707906394
420920576 13776355 -765145384
-525836567 609354589 -462503245
539023963 -653908265 319819705
-882698656 709441896 -83773903
-412955396 202441882 -185751857
-600239769 922195679 -896145567
788766917 -933043298 -993284398
-33705747 -363133523 -916752045
-146936217 858810051 -538085127
-973111681 -99966531 -149916533
-564995337 499114313 -230896287
-167048820 -752125603 974590396
-501121519 193023600 -60386151
-199206559 466916732 -331048256
342808388 528490553 -183161348
-709598308 -857611072 925680664
-976172895 -721496879 -284107889
729379301 -768707822 -277982379
201244008 -333676767 -767253541
-322279146 196549240 -45032002
-923365811 428890992 -689312548
-960385827 -474157586 267907213
903825950 -919182262 -736428709
794654551 -888126395 567671502
784796801 -706598911 -457768898
462528303 805924379 28829243
-136846841 -498135555 715771141
129391091 -852548395 295494629
-168594714 -814253366 779182105
129215427 480591159 -22783987
-878588341 -20389502 -867640567
-577012880 -344438371 -501789523
497535953 55920422 -351924398
-628741319 -576052999 745021658
-260251696 -770359541 -349526465
-131369719 -783870095 -109830269
313823412 799078914 592977455
-874498771 -540847874 -310312309
-758934804 271741992 -287686245
207087461 -811974384 811804593
-748612398 -170183753 654929418
-288176413 427467986 -231071282
-76185075 -119860909 88424471
2514895 -916453109 -184321025
217280791 -153612804 188828548
-804526179 874065443 668526402
-846495619 214369469 257252443
-399289777 -595290696 940147215
854463475 -538665205 -905384839
-430702504 528238788 -880513258
621341488 -800032360 923879887
900148401 -260739571 -742448422
491338033 -113397287 -488597567
380825240 -863996084 774318015
-277882662 345403929 -164728232
489777173 743739690 719529112
661752385 -359069150 285470735
-389974141 -417996663 430101152
-347241179 325227682 443159412
-730838683 -902212506 510147468
-21100500 545201330 -181055967
-899675670 -346341350 -161948411
-285101119 -144119941 -869956247
513738604 889579697 -763271892
-415049205 -613215356 572975467
278742656 684415886 -673199952
-887174305 891409734 -931614070
-526290865 -945128662 578596090
-935626375 -109432647 -339889898
-888999355 276369851 416171922
-229952978 661713526 -17864087
-990491589 -632837706 -937840751
-400459008 608024523 -301062834
-328053179 -850842527 755613134
-389651591 -888711706 873247609
-991402997 833010114 -735045662
493780106 690141098 -184435758
-988011074 -327897617 -857093049
930575832 -748325980 -584147106
239446332 61032354 11770241
-650948304 412040981 -759121784
260483376 -957752522 -998898753
121139823 -242295524 -348366491
-464457931 876443832 -962964015
750878869 -894772419 -595342522
33081236 107110708 255432817
-216535953 76956125 33631909
-483265606 -988198731 -602977003
-440897861 -667045035 -895400663
-418546159 749641349 -31411482
-187896009 -102281195 -944099380
631534126 -754584291 592612591
-783096887 -970229823 -85694769
620015000 618090070 -576660210
-174158109 33298723 50026661
509162767 -698090898 776999730
727625082 935998662 843208518
-250116122 640413201 -468044540
471375815 -637384661 159625286
-570132081 -575643120 -928755214
-951831202 -362074683 -122143858
-864730918 64079192 -78001265
171538251 -862199184 958470641
-216684354 376888850 -410168429
853197155 -158901631 -923121839
288381057 -988523232 682115755
15504558 690734655 508869446
224936930 -572364485 -996726902
-941925036 359134707 878293590
956874869 312139575 -950392728
-213766727 -817153811 -491301133
786457295 410023187 -52133133
-894732091 -378922537 -696781749
-697852297 277580625 -998225845
-999564505 -485495501 -973955947
253057728 -492738555 301630753
458685308 865465010 243580815
-837238538 299841177 -939985273
-561979928 -931267383 -590934471
351295866 936147866 695774290
71225059 -540045505 483079612
