2000
990511917 996563274 306171535
997520630 994024333 87522652
993682462 993385589 795237259
992294005 994193875 660564229
998928373 996994107 -872206016
994633700 990499487 712687448
991056661 992946521 146767216
994250109 997312908 -698668153
999653807 993192254 601939659
997310617 995732171 259003506
991347629 996556048 557046518
995628887 990866864 -442465485
998451343 998363703 306963697
991166242 997245775 -500186037
991549464 998393973 921160068
991691645 993001191 527048984
994296893 994525096 600050455
997094802 998605849 450962950
990904375 996947245 -679849790
999722844 998208652 -933783461
997431476 994537852 -867497523
990278480 993805972 514554841
992782710 997967435 -884787968
990722683 990744144 914186148
998143205 995289591 -359607351
998436212 993724796 942420384
991270649 997440024 895304007
993044961 991280082 992849905
999275901 990001667 583137217
990800404 995468898 176034184
990083527 994447914 239095875
995026543 995383500 936530912
997132334 994132184 297048774
999724590 990715374 -983231568
997936777 992717595 177197494
991748797 992653843 790430555
994307647 994242835 766320797
993849625 998373484 -455125012
992916181 997683410 -37204324
990202340 995550017 -392371319
994697902 994808756 254123838
990284374 993717837 -806694622
991834679 994518929 -184473021
997275340 992879594 -182155111
993744049 991584391 665258046
999266779 998876393 -976733167
994377281 996888188 768010752
992303065 991686507 -699814535
991250975 998594302 222717555
990454745 997444650 100549137
999652785 994738640 -711622756
996940473 999670059 -831552084
992079547 993878677 765237740
994309297 996119512 466562718
993329674 997932519 -792824053
998155853 997094979 276826116
997355145 999364453 968568124
999174243 997885490 602159319
992564665 992043149 757997778
994294659 998519545 826593352
999828216 992823925 697728530
993857730 997782486 -401124538
997902735 994879633 -173731181
998633665 996982579 -868932592
996908761 990453740 868241336
990602127 998879889 -799200630
994316228 998604456 733465497
999881272 998322914 -680708931
994312862 991489431 330451197
998645541 990687451 -508167361
992669190 993444332 91569787
993292806 996584056 -625768369
998033035 998375288 842911650
999147632 993219866 185325330
991486401 995705491 -665713704
997933025 998761102 -589396048
993888909 992603992 -737431868
998211963 998987768 90386849
991776836 998275209 -542554482
990115796 993550544 560877933
996615657 999530873 -140872671
992239755 994336577 -612003675
997302097 996982332 933382812
990961021 995488846 982895753
999078945 998512415 -50888415
993054758 998154316 55030892
997411840 999800876 -520711632
990725288 997915584 -155142269
997105992 999255270 -951964623
999881841 990962855 -53944398
992569452 997556625 -919711330
997350682 998841948 -630986106
995492015 996402555 605716613
991954418 998665791 -714002698
995538544 998435301 557052630
991743675 990984314 30954609
994256049 999851904 809922059
993583472 993473764 385997389
993300135 990255385 -211359114
992400669 990888682 -937910287
995264873 992797817 -61576067
996945335 998524364 438184830
997485941 997350748 -190987575
993589815 991448684 405755414
995846426 996332372 527554185
993274445 993912689 575183664
990920807 997515979 320921587
990234207 990517990 -866448996
993579386 992084569 761780578
994673591 997700024 -793181096
993189931 999944129 -897536385
997465849 990216180 -894906117
993470371 990936908 694365687
999901880 997259675 126697744
994923442 996979524 -56092691
990714895 992868040 436871903
996237702 998863463 156326613
994951437 993768596 -656056949
997791486 991731493 -842204618
992680958 997736437 -582807501
996928716 991994699 92498057
997077756 992524125 297981458
993474033 991348704 372415915
991263429 997152883 -264427378
993501887 995714606 736817304
998960149 998061958 909037315
994761176 997018700 -993363724
992570234 994048848 -454059301
993391278 991508884 -961142114
998444863 996180785 -201985009
997285705 997020628 448282916
997424751 990731706 -716374609
991431308 990849582 559104935
994316793 997876854 -344656714
994764266 992325688 -949144913
995743562 990461734 -448844047
998931096 995282032 -570391828
998792626 991740183 -322873338
995515339 995988974 820701548
995217366 999441471 -976455226
993050327 995991016 -851270187
999728830 999803062 198328219
994505395 999750644 -90652895
991932160 999039004 -774339857
993918260 992829548 -356775787
993715462 997000443 -416828864
999738594 996546346 -926582674
994307406 996625292 379432305
995164349 999863441 792018412
992474574 991535733 920205962
998323743 999160774 420055290
998867955 991829432 -705134170
993095747 991863231 416152142
994947248 996456498 288228634
999122783 993071605 50418304
998934643 996432146 75958620
990857419 991467954 29532618
996281986 992251672 826540483
990955627 997762421 970817336
997211077 993410012 809767595
992017085 990260997 -766161514
996206244 995216160 -490192561
991964911 991809244 690482580
995924903 999998850 293316285
991342388 994144535 392610956
990087596 992508940 263349236
997111217 999602047 829460378
995455129 991555209 -877078977
999494150 995231053 -151076235
993962997 993694141 347543775
993525838 996627235 32476415
994065339 991014862 735677675
996436119 991387010 517446016
999944370 994876933 -636916155
994440940 999337514 406363441
992882290 994756113 -184582452
992911036 999250480 -735083310
995517034 995180248 731156032
994834527 994312171 698212735
993238602 998519722 583586318
997112727 995972713 -115753187
999527729 999836120 -391570528
990103199 997001231 -504891263
993984136 990235536 -3650068
995145433 998665259 -449891974
996657838 999530791 -507734033
998993307 998140061 991578523
999064316 998718597 -4299476
990036688 999575706 -293554330
990682336 996999922 638171276
998493587 993591350 -911088075
995686381 999291509 692033256
992362663 990377277 135749802
993110096 995618479 202983518
998684547 998576283 125304793
996915146 996078620 741714518
993669481 998987580 -248056955
993783041 997776479 170340028
998250141 995559051 972286771
997256715 993742312 -485032922
999789655 990204707 -692690911
992579638 994466604 -199509170
996352111 998804584 -243133407
991034393 996562969 -588482027
994097561 999402414 -358679322
996017242 992077126 369111290
996779316 992936793 769216843
998168634 998672823 72004498
992753938 995754542 735937317
999914140 990328521 279731077
996199412 994582198 -173444114
996786572 990747308 962218144
998923260 993787162 372030604
993696091 997332089 -855237797
999535500 995946651 841427822
995575349 993498252 591709241
995616230 999942669 -231809547
990365841 993344955 -964883033
990142279 998317279 455068088
998718129 998689935 -5664700
993865149 991887953 414204126
998362741 990508592 209245760
991392991 997785649 173578809
991485397 991272803 91249221
990400746 998915510 -906281194
992370433 998696612 -834448965
990460116 990786392 -868647140
999798787 993893191 -543073088
993607940 990410194 -206232713
992313929 993050983 273926257
995040226 990160661 437621406
996936060 993764413 418123111
996383150 990410587 -151160481
991034889 993112074 943087657
999485551 992809993 -46735355
991743700 992307570 514232703
995577639 995814462 293775350
994167163 999532848 207450712
994233537 995304704 226113708
995271428 996239222 -307203810
998197133 990423244 463582224
994806812 990770783 409086443
990084387 992078969 -231610561
992300957 990290602 920446527
998507040 990636041 702665610
994533671 991072091 929151399
997337514 997926800 -995399164
995718360 992667901 -324461389
995467804 994583155 327286195
992568109 993935685 601332430
993117791 990126586 -789068047
994703523 999508117 -800312025
991978685 993931055 9022638
998551164 997068201 661827712
998519793 999656598 -685564254
997992999 991627784 517224006
995481002 991791570 -773352126
998902814 992634213 755455347
999673562 995382325 -670270583
992484556 993748300 32951573
991481305 998981072 316278240
999890087 998918762 878814428
991534698 993205985 -24362835
999042979 998810396 -617530544
996343034 996983130 768736026
990886825 992829056 847422026
995934546 999450429 304117368
999886072 995885014 -968721938
994805874 993484370 562819707
993613525 992678229 -125958240
999921096 997809693 939781653
993814972 996378176 -291978673
992772288 991351503 -832540888
992471813 998710794 922586943
990254356 995291094 -673650691
990477184 992829832 147772947
994021321 992779480 605097883
994109174 990031252 466791950
992070539 994170047 456784787
990848988 991263618 200534873
994335702 991003360 -331801764
990975087 995018986 -338433424
997272530 993591891 -739070539
995371498 998488557 560981
995594344 993886174 -594081997
993031274 990179646 828547121
999209331 993271637 928598054
993862253 999012818 402156905
999981352 999286903 380592109
997485655 993509632 659966770
996541951 998306626 -794992683
996066359 990772061 -381417857
992319192 993280992 -866947180
997163258 998295624 -909642533
991760791 996577627 -237869523
998604950 999117977 -983941190
998329077 993046498 600933664
993247396 993779484 595386245
998877572 997282659 -259324978
998793197 994244802 -939189531
990112535 998457963 39873904
999098320 991880167 69205245
992235641 990710931 -687515577
992846638 991051823 -555076575
993989001 999988662 -156815909
991574665 997392728 -882728602
993027702 993846474 -670184242
996915828 994190472 -239435332
995888680 990860993 -663393136
991729131 990348887 -566672356
998433580 990186116 -634974181
998255495 992860527 295616597
999403253 994299905 -841519607
993452265 993125722 182966683
993427328 990992548 414404457
995471868 993489250 -86016203
996116751 991394138 -966514104
991727617 996561875 -311031950
990915922 990400714 411855765
995221171 995069744 510698570
999261432 994375202 -366541671
992012517 991636289 -909941332
992195120 999889032 261581038
994909771 999961653 -123251802
994493968 991785859 640418995
997137944 991178216 767429778
998445585 991954566 882227016
998905306 990109785 507108833
993677318 997271200 -858677994
999201423 993007031 -623515490
992009489 993455664 -484447525
996811131 998027907 170623466
998467060 992855534 918183777
994178844 994616736 -264346196
997076643 992552300 204538874
997052437 990887989 -94578006
999815255 999725127 -635772390
992113678 998479377 -239829334
992533189 994775844 708379002
993273862 990470920 -567874544
991465993 998839406 571893684
994587475 991940144 757847003
992849331 992670558 -908887552
998771693 997342663 427723500
996167594 998990499 -638965
997963995 996677006 -676850004
991340625 992128105 -93518601
992260994 994041191 512656952
995463779 997959078 -913333204
994464870 998296814 139972813
990458202 997182833 200673814
997070851 994892058 373602843
991326566 990108871 59461688
998567901 999289149 891783566
995931773 998407545 912413959
995884457 993660369 69276514
994772056 999703807 -802760208
996222012 992603804 795575901
997633718 991985796 240912456
994836236 996488432 -182783538
996140066 999914203 -650665546
995833095 993751342 185141731
998474208 999350056 15635101
998562828 990187271 -885624497
998115236 998526419 -995675386
993973291 990936879 -36523246
995188460 999685122 954760168
992379461 997421837 -615632455
999724632 992727523 -550035256
992318018 999946594 -628860410
990596481 993743790 -477736482
994620236 995986246 647823162
990084746 995008811 -27749644
993587379 993687239 347144514
990798929 997257873 -113989925
999328997 990572286 -419158567
993339786 996026584 156500810
994709453 999312538 183306961
992212044 999692083 313535317
995597158 990123139 174297405
994861321 996032981 675317003
995885542 995436496 170522564
998506162 995846324 -84343792
994558398 990676255 363872469
992651844 994672389 424910986
993155780 992250323 -527275675
996289317 993168936 -941730859
993580380 998655412 772205283
997984819 995179008 -516829537
996669351 995308396 796159522
996672401 997221416 -404358482
999372495 991020917 992423204
997131581 997647268 -884271751
993997910 994374069 857174852
998300712 993374052 -594080124
993862066 995996748 -849864304
997785347 994003085 -283897835
991067744 995356108 598788071
998514620 994831181 913478879
993702754 999622918 739676095
992288814 998807393 107897007
995394901 994163979 -528553915
993291433 997901780 -317034739
998756566 990638144 -791652447
991045880 999505552 -282827226
996569435 993656733 -932392663
991000003 993333807 662500442
995995987 999377070 -922220990
995154404 993316942 -338098516
990451190 997370535 -661238865
996269665 999966608 151086535
999934844 996000330 992068923
999086215 998158885 -858532239
997055200 999108282 -954898832
990772957 995558563 -217860888
990586427 993445083 -230628429
991339683 998855873 799660008
994578140 999413301 711726300
990278887 993891529 327502552
997459979 995268489 -909613767
999875218 998385421 -792414978
992130396 991220873 -554768503
990734674 999193164 957165422
991685473 999973437 -17500977
995134315 995243608 227772721
994069873 992350408 47996219
997643517 998036338 -332009422
997865691 999273430 961726079
994679078 993902775 370798578
995948609 992078756 876845151
994278644 995669265 -24221567
997421657 995467084 901962197
991690807 992123970 -952656070
994547234 990838919 -446616084
996846158 992609192 -36977096
999339997 991289288 50762031
999822774 999671270 -895051367
992523513 990758800 129421522
994340967 996657608 148828678
991479135 999436974 -790697496
991290051 997172803 -949075209
997978429 996441641 -558592972
992767184 993984439 263157828
998903205 998955068 352532140
990377958 995052453 824181046
997899409 997338440 -395709903
991215134 992046400 377197733
999479312 994802388 99201849
999437165 993982440 -302727838
990017228 992403757 -867015781
993899419 994472503 996657851
990497612 991985936 -287073955
999255738 996404138 -124917780
990796760 996410263 -177624794
991215354 996625202 529801632
990383657 997304437 543268531
994717443 994147251 -563847437
992480810 990314853 -462224317
992290366 992160455 -530843746
997001729 996736221 -950572324
995372209 993422777 668990607
997931642 993660840 882677070
996014963 992390362 -143149626
990592449 994070034 666361698
997158895 992043996 447115394
993204240 994489769 182457209
996361950 997202537 380527972
994041369 992860093 -683196142
992216269 995853604 -401295643
997036866 990048386 816010727
998722958 995574573 -42656461
990242588 994571971 980057362
995700608 991373428 -467611014
996716108 993972242 -261446189
998110997 992403991 174445233
999250686 990134212 -873334176
995287256 993020165 31688118
995761713 999121690 834394002
997029092 995930288 655751137
999129091 994767122 -980739557
993055553 995165925 -945963953
998554237 998732011 38476077
993005902 996597935 968965447
999399559 996794295 -584587205
993105887 991313880 115060208
997011894 991741208 240528698
991562797 995543986 -930887202
994016142 998825395 -988347923
995817657 991281532 -33132103
994827494 991193573 237700856
992976589 992748807 763334588
994499482 999912818 963454372
991686988 993466285 786176801
995605487 995236576 571026680
996175840 993091747 -626833906
995614973 997057399 320809852
992532168 990612494 96826919
993453120 996227511 -255744428
996640202 993573618 -252278783
997381881 995265118 -131181987
997044704 996044029 -915471156
994666612 997210238 -690390017
993982297 996265661 -982547610
990357127 994907489 607524327
991160995 990273527 554409463
992149930 990063070 296346101
993929642 994302566 556230671
999537897 996712324 769503775
992014650 995130900 -416843884
990994614 999942595 -695115066
992594786 993735461 -931407409
992278556 996480710 445080249
995749272 991067839 -855115950
996360897 997932656 -139979684
990735254 994321050 -847751307
994123511 992957602 -907931104
992376077 997424468 218159708
991845953 991392401 54745598
992732396 994664265 92327668
990538111 995830510 421161970
998527371 991312060 -651505071
990331577 996159797 -518369680
997661688 999315152 -568066031
993828625 998912151 -625506194
996450901 993795952 39652369
996045448 996497786 834998498
994008498 994907910 -51776958
995726808 996562464 -295190210
997189638 992601196 738628429
992214651 994353603 -291072285
995499430 991890292 649042419
995828160 994837897 -574797460
998970506 994250706 -98428340
990706757 990374446 -698132775
993365947 990275249 -757703761
995651128 999390041 -814979021
993082463 999200230 -513689405
993210807 996755017 122066730
998482055 997334266 -3269024
991793949 998367977 -566460791
990958785 994410710 -414867893
996885780 991584145 52285432
993449774 994966842 826803438
999457808 994603651 -124409411
991948810 990973798 -993815347
993122699 992981641 -181729854
998078911 991728151 22963159
998114174 991286197 677519445
990991176 997718469 704262088
998119203 996264860 290024798
990397054 998507099 -979995208
998564731 997031798 184976218
996366095 996927344 362307546
990589322 996833231 -631907665
994999030 998752136 -162041258
993174040 998922132 -456109471
999604397 996890469 -196717764
998021770 991497220 229137229
991403958 990655876 43602239
995377213 996808324 -144948388
997806001 995146162 -157734135
992678410 996634039 -902468184
990406708 991831833 807696456
999862163 999272939 -997756749
995995193 996417045 -735085838
990702841 990549633 792965758
998980336 995273707 -929945829
996343461 994890290 -402844864
998373019 990055265 -890867726
997775991 990523041 309588506
990933885 995492946 -858267176
990508391 991186153 957698295
991544352 996100513 -916515232
999317390 998594287 -627576085
993800759 990301992 -923116011
997317226 993841080 35229341
993803388 990696824 -684314682
990349262 997045027 600709729
999126350 996112388 -885288616
990792035 996864400 319518573
995116373 999160137 -38934597
997904218 992317607 -159301155
990802603 997942215 29005027
995638159 992407896 321780651
997721778 999766878 -61715264
991679433 993556775 296004015
995102176 999280451 -586940698
994957014 999177762 -87489187
999487392 994220550 -647599899
994091448 996193810 -548534737
999759697 992880578 -887803053
995967207 994534063 563365241
995062031 995158376 -161868103
993569276 996673720 126130064
995027769 993589123 -943378065
995454693 998116674 -250226380
995434655 994496826 -339510869
995191625 991752533 548207398
995541440 999503545 -204979074
993307445 997177138 -625244446
993479693 999727920 894310809
995523505 998871771 -596481779
998374632 992953837 251685879
991291610 998671556 -860526605
990590861 992237386 -28978108
996367149 991479141 511471482
996522575 998964744 -291425184
996746488 996237959 901606331
992443311 990836341 894505651
995717138 999873868 -85172579
994003848 999168168 31086837
995738382 992946339 818214027
992373404 999986532 -976384261
994466513 996708711 199671270
996566667 991679850 -814613161
999002446 999264399 263301642
994209592 997370536 -157248751
992562209 999717646 -620119341
999662451 990575403 813176963
993160360 997604990 888226709
995503414 995743672 -919083411
994025168 995710736 -662935900
996598515 995206990 344737270
995633508 991326106 331140909
999661238 997294383 -936321033
993911522 996276319 -97542232
996086365 995851038 -880566506
990833184 990149076 -131239856
994186345 997507865 244076913
993459002 997428398 -865886031
994613815 994648443 512473893
998296684 990756441 280361252
997746422 997679804 808899783
995322260 992046292 -728889407
995479957 993887963 -242490096
997675199 995556787 822770210
992073699 996573553 288309681
993647421 997735899 655918673
993691754 993197080 449773428
992970208 990432242 -861754540
997579630 998097035 -411557565
999618329 992596881 -881931886
998594782 990244838 242114921
993791379 997883654 -175598985
996694183 998527646 -209204406
991991718 991039823 11151732
998381424 993572820 -721428202
997659728 996755736 192380724
995711435 996322042 316863240
991076656 993238050 702319965
994183024 996098422 -761636195
998437021 998377051 -58079677
997974088 990649283 14620897
991797020 997534764 360067135
992859756 998087699 -935730366
992670824 990747903 -273197789
990093891 993074984 176475945
990153344 992143205 942163834
992049744 991617981 654545076
993907288 990720249 536142219
994358342 996206781 -469952024
999124623 994414058 -564609032
997382519 994909991 219282057
991138655 996333359 -695507503
994438768 999915004 -62754273
990130419 992450626 21890260
998101361 998116968 -143340901
998655163 993574572 787904104
994300092 993222448 -928049504
991985409 996313465 -365866305
993802999 999803098 79521229
997143560 992698516 854694577
997586443 994454598 -674829900
990986323 992712210 802255943
990693317 997484046 -729892166
991893835 994380142 817124937
999829811 992998494 -979577621
992975660 990234203 68672583
992171706 993830495 798011451
997358404 995339882 663214237
996601607 996737497 529468263
993621848 995189499 -816916494
996109126 993349232 -514030317
998590870 996194798 287294009
999863250 996250183 -476686729
994952449 992987982 -4385321
993660480 997131207 -725627108
990997338 996240931 -20741042
990237544 993376163 268979005
996729608 992991395 865254556
995168103 995192177 -882137038
991073760 990704345 -232739784
994808453 991292058 -286915171
992020265 994912327 -454258474
990721860 996604795 -979001696
995361895 995869842 -878400295
998656994 990496223 -149183404
990122308 991114363 -827038494
996757253 990172782 385387281
998648724 992535847 -704360310
990347854 995959428 1577119
992580329 996303980 -961208513
993144341 991048305 -695320553
999924585 994264945 -442434197
997077264 992284078 14796647
993611098 991351296 110799763
995565058 995748356 392601568
998787809 997624511 -525648340
998437392 998692300 65172570
993254506 999472253 774141300
999026177 996795296 -576015220
995157719 992608060 -237538392
997433191 991718144 -580366287
992474889 994923340 -986729024
991692802 993110022 -923678509
999539337 997961704 55497766
996214959 993340166 814395877
994752093 992019929 895348427
992434250 997808673 522685177
995415329 995735865 -93685466
991634871 995541104 -446416681
998961936 998859290 -190671695
990704011 999748984 963911533
990548239 990670748 80369117
991641570 995138515 430558454
999115382 999804194 827978025
990162453 997883527 162322089
992206659 994605336 -425063467
994184956 999279215 971811405
998509801 993034068 308354600
990302736 995676278 168406836
995911614 996207748 520837395
990571434 996726335 -838217097
995676219 990941395 689557240
992283157 993330963 -918554757
998213448 991261684 -928058266
992905901 996064337 476166692
996274666 997251306 -46983749
996786351 991496496 -30303653
995428408 990371651 -962972478
999403184 994028860 69938944
991478885 992288331 624424967
992423521 997593291 663746979
990186448 993677551 -59988134
993267391 999703359 411414446
993420107 996180761 689785511
997898280 992274381 -356679871
997813049 998839798 637746446
991780828 997663097 462557392
998851048 994048048 -665513233
993486766 999766224 -553644512
998744667 996227575 -165527120
991487096 993975354 114756106
998157972 994178295 -866869913
996061479 995239239 284766975
996317763 996726950 992751860
990747787 997572724 -915796082
998714029 990958217 89137099
991565533 996071780 -735989417
990746329 997033537 -210526914
992338005 991539921 -155574534
992867151 994430840 -223265886
997216443 994428006 -876950122
996534804 992648335 351037616
999181013 995818769 372964194
991729452 998995448 -174270710
996051397 992436886 519311316
995672310 990978618 491880834
993763448 999637649 -191767565
996867422 991742316 -916072321
996885339 995572891 201160302
993290023 993493963 578668045
996817208 994189993 -350438405
997770803 996346556 -777861098
990735940 997389617 120583397
994912798 993624843 -678214078
994365569 998059131 973352777
994251592 990493020 570779137
999918126 990474743 -358282566
998990245 990075602 21535609
993010722 994070557 272910920
992708047 997525195 525301147
997267221 992387308 656264410
999942431 994427414 931461420
999426260 995644004 -459046307
999592114 990242739 135725027
996496947 999313895 715964295
991657587 990856710 -993473437
996624042 997877245 -336156585
990562797 990309719 -279686135
993806135 991457188 190436412
998256949 994810889 560000457
993141537 999695666 -533834451
990235135 991690611 682136793
998979633 997574327 -372594561
994839948 992113734 -721415247
990047953 999779283 588933731
998487737 993494506 846798058
999518302 994329605 -113847046
994466005 994590513 533601862
991506872 996825033 -438824754
996827117 995413482 284425552
995389971 998851783 -649705444
992146892 993783602 896705407
997241297 995096590 -781867548
991610214 992769241 -307007426
999442079 993650388 419722816
996981311 998689367 -28968525
996221159 996829143 -116575887
996906700 999146545 -311617021
993241576 996367915 -264660350
992619708 992750861 521451163
993846627 997472691 959231596
991444349 990402820 451410622
999629083 998626640 -731292760
992657258 999917834 198276051
993875744 995851904 -488313737
995455654 991312735 -937351496
992983420 997971668 -585928060
999219289 993779911 913543938
990882269 990205706 -183835089
990409505 990278163 -777899640
993656543 998571125 -866271778
990693199 995363829 129656236
997581526 997866269 -255665174
993094784 999879690 -771182839
994923669 995734313 -911552487
993582383 996887525 -699309938
991207086 995911124 99961892
995748014 996466964 -733552226
994662142 997112722 585474290
994115370 994095902 345795250
994220194 997493703 500077170
992272593 991615065 -320980023
998007492 994277892 526042860
994353457 993652758 523911431
995365682 999530420 -37837409
993618072 999061240 802158086
998572924 997720585 -680595778
993764487 993497013 -646607123
995014989 993043290 292239312
994091588 996709566 295467173
991131897 992267790 544543248
991656201 999795202 -333204751
992729753 996414366 -125185186
991411977 995761512 -914406775
990765662 999927926 -574968682
993978875 999306069 -997839171
995308228 990471899 609892858
991315423 994547137 729525845
992163614 995804866 -232196564
998320621 996642584 -425941752
990742660 999165934 -116862858
993163626 998138774 -958751669
992180872 998063770 669706784
992988176 992481120 281210646
996207796 998175530 198606569
996023638 995537955 698180285
992507780 993150329 -380739743
997607943 995847175 819396693
997024479 990637169 784478521
991912191 994059017 -323474450
993305166 993277229 151453644
992188968 997745776 -348943930
991351000 991120907 940843421
997571516 997961240 -883512734
995016129 997251287 -326368923
998020120 999289162 184423988
996221496 996700649 -883811039
996997646 994858493 -999383435
997950223 990945524 130902928
990170592 993353135 -697276271
994189122 994092001 319011146
997135720 995619561 -475785869
993012448 992442478 490778669
996008248 996694224 -900684017
990979864 998174819 35425567
998029162 999315043 -501308767
995720203 993810431 -825976363
990372367 994658325 413819675
997790662 995794131 -384249831
990050338 991849204 -491759697
999438961 999471824 92672092
998972051 998159280 -471495183
992721614 995638991 -708472355
994188829 994693898 380765864
992138550 999895036 -169103645
991556427 999290286 358727046
990610237 994896363 -680349741
996294423 998229843 805630993
999012906 996247980 -235660075
999898195 999928438 208195821
998788343 990114615 -938975987
994358492 992305372 877197048
993292866 997132200 -236386906
996263864 996916780 -947874739
994939365 993778167 454168833
991863251 990527111 -920213770
991182273 999341651 271280645
991832905 995698451 867752736
998633401 999912717 788009325
990210255 990316388 -720679555
995989764 999412371 -678704683
999065877 991206812 437937795
997888633 991495449 -542472452
998381744 996544079 -52065262
993892806 996362031 900605916
990010995 997290779 -141932260
996405218 991105821 630649611
992329431 990178596 764332739
992578348 991683851 68374283
990623773 998449177 -625163114
995238198 992908092 115824804
996711196 996502105 167350163
992173161 996190990 325146464
997091584 995350262 -942964545
996904330 996635466 -887745272
995094776 992856426 686601149
999531248 996551851 -282032026
991333826 998714952 357833223
992318097 999887855 -132573433
996914331 999107385 -553379721
991182719 996199569 456972976
999305934 996876846 185915877
992183763 995378027 844968948
996956162 998028267 504447991
992070545 998351954 -849590183
990628579 993793460 -36901271
990484367 991835072 -962793193
996276099 996423439 225432713
997522823 999390291 -903169889
997146377 998771905 882426924
990590563 993774058 -164871198
990829466 998344965 630529371
992131417 999466219 76726790
999367108 992209275 27796135
999796481 997908115 -928130925
992491823 999375841 -785517820
991431468 993858404 -288021152
991350009 999866230 740597993
990364131 993728200 -573522275
994669740 998812841 243848293
997058631 993713480 363708992
999988460 990756816 -36149960
996220806 991836719 -989432026
995940480 997039846 -952366411
991342847 997773552 731661944
994834136 995695934 -177880124
991148734 993204547 602055957
996468656 992638410 487861343
993461117 996816872 162248660
994006120 994254417 -797636870
996665228 993146442 -118747835
997297888 994263524 -731832737
999587615 997449439 -494065338
992822816 990316151 39680647
991200437 990358584 -963877841
993081788 992653692 -880154010
993377286 990144035 485164497
998088796 994913009 -145182929
995076279 999492090 -858698309
992581278 991187733 650302071
995128545 992698142 680160469
991087979 993824380 -482577926
998172681 995606906 861540945
991921382 994203170 -476320392
993870641 997215369 121381045
996515321 990656071 249866479
990112055 997650732 137075532
997713565 995212639 455067974
991234600 996357709 292080992
990124377 996427327 -110273089
994535721 994697271 70696310
990211437 995977442 880057565
998602572 999338665 855018905
994271856 995355136 599578894
995580000 999153456 -149539605
994523991 994793211 -417328760
994024405 992126177 -942618720
999604657 990992963 -521235451
990198515 995886704 174071579
997623710 991183662 -689066875
992045479 994239074 -219433664
990745636 994357068 210237366
990957610 996430310 30605182
994671104 998816962 202316045
998773771 990650154 -919906462
998149487 990047006 -224675489
994171929 994937872 -972259417
994936099 998534962 -207096353
993095949 990660291 -87755252
992326412 997650325 -511799479
998204094 998523771 482234010
996223909 992531094 856921659
991086741 995327901 -869615655
996867195 996581505 -535542663
997947255 995480881 -939666357
996878638 991330141 -414977850
998770078 995734648 915431646
990913700 991906864 4297382
-992652661 -991771014 263999832
-992878551 -990989661 14512872
-995846154 -993640357 353166795
-995579174 -991035855 -834906102
-992768368 -998285874 854099714
-996235132 -991788898 -838663628
-998263404 -994445870 -254145619
-991560837 -998294085 -380837096
-996894696 -997423890 58114064
-992205453 -999024003 -904530533
-997946391 -992321352 -309809496
-991589712 -996418037 -726969015
-992398488 -992474154 894568275
-994296354 -994548439 -351273346
-992625965 -991486162 782373022
-995557581 -996385416 -326979222
-990948232 -997571624 669165848
-990915115 -997714241 -177907442
-999206749 -992341359 -894840611
-997866499 -992664436 430601220
-991351350 -990758954 653463536
-997928855 -997610375 -955209140
-993637560 -993534484 -904714789
-998231144 -992905795 33975211
-990555206 -997073618 851998908
-995790435 -999720392 -314863271
-997656157 -996680315 -533027160
-997698248 -990632135 -631492754
-991198939 -995534615 125845033
-993826493 -997947990 122533209
-998159634 -996560570 -6294109
-998369372 -992877760 707368266
-999890761 -997577386 946779839
-996911781 -999394156 -704630427
-996447423 -991321839 -546078083
-993844483 -992012855 728100973
-990838699 -996762837 -193378191
-994291228 -992714094 935243516
-991095645 -995730564 76220125
-993011955 -997497591 406263572
-997000353 -999855961 -949132384
-991237545 -998363092 196906816
-990740122 -996939944 507707376
-998796298 -990295931 -717416573
-994734465 -997030087 741105847
-995598565 -998200684 188443092
-993387817 -995015217 523481412
-990820995 -993543366 989210799
-993514626 -998479135 -679885738
-996050352 -992410126 434705429
-997250742 -994130907 -486754604
-999795699 -999674547 573134979
-999988336 -994254506 -204578415
-992212533 -990206151 -839820419
-994527008 -990638222 413597127
-996870589 -999949584 -206269489
-999191050 -994309308 124677431
-994406312 -998107655 971890001
-991084072 -991596104 585840077
-999424215 -991945922 96598975
-996023668 -998301334 742683090
-990630988 -990979791 422843138
-993836655 -991689452 524095836
-991722614 -994514591 285956368
-996781943 -993294901 -684252431
-995718984 -997992804 20503033
-998922376 -998544868 -730156430
-992146208 -995710181 -886273193
-998537420 -998846318 21931035
-993358797 -994642345 555774823
-997560497 -997417355 -703597264
-997014130 -992171465 -60176010
-998463506 -995547658 295030973
-991028981 -992174155 734996970
-999917076 -996293473 797265374
-995968391 -998712568 -605403818
-998017023 -997761572 -978436834
-991815425 -994966070 -960048253
-998861207 -995257745 930910645
-996760343 -996886479 -883148899
-991211629 -991202280 -939888644
-990159772 -994979536 -317474588
-996101036 -998913080 -370711320
-993128553 -995875944 7876791
-997183277 -996455487 951246601
-995371448 -991141003 -188152582
-993234844 -990956693 -849035068
-992208076 -996128623 -449304461
-993777486 -997467174 -791700846
-996338776 -993404487 525309356
-994267957 -990921090 351303983
-995257161 -992860397 824205837
-992652713 -994283924 483784174
-998253611 -997087069 720980849
-996611670 -991995315 -481134870
-993265158 -991945378 519985956
-998081780 -998215168 393736815
-992664578 -998731943 -550202705
-994004474 -998687792 556652289
-996515173 -993033448 119913765
-999206219 -997337079 918324870
-990753471 -992115687 -878480670
-998160309 -994237280 309706846
-990358596 -990807563 659553946
-992721288 -997626892 220119570
-998815092 -992917823 -543654229
-992653416 -999533294 -705405310
-996534594 -998225240 -830142168
-992969995 -992722938 605622866
-999237291 -994192580 969084067
-995805712 -996443001 -370680929
-993867393 -991872413 -656363104
-995012925 -990642536 -183714003
-993466807 -993717854 379181449
-996267226 -998223206 -472619695
-998789182 -992739931 -247297098
-992612239 -998177735 -770714723
-999246019 -993987761 -473186968
-996432883 -990986638 162511167
-995616739 -992769676 -945995351
-998611318 -996898225 -948788805
-990134994 -997770545 -615867567
-995716486 -994609150 -660060050
-991481967 -997613133 553772692
-990593391 -990726833 -933397418
-997026257 -990302751 438689933
-990118272 -999484134 752685865
-991740776 -993714342 978314930
-993361020 -997873497 -170595305
-994869464 -992743714 -601977078
-995233546 -998288195 -515808811
-995798166 -998257015 284754939
-996334802 -994553215 706108964
-999101508 -990261849 259043309
-999635254 -991804823 -551314961
-996678978 -997481924 -643815533
-995949613 -992569889 700411207
-996902243 -999971074 -395142727
-991241984 -993657265 -422754605
-997297363 -995949771 -850189864
-995348106 -990860870 -55063463
-992850762 -995202989 937089758
-993265257 -995198535 -924059714
-998632970 -991147574 -964113895
-993448959 -996966263 817167891
-997469973 -999027008 893409964
-991115245 -992256877 974288662
-991990480 -996834900 -53715730
-997838413 -994381894 -396014723
-996754614 -998785249 -62211747
-994493863 -999999890 271267778
-997934804 -995210646 856735834
-993036404 -998978951 -950785322
-995987428 -997283006 -423309735
-991221177 -992420102 -124739546
-994299809 -990451360 709116065
-998513064 -996557912 -953276291
-993168696 -999519991 -190980941
-995615912 -997711261 -88657806
-997924117 -996391752 325379498
-997474843 -993381922 -589958881
-993233311 -999889454 -929473047
-995863428 -999007141 963474831
-999695979 -996282854 914678786
-999836767 -992376344 -869106660
-992081060 -994306579 452673670
-996050198 -997639645 645468933
-997536652 -997289331 -970052670
-999911794 -994310663 638729894
-995129635 -999763420 -591866807
-998831947 -999238315 530760744
-994995252 -994498060 -579267680
-993855773 -991807854 -889101399
-992597710 -991465117 -374488039
-993059657 -999484503 -794654192
-993298951 -991578958 -863628378
-990389681 -999862541 617775040
-997291058 -996524078 -368657366
-992439418 -994566314 -495517589
-990994430 -999018492 -36318720
-991628530 -997249557 -671113259
-999335410 -991459029 -989300046
-998467169 -994635760 654428010
-992493060 -994613986 -585391093
-991584421 -995064525 -793027838
-997789774 -995813107 85543204
-997424982 -999817482 -490836334
-991596614 -994334874 763483304
-998180937 -995818667 149268940
-998977228 -999652616 -869058927
-990412980 -994786169 562473635
-992463540 -991897270 -27373456
-990173641 -990769232 86121027
-995851806 -994896189 -800207542
-999492718 -995738537 -540586586
-992573824 -995905025 237237959
-991393087 -998532788 -543332918
-992305258 -996230919 -715843256
-990959504 -997951751 815068721
-990071055 -999722007 746242439
-996633063 -994239226 -896796173
-995168944 -999771146 860871264
-994922961 -990538466 -153521105
-994651615 -991227217 -593500110
-995623383 -992445558 -359284350
-997760356 -996416417 535670510
-993510501 -999703346 -859829831
-995545823 -994120294 616643466
-999853949 -992792805 -894182418
-998490044 -998305386 135003923
-993776819 -990959065 -24133593
-999760776 -998962051 -429483956
-999771850 -999615523 253734482
-990741653 -993752818 -940653128
-991433503 -990486569 610089036
-992524097 -996960759 -558033212
-997547537 -993831347 79492100
-993666471 -996184968 -846389639
-998709227 -992153249 -705070562
-990694872 -995924052 342386916
-993703972 -991056190 583494498
-998303677 -993035868 247568632
-990691110 -991073615 -502916883
-999461804 -992310127 -479826244
-995356482 -998385107 -964632787
-993534566 -999636794 492786787
-999782812 -991333434 -344328036
-996929931 -990029071 210655544
-997805951 -995567474 -911548098
-993332841 -996605243 -955083627
-993059033 -994449661 -30146477
-999187233 -995292975 -914214789
-997025611 -992436364 661544175
-995170453 -995455198 143126069
-993792740 -997869645 -883984155
-992127317 -995721402 -358534749
-998484885 -996220202 297244959
-997523785 -995479971 -584127428
-999026948 -995739667 867071549
-999681254 -994702318 -140044065
-998596704 -991849906 -586506921
-998540064 -991803467 -127191064
-998362450 -996772820 180617964
-998752985 -991074742 -151829833
-999850601 -992231316 436568027
-995151455 -991435915 -993359948
-992550365 -993184345 48834335
-991442693 -990018289 -5176919
-995190328 -998160537 -109768248
-996480692 -990137500 249878622
-995362410 -992813015 185015919
-998798081 -991994637 -41872247
-990790130 -990898280 640805357
-998216367 -991670237 -934734478
-997896078 -997199335 -416194432
-992458375 -994521913 517185778
-990667677 -994470192 431425795
-995649987 -999944815 945679912
-991572315 -997722936 152555319
-991453292 -997096941 -101295605
-995836508 -991091489 706743934
-998170458 -993765109 -504545091
-996701510 -999267515 -633796251
-990308991 -992047578 -923962240
-999374691 -993878112 805292260
-990515069 -996611133 -335274515
-993054943 -995555306 -958578140
-996519480 -990831790 781255016
-991622992 -996200874 554255745
-993177888 -999126755 -966488760
-990261429 -996126074 -964082842
-994384598 -993332798 218847673
-993392285 -992524638 -342702973
-999462488 -995992081 -925120845
-998215804 -993916790 551123017
-990243548 -998003459 -100849973
-996023381 -993999769 -745366061
-999589054 -996624340 791676544
-999481532 -990000327 790577278
-998417744 -996741357 -875662518
-998163223 -995952107 -291872577
-998075401 -999865595 350342716
-997049622 -998857201 163708665
-999697806 -996061742 -378220535
-995965571 -999960008 -218405557
-999948006 -999668127 660838265
-998786342 -994927200 -863910205
-997541642 -998832742 909922613
-990317763 -993335168 -728581077
-996862347 -994558074 322967689
-998618992 -990629351 559872565
-993445771 -993539704 -155985637
-991319785 -995575219 -296267970
-994719191 -998318519 -157892185
-994009105 -994313463 -591291066
-992570423 -991692637 -589170982
-990197069 -991094045 -731091435
-992588881 -998304153 693448452
-997683464 -997785149 612170214
-993240065 -992172313 135035543
-996084381 -996028335 399083933
-995964717 -997053523 -724886810
-999197578 -993363287 701207408
-997462070 -998394425 -438174375
-997432979 -994919262 -773649208
-994387627 -991791075 -331412852
-995325412 -991688165 781489874
-997178884 -998155057 524673318
-992189963 -997019355 -355190264
-999476086 -992195726 -905767555
-991182534 -993604833 -36671342
-997849239 -993057380 -672366835
-995418002 -992833590 -917016467
-995246537 -994473332 -17222576
-998878189 -999387073 -135366177
-991965764 -999751542 -71158258
-996469828 -992983532 -149341973
-997454885 -998261700 -624905086
-995363863 -999821310 -368939392
-990725392 -998103777 417915386
-995649486 -992827376 -852736412
-995957435 -996184097 -512092987
-994503676 -995202530 -632569645
-995124447 -994399077 219695354
-997107848 -994183319 -620329807
-999541001 -992944889 785646942
-999992018 -993148457 457740792
-998895738 -993100454 47141641
-990563821 -992128273 -783148311
-996710183 -996994826 112963182
-996293949 -995091303 62374396
-993372895 -999883257 -871188387
-999957813 -993063582 862964858
-991702073 -998236362 -153566702
-992850121 -994402852 -331756400
-995863376 -997609919 -802241133
-993766980 -990775237 52610835
-993032154 -998849168 -636863969
-999009449 -992940021 716367957
-996286263 -996760544 580579114
-992596058 -990278498 -561743488
-996440896 -995828732 100855735
-993410890 -991457303 -239294908
-996352895 -992277888 -669394969
-995109666 -992643428 -463806729
-995950633 -992739446 -652584220
-994282231 -991623922 -432854726
-993925526 -992961356 -903074552
-993652719 -991462149 -418547002
-993186647 -999095495 -431484946
-999536904 -993294340 -727063438
-999862745 -995880137 -264595515
-996324389 -991366529 -396485904
-995210586 -994249878 -151963257
-995525378 -993535518 -606667125
-995769642 -999523645 -455288751
-998921110 -997674886 -345214282
-993640972 -995011190 -968228553
-999524555 -992311907 -938292180
-999689256 -993202599 121948313
-999674246 -993002916 -947538786
-998495786 -993048219 807921751
-994600582 -993016420 -953089834
-996376999 -999488433 -13960276
-999033041 -991604697 768514922
-994151172 -998566915 -351974081
-993878611 -992984497 78367703
-990131291 -993220744 252331375
-995641378 -993521080 374174735
-991262646 -995158326 -747462223
-999188677 -993631550 85790233
-992404240 -990078610 -230341841
-990231132 -990145830 -319095221
-991936183 -996744185 -84104598
-999702142 -994747094 82814875
-995519933 -993755849 165398511
-992530497 -996552949 550686456
-990905784 -994248616 -297469079
-997018879 -998498607 944934197
-995077333 -992929432 578026628
-994080943 -994915108 -683551958
-999224016 -998979822 627632481
-992088531 -990841190 -867989607
-994235523 -993694296 596365129
-992030646 -997781353 -879060133
-993410956 -993447792 874657188
-990789477 -991072483 -983205486
-993845110 -997458981 776656618
-997750036 -995268256 93950973
-997415475 -994146523 -268669764
-995061937 -994133929 -274106879
-995843521 -995799250 -764871088
-993217612 -993780801 180683638
-997871921 -990175998 605232518
-994553253 -995979495 -981312437
-991733329 -991936697 -658260024
-991301881 -997098541 412512057
-997558677 -993659990 -91024292
-991971550 -997590876 -932036915
-999596450 -998274611 -521504831
-993173231 -994724197 -114209352
-996210787 -992246759 907254868
-997570912 -992281620 -415722833
-997029627 -996723853 -952861657
-993229084 -992045505 -932914673
-990904698 -994319321 668205923
-997163738 -990989034 -297253656
-991838053 -992757650 -598931950
-990938334 -992028090 84906810
-996656745 -994641150 -454203738
-991314185 -992439077 -954843078
-996704857 -992560828 510872940
-994184442 -993021836 -750864960
-998190936 -997245238 546624925
-995936995 -997167057 522301289
-999621609 -994816412 212227877
-993245721 -998076584 440497275
-994093395 -998761520 -728492994
-999605494 -993610086 -102531056
-993611208 -999471124 619401916
-998520074 -992427208 613339909
-999375170 -997278230 459036303
-999558071 -995116757 98436830
-992212471 -998591126 131893952
-995983289 -997320134 -561722570
-993261254 -992817674 980807201
-990400418 -999916312 -72981029
-999027124 -997092972 -925540068
-996816836 -997305391 -684197649
-993748092 -990496508 -604889835
-991092385 -993863732 -950650768
-992414391 -992330529 -307919437
-997045286 -995392079 -141028081
-990790780 -990434862 -851590623
-997137069 -997206048 369346605
-992814907 -999333636 110391023
-999186651 -999143567 -254338532
-992666334 -993395739 874225627
-999231835 -992767934 676521065
-996316517 -997356321 76701174
-993926326 -992495301 -935685224
-997430906 -997662009 855029662
-995437613 -990111539 -57352373
-999281002 -991290079 574372211
-999563489 -999213938 946737886
-999235102 -998475724 -809049867
-995890672 -994992349 833259258
-991633311 -999155129 -214561120
-990617425 -992098257 -563746589
-990523811 -991008619 -660075577
-999292073 -997154830 -863288775
-992975570 -990477881 509460090
-993330154 -996262280 145605971
-991176702 -998911218 64915098
-991825543 -992479430 -833185008
-993831573 -991847262 -867371626
-994828525 -993844527 620890958
-991991609 -999057520 619977012
-990941165 -994644044 449957271
-992241176 -998848640 -983129157
-990331395 -999255084 -572805360
-997861285 -997347601 -647240258
-993879757 -996401256 -218000037
-990763833 -997477398 -666165978
-997377900 -994919192 532789579
-995011769 -997375843 57022840
-995769519 -998756998 488881934
-991298930 -999572523 -180107877
-992820015 -998061731 -21199332
-990922256 -997000392 -459467814
-996830207 -995605832 -669312677
-994511242 -996120396 -748181405
-992138640 -990133587 834515972
-996164356 -990909956 -5229000
-995853652 -997997072 -582661514
-997453168 -994617904 259255903
-999011582 -997547084 470586363
-993478554 -998603726 785547055
-991984974 -992953816 622737505
-998327986 -991413680 -954232574
-999112452 -997169008 -536806147
-992713967 -997493788 -425703555
-990530680 -995312215 -455649325
-997665996 -993795761 34959254
-990086337 -993805695 750380289
-993874549 -994954528 -87106326
-995155323 -992739686 421984727
-993835350 -992885824 566831617
-992164313 -994581693 380021871
-990920905 -997383784 434297641
-995046615 -994600109 46381754
-993129296 -999265569 394577373
-994976231 -997979435 941689693
-994232546 -990026372 367176831
-991401084 -999781756 -998039204
-992029112 -991364248 -312496618
-996871199 -993743465 699017785
-996373152 -996229949 -681680184
-998183303 -990340308 265116728
-998302201 -999187957 -964746456
-995504982 -990411929 -419159255
-996117203 -991510899 -946703280
-998083674 -994470774 683082223
-992129537 -991033393 593854390
-995185662 -994092441 -219654210
-990283618 -993976485 -949960532
-999194431 -992017700 -973403948
-993657442 -992873463 724765253
-995901843 -995823505 -719277245
-998885530 -995153564 566383849
-990061482 -993713068 -874665777
-997570577 -991144510 667067893
-995026522 -994535424 -830685609
-993890700 -993068262 115204955
-993923781 -990371009 142022335
-998451793 -995362380 -619529022
-992791117 -997805266 409932989
-997158826 -997076942 214503367
-992897908 -996640278 -202659699
-993390893 -996420834 -90195064
-997760276 -993905685 349146618
-992893657 -992735511 -906303544
-993181888 -992252358 824156077
-992486026 -992529934 -280156285
-998401992 -998141860 791761005
-999386532 -999105741 960207128
-994088570 -997884176 -230928140
-997176009 -997448401 -581685700
-992716860 -999448442 -928063734
-993808627 -995313851 -279750681
-992107535 -996483620 -302307322
-991165243 -994925448 -167332969
-993676600 -996708250 28562520
-993526793 -993108571 444131933
-991451790 -993952549 95303810
-990117689 -991242044 -458235162
-996104906 -996968550 -725540258
-997527079 -994304493 104413141
-992149651 -994516200 -935276064
-993089929 -999745531 -66343717
-997754482 -994201837 432920545
-996067562 -994586576 937919316
-997044186 -993760195 484035613
-991306958 -998182562 -732956469
-994521221 -997055143 -273100390
-995552612 -995183787 711158931
-998987985 -992895591 -919437729
-998680391 -993310870 -781390548
-990276472 -992684878 -108573545
-998162719 -991450153 558941010
-995951020 -999582920 -829770405
-992895185 -992525010 -314256685
-991091442 -997690464 -581824436
-997304084 -998585529 84918865
-990943318 -992562923 -901149566
-993340113 -992265777 -115972373
-993678713 -998333598 -175864890
-991084491 -993675339 227624754
-993503554 -990824600 -906299450
-994145463 -991606462 219039889
-994794593 -991733248 919858149
-993252361 -997365864 -664685616
-999825497 -990586982 -664909159
-996625342 -990895907 201434534
-991335210 -999515055 -976398869
-991419373 -992495129 359689407
-991794323 -997178439 -930248563
-991611545 -990357443 -411151305
-999347183 -994402349 406793735
-991954316 -994152574 954580508
-998559061 -991625119 -520327397
-995405132 -992442006 848866686
-999820500 -996517407 -944019261
-999723547 -998518131 -663179594
-996264236 -998537959 285057278
-995760497 -995985246 -945126063
-997075567 -991270513 959211055
-991027582 -992839678 -74025773
-991128636 -991613677 702425310
-999416733 -991606351 616380545
-991019750 -994462366 843924001
-997776093 -992131391 958715936
-995039813 -998488695 325327094
-996923558 -990690168 163126751
-997307938 -990433338 -399020492
-999809685 -994078761 972120272
-990614430 -995552523 251900205
-991042722 -996965389 -111581737
-996763626 -991717605 258400340
-992640800 -990211949 -147299237
-992576865 -996597065 -935368617
-992316796 -999386845 315357223
-991640365 -999237232 740815122
-996143889 -997181631 118496630
-993981747 -994280688 706089247
-992482551 -990592132 -493357045
-999613119 -995148082 944286602
-995359063 -994190716 546460188
-996409546 -999475791 -675769999
-991435911 -998872023 782309989
-994186354 -997434978 231529530
-990445446 -990551918 -477891956
-996598551 -996376482 -962054808
-994929563 -992122431 130889428
-991242959 -993893965 997626061
-992928189 -990303604 -713562280
-995782654 -995325375 25800967
-998880548 -996752838 526233865
-993285098 -991009343 846964521
-990951420 -996458818 -631404031
-993341087 -995440528 -106643594
-992037386 -992037764 -980324217
-995498031 -999879610 458274560
-997995659 -993299230 209604203
-993526070 -996667735 -871984187
-990680986 -991596414 -58008283
-990386499 -993384621 -918815594
-995974859 -999102626 -958482310
-999372537 -995505605 -878312496
-991109228 -996693682 -293045075
-997020458 -993777496 -924700586
-991370728 -999473611 -603575325
-997793540 -991077897 -641177202
-995270831 -995707724 -576829590
-991894218 -990652604 596587041
-992694483 -993272169 722798344
-995699746 -999252277 -454422879
-998934446 -992580380 -721490601
-994183946 -995681013 -449593546
-994802927 -997838267 -113916082
-995748883 -993520343 -934934496
-990821659 -992525888 -926683263
-999561715 -990907690 -104602095
-993246885 -997077285 -52780126
-992407777 -995507524 137959282
-990182680 -990286418 783605899
-999925460 -993303025 637132899
-999366047 -996126168 218736451
-994029177 -997504544 -9144673
-995133572 -996558262 -984368422
-991466823 -993803391 -824134902
-994929866 -992249270 -923697379
-997772900 -992453209 -25434266
-999419482 -994392830 775142224
-994591535 -998519613 990005354
-995728631 -997985678 -956722269
-998450706 -994564019 933852674
-994479922 -990139745 803128759
-990275148 -999931632 916374124
-995817498 -995658663 138340439
-999075869 -992679110 61380609
-999120907 -997621250 801725354
-997649248 -998071834 776516351
-993274471 -992908274 -818520267
-998829114 -996888836 588984794
-998260813 -990177817 -841173056
-992095156 -997993193 -53740459
-997264348 -990497745 893486968
-991100999 -999963819 -649628919
-996808710 -990623399 996774546
-999614830 -998447615 807482979
-999843572 -998394305 -32425157
-991969444 -997197332 -774939592
-996007557 -994095265 -895157602
-993798460 -994922279 -785995612
-991969335 -992050088 801766376
-996128822 -991019558 181041961
-992533858 -993200775 326448154
-993366936 -992561006 -796965589
-997085528 -992490543 -815021331
-996490516 -991907336 -124862314
-994590227 -996056418 -65988503
-994983002 -998171235 366858029
-999464309 -990276124 980711660
-994563819 -998302673 706946151
-995918586 -997553415 387784738
-996441168 -993787001 812063220
-990616156 -990352034 437065993
-992141448 -994537407 -641064587
-999276090 -996920041 221263059
-994374020 -991120980 -976420681
-998032529 -996973892 -52839161
-990710259 -990360721 751006853
-994687035 -990936160 -15071889
-990072575 -995991659 -567431065
-999298351 -994073725 972898298
-995620351 -995400563 -602263141
-992936820 -998621118 -30125213
-997103814 -992052488 -562552518
-990588464 -991261430 463385061
-990290849 -993889319 343175843
-992405611 -991836450 -111836281
-992941571 -990842986 25813816
-995088568 -995813920 124308804
-999520328 -997994947 362179682
-990001734 -996824982 -171799798
-995050178 -999935948 980300025
-999058216 -990845827 -281978925
-998625293 -993098903 -376386123
-994184760 -995990672 19408162
-998500378 -997934509 646053350
-996268112 -996512067 -612341412
-990011087 -998627334 116139543
-997353836 -994667422 -667882942
-997887943 -997617150 992654546
-999589699 -998444653 598487874
-994996423 -995015304 680984526
-997081870 -997275804 59359442
-997556528 -999461403 136064256
-998087164 -990771431 621113939
-996208040 -991890039 494131287
-994027455 -992856838 -76012783
-995495483 -996266348 738817422
-990785623 -991280593 -498820869
-992933096 -993175529 -33224071
-990062406 -990606373 -396955364
-994492536 -992018803 -762607125
-998022864 -999329807 844820574
-990307216 -993690709 -674316910
-996845569 -996848625 -757862351
-994868206 -999305008 254715311
-994160711 -996813832 928970241
-992026164 -995085250 89315417
-995374509 -997115794 263524050
-999762466 -997350634 444269807
-991914402 -990399084 879375524
-990950416 -990809100 -753852461
-999286187 -991808252 809577950
-994640233 -995688212 -648132433
-998789927 -991360220 169924547
-997920959 -990891268 518732081
-994480182 -998741692 -893864656
-995643644 -996731015 -352435065
-992259201 -994969422 686447500
-999453410 -996686895 302629838
-994582426 -997478082 26602047
-991473597 -990036777 -776434337
-999260365 -994403417 805646967
-991111425 -997835458 527592892
-994283726 -999521779 379157340
-991478714 -996428662 29144753
-990352812 -991064935 -802927253
-998878161 -997751947 598328567
-997597888 -990003133 745790580
-997500935 -996812354 -787261536
-999112945 -994417072 853857620
-997316482 -996290561 747887276
-999788455 -992975289 -220858296
-991698555 -998108186 -817501698
-993337747 -990259617 35761670
-995701999 -990746796 757821514
-993014982 -997423186 881346849
-993095355 -991993692 -422286866
-991035569 -990738885 378183331
-996901622 -996361619 565135993
-990980724 -996098638 231955098
-999117968 -992946821 446554025
-992106667 -991980543 -597028609
-997806322 -996207185 -942432913
-994536291 -993838049 209101581
-998971966 -994716696 940017642
-995510243 -993472570 846048472
-991285149 -997718952 -563180251
-999248471 -996218218 244138219
-996119812 -995038131 144619987
-999888559 -999164370 -273390371
-994422423 -995747081 -69240836
-997005573 -997184007 -878804006
-997628878 -990847992 -388037245
-998934931 -995691593 785109652
-995901699 -998930662 296145757
-991641123 -990151728 848567771
-997566586 -999029191 -248540501
-999852351 -999679682 -782683183
-994030836 -991637273 -235669689
-993519014 -992099295 -185921112
-996121821 -993009670 931370054
-991179141 -992965307 707662473
-990480163 -990029012 -886846544
-990820142 -992707136 -853241550
-992210891 -994393065 -90766050
-993504417 -990211759 -966531646
-994687835 -991897577 -952308198
-996113792 -993053498 617010835
-990172626 -990708299 912884403
-992205436 -996499402 -323138065
-997650446 -996253225 350254516
-996473083 -994548806 -883334999
-994363143 -996865001 659744008
-999559730 -990944053 752923251
-990406258 -993684103 -206833273
-997397765 -998589748 -347915281
-994486078 -995916092 -142615379
-994909602 -996799723 -293648589
-999592980 -998884482 -24093111
-999071022 -997777582 -864476020
-994520819 -997071073 192980857
-998390628 -998657679 769120955
-999986467 -998017284 543897543
-997160523 -996491540 521949052
-996739608 -997063496 809708208
-994121069 -992458829 -993996908
-995471359 -992637497 496982487
-993732032 -990808634 -200776315
-996761966 -997467253 755205412
-995469546 -992308438 952753702
-990700752 -991422053 493706794
-991561050 -990577178 756203654
-995616823 -995226302 187413527
-995126673 -995651816 235291029
-993231209 -995740591 -204951057
-996189075 -997042014 316047795
-994271025 -992526642 -928006901
-993265913 -993148780 181551217
-993659612 -991567795 -179300378
-994283193 -992394710 352774078
-997184135 -995360111 73195831
-992573707 -995231045 -999527416
-996237913 -999136616 100573628
-997053815 -992464814 -372780216
-990797545 -994770779 770008270
-993276346 -996157199 -756487189
-999970209 -995226703 639946944
-993376303 -998895218 967175397
-997485632 -998212359 23099566
-993103685 -992140506 -888403146
-995681780 -998770198 139229612
-999801981 -999023067 -799123332
-995608157 -998501284 363587224
-995032104 -990305849 -939587625
-992129242 -996956027 -262136623
-997926789 -993781791 -31276998
-995233410 -995488082 50272734
-993627782 -990082091 336318472
-996133495 -998960190 297058656
-998901058 -993103105 493935605
-997966314 -990733090 775387238
-993966969 -994076584 -406104646
-996133049 -995736162 -530824732
-992614765 -993152028 152807772
-990035918 -993197556 74020722
-991844336 -991424444 -685473526
-995159148 -996853350 -157191655
-995253409 -994299506 614368493
-990267291 -995803411 411564254
-990843854 -991223931 -175129810
-993776443 -994020025 746470428
-997899635 -993334231 -180558337
-999675459 -995099383 -352910046
-991974891 -994286618 -625253748
-996877786 -997644083 -590013704
-991479516 -992620870 988827052
-991428110 -994013997 -953416336
-995169221 -999086791 98500359
-996557194 -994153844 -197229967
-994862332 -999382562 597248709
-993236638 -995872519 -907415350
-991336872 -997027732 -412086049
-995816414 -994006173 -464215876
-997223106 -993366403 -524181160
-996603452 -997674048 -423356129
-999108033 -992058951 -863976831
-996911649 -993943904 223514527
-993084211 -998903948 825981968
-992746967 -996258769 850884388
-990116710 -998382162 -563262078
-992454171 -995876035 282907900
-994723193 -990713406 -65147241
-996085359 -990807439 929097941
-999842670 -997289288 210344007
-994487626 -990285808 93462259
-995571606 -996820209 731221401
-992384578 -998359824 378984242
-992895865 -999924075 -893427137
-990461194 -998931206 486623990
-991475664 -994411962 318896909
-999502465 -993398463 609828497
-999619893 -994449633 -815110412
-992098062 -993400194 839438133
-992705212 -998722852 92227861
-992699601 -993263932 -435428276
-992871849 -997051310 -756399805
-997178663 -991248687 -759998041
-991841257 -995982665 -907326955
-990381820 -992104852 486049495
-990707060 -992565632 -869824321
-994052097 -993006763 -271413834
-999802866 -994811461 -655258298
-994577240 -998235652 670748095
-990348116 -995880885 183349015
-991379450 -990381114 885562572
-999416753 -997376038 33216033
-991136929 -992842294 245723643
-992281193 -993435132 985733312
-990562036 -999198738 -876642504
-996725063 -997982838 682328206
-991459913 -992045471 -697193165
-998396263 -999097087 527403044
-991518842 -994501705 666559803
-998330181 -992291253 561733634
-991012332 -990069327 -478253366
-992063793 -995669025 257976713
-995055664 -996248359 946942950
-996434270 -997891154 -321256152
-992876735 -994083940 -203967034
-995149273 -998645720 406128644
-996503470 -991677651 -316516136
-995108189 -992488637 530877256
-993221962 -998509233 -316710712
-997923140 -994876619 -10241349
-992756883 -994910026 -18239238
-990306781 -994916279 -136733543
-999038277 -996477260 -762135045
-998721622 -998830763 165627180
-990634585 -999563763 -603742976
-999408028 -992597380 106711296
-998665757 -998463595 855779441
-999839631 -996489971 -351668996
-999012902 -999042972 -704192952
-995236928 -991656306 -284606642
-997782292 -996583805 -708058091
-998907726 -993990783 835829574
-997851503 -994536875 -992088552
-998617334 -999557623 -143429881
-999424604 -992703699 -411939197
-994471163 -999918940 -973273864
-993507412 -990732716 -344092718
-990737039 -996043264 -903112262
-998294526 -991084200 376619364
-993408577 -993465550 109065106
-993946277 -992813023 450349105
-997348986 -996944033 176124329
-992252189 -999397127 -231356980
-996337844 -991321847 82669111
-990756097 -991449731 -947982057
-997185855 -990819590 -75803331
-999285255 -994595763 572073523
-995369131 -992436507 -667221109
-991502590 -993357100 -976275319
-990430109 -991142713 -981479608
-992114938 -999252579 -17117818
-995966405 -990552023 213481383
-990554566 -990837499 -9715143
-997087590 -991349785 571030908
-994841555 -992459380 -923178781
-990328163 -993329526 -911318270
-996563189 -997288856 -468107865
-996650183 -991874356 -92824389
-997017862 -998103814 -130443171
-999595112 -990403468 -710055955
-990505285 -996518452 -6038217
-998772397 -999776629 332813756
-990525901 -997855954 -322865133
-995459749 -998798090 -88802840
-994390309 -992099879 -281876186
-996476139 -998517087 891067725
-990112421 -994588988 177782997
-996617385 -997962423 -932849433
-992422560 -992243102 -550701687
-999155424 -992298318 519992441
-998715849 -997790295 867455611
-993673551 -990124317 691876536
-996858056 -991501784 -373957253
-991804297 -996452409 -664579477
-997588762 -997399647 -150432356
-990275737 -994110378 -632174406
-995476122 -994008713 -906372722
-993681322 -992943836 454703801
-991264814 -994910182 -463898300
-998050807 -996155103 -567833372
-990562782 -999453231 -86489109
-991959892 -996401467 -442604025
-992370805 -998044373 -942536853
-998218716 -999195218 562413822
-992744174 -997578996 -519717317
-990685169 -999842321 -104114089
-992143367 -994681772 437882871
-995978883 -998652867 -712366246
-990145430 -998587048 646647139
-998555175 -996299155 2783850
-991847886 -991873998 406422428
-992025334 -994319188 -781133853
-999901853 -998484008 -414991678
-990967555 -992082857 -507555540
-995568410 -997888989 -323499733
-995681311 -995833090 -125165280
-992306373 -991506914 -321702
-998725068 -993843120 -222137206
-997124988 -991805127 -835411384
-993321535 -997553435 2762795
-996618420 -996104411 -226077701
-993245449 -994099705 143492448
-998407633 -992705597 -499910763
-991838193 -990783700 321630957
-996280154 -998045015 -134852819
-999517377 -990014938 -665616885
-997611294 -997558699 -356221984
-999524729 -999871943 311685612
-996075313 -992170771 726230322
-991398377 -993988324 600855620
