2000
996536207 997357122 -116245278
999934801 994120481 354085898
990150173 997902936 516899726
991325478 990158866 -181768227
992436997 999254392 -800256736
996549149 994767211 -288191840
995947641 998526850 335560022
992941840 999607605 -362574082
994686482 997255234 346423912
990428276 995781528 -849643596
994074637 992449635 105179825
997003132 995513574 811512909
996968742 991478057 76833250
990752299 997594751 -918687291
997183110 993637095 -64832080
997960482 990962800 -196775517
992516163 990743626 -706610732
996686594 992751814 -636159452
995132773 991280196 -802833966
991447906 998091966 -310895238
994063158 990503941 -14881561
991599459 992771520 924266872
991627929 992171566 474516399
991729687 998817452 -844184234
999710345 990595171 212613007
999403030 995517900 125815494
993647447 990612383 -961384821
995257748 991681563 874019097
996256702 990323938 160330176
992234122 995925131 -441921365
999635892 996791049 965555404
997512832 997371549 -238798748
996197086 998242653 -450593539
992909350 998609075 515427297
998959135 996684016 -454059068
997551423 993937454 125756871
999030477 999075444 103153628
992233412 995456644 433328023
994911378 997192332 700698417
999383992 991731935 32395122
998138108 999226200 -500701495
994396518 996145454 -621218189
996500505 993196456 -700258529
991228197 999483327 753288910
992157562 998771427 917304118
993572577 998539686 329798690
998623403 990325688 -463416675
991604088 995929671 -604190103
999584563 998047067 -607249685
991842008 997399361 883652963
995041994 991194154 133346086
997559455 991568345 -266848793
997509938 996972109 161577895
990447705 998847913 390393024
997433524 995680291 -2214410
990281250 993742087 331374078
990285826 990151759 -296720836
990927450 992472942 -627442365
990215406 996676474 -840897230
990392405 998015584 -949982252
997538068 991615588 35196513
999731197 997205884 -973717697
999068630 995419949 -935577776
994540051 994248349 969097284
998402969 991465929 -220731772
994814339 996469246 -805385020
994003442 993630264 -356087207
994513921 992467771 574728257
992547806 996475261 557192219
990544571 992950217 320077231
993272454 995795707 -769991383
995982228 997129887 -485412737
994924692 994899665 310483027
997978848 990760320 840412661
993145305 998190826 252976739
998926911 996215237 -572487403
995964293 993358270 -723575696
999522968 993936096 109589286
999214784 995508628 -830822835
995211644 990829427 -353723662
990604809 996509615 -42553453
994963490 995409276 186207004
996384595 997946123 -164310432
999701018 993114991 813494491
991111760 998051885 -863102353
990111109 992291667 -602720506
999610263 996442341 -636815700
993801587 996525594 -820943234
994759186 998325215 773388904
995786998 998886091 245290034
998745507 999989276 777940593
998979071 998449725 -472858606
990952376 996831444 -3605320
992736695 994685726 290708821
996333492 996994344 -305737231
997653243 991761891 866119599
997272554 990992430 205683419
992136559 996643147 60237102
995229313 993324803 -714887820
996760651 999022107 796508329
993369309 999552602 -988168374
998763144 999916638 -3463663
995898272 998589160 -795127886
991015422 994605850 724859850
999349210 991208186 -359452697
992340944 992764003 -294504763
999646204 995259278 -597586034
999461802 991755713 959950203
995317659 994012668 -370044171
998956979 993217345 -864928105
997928922 994842316 -812748207
998339543 990397760 -232614087
996297805 994277978 -758629904
999740480 990732505 -20163478
994520201 990801670 -176491639
990222079 999257992 -793414301
998255598 998954770 846629697
992968820 991860879 200825593
991033268 996634217 -198627896
999140086 992917855 619229809
994692714 993461928 -186172734
995418082 992354154 542713355
997964578 999599037 -878484943
990739337 997342047 -942713237
990349741 994951098 702027690
995665460 992051798 715960185
998106429 996137198 245446186
995332712 993638111 -753897572
994274542 997498836 -728176370
999158837 990395303 -542733887
999696181 997931774 177523292
993084665 991409149 26432386
997874362 991222926 404900378
998280573 998317401 401387642
997514191 998809349 -423827680
992620795 997419503 -754639287
995043481 996911464 -647580844
991597491 993622476 706287243
993564601 994814180 -881546200
999647999 991170316 299016693
993933532 996560754 263499565
994879755 997329536 360319950
995103611 997893270 509862998
996500340 990185203 -927292455
992978427 992553699 92246279
992696721 993308075 -679877876
990432081 996994565 -577773610
993349789 994773618 -810310671
993384354 992205221 554674487
998251179 990890163 -29895834
991456156 990772553 -282765910
991404018 996525375 688296802
993706926 994310978 693697640
991433644 997351606 -936688426
995997091 999694508 -773210374
995495678 997220402 -967743496
999308426 994471358 -951782935
991878096 998920412 -832157516
991535532 996934372 824369170
995880086 994263296 -828009490
997293857 993345515 -15999683
997571043 992091977 901219923
996964469 994835750 465488688
994811791 995678658 -157293753
991047809 995954433 846149698
998286151 992195185 -254360958
998911704 994116603 -571876801
993373946 994087823 -555614985
994862228 997075313 746897393
997743211 990451848 -142271986
991487433 998228463 -976832057
995176271 996685062 -482804167
990362615 993241326 972190173
998112141 999127886 66113127
992979618 992969190 929405067
993053377 999668075 -338402519
997434504 992583722 -566733346
990107472 997749871 -927678001
994262251 995835576 -475810778
993042915 999518659 -12090895
999033709 992679826 511219280
992832735 996252987 -374564349
991807330 993092827 697509159
991457486 993896047 -196971545
997206374 991036083 724952598
999786084 992196847 -929919370
999727555 998459041 65870631
990418105 996293995 -909380840
991058852 996306028 391970491
997284295 994431569 411556416
999160733 991694841 -37328056
995043172 991194693 -466074605
995935441 994144047 -574132846
994634742 991764552 833669492
999330561 999820614 -943053341
991578381 998251998 503839515
996580545 993371173 -590770309
991709626 992495032 -288051974
993652527 996097739 267704605
990077130 995175928 -546626413
996514718 992771727 -730509370
994920114 992807668 660934804
993748719 995359941 543130702
997676457 992805497 -911991298
996517060 995300306 172008750
998056619 999153546 -990374608
995471407 992302143 757797677
992688633 990653935 -44351916
995952121 998903354 276563764
994635950 996928210 -480458697
998265169 991425552 219404449
997250362 995760409 466802371
994550513 990680466 664521638
994122154 999916396 -211138079
990960057 993812350 -594541689
995711167 992904238 919304906
990934497 999575062 242647592
991482907 998489503 653273498
991839116 992403534 753392849
999239352 998286244 -989619251
997585428 999762923 264824891
990306784 999387587 -985694841
991179839 992744443 44122543
992832031 994046765 169705767
996238933 997385166 516799860
994931884 996113848 408981224
993914096 994760234 -785152884
998105296 991805657 -151225425
998095729 994909207 424307380
992990710 996988840 -346919151
996479116 992302374 -700842514
997619088 990958158 -228045229
998900934 996811650 434299328
999850294 993930854 -372204245
997409702 996052591 -259689250
996520602 998396682 340271012
992322259 997113728 634384312
991170969 993675751 465183727
996923309 994692884 -433918925
995688241 992031884 -997551119
998834144 995081967 -878161074
995567224 997906417 41988815
994255235 991284938 89591593
994040908 992431572 -696561077
990390915 993496379 640287887
997000118 998395077 744991414
995891332 998407607 -203485580
993330333 997231435 -608327870
998785822 997080950 214246489
996896654 998398706 -656087835
993184239 990366305 -544773932
999241406 997982354 -763695442
990852070 996516457 972895776
993048287 993183735 -705924647
990000867 998015729 -962087312
998347293 994408477 -976840193
998405322 999890362 125319875
992758253 995511719 -93550553
992512732 993869021 -582881316
996602138 994090524 475711670
991744009 997198130 -896739054
995915279 994525751 -54273913
991152989 999469386 852852875
999589844 993057573 80780196
997616607 995050814 -860613552
990923513 999439620 -85441431
991802470 998127686 -921602081
999780153 992305447 581612121
997278692 992443674 728927158
990106357 999134721 422863013
997824156 999931574 542846909
997378642 991376775 290373692
992150808 990487627 -205454882
990205649 993648136 604352237
994627439 993637617 -847438155
990977293 998030823 128068554
994567092 999957181 -380855677
991946526 999828883 593296628
995702902 998641057 373447567
998541766 997323779 -421691623
992660825 991074712 -764893987
992813024 993193155 798950922
991946499 998701195 172935073
996661445 991223625 -941181547
994980859 990570561 -566786852
991067466 996735437 260389704
995922611 992974607 57073935
998094030 999613635 242866177
996269002 993644385 -405126101
993362350 994791869 -360537987
993375961 991660225 217468543
997338876 993034718 833865075
991536013 995445770 -787850499
991291570 998970832 -95576147
990214586 996433161 -341116855
995421727 991332369 -880491235
995518325 993647409 -671509793
998190177 998519580 -264069030
990487986 993645229 -682375251
999869519 999489588 -898906643
992127700 992184384 97854983
993105304 999615158 838947105
998134503 997233810 -563211123
995957035 991222543 807108250
997849824 996298055 39151130
993775503 997857844 -386435877
997674037 994324354 -983856236
993919762 990916170 -903167168
996089921 995130233 -101983435
996993759 997333095 920035062
999281205 990818591 -614653828
996443469 994695040 143690460
994447533 995059763 -705716915
992086529 994859655 -215120672
991661131 990988931 -496446401
997287984 999953140 -432574697
994555964 997134452 -334550303
998607716 999496445 -377404436
993586453 994687038 965136280
996562742 999902776 396320954
997926580 997856267 -327214038
997438247 992821650 -888350942
990901439 999311662 -629753962
994091346 993562217 -853450408
993782741 991520152 -355412555
996638462 990013070 -943950530
995159105 992594126 679257828
993095498 994982202 -379282193
993427821 995493127 -105340197
991376000 992297009 -850601866
990683367 997354553 281032353
991102106 991166416 280275518
990281076 991728318 -492698804
992979452 992482349 903968990
990419312 990370318 -182604140
991879870 997742960 743971862
994195991 995628018 -868950743
999943880 991391098 -462587405
997171201 994766600 286683117
990697210 993451714 -540671740
993990324 998820664 237400320
997299325 998823266 313047211
996093652 993148958 -747580930
993833722 990509303 -915657668
998615082 996442619 173749959
994714485 992243379 -946727064
996540397 995583408 567771956
997786216 998175869 14599267
999018537 990829698 153838794
996996210 995672220 55857260
997003145 993833155 -911682084
999423365 999414481 -881659226
999149742 999925497 484393177
993539846 990137347 235684159
996100179 993639593 -836945343
991784256 990627853 -959806979
997347163 990640971 663118721
991293890 998224016 -928448196
999074936 999175035 315585903
999338777 997913783 -543675803
995347760 993987519 -884626533
996943856 998395747 76268881
996391932 993319886 998991672
996512425 992725479 808117285
992285248 990418322 -759139431
994343811 990852013 657276677
999360008 995895329 -154378680
997178715 994926297 846173262
991942948 990037564 -923788895
995781363 998494970 -270748166
997764046 993597210 846699058
990018803 994638461 -460381338
997917515 999617407 748930925
992394447 991821422 -652075361
993496743 996339524 -672975135
994868655 990662062 701651718
995208759 994138520 -699185589
994195147 996663053 -941939322
994389210 995112427 -315239543
997729987 996512430 -155526051
995183600 992804256 -410694626
991642131 991227055 808393254
996615063 993326233 -402811163
997859739 999967273 -680011325
994385350 994240023 666652757
991265128 991233708 657205403
990034948 999262774 -641843279
991936456 990455823 -761940913
994397473 995146220 361069610
992487822 992256153 -594167914
997812346 997077989 532745264
994198484 998827413 921139650
994582437 999935934 -961562207
992457453 997236767 -930261866
998923518 993190724 213301113
996755983 996848786 965298481
999570991 997589959 -351075513
998790480 994505846 -990442148
992195931 998858901 -925824058
997498512 997587822 437038102
998923727 995837428 119998094
997631507 998920442 -116407042
992363430 995693925 -289858502
997794924 997353345 -990713146
998283015 990682313 -922045871
991208027 990041594 -279452804
997110307 992914433 419055047
990156658 999994852 707684981
990171087 995394530 -153891564
995318117 993895721 -984683010
992919650 992283920 293608890
990428126 991216622 -809158382
998476593 994150568 370804258
997278797 998137313 662810150
991955549 990583567 964127104
997943983 994486076 327596342
994577834 998279109 -143789826
990973438 991724573 -364547143
995362411 995092255 -445747799
999885883 995588902 929039344
990254043 997565942 -722740330
998961226 990026113 -260495533
994452392 990218761 -921682965
990698427 994160322 -282383208
999627418 993172770 311365199
999122522 996719654 -983050127
992775851 991723907 -193673995
994726110 992928164 -261656570
995203083 998221075 397137148
995325539 998343264 -969574923
999996045 994850427 31022248
990529910 991358493 -247549805
994643962 992534117 790861107
990960729 993851648 46550474
990764418 998194196 17900176
997541232 995273189 -191141506
995236844 997466160 824540589
995201877 991032001 203902865
990848037 999714340 -668486353
992558110 991433022 305078898
998071144 992367150 692815470
990076983 992738714 282018047
996083138 999317307 709182122
990338948 991652817 -488867992
990877092 990288631 -736286012
990177305 990219252 -802733872
992315619 995532688 -17884376
996516280 993592411 -790877764
995071474 996087430 -749669691
994348679 993699997 291822048
995012354 994511584 561835687
991952983 992297954 -972641169
991279033 993110425 -40777792
998899048 990838446 -968972042
993787424 992434503 681804160
997595023 992707682 166113731
991216099 995229441 -18312201
994637319 991896736 381715614
992606862 997731640 -484261964
999135329 994802190 625513245
991935072 994139133 -925290629
993221247 995319164 -109312024
990205261 993726038 28243099
998363768 995365771 -542546107
998015111 993250155 -691130574
998232665 993344801 47412849
993385763 990999237 -951579687
995535319 991331333 -688342769
994524103 998313611 134073827
997876553 996276553 999085398
999515478 997266664 358171647
999615011 997064075 187582167
993511339 999073376 894693958
992045655 995253975 -878695083
991824519 994641002 -424316861
993804575 994342802 693420988
996538331 992569291 -940117519
996297448 993655492 418785669
999575581 993797343 690429095
991812067 995387682 326242977
998717229 993576204 -611743426
998835011 995069880 29853208
992124571 995946809 -324189087
991129663 990797980 -553038654
991326800 996513219 -655923338
991180438 993022111 -523938860
997563054 990815773 23562067
995447993 999685354 -266323643
998364369 996307858 780759310
996165084 992461647 677049476
996501337 995259719 272639901
996971558 997869652 -240604439
990843105 992890952 527351161
992813668 990942797 -817208643
999942565 990779144 -99525050
994837015 994811739 575446454
993942717 995512032 -423024271
996014916 996572881 -501593888
995954949 993797176 -861361073
997285068 993628561 -980594664
990054429 993889598 87965623
998061585 996366367 -819087767
996310568 993815216 -498632721
999406135 999799752 -503814678
999535241 990452417 18787657
997808665 992570060 464156808
995204028 992727596 869282539
993421589 995900525 -377014186
994539507 995558947 133371430
997430726 997376963 -614407140
997113956 991580934 205642044
994136251 994933740 786167707
996339559 993775726 278363991
993820874 996961424 277177274
993462773 996296701 -82600913
991425939 997409821 642249937
996459271 990939348 660008902
998344283 993129622 -895845
993642173 999596104 158470342
992078658 990998272 476072690
996104318 991344075 -664231461
994293828 993095511 334412452
993757471 997280288 -926702384
997812969 990760960 -544635391
995659911 997432718 -974419285
990153270 999034490 572406286
997316377 998219909 916471068
994906119 994173711 -868376926
997662814 997616703 -521467719
993938428 990616692 -919397913
997520916 995353511 399735439
997519063 994162658 539691885
996916108 991199362 380959747
995718044 997817937 -880727838
997027940 993643472 -187599958
991031736 997837541 308832427
993203835 994551238 575973454
996470978 991779099 -855613649
991203464 996150703 56733348
999399767 998748166 814494258
991881780 994866236 -901243453
998383439 991177869 530204534
999220645 990194178 287069589
990913975 997999415 -765660768
997423600 991928748 549810040
995825726 991302903 -962716232
995972921 997186847 -374032022
990436929 994933078 -446581887
994845717 994956542 88556622
996100162 995276613 -856026931
998581930 995384422 -619664515
991610955 991416686 -727162884
999652774 993676353 -791519629
995540255 999639565 -927085810
997876969 992959500 181521016
991433325 994326067 836303298
993400891 997643545 -596998624
990835020 990418390 -86624041
999729791 996385221 940470467
992548927 999298965 -428594989
990743904 999672761 -354319991
998840875 992153149 -266746616
991787231 994069172 930833057
993234598 995552375 -824622933
999765650 995364379 -516162421
998910677 993104298 -494785839
999786410 994080371 382369866
993919318 992601555 405023618
991667687 997972965 -883114540
993740040 990846990 -990471012
997289329 999240896 856570860
996121469 990425726 -268074006
997933005 998231068 -964905539
999493764 994832962 280475551
995980458 999504673 -917706453
999483690 994016400 -873277734
991518012 996946951 -691319927
997609258 993060521 -120614535
999678350 997156925 577037041
991175115 991547373 -910656862
998791715 999842626 -652970676
992088796 998834405 9484081
999732654 998016560 -594185178
995906818 993518928 -548148315
990835891 998937105 -924327402
990161532 991555206 885371622
991607906 998105465 662768871
997358412 993263404 844624952
997032962 999760469 166968341
991779651 994941271 -183463286
992032479 993106462 -159575883
993393934 994166179 -538035609
996262870 996861958 -215099454
991881102 993454618 -947034352
995697610 999637014 -981196819
995475214 999407722 -354414623
997338776 995110018 -304633051
993556178 994843581 743256029
993674623 991662938 -810694455
990432263 997846631 55605347
993384640 990275770 941706262
993772578 992695440 528550546
997907002 990297406 -406903184
997218071 990676000 371192153
997918921 998660488 672703606
997366923 994967930 -526795990
998442419 999884082 313540553
990975620 994587241 564937210
995399159 993597649 818221369
995762268 991750720 -996492564
990265771 996258773 911281882
995533583 990194432 -64605531
990672794 999845519 -858210579
994696918 993136352 -717699302
993000753 996474598 878192129
990815372 991441077 -614609866
991962782 996708041 -642858323
997900442 995650844 -976142785
996215050 990209167 -701128074
995581167 993084161 -210463492
998660619 994402154 -275454214
992062972 992708208 -150248959
997339704 995155860 -978361568
995758241 995926812 331727788
998729207 992624133 -871043442
996170961 991112398 -865226548
998561851 996841457 -737390600
996594241 993720854 123857640
993865431 996268212 5131125
990681995 991371144 39066753
996461547 999458689 -566023465
996016697 991593943 859087890
997133785 994295924 -993734618
990076401 994698649 169246334
997362509 991513333 -389556176
991268418 997490841 -346981244
991528669 991523499 623856593
995633442 995574877 622187512
998151401 997740065 964361926
996104598 997795416 405946430
994061083 994192767 266299118
996680826 994793446 -609144305
998704878 992662181 -227064638
991026524 996653246 525359609
999673967 993261756 181289492
995349862 995011253 -921418762
990509830 996789248 233298851
992055986 998323288 -98565290
996394657 993460288 472133458
998522445 993625330 -547429919
995697274 998561163 -27082287
998840521 994587885 -936196561
990354059 994674579 241052237
993157279 991457277 -985693364
994773966 993446958 301234706
990033379 991676634 265334546
990332889 999958252 403386457
995145605 992114483 -895539329
991712998 992172754 -855957843
994433773 995594966 -867111364
997250977 990051175 -643303502
999760798 999560912 -991632891
992388802 995406666 -827807537
999227022 992161097 -968375747
991999036 990809892 215129451
990946131 992476306 691525060
996182177 996533832 740758241
995701537 996359923 -145728493
996926135 996149686 -242637306
999096020 996739504 419758233
992410819 992230179 102290783
992691416 999163130 -119232319
990424037 999995970 -402933589
991753002 995950294 529900036
999326635 993531030 9588656
994127418 993493904 -603296902
999140199 992395857 -480348298
990697863 998492542 754681408
999275867 995858020 -638587814
995056744 997818060 331585611
994026075 993722164 -897656401
990816579 998274806 -673452268
992043171 996366300 -953273309
997959538 999699472 -497051567
995680909 998853525 -638996093
991206094 999349444 -692951242
992287734 997810649 -797927041
999110499 994292528 946075461
995434831 992201912 64984690
990594714 997821710 -379967727
994097112 999852752 779679825
991732508 993199820 -237342912
993664325 999167994 -878435429
997062191 991240700 -990065117
993669091 997448031 -878143575
998879121 996543985 -641855452
999376893 997760318 941637396
996361941 990862697 848117934
991419944 990732779 992660747
992886251 997181716 974818699
999268366 998858946 742558814
991538177 998266958 -267082104
998083530 990433439 486005840
996149416 999554631 270479002
999091541 991957629 -519957758
998757482 993143279 286797188
992504480 997756199 -29560586
997359336 998090019 -994581579
993234104 992205671 -226842621
999110321 992352873 -981722553
996275999 990854574 409494594
997958575 998548405 -167217041
999689493 996950801 561623412
991683281 999944510 457788161
999870144 994700460 881174951
998461915 994230154 85898151
991565559 990855343 -4077000
999828573 990371680 -561188671
996290563 992695742 596075333
994033636 997609643 589777917
993481060 996252436 627135906
993372841 996524473 -441152446
997759884 997456682 141058061
993646020 997535695 836237562
999052859 993090265 -863464622
994554618 999064533 -442228651
999509127 997921365 60302380
991109982 998990120 162667415
996344164 991506604 -543498271
992046545 993891165 939796571
999769943 999994941 -100368716
996151728 996386897 -21257187
999386587 990306132 1135229
991245757 991702636 -499992972
999194178 999781702 -195067410
998206077 997655248 635485087
997188397 999836512 184790766
992542780 999117871 176854514
997192655 991017182 623504181
999955268 992622243 -296196462
995946464 990358892 -706035765
990770201 998063345 -755290762
999683783 996871743 277804542
995589038 994196630 -713081639
990402573 995942396 -382923061
998289041 998848188 700620083
998621910 992067770 171080522
993417712 995187627 958383060
999680694 999279918 762206345
997677310 990254775 -529012962
996451782 997115035 167943753
994487195 991626319 -28955580
995210637 993560694 -857073977
991621296 997195004 -45260254
996964472 995030923 848334800
994561940 992653635 -961377459
990087565 994086968 725134765
991026219 993438810 577903734
997773778 996062569 155650430
995954860 998977931 -281235560
994900782 996337696 -131939146
998361556 998933031 -21333013
990224650 995789708 -985438423
991167265 998550903 -321772897
992298110 993854188 -581170690
993171412 997971491 -618201374
995354547 993212144 -996915968
992732244 996289909 -548321182
998567019 993288676 -875851782
997917475 994484675 -855416886
993340283 990543100 346691
992708812 997854000 -453352003
991089554 991233794 -307516687
997357714 998694588 163595094
997703841 993411542 -948553632
998286106 995668935 -904947971
994615950 996035641 232806265
999890209 997597013 867550829
990881129 992991494 169808264
994403165 991984150 -338181981
996067671 991654959 510219137
998584799 990020761 744589438
995930563 994257344 166356486
991696649 991732357 -762104816
996612213 993856279 -863789992
997652200 996363859 103951083
998829398 998703319 -449615980
993911421 998313656 -902936465
992821365 997224356 601707094
998468974 992347038 -423136663
995205631 999271221 -990623061
997173936 992055933 457551697
997602691 997883245 -354895695
999224122 992026760 -433121224
999777418 994432155 -366346114
998297054 995099293 -318205329
998981203 990028071 -673282680
991743464 996491627 -320705154
998341923 991248921 428418470
992178919 998211747 -977415609
996258568 990323579 866903983
998234795 993341328 653960543
990137392 994169139 287149046
991870575 994489709 124926226
991520126 998981674 376824661
995333106 995206981 487533336
990057482 994211095 -200415685
998548256 999003129 249512766
999206205 991486994 -76864845
997580511 991044616 358804479
991093841 994366046 -172130792
993996105 992702574 -654373981
994391783 996349450 -560397450
991785210 990113509 -65223737
994145029 996614472 969783589
996457503 995397309 -347300859
993829598 995574669 561278265
997560194 994885295 -974358038
994252635 992848087 -795135048
998912103 996752936 -253759510
995261191 990922852 -642462837
998032606 990797947 179063961
997176166 996493397 330427663
995193132 996136597 410648421
990050374 996091708 804356788
992737350 992837415 181662246
995910429 990293744 416993736
992337699 992274514 385836467
995777372 995375090 -193563477
999749471 990397030 -574613643
994060625 999241026 298839953
990360521 996447146 346378111
991644645 997258855 63310974
996866096 998150552 153289035
991729608 990269213 898833832
996075699 994785852 -659212244
993578523 990547981 559192907
998194719 995926713 544530426
992033184 997166720 669805496
996671963 995067204 -293979314
996582725 995954999 -329947703
991344134 994806228 -579000210
993442625 994778014 440928551
991239994 999835386 -585181952
995102037 992443357 -403874826
990020720 993773152 -990544849
991604874 990820184 571392104
994225653 997558839 924819473
995075550 993106787 17684737
994133072 998513744 -181697703
992638373 997685902 -588728675
994056341 993075664 507272265
996064971 990456029 -254066649
997002156 993747426 -709957753
994018936 994202278 -196302401
998091026 990968055 -641515703
993488245 992328705 -166810289
996875348 990603386 -793487196
997412066 998918189 -631520959
990494076 991552794 -888656167
999239215 998846988 -798272047
993956359 991925646 -339305277
994477239 995712461 -604093023
997012841 999930132 -349807147
996834538 992288763 233622713
997243509 999047945 352631133
999586196 995593673 683902130
990833118 999202529 524881748
998986930 994102030 -722061933
997823879 994367812 -677282542
996879735 998987072 -59844321
992164692 999932292 -571308367
993806769 992897052 880036303
995293653 990343785 -94895405
996577681 996208585 679168184
997541011 994122892 -649836953
993561030 996824403 -340202703
996071084 999760569 718416078
993858660 992268341 592541468
991947127 999150422 691917170
990188426 990324658 456559578
997665610 990373928 508896226
993423696 998653584 755423091
995156456 999939848 534771579
998047789 992623224 -980355274
997371911 992057616 -103248791
999559115 992466206 -538396051
990914010 991905192 -176482332
998897621 995939106 -856851860
990848696 995764478 -79567504
998112869 994965456 -887135824
998209236 995004390 56262206
990459036 995040574 -647786412
995904397 990061523 811252878
991078367 997857262 639605002
995518704 998904011 215164662
999218934 998164052 -557574370
998182804 994919271 -647701727
991308909 999833492 818609906
994149985 990334957 -204828718
997496887 996405400 -685093097
994368006 999314846 -397424080
995571577 990511761 -543043669
996002597 996775681 -331357304
994739970 992693514 421922617
997321555 994003500 964521138
996849196 992090167 399626125
999051662 998210588 198926576
991046254 992424855 996657951
990096042 993698416 -200693109
991720477 992279344 -501039102
996133604 999151271 589769333
990292598 998856861 550427117
992643069 992185961 877076808
991641365 992958987 -440666065
998562331 994789613 -620040818
993145163 995019830 221470816
999888174 994902965 371657648
994529317 996057971 -944327191
990770131 996498335 105267361
996347207 999259034 -772247358
997056885 990920011 -927110617
992580266 998611472 -849620539
992597385 993903599 102656216
997560387 994246458 -834636380
998932366 993962779 -840247102
990823739 993383783 256589632
992436299 999438583 201141221
990830491 994831544 945475093
995588893 996728224 -311129351
994673632 996930465 -916563273
999347128 999124631 218694489
999496735 998083002 -858150653
996630753 999480854 831876162
996797953 992580499 -936736394
992342163 991785397 721735017
995071969 999583768 263765561
997394467 996096078 645159506
993384064 996634749 416713929
990827538 991475709 183762919
996982525 998649889 26886349
996475643 993359384 415971773
993646795 993456655 -352366355
996508394 995998322 298304200
991021349 999479923 -871568587
997878015 997207493 269248645
992937463 995909274 -948453363
999462653 991541585 -676177584
999949795 992800464 -2029893
999727488 991780488 200031924
997445773 999955122 101843519
997907656 992779239 -854979309
992630482 991771113 -628875820
991597481 995804344 -782778255
993127177 992915716 -397160076
990133473 997814615 -957528980
999082577 999948660 -514734189
991982477 990216330 233642753
996127324 994261583 289732021
991564507 992434045 317959568
998381957 990402342 410480180
992043107 992590974 31262546
998019951 995406903 -606352763
994587403 995617309 877907017
990254772 996378171 873643058
996383010 999097936 -852855019
990528100 998548860 -154076729
990102298 996516347 516938000
995451903 990685989 -599323319
998102093 993144659 -387967031
993501878 998575365 210202892
996185701 997122058 513222020
990764019 991091586 -60160121
992242064 991583691 -80555384
993751269 999811604 -433463693
998893891 992725107 -621309695
997427653 995901249 -548782107
998765573 990284815 735729855
993002662 994068256 -200769225
992074846 998068430 384834377
990706130 990725675 -947109170
991012431 991147525 431444245
993005223 991478583 -11517323
990568724 997673788 105390148
991221245 998252519 -925323907
998993459 999080091 -563676514
992148206 999523279 -933532471
995295204 996736668 -408610981
990931288 994797234 823574216
998783935 994262768 844703457
996088028 990145886 808425204
990108924 996000107 -212088191
997780960 995387503 -343728869
992387813 996164601 -831783521
990874853 999468341 -873254722
990198852 991596696 -915272538
992591815 995556124 74499364
996359883 990161684 -317709001
996862099 998459621 -649097531
996745157 992515329 618700247
-999928078 -991051767 760181243
-997492719 -992194826 -256916173
-992744997 -991276628 -867551176
-992094399 -994482952 325329239
-997598984 -993468191 -139358727
-998461370 -996538144 38686275
-998802967 -996620875 -995397417
-999184001 -992901017 652672572
-998163943 -992822049 516660417
-996869542 -992220288 -921687244
-996876018 -991304875 460941606
-998774892 -995743963 423822419
-998498238 -992711488 230258982
-998314065 -997325719 680900162
-999937398 -996015434 -584721212
-999698828 -998049912 37902784
-993947233 -990983891 253178768
-996026325 -992132108 -397701819
-998593741 -991557273 -406531495
-994706405 -990136428 -910810678
-995372942 -994842217 -424622613
-998608509 -997755183 277967883
-996754551 -997348152 -804841946
-992323059 -998237091 -750684116
-996612962 -994356611 -786223180
-992324215 -993873631 296543339
-994095159 -992831791 833090849
-993853943 -990411077 448352922
-992136472 -994533228 918853080
-990086938 -995333810 -86427706
-996334497 -993653258 258772657
-990522716 -999096031 -812028466
-990767181 -999281814 136110540
-996457613 -990971829 -456137603
-997505535 -991266831 -189258792
-991503301 -991321543 -819650632
-996598267 -998228710 718857379
-998609058 -997337529 26034549
-993388144 -996234929 -985517466
-992056049 -994719288 -919946355
-993796274 -990595743 -856042662
-992526189 -995420057 -627643245
-993011006 -993527962 336618766
-991997647 -997515543 -557590791
-990075789 -996745691 -233183396
-992123933 -996660481 52077940
-990199851 -994989171 -647026397
-992717905 -994865988 729504978
-993841137 -992792076 -18615090
-991243535 -993425338 -234285796
-996239831 -992875679 -816094751
-992265320 -996547313 855110124
-992099074 -995177904 455212737
-998348549 -991480497 -314018918
-996704779 -993886131 -633624823
-990912068 -994003072 -122953188
-999183755 -995247961 361860461
-999082497 -999600002 293425200
-990281489 -992865649 182725038
-993439747 -995728193 992449148
-993738467 -997844670 273769957
-991569398 -994141748 725315838
-995503824 -993342384 -838697802
-992741297 -992584662 794608024
-996905263 -992088406 285312002
-995691829 -999682685 -437144386
-996083349 -991900222 -375275487
-990712412 -996928596 42641401
-999118042 -996500015 -878441586
-998127201 -994715409 413292001
-990156584 -990149718 -700733351
-995943603 -997368962 792364646
-992594674 -994302210 -723309103
-990125417 -997338936 744329732
-994571056 -998490312 -200104283
-997456716 -993148827 528328152
-992597253 -999535241 931761441
-995345968 -993786931 -589904544
-999455770 -991396886 644099072
-993478577 -998264773 637821427
-998841598 -999391519 -374863679
-996882206 -999487754 516569073
-993251310 -995600392 454871474
-992676203 -998414894 -207892176
-997107525 -998163808 924412894
-991374474 -991883344 -587177316
-996474143 -993478430 274203133
-995724292 -997511031 -775012336
-999241095 -995417407 -926288503
-992039944 -998326560 898832822
-997936424 -994505612 -96729752
-992542390 -996136598 697032498
-992963631 -993544740 -572879693
-997511672 -990298296 474227171
-998360377 -995087782 83985557
-990625849 -999435267 -868534545
-997308735 -992821878 -11213414
-997821002 -995468708 -985088476
-998136874 -998127766 802422481
-993909834 -991403890 -473125572
-996256627 -994622979 -798833640
-993518526 -992238623 71182039
-997866816 -996910559 -767107158
-990035334 -992843471 293593951
-996055070 -999362712 535861850
-997413515 -997748685 -453308746
-991534381 -990209894 712210904
-994553344 -990164265 -974733723
-992885931 -996907073 626097466
-992839466 -990272799 64152089
-992741856 -996192651 -923016490
-997043835 -997229837 -522668556
-990827578 -995738324 713728926
-990806673 -994663704 -339858111
-997532183 -997751454 389240448
-997096253 -990723946 -308453634
-998663459 -993788424 -924508238
-990176476 -990791339 -255621505
-991372088 -998223330 -761184542
-998971057 -995550384 148005979
-994873189 -992043348 -437949133
-991910122 -995424102 -761408156
-998891055 -991903460 -409644927
-999550918 -996344510 181364255
-992684414 -996714950 -286928624
-992065606 -994417044 -595418998
-999566638 -995631162 -426551226
-993170571 -994557435 87400989
-994384973 -998359270 -503757407
-997695619 -994516731 503974529
-993093582 -996408374 -870537220
-993063875 -990671673 967392097
-996714530 -994020016 -202792913
-990865950 -993704261 -222155754
-990098512 -999303476 -324898995
-992247240 -998310405 330163371
-995939691 -997247834 147478355
-990010826 -993288155 -911657063
-999053354 -998409190 -911843531
-997228343 -999778673 700590415
-991380582 -994269549 908676
-992242744 -996029813 -394807582
-990741190 -997145934 454232340
-999838194 -998719253 -602303654
-993136486 -998309977 -94774124
-994702596 -990408919 -36611151
-999132542 -991371412 -138743251
-998919113 -995353153 746821890
-993358399 -996165804 176952322
-990271353 -991901615 -860352437
-996357319 -999636187 369603820
-995555669 -992718289 -22444828
-996813219 -990527763 -305071612
-998348192 -992480315 -222659692
-994913961 -991347614 -515678292
-995791453 -991458810 -325303062
-999714998 -992319843 -259808903
-995429050 -991226412 -466270947
-994313528 -999589500 830252951
-998366776 -991811994 807313591
-997413620 -993337358 906767314
-999288608 -990341740 -371524971
-994280592 -997925517 -621654036
-993004905 -994681903 -322215398
-998578994 -991672644 -17152257
-995866778 -991125086 985547099
-999135740 -996834277 -741497144
-995498180 -991340358 407550085
-996709489 -992520821 890200877
-995682549 -994627875 477238588
-994677910 -996863637 863046334
-991464799 -997004266 -924960382
-995320138 -992104017 455664174
-996271717 -997032829 990246612
-991804357 -993789567 681617707
-995982344 -995331988 -787771565
-990237393 -999578335 -320173153
-990798965 -995027959 -891896390
-992759652 -999379094 152251247
-996951607 -991746178 743655842
-993871336 -990107244 -999640687
-995945930 -998665719 -429577091
-994288201 -999642820 -407935892
-998553537 -990232175 -604644982
-990249807 -992258214 -422069800
-997414913 -990114825 374507993
-997181480 -999995335 -226457179
-996538017 -997582162 -773067611
-996494142 -994033366 767054785
-990749661 -993028955 335089637
-991260360 -990414368 -839821146
-997423308 -992035978 -643262989
-998234744 -998121888 111060415
-996214642 -990405051 -638429538
-997590007 -996469406 454022259
-991966111 -990365727 -69045444
-990713651 -996090902 753310630
-998607930 -991661380 -700852836
-991326828 -999062578 -796128864
-999291479 -998240291 815466365
-994685153 -992600470 523452655
-990407611 -991867002 297985601
-992089634 -994101083 -367951367
-995357353 -994448140 609438074
-990355720 -998542419 -941296368
-999790744 -994078921 -870879926
-990800337 -990172966 124421084
-996658827 -991579666 143285624
-990890150 -998255348 985380356
-992054979 -992089530 519258889
-996967795 -993408522 -203922455
-996109291 -994829841 744260701
-993455464 -990811630 98984253
-996681975 -996455288 -392544683
-990732549 -995773162 36901712
-994261591 -993697405 -398362770
-998722549 -997954816 -779318593
-997777764 -991951307 -819634333
-997864862 -996147623 -319333952
-997913977 -993720412 587753560
-992217791 -990882375 -237602431
-999485116 -999891128 528922356
-990903250 -990354816 585748835
-996779980 -999294841 -548693183
-998420746 -996683268 -370346631
-990046714 -993814104 -976902102
-997951885 -997884599 -838258936
-994221651 -998185680 -978503952
-994780889 -996224025 35232593
-992499482 -991492584 748320865
-995684634 -997956203 -947622445
-997475079 -991564102 -293614140
-992281687 -998586947 504604532
-991622067 -991076429 -558126329
-995778554 -995772132 794217424
-998231250 -990161775 606678321
-999193634 -990324655 618862273
-997325433 -991293374 124853315
-995023900 -999418981 215006433
-997942860 -999206650 59764778
-995915212 -995675866 781360716
-991973618 -992772348 -99256226
-999474258 -992650162 482059240
-992010301 -998849035 431889980
-995239963 -993309921 -821762349
-997705940 -999145561 -610197249
-995635777 -998663104 17186562
-990009677 -997196025 -29968477
-991284675 -994638594 331953537
-991699395 -992921497 781451445
-990631285 -994797643 -719002537
-999042057 -993100670 -188675805
-992696226 -999618067 483087952
-995668782 -997621228 671738804
-996062482 -994942929 -930372028
-996015522 -991757379 603697237
-993752274 -996241334 838722388
-996369229 -998985298 -536672617
-996585651 -997821946 865255940
-990063270 -994462846 -342574058
-995665585 -994447324 749808633
-994210364 -993369422 -768651092
-991308955 -994520552 -943634781
-993044019 -999132775 767742179
-997271571 -992210469 -953058799
-992949039 -990077258 428072076
-994577362 -995735671 726094766
-998101380 -996422425 -631246834
-994046715 -997741174 -531796659
-991397835 -994671851 813886256
-992896218 -994825383 31643873
-992589030 -995780644 753900002
-999290174 -999335193 250685502
-996600629 -998446323 -944278247
-993732088 -991148088 -353068845
-995058443 -993320261 842430023
-998067361 -996981345 822163152
-992939242 -998361749 976515731
-999279554 -999834880 347264277
-994976719 -995625737 -733572737
-990554108 -994579525 403093207
-999426328 -997586095 720615481
-991273871 -998754460 -730088925
-996682670 -991714181 -65260332
-993029995 -999447063 -49313895
-991091121 -995973954 -790342196
-999310140 -994561015 221347672
-991348532 -997023125 -313416435
-995521383 -993820499 -898195479
-998176269 -990903380 -622056282
-997972162 -992826365 901116567
-997704065 -995976736 212203645
-994211451 -990972861 -531314908
-991923050 -993103962 510740908
-994939251 -993537881 -294353311
-996789284 -995037177 -770700665
-992317983 -999027912 -318315544
-990298198 -990080824 -403847060
-998612480 -993391659 -375376489
-996380179 -997839397 129104195
-998351177 -995433021 579688901
-996284763 -998310307 26076163
-993289629 -993575377 -568024611
-994318420 -995205772 364159444
-995486197 -995873530 -564809664
-999437410 -998775215 -522359395
-997428093 -990165992 -601040241
-992041347 -994977565 -735673822
-995200004 -998244997 -382775143
-994124727 -992499499 728577371
-991866163 -996123726 -813431498
-994034211 -994424831 807592861
-995543775 -996964553 707107093
-992257273 -992820158 -50877161
-993170824 -993377551 -383419352
-997179362 -997083375 -35087306
-994014349 -992433131 -922739543
-995995996 -994141049 461860900
-998462885 -998451359 -908613571
-995451165 -992952488 -339662383
-992588873 -992309641 717233392
-999186311 -990943348 598162020
-990763771 -996615366 274826417
-991203253 -992299464 -912061608
-998612899 -997406175 -627634365
-994881559 -990633770 -973144008
-992191896 -999943504 303614098
-996070302 -998687123 -773157967
-993790985 -997968354 861798504
-995110472 -995707087 464593707
-996720571 -993433152 316123554
-997623655 -990210474 416619281
-994086057 -992455375 663288569
-991401764 -994270262 -788175209
-991741157 -997964323 494646171
-992464413 -993819874 759138558
-991235424 -993964767 237650320
-993781722 -991906733 -918110005
-992363100 -993243059 173525260
-995457355 -999613448 -653031735
-997903816 -991950136 158224642
-996663597 -998701406 -972827620
-997907504 -998627373 -116148380
-999161762 -996804495 -936741011
-993171859 -994073441 -453286308
-992806311 -997857342 -965584552
-997671135 -990201045 -481265347
-993685163 -990615706 -254747646
-990415720 -995921452 826853012
-992477401 -990384110 -921561950
-992512797 -998969381 -149542933
-994555954 -993201497 582585363
-997338537 -992114278 -469960641
-998205374 -998537369 -346657166
-991025251 -990350580 -205053033
-997435469 -992970105 -275835062
-990865864 -996892049 269500347
-999408252 -999142835 -632827729
-995066825 -995882185 876617635
-994871503 -992266985 466444899
-995597174 -998427365 803295427
-996959380 -994349091 -647940214
-992460912 -997656259 -734683035
-990061925 -995835004 -477459385
-991922337 -999607238 930614482
-993305610 -993350071 -402752602
-996600711 -996725191 909401375
-998084419 -992156065 -944690435
-999692349 -998875620 -960409769
-998987301 -996379188 -681808746
-990203463 -993994360 448281722
-993906545 -992235129 -204299761
-998302279 -999941484 373957583
-995963458 -998288272 -958218891
-997192375 -993424954 -549877920
-991633940 -994158296 -86992671
-997053966 -997292990 -925388209
-993723515 -995043995 -569957412
-997678539 -990813879 -894667044
-994178694 -996987046 -724049398
-994538709 -997161391 -535573713
-997277760 -999324435 -126785165
-991215194 -993407001 152529928
-999641731 -998909085 -542009870
-991464845 -993810741 -260155977
-999391346 -997811415 375530997
-991286929 -997655913 119166877
-994159242 -992091117 -968496368
-993356046 -992155465 -738297736
-992060163 -998939579 -831688324
-997031564 -993721087 -619797771
-994381861 -995486288 802226886
-999665645 -993704388 -64653260
-990386840 -995286697 -573313311
-994631106 -991077194 12141966
-995968905 -991517048 -8132429
-999798836 -997763590 336463225
-992860393 -994247975 -815252049
-997876590 -995375583 -932607282
-998224078 -990870807 636836507
-997288157 -993956937 -888093905
-991372471 -996525102 520863730
-997567712 -997834051 900132271
-994187984 -991831800 -208385481
-994442151 -994036066 558781325
-996379547 -993232880 -880054572
-999250318 -995606877 -300070128
-997777157 -990485509 -886410092
-991602746 -992420119 562994136
-996320423 -991514074 598102992
-999493401 -990685083 -335355057
-995540421 -998044027 787325285
-991080459 -991332739 281314511
-995434768 -991265991 855597084
-994380675 -996392593 243782762
-997358887 -999399914 192837841
-992873393 -997545429 -431489924
-997591159 -993855874 -543661492
-995423087 -996661815 -408777749
-998671722 -997062651 -370538885
-993890744 -991724899 -868075404
-997385236 -994415753 -601690522
-993300985 -996617092 469463664
-996869703 -996634919 961387763
-997242213 -991136141 -777152332
-991867374 -991872519 -594041160
-997262588 -998624563 75723762
-992245205 -993147064 141568123
-990138918 -994256333 -418646447
-990633306 -995939602 -405323705
-994798592 -998022116 24265902
-995260571 -997994883 -897269882
-994749065 -998255192 422079630
-997654406 -998478626 194226610
-998602555 -999195128 468840611
-994820353 -997356546 413478276
-991646159 -992920733 -592888014
-993068545 -992471551 -950576993
-997063508 -990851910 163759845
-991642937 -996248253 698528822
-991855517 -990352831 -855030067
-999189440 -998251907 -432239400
-997549853 -995011854 413878405
-990623470 -995094458 48253453
-996747302 -991182828 32835276
-998016411 -990609117 547999732
-990675368 -990549347 -175839704
-995299062 -994215056 -575112527
-994022284 -996585259 -321889173
-994148878 -995242864 -285865182
-992493351 -996497602 884175555
-994198799 -995154281 -495837566
-996112841 -996698107 -168040381
-991541284 -997629904 -558744952
-994170820 -995493140 -747604017
-993902396 -990031528 972033026
-991651332 -996454144 -222336081
-997747777 -994344344 -869484750
-993132883 -991350422 40178311
-991901010 -999848805 -861936451
-998152645 -998059746 439050678
-995055509 -999490365 -604198841
-997492458 -991138276 338243523
-993533180 -993502811 -72113319
-993702048 -991452286 -39147441
-993528570 -991430520 -635263286
-999481953 -997558133 662707514
-999636456 -995685022 -264276221
-997782710 -997079869 -721570274
-994460556 -995827261 -892316713
-993117635 -998094621 -461940998
-992171449 -992962417 40293733
-998623031 -990226758 976293607
-992548845 -999058592 334163203
-999061021 -990041819 -621028779
-998924386 -997957669 134298368
-998559860 -990176133 347174932
-998179522 -997206903 299806991
-993219088 -998920997 -499102640
-995702911 -991731795 -111579279
-994799653 -991802552 -492107685
-994467836 -999909581 -946771937
-997807928 -999900515 -119736657
-995559171 -997503350 -790541662
-993400600 -993125738 85293765
-990292194 -991513496 51483468
-995063700 -999619014 950955862
-995984828 -995342613 -885520636
-991477273 -995466717 -602848292
-997099874 -996962386 513539747
-998299137 -992515301 -223122563
-998425872 -991553972 258494707
-997737720 -990049985 541928055
-999792147 -996962894 163206173
-995890130 -994883222 546662845
-999677026 -998653776 -423518379
-998134270 -992688689 440692840
-991073300 -993028156 923384456
-997945162 -994803142 350876410
-995156578 -998233012 -164542734
-996932732 -991127292 152841502
-990272555 -995198267 -626271542
-995492402 -997795415 289061069
-996560179 -999362302 -302385365
-997741295 -992313874 895522057
-997939952 -995878340 -482713817
-990825169 -996220171 780616997
-992735879 -993779643 -119179167
-995225310 -998673884 -32734019
-999607650 -995118850 -857705349
-991412188 -997428447 673973390
-995368862 -998188319 -944830477
-991703113 -995223590 805918115
-993552117 -998970458 663859876
-995277024 -995406868 124068605
-993859194 -998294452 -159008379
-992239906 -996418874 -175274382
-998089997 -992830135 -48028061
-992371990 -998715375 -523361063
-990753873 -996685448 -961227536
-990285362 -999798004 -951217820
-995830236 -990531982 -603976240
-993458761 -991644604 -559278864
-990532365 -999690783 435067121
-996146848 -999123570 924532141
-997422075 -998993140 842533353
-994998386 -998982859 -678880217
-996110647 -992370260 429540059
-995196181 -991956669 882313419
-993129541 -992956858 75580351
-998144348 -992742784 -359970601
-999823072 -994427206 -971114291
-990695897 -991628039 894598276
-993912852 -996673948 962405093
-990894194 -993990266 -422492974
-992523872 -994068787 111814094
-998185638 -991509955 687281748
-991283104 -996318179 529706332
-992556180 -993007495 976591732
-995102599 -997859185 90780337
-993584082 -995696407 -296722384
-990814123 -999250516 -963172256
-995647156 -998706355 106916984
-990596262 -997745830 763885652
-991421942 -994457157 104789873
-999230824 -995109482 920201111
-990947682 -995937476 -254720606
-992534161 -991241413 -622021596
-991395201 -992797371 626848301
-999664673 -991889885 -994041403
-995368402 -994596350 -782712289
-994729083 -995290667 -904305588
-991541640 -997616181 -220666790
-995684797 -998454869 317925468
-999433472 -994923998 649454085
-997451175 -998977795 -590740129
-995219611 -996708983 3232539
-995426166 -999718208 677225887
-996951643 -997315828 -33076167
-991388858 -992773929 103517686
-994476376 -999243148 293944220
-998437748 -994898700 -169104415
-997091578 -996270123 320585905
-999207866 -996098339 -933102932
-997260957 -995541921 -913668362
-992646737 -995857219 612375487
-997195375 -999418146 423701923
-992837885 -990667144 -368596729
-998822514 -990489142 -855442216
-998712715 -998122170 88313394
-990081699 -997160832 -828477973
-998684322 -999288437 240078109
-993274910 -993550085 -488941670
-990751734 -998721684 -805583588
-996491085 -998748333 356819152
-995513037 -995567063 -856212027
-992386627 -997452903 -582291613
-996451211 -993317450 835316345
-991774471 -997966071 -911271529
-996230835 -999337858 898751300
-993910771 -993691870 -90643638
-990111969 -996801254 -307725566
-993966407 -997594491 -587949871
-992914840 -998829046 967792225
-991477485 -998349713 -443305714
-998634646 -997154124 -407878758
-994831710 -999509841 -269318389
-995759843 -993099276 645157228
-997073997 -992211468 915827284
-991450339 -995008014 -393808685
-992175874 -996026316 -886021111
-996547187 -996613910 -470742089
-993834619 -995307396 7532914
-992123106 -993950260 -231989977
-994793338 -991177499 319804158
-990292925 -993698291 -61834636
-990863927 -998746889 -684115767
-996978206 -998866807 -974723005
-990966633 -997982026 -859457634
-995947650 -995816066 -650203625
-997782238 -997806876 -44708122
-992076401 -997706274 -226398759
-996244035 -996712498 939707442
-993697100 -999913900 980746834
-993652501 -990969568 95550045
-994410979 -991059413 -764002951
-993566804 -995672089 -971333385
-999822645 -994433641 -487909491
-998236505 -998914799 827503692
-994050490 -993426551 547427964
-995357261 -992211954 -572979732
-990467578 -992667860 -367625768
-996454319 -993631219 871816983
-995211491 -994762453 994258187
-996330710 -994830292 -96350903
-993119387 -990184887 -591029577
-995758931 -998294511 468818248
-995153795 -997902935 778076089
-998515688 -996681558 -11247681
-995375837 -996819899 553081703
-992927668 -998306131 -156525423
-992021700 -996672324 -212865599
-999464013 -993593009 972575719
-994018127 -993935087 -853120215
-991638078 -993049445 766350893
-991544842 -994163136 -121684155
-999069780 -997779667 -777250488
-998350544 -995464374 157913816
-995451405 -997540900 -413051770
-990429078 -997596837 -548664328
-991467093 -995175601 -380442328
-998548991 -996295934 376090280
-997366948 -997099272 -731519530
-994719769 -992185244 -181133537
-991903300 -994471365 611975503
-994433527 -993665894 -415185985
-996274997 -997197559 106347317
-998497597 -996927552 300067651
-998807713 -993522672 -120871855
-996659721 -994517086 -952105220
-994397543 -994613793 -624405075
-997368931 -993040184 -763568677
-999300736 -995714993 -542070871
-999016555 -991655823 -440608783
-996024625 -995260907 449211514
-994573790 -998004083 499885251
-995919459 -996300822 805114721
-991155573 -994463302 467988693
-994543369 -993544273 270347565
-998815467 -992922028 922205211
-995677906 -998763559 -283253325
-992582601 -995048766 -639279267
-990786171 -993363291 444270544
-996161209 -997421816 -372006643
-990751965 -992344086 -996571433
-998777597 -992044277 -41387697
-997086514 -998329037 -857044726
-994916966 -991278775 -482875540
-998795609 -990325254 -162972451
-990830115 -990530092 -808474912
-992368580 -999539296 -884829352
-997423623 -992911986 -431613352
-998297329 -994535802 -796958999
-996408645 -993172519 -999825851
-996394121 -997074800 -142059796
-992776445 -994100456 -897398748
-999200186 -997567506 -5658317
-998360669 -998218829 417302621
-996723155 -992582845 -804372008
-992838471 -999076414 -844118197
-993704069 -998638593 388684064
-990589839 -996402058 -982338983
-993900813 -996482106 904758355
-998863309 -992949726 -866631269
-998462467 -996255353 872732078
-996829892 -996718678 304919970
-996214859 -996544746 240946376
-994713125 -999302255 -927487137
-991701911 -993065484 160414973
-996529206 -991178853 -879281999
-995774926 -993355988 -818180570
-995940406 -999524708 -584210651
-991179804 -999679437 -789145750
-991473867 -999278951 711166380
-996066639 -998854183 112998107
-994175622 -998268054 -625256066
-995914363 -996729901 377851270
-996922797 -996871660 113372331
-994088387 -996211362 235614746
-997513840 -994092812 -571002743
-992056692 -994619206 306848429
-992826414 -990929287 -77686848
-990460971 -993335439 -470035206
-991123180 -994664286 -395230353
-999983947 -990115406 -906903905
-992949068 -999109224 128485091
-999275613 -996540141 -48777926
-998155101 -999145049 -624676173
-992206604 -995056570 425860822
-996152424 -990735938 -929205366
-993438762 -998300673 376172004
-990130134 -998825257 823526328
-993326306 -998319897 -955906985
-995727848 -997482616 616798427
-995580168 -991415524 -636182264
-998606799 -995016025 -128548698
-991312427 -997373045 -121500969
-997188067 -992940238 -256615505
-994441198 -999152532 -207382275
-993283516 -997169659 -731505284
-991956877 -995689606 -355800070
-998071074 -999155090 256757458
-992983108 -998723406 -993083008
-994741103 -990296881 779104925
-996288327 -994842576 -918598035
-991340151 -995452303 999887550
-998445168 -992415515 889597730
-997365074 -991411901 599557213
-995633564 -993341307 -995240745
-996261830 -996055753 -23534622
-994065561 -991315315 -492223902
-991639801 -997359496 901546675
-992327576 -991104436 735074933
-994035038 -995160353 594283592
-992372913 -994360240 308552767
-994594771 -991348175 307405467
-992041650 -994800188 -173935902
-994553254 -997356866 -204871533
-997190886 -991817967 -707528507
-998309176 -996032345 -408783627
-999878129 -995399552 -227170097
-991736508 -998644271 -368106499
-998345655 -998344916 174820564
-997667930 -993408848 -815933998
-993446903 -996389318 139264581
-991165659 -995418254 555771939
-997871275 -999548412 519204927
-993983018 -992986182 608809029
-995210608 -998054088 587834912
-993192195 -991660360 -81621079
-997045067 -995253828 -321853304
-995249939 -994618481 598419433
-990565006 -992666099 -335973481
-995324484 -992177802 880488951
-998922181 -996016278 889898656
-996521013 -992968555 -860702354
-991571719 -996993928 -193444397
-998640378 -997937976 225785878
-995341895 -996785205 -949260055
-990114569 -990431760 436725945
-993933370 -998548707 -85174975
-995119013 -997939584 -501095045
-996551013 -990339114 -662926396
-992059918 -998813020 -854172459
-999004757 -994348415 -918199568
-998390369 -993241778 -16564981
-998486211 -996513230 -956025044
-990414878 -998951434 -242439129
-994999712 -996931967 216222089
-990238853 -996704491 -981243687
-990733849 -993916215 945097877
-997822271 -990695274 -896029982
-993170773 -993642437 -324597785
-993726893 -991035540 410264700
-990126360 -998412966 -200937926
-991151517 -994804764 -877881887
-998544732 -995865472 382065118
-996094515 -991788934 -509183952
-995157202 -991827676 -937155709
-995320768 -995376242 352644901
-992335567 -994287935 -360104930
-995430303 -994550767 -90501482
-991466015 -990107343 927498940
-994279045 -997894016 -921339048
-999442635 -994413120 -895817146
-996275229 -993128681 -937429845
-997426237 -991615892 -999453602
-999310028 -992128192 376595888
-997990078 -996580252 -531076213
-990770093 -992477852 393819164
-991036324 -993708566 -516112140
-991018535 -990542779 534947080
-995909816 -995893339 -791025374
-994751260 -999913932 -70156682
-999929843 -995104212 -47129436
-990627403 -997166921 882683817
-995181245 -998657456 291439110
-992095435 -993542472 -15516734
-990385980 -991649285 -377671048
-999612934 -990058406 230022949
-990147791 -993786042 737108993
-998127321 -999994477 711309350
-995032587 -998203258 646936819
-998957253 -992992193 542246507
-996052448 -996859373 675146984
-996985246 -992425804 -964565979
-995590608 -997646374 -962613309
-995739668 -990385245 -592367501
-997652365 -997449757 -291151021
-994419882 -999775522 921166252
-998117974 -998883251 907494571
-996616695 -995283575 -904498260
-994709350 -993969674 -613619401
-993096723 -999338409 843087423
-999836919 -992918037 790213059
-991380527 -996164985 -843560339
-991472736 -998677489 349430447
-993376014 -990062379 -956276983
-994432173 -995261455 761277399
-992206268 -996065771 -670593536
-991271385 -995514678 701406035
-993270532 -993445053 -867539552
-990448994 -990166886 -186970300
-996042291 -995953508 -233309478
-992176263 -993687669 -808493825
-992992447 -994303714 -30868371
-998413035 -996736253 787861731
-990730810 -994109374 240862841
-997137815 -998276265 802554987
-995952831 -998826906 566983650
-995742772 -998830762 -679780865
-990915309 -999691156 -516979917
-999125974 -992585748 845738683
-996526702 -996255671 -950331150
-992271385 -993161106 892405694
-996127778 -999606426 965397876
-990586810 -996218655 350633257
-994393461 -991489734 884495342
-991775372 -996342750 -215939949
-998011627 -998623941 -862453180
-997303572 -990531267 -389066332
-995089963 -996175097 -306415541
-996168835 -999750112 -27653978
-993958123 -993977594 -931063463
-999385598 -990297089 -499245439
-994257659 -996698827 -914033344
-992290757 -998845040 177314306
-998866393 -997991782 620072492
-991544004 -996323278 -338072760
-998295272 -996149393 362390059
-993609367 -996267695 928622380
-997007633 -992350025 761193123
-998926385 -990616417 -852935376
-990230463 -993373731 218495684
-995671954 -999921374 597438442
-999288139 -997878472 789622416
-992170493 -994453998 -184558785
-990402900 -995431762 309290411
-995165274 -993495201 -677242872
-996798505 -990208157 629139861
-997431177 -999398304 124957312
-991085942 -994248673 949499401
-994220790 -990677365 -37327343
-990189795 -992790907 325773489
-994881244 -991539724 -480950485
-991867258 -997380268 -581054551
-991348263 -997136791 -304634086
-990984077 -992305549 -71792670
-999539655 -997239848 73524241
-992898335 -995322316 780222882
-992528611 -991794339 901818382
-992945213 -999614221 178028847
-999105542 -991130743 -858932900
-991621787 -996216433 82675758
-993452796 -990612327 854925371
-999098567 -991859796 85426273
-992280293 -997051127 -236882959
-996016217 -991129544 -481685906
-994363138 -990334214 -995544073
-996431011 -998222108 732339100
-998214143 -997034169 599076741
-992763361 -991627060 696931102
-990954091 -991584447 49396515
-996817626 -998967717 -612575301
-991442243 -990780915 -689763118
-990207433 -993866222 -301257034
-993361278 -998593770 938893822
-994900781 -994555993 -628802520
-993125751 -999295752 378257733
-994635057 -995650728 535716611
-995531654 -993963135 -181383112
-990118740 -996360101 54222462
-998878357 -991248369 978699876
-995871676 -995838713 -896245334
-993502718 -996829251 24403554
-999061189 -990831769 -130237405
-992478017 -996048700 -802002807
-993356791 -990514027 -582336517
-995239310 -990018229 -783944783
-995715909 -998710557 -749700249
-995663566 -994095029 232297258
-992497406 -991560522 -317080574
-997385594 -998846866 -908431225
-996635965 -997716160 47394215
-991624081 -999642220 -333120881
-992068802 -998847326 647732872
-995511544 -996279425 -953820781
-990017940 -997324574 770887950
-992640846 -991214586 738173105
-998926529 -991636303 646264419
-990448446 -999164287 -340187984
-990212462 -999391882 -321395967
-990986516 -994149020 -840850293
-998577021 -992361467 -717389504
-998605130 -999284517 -429409899
-995312997 -997570037 374954744
-995443907 -990591734 -840705246
-996443794 -995522772 -559645730
-990774714 -994901685 -315412552
-995811403 -992657555 -438391635
-994058630 -995400782 242334179
-994377495 -992786082 343016802
-998242504 -998865482 -761789886
-991247303 -992450061 118865790
-995398812 -995905696 -930153308
-994173695 -995622710 925107485
-990970214 -993761356 -315448916
-991280164 -991480201 -698659070
-998207770 -998427345 813781973
-995914719 -997742459 459395435
-992403716 -992179343 -280440856
-999208036 -990432342 676864732
-992143028 -995494037 -511030719
-995370854 -994106768 87309442
-992361533 -995313483 637776315
-991357613 -998723995 -164542724
-996365353 -997361068 -995634617
-997103430 -990564422 -120390843
-996329985 -993793169 -420651092
-998230299 -997096920 518688731
-992418441 -999180529 715413693
-994473641 -999085286 12102653
-992734709 -991519679 713826383
-999087249 -991079757 -293576230
-995909751 -995685943 332141516
-992427342 -996983293 252548526
-998289327 -995168974 -927666820
-996264416 -993535367 474387276
-995689471 -994539716 -928009331
-991196997 -995270279 418668905
-993716624 -993842772 -391929671
-997469388 -996963800 405129169
-993116851 -993405570 -795149193
-999612892 -999263208 505794830
-995943435 -993043141 -786150908
-993155132 -990641385 272706003
-993415921 -992835137 225625834
-993690707 -993276696 864426656
-998489015 -997398203 -121322252
-996748265 -990403559 -434467221
-990459727 -999530224 763366582
-998233143 -999715440 -436541874
-998223324 -990117533 809828804
-998527607 -992756677 -92265122
-996495665 -990764064 978601022
-997908083 -991755019 524631526
-990134902 -996541086 777143561
-996876558 -998633717 265361417
-996729983 -992031581 -730588556
-995627664 -994229042 201373548
-992290301 -992459024 -253753458
-995125365 -992306797 437188821
-993146663 -998219664 -162147751
-999906686 -993970710 -409312077
-990343601 -998050672 -952522625
-993538926 -990696779 -473818878
-993853263 -997054860 871362671
-998631226 -994637131 -685874606
-994385117 -996197607 393065960
-996709761 -995495076 -30719350
-996268081 -995442313 -231598501
-994872971 -996617897 -790965463
-993279134 -999612820 -907812047
-996090889 -998970353 -985809894
-990407368 -999105418 270273625
-999351263 -997616719 -863834431
-994050163 -996568515 883011508
-998476428 -993727240 350790765
-996299271 -994031330 384036610
-999261898 -990161946 -14483204
-998775315 -990943969 263918095
-994090220 -993226760 467632415
-991800794 -992756925 453424944
-992838826 -990341728 22147796
-999622102 -996304709 933401415
-992567444 -992605463 103060242
-997465363 -991473296 -778504079
-993215660 -996869219 -69747586
-996811149 -992822879 430750464
-996455765 -993665534 617090553
-994821211 -990606038 -523344601
-996221796 -993676300 -124602555
-999223679 -994522948 563561045
-999671455 -990361508 643696488
-994241111 -998123001 42465041
-990156418 -996269118 636388765
-994884314 -994695363 570081061
-994971561 -999068965 84581638
-991095837 -990566558 -769051038
-992784558 -993431265 446454751
