2000
975895298 -990624822 487331642
970641250 -986883202 -370347141
996862606 -995575074 671576120
985708217 -972896437 -558376306
988883980 -985763193 -514203049
996716167 -996869972 473956660
991843220 -979296345 134746102
979363805 -975807948 934201049
991919157 -981052287 -819306125
988261058 -971586623 309832746
991563102 -979970479 247128964
988013324 -972627409 -452772031
994442370 -983717648 598054099
982841844 -994139298 516332604
995819678 -975899995 -936463204
984196569 -988181991 395580637
970011514 -971435005 990990870
986024270 -988486623 -129509631
999586221 -988657256 686150824
983837674 -996323306 -270388341
999029099 -981647725 -189510347
971267090 -976046083 -422817436
979951056 -976599441 -332252636
988613181 -986377022 -264167427
973009374 -979903002 163977397
988112171 -984287028 534134294
975410153 -987158579 507964474
998590835 -984595826 130269371
983212867 -970112659 -897109641
976727240 -975496352 270614793
970866884 -992272536 553716166
998906199 -991434061 240052390
990056816 -970084505 -420793138
970853719 -986040554 308739787
983446803 -995199679 -592406810
988157919 -990854754 -681742677
983363458 -995186726 74367419
980367158 -997123233 -31167929
992644962 -990334458 937553505
977010987 -973302461 515083723
987800662 -995112353 -693540019
989314144 -970056829 -75994395
999372385 -974260260 727959738
986201965 -978307751 -374489181
991314749 -973018683 -230878310
972946552 -986927321 -842514023
972390454 -979997710 43551908
972760419 -998073489 -818198062
970101468 -991105513 807163410
981353323 -996646019 -809266479
975295193 -985857834 90862744
982874776 -971316524 961551527
997103117 -982750926 -489321665
973153331 -990564106 -326893934
979275157 -990627888 -614811978
987779055 -982515839 -485144197
974307947 -972482241 929427983
990086563 -985516341 501422430
989299211 -985367181 -275135580
979722348 -974404627 -486307117
977759633 -992049711 221411711
975207321 -990769420 693845663
987440696 -993832688 17835114
985852819 -990351726 944985204
989781476 -977975872 -749148158
978591474 -971539568 -352546347
999834282 -999625256 12558797
997256577 -998973598 -610972750
984192372 -987493202 -226531856
988008462 -974463929 607249865
991600345 -981205237 926148219
996950976 -988818496 493124933
999245590 -993800681 261526132
994883768 -978124077 -586614762
989235252 -997292923 -675576987
993652959 -983751079 -313110806
970192802 -976716125 165932065
995965961 -983089675 -298197965
981750839 -996320522 -878856331
993346777 -979160167 566529947
985065015 -991562040 215573025
980012647 -970070541 -841377479
974709369 -972571418 784205601
991856108 -981950565 751226355
972477271 -992659661 256102005
972022035 -994546607 580809399
988491344 -995122066 335978167
985699432 -989393700 166145010
994640611 -999543011 -875684847
998696875 -986190178 -91650409
996579505 -980373805 -29319586
976448932 -975411067 -254298834
977512153 -995850406 -640232897
973758360 -982671743 -531152334
971182188 -982709694 130895493
996148109 -972232004 -733683065
986158943 -996502153 -695084199
973785876 -997380246 948081109
976652008 -999002577 384932118
995852404 -996494004 -826246501
992685407 -979249868 70743146
978386562 -994697152 -267645218
975257197 -997802420 -987289750
988006515 -976263422 -415736567
995094151 -978525240 -912361680
974745225 -980254624 629032708
984027646 -992663222 814159805
998395355 -997481858 -448425180
977734131 -981068431 -22195112
978450096 -976810832 -890151446
989643808 -984001620 486938774
982447977 -975353374 -394758356
998830862 -999385669 787113828
993207341 -999721708 -488403892
995692373 -978710684 309296642
999532339 -991361757 -523721860
972948264 -984087289 -883530744
981368194 -978170006 911803640
993731975 -970904203 906257414
988040415 -978444232 170486944
976960050 -983642946 453926207
984312165 -971411087 -885486448
971813628 -991007368 -13120310
988628824 -973747561 609248530
981510925 -990887472 254432381
985940001 -977109002 169747688
989899712 -997980276 -902056287
983141706 -986631192 -441660967
987966861 -971395693 590974230
995367104 -970304824 626662180
985931870 -985214559 -706570414
973607507 -998773036 -111620575
982136775 -978569409 -850780010
972796288 -992166253 -144829970
972158599 -973004358 501857551
986791954 -972461114 598366731
988479866 -981364385 847391501
997452942 -993870351 -789253780
990285434 -987000494 62090904
998879525 -991759835 706653008
974118339 -978223800 742193286
995957221 -984946124 -72184168
992959569 -995348588 -497555550
984790899 -979930732 -372998177
970295272 -984235264 -467719538
973776878 -977362483 -991906087
996509528 -992519641 432837945
996047971 -995675394 589273144
971719065 -995791987 694477562
997503226 -989272396 447859376
973552511 -970470402 259415671
974577744 -997899208 -594550757
979947548 -993511819 783472620
993231286 -997358087 737460125
975169843 -992460302 -680991119
977350329 -993624358 -866532851
981391502 -995854469 996384870
977224651 -975895375 -903717027
975834678 -972408748 -878945399
990802662 -988617693 72825786
988753000 -984799993 -621806822
998905114 -974421161 -534398087
989568354 -985704285 315837306
994383678 -988856576 193908010
976820760 -989778147 647343434
970251965 -989121155 -964129265
998639133 -980863348 -410010434
991019446 -993713708 -915451663
981954047 -977844165 886363047
975690160 -971719048 -529177951
971052372 -972601250 391143860
982468653 -998106572 -696149234
975332619 -986352331 -958727523
974245199 -983954335 -265508009
980098138 -989667339 752821010
999239032 -971221037 -88729417
976648863 -978794680 -374941879
983557108 -993254175 -552556749
988791427 -978429189 -917591221
989229651 -991248249 -176175947
987473318 -970800296 -82491048
999927221 -995660271 161244972
985457313 -977320659 757344534
991383182 -977452335 801802429
990485110 -970186643 -148444219
989693595 -991185783 993022840
979765880 -996746969 -182914889
976693058 -970349554 62736997
977361709 -974517734 80950552
978716143 -990117339 88272794
995252056 -996932367 -884724896
972957205 -995801371 610326653
990838493 -970317092 -777285398
987195865 -999127292 -342574678
996146042 -971797486 -259565613
970905750 -981595131 -974736402
984181951 -994369680 978434096
972946107 -999860817 -421330779
975406610 -996013250 -255143931
971191187 -997855922 -261724105
991898931 -999110407 -992270767
989067912 -985198002 -429630100
988731952 -998557471 -883511509
990426323 -998562159 241689364
978648067 -995212474 -482841502
996962014 -974609102 -234515214
988643640 -995967682 616160863
988554501 -972800518 244296008
993334501 -979521130 -9918236
970527426 -972542200 -672074092
985402439 -974991642 795631312
980160727 -982855217 754952420
976190889 -995497413 943793677
975907542 -978313027 346475528
990878243 -987202897 769059036
995553016 -972934435 715542809
998532567 -977152198 -517709815
985604414 -998273550 -639962417
976405179 -972971508 274450962
990228336 -971957511 -443214708
985184851 -984235195 -179843226
975391923 -997423866 808659496
976117943 -990530086 -870161587
977570802 -984331731 -904080434
976168776 -998034371 -466773486
982490441 -985209803 -612406747
975656442 -992581627 -315312087
988726730 -973727083 -248386454
999602303 -971100319 -680091963
993984618 -988203137 137348152
981370608 -992122534 -963731900
994535604 -987271346 -155796385
998198924 -975862655 -387486689
996539777 -993795793 406973926
998829452 -971616670 835017176
979989356 -997975979 213059975
980729801 -970991041 715538745
983774496 -972629389 341032076
986948169 -992895510 1056126
986870580 -978844285 237759326
981716840 -988265831 15169075
988309564 -993315346 -383259244
985362133 -976241931 -394483050
999050294 -984913181 456613662
973788085 -997182118 9467571
985920736 -986229204 75699812
970705834 -994945837 834391440
983100266 -999692039 521122417
998379269 -992000802 -313879053
970588148 -975767446 907812656
997748706 -991026706 -342951610
981249450 -997377244 -542204355
971143947 -991617343 995561054
995789506 -994585757 -916681452
975574328 -990228636 197103161
984327524 -992749475 -993134013
986135149 -983240219 -712574644
985711075 -991973408 -700358663
987340751 -971078070 822008101
992500840 -990147627 -235061597
982702301 -979455316 -55102509
971276250 -975505469 229140563
988649817 -980112151 93524560
987295972 -973283246 84485617
992498887 -995204670 -545327415
987161647 -999345688 -890981328
976249775 -976832234 683158028
982269861 -986512143 -962355405
971752954 -984807834 531033254
995637332 -992420766 -877794190
996854083 -972318216 -921539967
971720624 -979175657 786003955
993005050 -990545688 -365190664
972637137 -993506212 270355354
978477157 -990284837 318371422
999532800 -991430130 583041326
977521304 -980852646 -426920171
972911615 -972983005 -618624879
988987753 -997442028 309628828
971330159 -981376003 842323088
992333519 -978086212 929277204
975456503 -974485842 305933006
990666722 -991769061 -59682251
977639951 -985727120 -248335657
990616798 -999899886 -731134643
994003270 -971534271 -932589829
993085889 -978753992 -909910955
973550567 -996274979 -949959106
996893106 -989287247 -862129677
994326485 -985076845 -267094144
974794463 -998193373 -570406657
977823133 -973278510 218805695
972966988 -998847817 -973864628
984959146 -993549887 -951661465
980305996 -987036142 -123289778
990337607 -992191726 -20371409
993264906 -992185635 779654246
995605670 -996290767 215000823
999685486 -986769418 984081392
992536381 -986460587 -18058325
999659815 -981162583 -765175008
983361698 -980037670 -967979491
998387001 -986464610 153943152
989638385 -970174706 740451302
979896964 -971731161 561870182
997629481 -997878272 -674179306
981647387 -998696627 -163332340
982317947 -984496479 974385694
972671377 -983586711 -117465286
973606885 -978554145 -551942367
985415477 -993538303 -956465654
986736182 -987222176 981031865
993643584 -972822682 -952837734
985701911 -990546583 422623027
972390146 -981573049 -128542666
977265140 -985505991 258855332
974336585 -983667017 -57358732
979284821 -973286077 413150273
981183151 -993043070 -281632194
983142941 -992761586 559604588
981083162 -986532867 -24059631
986078580 -978208590 -245889864
989920369 -990166294 902490722
970245886 -972580913 36410143
987398723 -980585017 199022549
994910062 -978888330 -63421269
997968696 -985387767 407357617
976050531 -996291733 480676917
981252031 -993719987 -321023073
992354424 -973332113 -865691214
970508578 -981105970 -23611710
979628239 -971139551 -564845601
979727524 -989454347 437715248
992069050 -987665416 985423450
991555003 -971767628 23428668
991024394 -981960186 -294974298
998282643 -986197744 927675105
991227197 -991117679 -774208505
972164284 -971958796 -936694509
975168002 -979364576 -567276659
970473690 -994437268 -950434131
991754946 -976550497 590259204
994783984 -997859540 -928410335
999691700 -973273386 -799546982
976477405 -982489551 752717502
998689883 -983817546 828651010
976964496 -995609466 715011344
991478853 -971445979 292477797
970538587 -983237328 -23201349
972746665 -999667519 446679906
974970094 -998469943 280250652
994954654 -997474390 -821997498
975822055 -998674398 -608168074
982930377 -994537657 418880667
988444559 -984227267 139664354
975996244 -986598285 -602849197
990001354 -978864344 390093759
985847116 -971046655 -53503640
970357623 -985889372 700679751
984529456 -998705334 8551056
997707043 -971629195 298447400
995817458 -997092362 656014551
998543965 -973937335 -871011360
981472783 -992675246 583511475
978110215 -982288588 -166518693
975914420 -984093786 -72479133
989211814 -976063812 817736453
970667924 -987495539 -959652903
995021557 -972674453 217575892
974303312 -978188389 288177990
988350716 -997754027 675718021
983297714 -990837801 941636399
991074246 -978604368 -537115923
981318354 -997454282 100451658
998718401 -996255271 -420024166
971810828 -971677063 -104087633
981181396 -992175190 256530733
990109117 -986869521 54462510
988619191 -991412588 70959570
970180449 -984989990 177021234
979776682 -979370136 -203575299
985239488 -987789194 -130021079
998572243 -988303462 425432733
986090288 -972467118 -968921805
976839566 -999334341 -535454341
977083658 -971410173 780025825
992242120 -988467174 -891799835
991280605 -991131133 -880247436
984070333 -999279087 997403478
985953030 -972760511 997531445
989509544 -974635073 674519584
994483639 -995003185 66220429
999915167 -971712819 -626235765
976614254 -979337218 -887487941
984784621 -990065814 500500851
991860486 -992569243 46012417
979469697 -983889411 -575721933
981587845 -976664460 701565324
976746014 -998212016 751439116
980744615 -976593107 758320440
975831252 -997806018 566100457
974874624 -995057606 -489505879
992494661 -979415447 -695911934
995795976 -984048948 -63552541
979583380 -971299878 283404388
989408636 -983280636 374505318
998120340 -970748154 238828496
990872055 -992505411 -759217050
986885336 -976576243 -983363965
986753127 -975646650 166387827
992286382 -985338377 808406143
977058912 -988261257 462986536
987948584 -978238078 630039060
976992531 -989415449 -871104621
990576045 -979409386 102525102
986085494 -996746615 383386604
978444369 -973908179 -343297282
998124639 -989931169 343702484
976133093 -979679121 -830980966
972777775 -973325496 -717430117
998881366 -992906639 723779503
980758924 -996001377 -629293066
985148796 -978999736 144791168
973456381 -987582973 180855260
987156880 -976293688 -123656870
998291735 -981273692 695814043
980411804 -984874900 -746333109
984222600 -976232356 236471289
994746444 -999783726 -702506660
980552682 -980786283 -25450839
988846082 -981680099 -440316585
985700512 -976923678 43981941
983788641 -993940256 -800056265
999382738 -998790241 -833074429
995720844 -975224506 -45958048
994261632 -976567229 853378911
996882779 -979712491 579790365
999328853 -989844950 916088324
996567247 -975864376 871353204
990078607 -979094204 -243221018
985964849 -997054810 316469650
999109823 -988140824 -28761670
993716672 -985377842 -936916215
992490224 -985183395 741518171
996933865 -993276978 -240894312
991556838 -994788506 401984177
976429159 -978116453 170930042
994206363 -974409307 -292031728
993053204 -976431838 -938619917
988207550 -974939325 -515626213
987536693 -984260773 -880729560
977649941 -981486804 -109681985
981509483 -975385050 -924737290
978825737 -976270031 -815129
977995688 -995996347 -834208196
975195886 -993223418 434204767
976027348 -979506693 -996911894
992167368 -984210205 -556695189
971796183 -997902219 932276669
974948670 -988275402 -672855026
991042076 -994715118 865957769
991301552 -976332779 979690287
976305334 -980425300 -838736698
995976842 -998155784 -667476622
991787832 -994715776 -260532669
986712003 -986423083 167780229
972337078 -993495768 898684840
983039102 -971213576 -973419903
982490776 -979391663 934394147
994439859 -976167556 940499750
976274249 -977941498 78099969
988951842 -996818473 859234411
994386045 -989082320 -870559562
991756878 -976833436 490729987
991562726 -984476932 878548217
973183176 -973241792 822165829
981621988 -986054887 308047145
995353784 -982533947 -942918642
991049210 -994833177 855337707
979902547 -994172278 32333019
993063291 -976990586 -321462790
971685593 -973119246 -474753527
971552376 -982824636 -553398999
986385521 -974841470 -400792722
996220819 -973426707 6169749
997885633 -982795097 -418849237
984899171 -984676719 -715590705
999764904 -977934800 -791798103
984799498 -977639989 997621525
997230813 -983869862 -934074347
978708240 -982134601 706479766
974802267 -999662802 437798700
990093128 -991537022 995821092
999804346 -990740764 687986630
988800994 -986544394 994038303
976123112 -971801007 798181910
981158734 -985955572 -163245498
990969374 -984655447 -367692228
971921775 -974603611 571781603
977198143 -979188538 -862621833
972161326 -999697364 819629309
980307531 -990896594 -680982138
974177418 -979153625 -758715386
993061164 -986513578 237288969
996826451 -974616427 -340500908
984374694 -989279819 377177406
974883996 -984716254 -836598458
991753055 -992268218 -609082657
984791166 -993055690 234018998
975264497 -988190213 180203749
991179259 -993210827 -617372359
981563984 -981082481 713189815
976560311 -992441806 394586220
979819120 -979256912 -720505253
972565627 -994995419 -501051780
987767769 -980507417 -134112842
994220671 -983182123 205604350
973064662 -981477956 944304245
987512246 -989687832 394241238
987189132 -980138566 -182762559
976434814 -987922882 -127833546
993297030 -984454080 993568736
996025137 -974518220 -889343133
990512578 -989873111 261008074
981913379 -990656054 -422653770
998452761 -988036068 290769258
991253486 -970642713 -733845682
982269539 -972308696 -822833354
983820586 -983039058 -256091750
995268807 -974332420 -121700365
973287508 -976813149 -268568054
987630043 -978535764 -935242512
984923397 -998562390 476589183
982945287 -990994175 165016714
975643570 -976234889 696965889
998202261 -971938015 225233384
974074207 -979908350 435908213
982567882 -976278999 629212487
993781998 -972335507 824489286
998330474 -981152201 -878966661
970239617 -971359200 -42738408
972330823 -977140260 -981689582
989110419 -976796979 -48999542
973333696 -977280914 -921688158
972596330 -997051427 -233124072
999587367 -981508838 -276842938
995192588 -970081165 727549402
999828466 -996577863 98217772
998714647 -971638085 676772320
973978813 -980593701 110706555
981335379 -988761532 302373780
993278523 -980121014 -426744071
981073549 -991806926 537269931
987120177 -990994175 -280872676
977269478 -994404289 925451810
997419452 -980858636 755864891
991460219 -988968529 496337789
996671654 -985905446 -12924590
983619669 -987005965 -247479289
981996589 -991204644 120963999
975289707 -983393166 294400041
995532427 -992247917 -686329821
982187951 -971448949 -162306010
989227699 -977995526 -571274711
982430898 -972992715 -362753653
981965020 -999670761 -564755172
993051258 -970850481 984755860
993354997 -988747571 874804272
981832671 -980424789 -563443318
982352859 -993869885 225813072
987814885 -987594928 -931131938
976551588 -971949766 917290524
995408366 -970177974 600618987
970462949 -975019856 835741080
976169658 -991094130 -939948894
988351610 -980553439 787356454
992223264 -995003403 -934265371
994527444 -992701715 -250901830
977587909 -980290019 -980416503
976093214 -997463393 995013738
988866757 -975875059 334605329
981989892 -987557654 -251529638
991547206 -977219326 240748199
990836307 -979543847 -212500218
984408513 -974266053 989157105
983915060 -998272065 -502305203
978892757 -978963464 387097625
987973057 -975398307 -62085208
995591995 -994480733 -208037055
981356805 -980147128 -462542820
997479732 -973325803 -945757094
997661272 -976917246 -59311477
980591445 -971297375 -244206729
988773999 -982828370 -995467726
970845172 -992332871 138957730
970326211 -996189779 -806415212
984427040 -993958066 -384081038
984013318 -994412862 -837448513
979569055 -972192820 394359497
998811375 -997569294 -334378481
984414704 -985184650 109984530
998890863 -992825279 -94848758
977530046 -981251809 904021528
980280464 -987639034 436671893
979983429 -996848368 -983298987
986154314 -988162125 -894267755
971137343 -989153484 -764085076
997538508 -975872928 254265559
983137941 -970789578 -885743790
992731576 -973027606 451679902
984876595 -998191338 112137108
999501799 -981456328 -68971160
986417180 -993261476 951856632
972165062 -999460039 -311511160
971885845 -996972064 -228375187
995308734 -995453518 835390286
997984754 -986327033 739514882
996986055 -970307712 918829661
987438358 -991396215 509140821
970350602 -994911309 204804408
997547279 -991890103 264724065
974931926 -977161247 982325342
985429212 -999606134 884012938
982165431 -989191251 962495842
993931508 -975997330 -987297948
979359892 -998849494 -930371386
975221429 -996624253 151582724
976223689 -994958077 480015249
975542234 -979031038 48291400
987894035 -970150999 846723611
995014266 -984383593 826293560
987562097 -982401051 -961284807
989137883 -989586373 -894125607
988319025 -981994352 -573403647
975223820 -992673807 -543986066
977482375 -976862533 915434702
987793438 -975049190 133584663
987748803 -978791890 605077507
982384327 -977511414 4398934
992764706 -986828752 877614381
998868243 -987428924 -377090390
975292612 -973390422 403933484
999907931 -979025254 -134338168
983091056 -996419682 91288581
973278295 -982398503 -95524852
989041525 -987482257 -180537297
994220871 -973206040 -600033939
995415106 -976373146 -371840640
996411637 -992604602 738310508
982957316 -996236219 165654214
988333367 -992896866 458589008
994961370 -995063008 -68725329
974228129 -993674058 272281751
994126681 -973889005 884961271
977252626 -979166454 350414377
992392655 -971475505 -881411763
986959991 -996522599 -950835652
991965224 -984056087 -757086679
979640884 -982151328 5706574
980258302 -984173116 -389720421
982635100 -979295086 -705403149
991987291 -989830841 -919703391
980156098 -970700841 -208637480
999281780 -974211313 -464565287
982671577 -998892651 166195900
989399392 -987739061 -760855747
982486335 -994261416 500770976
983197454 -989270683 -961970238
972925599 -974572972 123293794
977286698 -994762974 -820663278
989380941 -974599489 -170576456
982164913 -974786298 -483839944
981518032 -972191699 103791524
995730906 -997227347 368873932
992387546 -991168970 968308584
990102101 -973346876 -628169047
994341362 -977378013 284039852
979599028 -992301874 -800572956
992577689 -978702972 203196389
992755864 -970244916 -977601852
971616053 -990569438 398725976
973635298 -983507408 -351705382
998267612 -970901356 -659013707
990240700 -976678868 -223080752
990979593 -996125837 28261801
995308888 -976283539 523701570
986369246 -982132129 -377935924
976981300 -979024344 -396286770
981984809 -988057443 -212212628
975918959 -970491076 -376136831
991850188 -978135911 872341456
992896061 -970980711 -872014136
995341293 -995187397 968546590
988063532 -975448285 910802977
977121401 -997876631 -821287815
973318547 -980706116 -157036253
996444097 -970906292 577187123
982810828 -975440016 466946812
978135436 -994229215 435742669
999644817 -998926529 647121356
986443217 -994087567 -129516989
996100906 -976226439 65393993
988953991 -977017608 703851494
992359971 -996700083 43729532
973899439 -989575554 161702332
970634916 -996555750 836168257
981997664 -973746010 32811984
972203698 -991369461 77841620
971371759 -973157559 -685308804
986933358 -986631137 836401845
977426031 -973076514 -617301524
974648908 -983824802 -435247910
979326386 -988668525 -779313607
980791813 -995757294 575069266
975180807 -996521264 -467530140
999241626 -974679603 -44853020
998194665 -974326550 147292202
981110215 -991339493 403577598
995244545 -983904216 -451054911
995812388 -970739522 -957261139
988655035 -970820566 -602887262
992599258 -997082937 810881313
987555916 -974104220 -531749095
990667375 -984594228 -183723229
983598567 -971940970 372300054
978099141 -992459508 -849596673
985352368 -975841698 380027273
979780156 -990901740 -822307006
992507349 -990456450 -997451309
993108337 -991150473 956243484
982480317 -982081530 -826550854
991280970 -996034717 169246713
992627164 -975793395 -759035656
978232506 -981483212 748055666
982464368 -997510122 376985731
976707226 -972578905 779871201
977475383 -985174815 -850082338
984961935 -971703421 91391582
985308416 -971907745 933783139
994498762 -987349662 -290821919
992884762 -974785135 -974609341
995174495 -973007265 641792263
971394538 -971328322 -948244114
985815525 -996726128 -735067237
982429673 -970013484 617252802
986948943 -970467223 150286946
984808389 -997298862 451991686
991643170 -992284496 -183513282
980231857 -996178346 -958023995
995748342 -975700365 -702580250
983721535 -976880075 -933567583
996446711 -999518386 115580197
971316272 -999444746 915807676
985894059 -976083780 -854191900
987192671 -979741867 564871345
972882143 -986350422 661281571
997347665 -971970930 -102456896
982046663 -987822299 698560342
991612264 -978619823 -913868458
997503718 -974492904 -909960120
978319432 -995448779 850066297
971485634 -977488290 -980466228
972808799 -979710060 -919442423
998513994 -970473923 -494230338
973865802 -989336257 -416620411
994503291 -992083122 133361705
972770724 -984796063 -730075671
989264703 -982364816 -181575060
982529794 -998175464 -900604908
996547045 -988480432 -4303426
995327556 -991958300 -189059157
972980863 -970726479 843296245
998719410 -975704529 -48467132
970087718 -985370127 -790626407
979147365 -983839729 453772014
993797486 -983390745 -12478515
974269343 -980887835 -722988483
999301500 -981234428 -699773142
990032921 -975366685 586360917
983103587 -973955995 -900690795
984202187 -991997882 -381613273
983276711 -982676461 -169045050
980182627 -983337810 275472445
986442455 -979031449 888416110
995119394 -989949869 413903417
990297316 -973004350 -349685193
973882093 -999962184 -907655220
977736709 -971725826 -361290493
974143636 -990578677 -419427618
970387734 -985653141 420264437
992981856 -970332221 -796180212
983126506 -980882380 -149654971
993361951 -994227961 144575269
989811827 -989719527 -752707774
990275380 -999793603 -152534673
997184865 -977218008 511055724
971985393 -971059652 756791830
996498893 -971823364 -533714220
986267563 -984588161 -872654979
994440291 -982184861 -473342634
999110034 -982273648 697710596
980346627 -981843286 134220771
971738509 -983953380 489503127
998583708 -970361426 -78439442
995266668 -997069596 -468063167
999983246 -988910720 -36815749
990743157 -973056855 -54599377
977488735 -977468061 820852657
984790108 -989670667 426291703
970935494 -992134023 942930389
972013386 -976034633 -528567485
986469277 -984040287 -81573064
978320767 -986514383 626945753
989220676 -991766440 807762192
993148114 -970320315 -46248894
983211988 -971507454 389229782
997141693 -999777805 -226751357
993816456 -999572410 116528958
991882753 -981202368 -339971661
981820717 -984479699 305897799
991622815 -999381504 -643981245
988375042 -996124899 951373022
972973367 -991141928 886492984
970147270 -971427506 517458003
974053609 -983283379 560504563
970975348 -980687197 345593061
992376734 -998709267 588124557
992502580 -992837632 -885103955
990120798 -979889305 -569066343
979918236 -984227821 -418530947
995532664 -978960583 781240679
998930466 -985998427 -988103992
991812680 -986043031 -892952849
999086334 -989229249 -606462289
992668212 -990778026 944645272
988055370 -997790591 -333559830
992699906 -999343155 435496564
973194353 -997827641 -783538373
993321459 -971216555 -549631855
981601119 -986611010 540708845
984161230 -991497074 988288907
982265305 -994893386 -908204051
972843859 -988236225 -571710499
975561958 -995707398 -22827515
997069945 -974613502 938905327
995712365 -986987717 355395237
985578276 -998973223 -252350141
986370121 -990978555 151117867
977241869 -996802200 -942690547
999152742 -992365423 -494834139
984582583 -976686667 -849132326
996273774 -978635592 241817063
988290065 -973677723 250482541
986478847 -974548666 -312328767
990054503 -994562922 168014929
982670452 -973837279 -801011455
981025144 -986894215 541523130
978319185 -973053319 739555296
970410413 -975039616 -850153961
996011812 -994419774 451289516
978366071 -987815592 632104952
982524450 -972360464 904562787
992201658 -981970141 -773625001
995656844 -978994266 -924947255
986769252 -993835773 -825516757
990693220 -989567191 -199095114
999852424 -999808202 -934977746
995199864 -991855810 -576954733
980707060 -991734949 546840910
991491857 -972794490 -71750140
983340569 -970748677 -541970014
980931325 -993584548 661293894
996911916 -987910359 -275388689
994889665 -997447838 659753019
982210722 -999824252 17932791
987351114 -973858848 -859887432
976958529 -985641961 801782542
975228524 -999218304 -902380283
995520154 -971228060 -474642137
996455268 -987775253 649588702
997364355 -991806082 199503612
992382846 -997479419 96388415
981213330 -973380130 -18870793
975511794 -988047676 -884167691
975878932 -978072413 -906809309
999150932 -986705110 420092099
995491689 -996791400 -392334493
976361721 -970161942 -920833623
999430652 -971879776 785236705
979022063 -985356897 249714202
984761465 -974315478 950637607
988553117 -982006379 886134485
973925444 -994113374 -22106703
987737191 -994489625 -600136733
975030234 -991225589 -887402371
979434586 -993650207 507817030
971505911 -989531945 207601477
984585649 -989698329 -923081521
972948415 -992294801 -465750287
996848320 -991950223 -34710315
971887881 -991074483 706250719
983999131 -985416655 -599133300
988447741 -986862080 516737761
970636376 -995740554 -902293013
970227335 -984873402 900775687
993593199 -978022546 563464799
997985136 -996863462 769385095
974413826 -974451115 -950394524
981214082 -973675491 -955130798
984017909 -980644071 -263154320
973534639 -972025959 944567076
970229766 -985380437 -235800193
984946555 -999615668 -611640784
997500791 -990103219 -932122129
979008679 -978479475 -749228226
971423171 -972228569 -661179609
988227896 -972875000 -998584132
983518604 -972992654 -632031589
999738398 -979391990 -47273219
995854067 -982046531 158186673
973684329 -986926736 282154001
977529929 -987350439 -155555409
986170959 -988246043 -504164592
981663695 -974360473 347465754
989086638 -997825498 715909936
977108590 -970603975 941643983
973149693 -994550544 -50671827
991099817 -986770678 272313503
982536499 -978054410 -860397460
993160145 -974285086 86560400
971771044 -979064639 -63732262
993371766 -974664289 538117816
998393145 -972378714 -719127907
988264248 -987382587 -303190635
977716814 -978214569 -149600895
972431853 -993052176 -837110971
987964329 -988141281 672419359
994545894 -978982665 636151458
976313763 -984085277 109748982
990063872 -970299623 -885519739
989757636 -978217919 723535819
995046256 -987340184 796688028
999518883 -972947141 462074937
976999613 -992948007 -691050163
995836255 -973332734 -463622881
993630412 -981410431 -870114090
992083080 -971467048 -934737844
977221033 -982134245 671843453
981725042 -976919521 -392667850
971195143 -988774375 734312
973574977 -998795658 213286503
987832689 -971173269 78560825
972505631 -989471767 561381679
990887976 -971051911 291107835
978456209 -993009529 147163481
996628032 -991034119 438355812
990204859 -973107963 -180061866
977403358 -987071926 -81785967
997849715 -972589121 -20157746
985220976 -980704300 -698347476
976031551 -998923811 491932500
979665667 -985441809 -907348476
976779108 -990274257 983248450
987540034 -985890202 -540563831
987625755 -972875741 161406290
998011323 -980772064 -742037023
978699709 -996052400 -96275706
999714004 -986934435 825488840
976673684 -985228617 -499514825
990333159 -988670122 828364408
972473542 -983104433 -503333207
996986920 -973900835 -54359103
977246380 -974083547 309104292
997585403 -996327690 -251734852
975505213 -992634719 -980319196
999806634 -996967078 884775064
993841873 -982482595 -937967978
973136342 -992667852 -341600617
998068264 -981953686 415263033
970111718 -973587731 -158339090
980799772 -999174382 -964888317
980846056 -976932085 -941814231
975769630 -984842293 -310101951
987081983 -985469798 -1669927
986365350 -971858005 236723853
973545172 -976961122 -517501148
975928190 -987537435 924066217
996959375 -999403910 677452292
976157845 -993875838 739922604
972086124 -986783215 -888222121
996677377 -979087327 -770254774
971901576 -979904545 -556364207
980795117 -978559182 -676931752
974623223 -970194118 -735360003
975323314 -984776118 704308641
973815142 -979506966 -296067999
989976549 -978958611 -853012208
971119668 -989292009 -885364496
971840562 -970491238 -681153125
988925342 -978715250 602586840
-981391741 970689928 -61615769
-980757507 977017650 540742253
-986153735 996952551 -382831900
-994931480 978118733 -954559713
-992437410 981792913 790558290
-982321828 982443344 -294999929
-985354499 981070083 339981008
-970990213 975216854 904260199
-973080868 993203588 -907726694
-980160261 977473720 -383079176
-991463722 984060938 -115962437
-975450761 983651029 634651700
-971238072 988940107 882835835
-992962183 973247792 -912408538
-990401787 990813741 340747082
-977866612 996219098 -246868734
-971572672 989737521 861469030
-982389770 987756542 711265464
-988176365 982681311 691037896
-982893837 991657448 -111882811
-993409459 992667304 -174305291
-986214945 984229216 -831744651
-979363000 999001051 20614082
-970923206 986938257 -611739909
-998813846 997088650 -182499525
-990940197 982789565 -447634324
-981964827 985721590 602340641
-982880240 993868934 -520486982
-981230691 982133378 -954238329
-974408914 996492849 -968780298
-980364490 983842970 965403344
-998364162 989115090 -587272532
-997815658 985455837 422615688
-998769499 972211433 408122039
-978543240 982792888 -343665601
-970233777 986555136 453099865
-972896987 979006030 176186418
-981074131 980590981 449614011
-991745123 981121352 -759957584
-986699178 982924927 -191546424
-987021180 992870205 -701660916
-996549827 974647475 -370666933
-997776570 980061353 655505358
-973384302 999383782 -677603377
-973404891 971385991 -108478060
-989916223 979699213 -400793628
-990197870 980345387 -9073610
-977833869 982211385 -919876882
-978144616 995393697 -673860744
-982124236 970443401 965297373
-983990053 978553163 -258974572
-988078042 989171838 -954212787
-999693654 990715487 693669016
-989221016 995473058 -956347445
-994643831 970368914 -738080142
-999551959 972157226 394577115
-977953786 981805556 -26308990
-989145668 992169494 -325357908
-973838378 998373921 -374180849
-990396883 977354360 -906711725
-977046883 979462425 -262486244
-988820868 987192486 -904772703
-988050474 986048055 278475531
-982193889 998232907 30896609
-982505878 985700754 194488729
-975010600 975646884 -843078436
-984479683 975776184 651368949
-985718367 982872236 820349263
-970629225 988098430 -176895902
-990921742 987148511 -239047481
-976839092 974233488 -115373919
-972272545 986878356 -29257067
-992605368 978494578 -351349019
-970888643 993933729 893428941
-971496676 990560430 -626954948
-979564663 993108458 840325772
-991605558 989937528 442480055
-982397366 994856144 -893480716
-997290292 989421496 845598635
-994851928 981022528 -111148270
-974631561 989308053 433464633
-974973587 995558235 984307065
-973710392 998578257 -370512662
-983137358 992729174 -828887587
-993154194 992540107 -382404841
-991777916 992491005 -911347146
-999888765 999337281 873378085
-985810871 986354236 -291559538
-983063754 979279704 865367807
-972737832 979200456 586486153
-986510094 975997946 -471804621
-985489736 986716245 418375839
-977322335 990995249 -567026464
-970109676 985010279 292640035
-971327797 976649033 -866217951
-983661213 996628763 610673252
-979779495 984728977 -847398576
-977695436 981043540 -451627062
-995595335 984067898 575115767
-984362242 977586876 -767404716
-970331374 983900148 364925048
-998308440 994959944 550417216
-984239291 979928352 311782456
-984467773 972944254 621062095
-996761726 991832107 -9910242
-978888173 979023276 550892372
-996285210 994411822 -959621257
-989868576 985387440 499790883
-985398865 976958735 374673716
-987718036 981544555 -780968467
-977920228 978427468 12448800
-997436284 974968573 954687305
-973485903 976793429 996351924
-972639995 993302975 395897144
-983532507 994303699 -555050865
-995263365 980037570 -927933284
-995530329 975171663 -4603620
-988179224 993752129 977797752
-978378124 995482922 810496657
-988156756 996560011 182349238
-992718941 999725025 -232733093
-979306850 974827904 -927766080
-998419419 991343544 -45522594
-990328664 991814077 -484183465
-978963397 982581647 -3995375
-984651037 978809169 -125386285
-988833594 989026713 -528563691
-995428367 973779307 -363859194
-997852772 979250390 956644750
-973715539 991080266 199353650
-991924852 981050076 -451457679
-977516879 973115957 -221767702
-970989427 973363471 -220377308
-997150558 985842911 870199507
-970682740 992051207 118069344
-973783873 994712655 304763837
-976839346 981006219 -621520369
-985306728 978817628 828389890
-984198153 982450814 -25368488
-995109213 979144832 623025760
-982761155 977961763 770665320
-972916333 977272310 855472254
-971705567 972312429 51649297
-986352541 998012732 -359796948
-989448884 991131754 455986082
-975446561 983200739 93470950
-991491655 997997882 -876639770
-990825850 990554890 -44061913
-975264666 974256841 384027612
-976468876 983874025 187762882
-976552307 973999810 -846656759
-978661322 988199217 391173509
-980078884 981782442 104397278
-978503844 989441025 204038592
-980892147 996137955 -888023338
-974962681 992086262 -915529324
-971890928 990330923 -678192791
-996953045 973938588 -930016601
-985132096 972309140 -858564590
-987999976 975448668 -390530126
-995412836 986320623 -921842487
-983643754 997172924 -691346749
-996307083 995167115 87081650
-977193764 993470592 945128406
-977830282 983110982 -950245097
-973598544 975365350 878877442
-981387080 999960345 -829930037
-980114734 993052524 -649779720
-983305994 999173640 928029357
-993893873 981089554 -613202832
-977669875 980482699 460498936
-975312381 998028594 -371895526
-993943607 978419844 773729189
-989686133 975507348 861486537
-996506212 998072236 347514686
-988814649 993458539 519253499
-979318991 976839541 -671260088
-988073088 986561362 -528177371
-983133948 977191059 367037109
-994762207 996201896 -972323648
-980309898 983971662 -965721225
-987647896 975159471 -403083492
-978008045 984418008 445619478
-973660973 980500962 762840322
-990591525 990691377 -173890154
-988030714 984613890 687052065
-988377010 999165195 843028942
-996566424 985924898 -380069657
-980027064 990931363 -524123611
-990772526 995870456 -637716711
-975400418 999386739 -389084908
-993419530 972309877 7037596
-978053903 995754848 905766376
-974770114 996370270 -180599932
-984029605 972669756 -11562436
-984529395 989865015 927329128
-978782768 995819252 674319485
-989747220 987874059 -964508163
-981589882 971176522 125976632
-995097344 994261956 -781312836
-999996781 983479934 435336486
-983510269 981536378 745188188
-991965225 987562567 378687924
-995747763 971483765 -627829469
-984614740 979043087 698851270
-998125023 975564478 -651422192
-990987827 981045003 201881728
-980653874 982482853 -921054847
-980151847 991663476 -66667426
-996413257 975332450 -185961266
-999797501 972520914 -902659062
-989957416 980227066 -911002272
-992049384 979254010 -372179809
-993452177 985312187 -466862620
-987452597 981470426 361314540
-996644846 991783851 -34670159
-977783346 987265015 668857411
-983807624 970882037 202791935
-986959851 991700936 691981573
-987572919 972089064 -526246543
-998814445 975294262 -608626893
-998516553 991348137 336983391
-995164624 977011718 -568387845
-996245128 998092974 773396627
-972646295 980196394 -337642620
-995488270 970286912 408613971
-983681231 977007235 -937996616
-985888498 997310104 -100008743
-976874244 976894922 693418209
-979393234 982007484 -849744131
-970459435 976885589 -67149102
-999153858 978788830 139804564
-977341685 993518897 738389029
-987874212 990447782 -94654713
-993260345 994021174 -36199460
-985706670 999141451 237761509
-997482129 970068398 390203838
-974194176 972058930 -89428877
-982019360 971158723 -783380307
-971347373 971461991 538891441
-990797729 983850821 -144120295
-998738581 996730373 -464197186
-994269177 979028295 560003841
-983029028 977098871 516779895
-994849909 981185119 -938205906
-988211156 991969831 -103141378
-995466757 988158339 -295040094
-980606442 995671856 471917124
-975364245 975283522 -682416658
-970345979 986048259 -858111429
-980361644 999378622 8667658
-991569547 974940756 -59492805
-985293693 981201326 352246585
-994059902 982444217 -890314052
-971290802 973597211 823820866
-977781832 982933559 -342973178
-973248667 971282006 825433412
-998593223 974806330 -128978942
-991270396 977535218 -51373747
-979620840 993565312 365157089
-992350874 971428953 -939271353
-987556439 981592067 256043184
-984149734 994820105 -756823435
-998465350 994015925 46475442
-980774827 987896590 -969723899
-973330776 998648823 -877613280
-975594437 980220234 -526178564
-984008049 984811984 -39934917
-991369355 986703295 163997990
-978497883 991892773 502955073
-983883302 992224960 170828290
-972906268 978996622 390587808
-978525049 974776341 197557873
-986438955 997608722 577365481
-997671612 993806254 -900435015
-983586402 988341933 367866185
-988592475 970544127 -758760723
-998531228 984825475 66810364
-999628564 972382852 -411718777
-974704342 993332079 -509270813
-973823655 984299482 915739219
-981183918 983232480 -950913906
-993675620 978236786 500674293
-991252148 973080814 606227927
-976914815 999835853 -913225930
-988299709 997986394 -610336895
-992796897 992748301 249675192
-982981560 982579116 -894070391
-998709398 987916501 395696856
-997699593 983517733 129372985
-971865958 978928582 976370727
-970535002 976947377 -98797082
-982622418 978493224 -840833761
-988162162 979028296 -235409062
-994937088 981334553 829335563
-991018013 994326388 773434755
-987741760 981883968 968130171
-994405296 991006053 -549779275
-989861594 994210680 -466402342
-974146183 982801244 92511150
-990000654 990490430 -373839096
-995947433 970176899 -472073824
-988785777 972537117 -366974903
-971870302 980995485 895893475
-973978897 977853829 -61780371
-990907716 991492432 798797595
-983399347 997114352 -382754824
-977456685 983012387 -819383110
-980540220 976806311 -850832816
-987121995 991314971 630634193
-970444612 990311227 117557771
-971316570 980805504 -263015954
-975623579 994230549 -947609599
-985925179 991475986 127466753
-983289584 970953296 803671038
-994502187 971202353 -688109577
-980144171 992185358 -186722597
-987899202 984841535 970663497
-984871036 997839999 525926657
-988294404 990247681 798254269
-994341605 990475670 -917924909
-974053331 985528078 416693033
-989588227 979106711 804472745
-975887246 971562444 -581608674
-977896019 976197299 -616736
-998768770 981143464 451763274
-987840857 980699234 862697802
-984715656 978216791 -960664840
-986887818 977807031 976537142
-976616857 995839768 360303924
-974419405 972714668 -268541469
-991440043 983158795 575988599
-998265828 993573450 334625322
-989190988 990733703 -505657662
-993425396 987314598 -212161701
-999738381 975596141 -931763968
-989644239 971546809 -836600125
-983640083 970208854 660249654
-984474240 999712948 544765027
-991173445 992163953 -712327143
-988191163 974911902 693786265
-984859220 978204916 678500541
-992236141 973550209 476908880
-979458533 992780103 420952385
-971789920 974951251 668723141
-994777788 972394830 734789077
-982413731 991520651 -514074340
-977246170 985533899 508314236
-983229073 971679042 672081716
-995317077 982578625 -958636897
-992608134 978264925 -223583825
-975832465 999365894 -59338953
-988200690 984992569 -8040222
-980929098 998353767 -346842953
-980849647 999603411 -152485233
-981973305 979015738 639864854
-990756885 992596407 -621196345
-976478288 970382513 -560338615
-988867264 992739220 -890674615
-992535305 973588272 -229364329
-995163293 984037369 423341281
-993860035 974466492 -134326893
-989749059 976328305 687794261
-983097529 999247813 787662260
-998424247 972728909 658479956
-977842536 992604438 -599114610
-995635729 987932457 -872171462
-992205377 987721883 446072056
-999807606 986806054 326009749
-982715463 977996166 244904447
-999437947 988196843 920840098
-977832046 979523274 -721926526
-971102563 996172766 -631459569
-979785439 978348219 674903744
-973029380 984053693 681961416
-991108417 985313131 -512474584
-999893809 983960039 -162088514
-990829634 983794899 94841650
-973112242 994152763 -734507618
-992483685 983300061 -27716708
-993338623 996935580 794459167
-979326663 994797549 -404710707
-995345764 991781275 -246547790
-999626123 970851712 658606758
-999538531 992789630 -289873888
-979571463 979782259 -92069650
-975088814 976909126 861219455
-972427121 976200748 -36823255
-991940781 980196668 -977125808
-988980102 984824480 602522687
-989300065 980829211 -168066582
-993500234 993403519 -656386269
-991964811 973909759 540347424
-978654194 999451708 -202573554
-988506167 987109530 186995262
-985719234 982813952 -943368298
-975687647 988345752 -45902059
-997814271 988193826 -8258343
-975564413 996722221 449595035
-992278474 970880838 390985277
-989148175 989733013 -995499992
-989255160 992972730 402885111
-983826049 971561902 836904025
-999687097 980615233 -815297580
-983189552 998514754 418904448
-991103188 985416736 -759004435
-983146928 994619065 184552302
-984964332 985827848 224978631
-973966223 980799173 -595222346
-987272933 996411911 873379788
-989417273 979589951 384055506
-980468150 988642507 -518780099
-999447962 995577302 638376059
-984355045 976459496 -877091581
-978820131 971937006 169422464
-979822034 990454114 -849267663
-991699325 978753267 -992666736
-981778693 986062785 -176595877
-998646216 984467213 619379222
-972152969 998356103 -1767021
-991780959 976529542 -522361226
-988094715 971487892 245628766
-994441485 996202010 -226675589
-993268265 998665005 574860493
-982578440 980930863 8259196
-994546260 975615014 -190520355
-975217791 998923755 -388219174
-977232829 996794133 912965159
-994496984 991733855 526226553
-997845334 970253482 209172025
-970942072 982075149 -999772516
-993584646 991477371 -42799652
-994479582 971074240 -850740358
-983224601 987143336 786012181
-983208391 983951956 -942607777
-984464076 993073839 928055782
-995719843 987723010 -549404834
-975726914 985735405 -116763014
-977196892 983775790 -12646466
-983855465 976216917 565549049
-993510621 990846974 -745355151
-996487708 992234134 747925376
-970493792 993220355 49153794
-999167090 993323742 17648714
-996325356 977084787 -616300400
-992588802 984288416 -557895103
-972163744 972629758 476284579
-970347690 993216065 -835018309
-990871015 973968601 -921839315
-982145221 989708723 -175792910
-979078744 972043634 144538131
-997907750 997992979 446524304
-980152595 975665732 -456821749
-988304710 986679929 -363839184
-988511399 995024616 650056468
-995735994 970873818 810538945
-985887630 981433369 336360984
-999542859 998617878 -396094675
-971265186 980251323 659145756
-970133225 994081696 -453187929
-981784308 993877134 -911118758
-970580394 986401656 9352938
-993126235 980740116 -980183940
-980339893 991847235 -878475765
-974195220 973402947 513256029
-979579412 975773907 -354194045
-996805531 989912760 -319003872
-999430652 986557590 191076108
-977954388 990821841 913263800
-980963965 970497566 -495035026
-975835504 971298146 627187355
-989759398 983795365 -975915270
-990919482 982646559 576019046
-982177879 997609435 846032128
-985820452 984596851 801584772
-970198309 983389023 -869155153
-989060206 990602022 11466807
-996852365 979221062 294944020
-986491490 998275547 147680519
-977088308 979245459 891965828
-977319816 988405546 485826152
-970335718 995236765 -518000050
-979854763 977597912 215860198
-981931435 977605044 -638344093
-978266333 990843628 485416530
-980138151 998783831 666035876
-993824525 992546096 -214275201
-991111441 994572158 294624129
-977351459 997513365 -405507116
-970025898 988346655 -997395204
-994785590 970484125 878200362
-991411355 979654421 -444049934
-989614563 990786186 -577026976
-991892230 976516369 645224253
-992732759 978191120 124487824
-996876916 971588888 774099717
-978733686 989115296 -158708492
-995259636 971040674 -816719253
-981765622 980273766 -829335178
-971351911 979356909 485019508
-984070648 977403869 381981891
-984641966 987329089 -203660250
-979944232 987291400 -948581791
-974265685 970001124 -273498459
-991880534 972541001 -929541253
-995842342 982273090 -880579471
-989382223 992760964 -765266411
-976965435 975107675 197200311
-986166194 973003930 146986204
-996353481 979462227 -98486916
-992820350 992418008 -593490474
-990190706 974915984 -929306201
-987519444 978542245 -910161855
-972207789 976636468 -784475526
-977819262 973143418 -152365402
-994887104 975300083 57950369
-975518536 996821504 395088216
-978429506 978776378 79371151
-974146774 983521103 -911167704
-972177860 999726233 750517001
-992170679 995046057 632124488
-978468771 997679565 76521601
-994725193 986566405 -222218445
-977649493 995140244 705321272
-984918071 995661240 298031182
-989957063 981482112 876739537
-984478553 994298245 -940134899
-996781491 986297286 -902662292
-992716562 986651886 118809282
-975755420 975827114 286279070
-992790194 999670736 -906914850
-996256997 985039443 322839340
-972892732 976252317 343188097
-973610218 989344587 -156278599
-994019169 991135634 -316735258
-977707121 983837450 655189433
-991170788 971718132 506372574
-999056912 977393171 -542643742
-993412302 984860916 -132626842
-992457125 985681690 -739325433
-980565754 981265325 -889151114
-994228312 996532653 -888036113
-989752018 992963158 -996818533
-974730127 989552038 -981464082
-982829351 980300598 961413452
-978711992 979800001 279912324
-990776048 995324130 -19183033
-996406482 986560895 -36341441
-998622922 989836538 839397488
-981471109 987013586 697915218
-972340259 974378301 -591897105
-999732925 982637520 962909431
-972069258 975805457 -790475318
-986599586 984434444 284646129
-971131773 977937990 204237179
-981065195 975261501 697543848
-976805130 985417834 -22797426
-992274989 990366205 964274030
-992682430 971439812 852590622
-991502840 997507670 -934415674
-977856336 971072757 905890639
-979759796 998721421 -653520444
-989511085 994248420 354883473
-976457963 997702243 -718290742
-978401545 992951759 -198677644
-993738810 980486937 794231263
-971507784 980133597 238663074
-982745059 998522005 86961409
-998496805 981326606 -699788656
-999418212 981336066 79001626
-982898834 992929502 -744242874
-994162789 970253856 -828499299
-993773276 991594407 462662991
-990356727 990399079 -536994520
-984403299 982290308 -604533275
-982864702 998101539 -941524277
-977565600 975313373 -339003185
-986476811 982944902 -948860099
-999151217 971588851 -984978177
-993617981 971414996 -158583394
-996204757 986634146 -22132724
-995256191 995999541 -349478376
-990748291 982925082 -118131500
-989822718 971774493 729274123
-978449118 972498075 -448025812
-985711439 972271295 -43307071
-991801098 977916293 657151051
-992140005 990609908 24984489
-977602166 988847074 -24361427
-985173673 996744096 -660495422
-988605314 997148011 584734110
-975098673 991050155 -217369624
-982989888 995396003 -912629488
-997128000 982486102 -556596045
-973331745 982679291 202227033
-976958949 997516924 -452811743
-976590091 991765604 519937276
-975069626 975380833 576851525
-990649140 982251472 -199809402
-992865337 995102914 -150351825
-977343257 979534028 -965202144
-995410762 992496291 960905603
-973726045 988601626 -673183041
-979984702 974304478 535077901
-988145050 996631262 -368261021
-998191797 999198546 308093429
-970041420 980892078 -168690383
-991609989 989994552 446190021
-999913671 970545760 -590861718
-998213121 986774488 -233847603
-973129054 970554801 710624303
-991671346 991430703 847650277
-985800928 981149754 581517353
-974123281 984899106 120467460
-981437726 995902455 -718433862
-985103216 977855148 -416466202
-990888342 991953296 199270559
-974937469 978259183 426059168
-973888388 980650427 -912447356
-981504937 978637355 -886793185
-991463311 996841333 392965258
-973216831 983987582 -680141603
-996281430 984776670 974073940
-976947254 987024448 -6509526
-975915319 981686342 -542299943
-995999312 978275460 -935316323
-984548586 978089965 -82904215
-978936360 986335062 -365036827
-978516237 975997115 -723223502
-984706451 999426681 955612302
-986853441 996944854 -548853609
-980238011 976437603 -420062395
-998199299 984161008 -287701037
-985171223 975550206 -898623558
-975084071 995406242 488611120
-992899114 988307759 152875491
-997467147 994916783 106901642
-975517951 998087554 577047540
-974819586 975411789 -122061780
-971467042 971822166 -66760612
-977796478 995657460 335166942
-980629042 992618828 -135064396
-973611895 988946856 -213840853
-986586864 996307586 -808568062
-997386244 981740363 -991810943
-977796966 986361127 -842339895
-985797403 970755096 -147051850
-996292485 973303053 -380124549
-979877679 992214678 -50791773
-984998507 973329934 -962145639
-996056567 975170082 -47648314
-973136938 978799378 -898572978
-997065131 996351881 432011759
-993839418 988243716 -38876874
-978311423 991918368 956993222
-974661326 973740923 752288495
-971821131 995679735 -499313637
-988257213 983799508 76286492
-995961241 986985847 479795004
-993717756 974017590 -389646172
-999588282 993165839 -823955978
-986560239 984284146 564304926
-995968697 989127054 -925155859
-970064306 984496643 583591447
-996281697 986060317 458907831
-989232014 971052708 -848808376
-987197538 980040932 561298441
-977753537 984860150 -498627174
-978289778 994091029 482859157
-988836713 972396603 768973722
-977028059 993701733 -36080566
-997287795 985270156 -282035305
-981712659 997454701 -986210908
-995154857 979885334 75909896
-987390891 983676977 344266112
-984810625 986187793 -315623604
-977278434 975484536 -877572963
-986807142 980258286 721398157
-986908923 990468530 927818643
-979025875 985344554 -785577690
-978689987 971185135 -459315290
-977915307 988266724 112617119
-985206095 988664318 424137352
-994766770 985006944 127451087
-980436341 986814586 -939998150
-981244719 983621618 -471312526
-987138179 979287028 -214021533
-991665987 974559076 390879533
-990218084 991558240 -955925846
-993671698 978255209 -91992869
-985883507 999672225 313872090
-988639200 973528020 -551163448
-988201554 989413046 93590042
-984815714 985095092 222209403
-977532295 978001823 -267177616
-992542944 987038280 -197737235
-970583080 998291392 -244606732
-979714297 973566926 779359950
-999227190 973091436 556018534
-996075261 991019611 -578384832
-975131494 999226667 807951429
-977598724 975453137 217515813
-984828250 996818961 -926069318
-983917235 996583172 461689807
-976583957 993069262 -594811678
-997372918 997854101 735393703
-974905840 972901095 653686882
-975321982 993705863 -927188751
-988983491 973413611 879071236
-979608058 982313499 638547333
-970261487 974397101 -552341232
-973450086 995918457 -698303067
-970798716 988143274 -386558453
-979967835 996959344 418992080
-978992395 985418770 902687322
-997476297 974136271 979611254
-997362046 981836467 -226749662
-976420098 994917738 -686682965
-978231145 980589802 -527856383
-989257038 995346361 -893488903
-986080986 995995691 334730460
-992387798 981251828 329267592
-992925073 983694849 -629048331
-999848285 970121725 87129677
-989464575 984715120 -850284857
-970321675 972537202 -857391105
-986802780 998117544 686732613
-997994999 972939268 157227405
-995285277 995694943 532150573
-986673305 976464858 -450194576
-970528516 981616841 497104858
-986578342 975650976 -915565891
-991235728 988519806 -181037040
-970884833 999040091 958116836
-985075753 996398678 -551521525
-986448331 982553158 507343462
-975565435 977374559 599619399
-976439521 977709838 238749840
-997464366 987526476 -993251196
-980836122 973137192 728284094
-979649267 974745138 106710718
-983214390 991289237 -483642801
-992627079 999248023 -21742669
-994054249 979536250 -143577101
-987985554 990003607 815719528
-998452331 992332953 707713435
-994401836 981041510 -99745408
-990534652 989976369 127935796
-974936230 989993729 -610136251
-991656638 970802576 -556831723
-984812898 993430189 470426539
-992931077 999619654 535420081
-997313436 989418356 -890215805
-990277373 971410532 -920051515
-981664843 976930754 -325670532
-978103357 985622033 790866558
-986110038 974271996 -241913620
-980717207 980519304 -605045825
-996348524 975926985 720608672
-993623292 974279460 104369817
-974967350 991947904 440171054
-970110888 997704880 -883446754
-987499178 970792694 -67048610
-999182012 974442037 -398618874
-987699060 999150872 -237323607
-985274763 995324258 309119388
-985525549 976884890 -91031530
-995278613 983193334 -465290716
-972643338 988641783 -941347417
-983740459 982980470 -899541442
-984037725 991183442 586527950
-979754971 992818287 577607300
-973799626 987589955 724845564
-981528923 997434473 -271228316
-979306146 975720949 702967905
-974307516 973155673 -974654891
-973973301 974755821 821161570
-971864267 979446953 844880706
-977134310 995198230 184342609
-971881782 998188217 -858550125
-980798369 996475986 723175802
-984850538 991496930 620300367
-999152125 984770461 -948166603
-981125207 980375301 -410131313
-971674917 999553427 -179802603
-983313054 977924490 -809916924
-976364411 971669352 -402546593
-999400548 991500378 -857412104
-991297327 995708588 -248424563
-986888429 996584245 -908860033
-971637238 982008777 716006529
-998539012 972530639 367736374
-973755061 993534214 546855686
-980673443 982183710 -94669499
-996716428 999633110 516783839
-983570446 997078110 -328014116
-976723262 972839736 118151240
-978523144 976125444 -295615462
-989700660 989175233 -491336335
-991835419 990665138 -266875165
-995421928 979262169 -590272539
-985611154 986707946 -829967103
-975209909 982461307 -980768018
-983045975 989474290 -229770620
-994611501 993724527 -60233140
-990802445 994477968 -392540426
-980519759 998135033 386344937
-994309972 984919468 309158696
-994497586 970370983 -905276295
-980876165 993774632 298592682
-978832317 998525325 -755528136
-970318475 972590454 -62530971
-971904140 987819159 -570563845
-975477969 981726234 -695564177
-999501111 982776985 -977966004
-998847221 972130899 583307453
-985914887 978286562 338789205
-991294971 973795320 -981468476
-989640943 977839585 -958468303
-996469522 994491744 -406356976
-982972850 970159464 922417706
-978173054 983014422 916633914
-993488378 996430099 924878533
-978001515 988321640 498695555
-982367048 978448977 77301221
-978946738 991553818 -927144367
-986205489 975756634 10235094
-989659488 990721603 -32499847
-981707228 997003712 -941913835
-971018064 986489148 -243351634
-980245213 991841690 126032174
-975770643 986725961 -276765591
-994799314 975577125 283341451
-991327397 970320603 -941504545
-987503892 999069016 -370154216
-979743926 999679267 22899863
-976586128 996815112 -98284907
-980241349 992734556 -771691934
-994864942 990653852 226669059
-986543333 984585612 360834948
-989834097 998377636 -980450336
-997860652 980724479 -78229057
-980994228 980615493 238379235
-975847618 991773845 -268501191
-991040940 973052218 921996414
-976900361 996513628 -613280374
-997430695 995156017 -950696866
-970409577 995810893 -945877337
-973283257 975344589 159959632
-985380131 998853897 190308886
-989777593 998343418 105497144
-979495270 973060307 -303605516
-998044426 997388771 -94650454
-995469790 982984964 -202921331
-993409478 992032750 -528268516
-985286694 990652657 684653434
-970179029 991467074 284301745
-997826901 973294358 75389182
-975377756 974682181 -810730783
-980338731 987994042 240145968
-970604863 974058767 -522863699
-997401961 978947778 -269885532
-976406716 975821255 -156415991
-987305280 974502195 908099909
-972011393 976752849 -278315074
-978776547 990566695 818879779
-985055609 992499515 -772289368
-973124897 972302777 844218468
-979628665 988489009 -318051751
-978043674 999429241 -983107171
-976551203 979719884 962732803
-979920994 970928172 75257573
-982527652 972623761 406913791
-999494683 982152970 53141663
-998505038 974716318 730627234
-986612409 970039271 -257129619
-974722297 978983792 -33391702
-995877406 973485939 -128645460
-997802139 988889656 -844470781
-987219540 999171359 -293284417
-979106578 997368383 226351109
-998669836 975476019 -596345406
-999290136 971843714 -662686193
-992853731 973101358 529099293
-975916373 989615908 -238525015
-981315602 986433125 173203309
-974033767 971972214 106077812
-971272844 991191545 832629168
-997134852 996794820 -711215995
-975071076 992561840 -983371466
-975689907 973947572 -476540617
-980022234 982407702 -532591672
-981002828 980406226 927711343
-994760778 979967727 -883997403
-985964473 971572176 -476086167
-972625782 987471786 511473302
-977374181 989192419 -220573230
-985969228 994909328 -417168042
-978197430 987543090 344988298
-978802729 983087950 -322982302
-994648218 988156267 -756206649
-984377288 971380534 -897617276
-972818040 994995464 910666666
-985778059 970150734 -47029374
-995764748 977725366 -721230182
-975182872 990636654 -935690280
-998063605 986483509 -786504104
-993250820 980319431 -921126090
-970410995 997002502 -971207733
-985075746 989252114 718274079
-996933734 996483294 -880481733
-977293728 975880609 -598393562
-986054931 979787562 -922691031
-998535272 985936636 -696834303
-996426954 989322493 828276753
-974601752 986545638 674725719
-992605447 993248857 -860934842
-984892292 970492067 456896142
-992016216 988641112 847411009
-978555282 988062949 -977504728
-988341975 983921029 92153969
-979624709 993492358 -100000163
-995242901 979550245 939993927
-990055696 991503887 69560681
-978740807 977590844 537468476
-996131427 982102894 -854797137
-980567635 980309272 839052140
-998003612 970117177 278543350
-999813053 992404846 -816828606
-997069514 991188709 -577991658
-987783875 980811424 505919462
-979053384 988710323 -909181624
-970211056 997712352 -761122784
-990743237 985217375 -293622356
-987048456 991299063 -535311510
-990409422 988687485 508675947
-980587099 973769886 -932439553
-985882983 991151298 42368748
-996598288 976751680 -191928721
-995947390 993470235 -427803296
-998823725 998373618 636270015
-986044768 972049014 499106970
-971680440 987097953 -745248492
-972472788 980584907 -450774859
-974077428 989027285 146440223
-971427246 983860895 327547950
-982954385 979403375 328731609
-982441622 992389590 -119157984
-983324900 985476533 -275609990
-972245727 975593144 -910915022
-978521755 987933889 -121003950
-995524805 992639151 -32633735
-981031611 995163509 -541660262
-974262259 985638600 -75424540
-980928411 987473881 938673147
-999104236 976145566 160462111
-983919862 986394977 -782328664
-980440208 999541965 -480120644
-990145357 997857006 692675107
-998117524 997244394 -36973072
-977710791 977712357 -555812328
-983034426 979728147 362896255
-982129800 997478602 130062797
-991947019 986548602 -484644731
-991016749 981811232 -493484438
-997393427 974185794 241464634
-971605212 997713510 463160285
-997686070 970843893 -985988358
-975539685 994168954 -881192147
-982804242 976791310 -158521010
-982083205 987365004 870019719
-983294934 991191344 276682441
-983322621 972956174 658041593
-989732066 983231247 -552459622
-991740858 999593091 -25916868
-979553555 979257844 246955189
-983106586 996634773 -89626775
-999065283 985762063 -592556423
-999573068 992740202 351320173
-976799371 987221830 -18182736
-987010040 978081419 892235413
-973052782 997062675 26933690
-980251815 975542869 137780079
-987637716 980619983 -276396927
-995719986 971114435 854363231
-983665291 978099688 -288360787
-978880202 999249940 961991389
-972864145 977349911 -673815298
-979340167 976563572 45334224
-989100496 990424885 413415515
-996863270 993578786 -867869985
-987585760 977200795 -724879601
-994769050 992570985 -622426384
-988386726 980641413 427783570
-988134281 982644647 14354803
-993639109 990280881 -965561415
-986056190 971344463 -898755024
-986422079 990620298 109278413
-983575578 999263985 -914164305
-997246560 986418988 485197062
