2000
977801984 -972396500 401615273
984889952 -982886758 -357581924
986912276 -979767525 263316570
979710441 -994179107 -970727619
991808237 -997401644 -82845346
975157359 -991498342 -969190880
977792304 -979544824 -516268815
989935767 -998197433 470396855
991398212 -994267215 -706670977
987525283 -992525775 -575271103
982598825 -979270053 434003006
998578918 -970918232 193195635
994506391 -992380734 572182760
977437966 -990297749 -227643754
973380739 -993005733 1465096
985953134 -991541423 -49879759
997263736 -986057325 769481054
975987593 -976935400 -189070212
997251690 -992584180 -99400566
974807518 -977006512 -429833155
973413894 -971187165 -577712926
981676401 -991589940 -995239174
992947137 -993907023 -503818343
981793022 -994542815 522517661
997891517 -991482213 -764741327
971123185 -978867697 559191492
980018527 -974039591 869544343
972082739 -976780806 941530139
994987624 -992653150 -936224665
976016894 -995714652 -881107158
988242711 -978098462 473476794
986917641 -984461678 -759883553
979957147 -979613728 690350479
994025792 -973848066 -599581788
998731688 -998952729 -198320696
986547904 -980687759 55518586
993076146 -982409120 66246249
976842888 -987575352 562055900
988715932 -995294788 -140920968
971508296 -984494823 -591988250
983941204 -979022151 439862058
983492131 -978617046 895321550
984015440 -981723709 -978617968
979342174 -976972740 278242824
983021025 -974260563 606983576
972404390 -979687748 -862659311
973028631 -991791115 -96516750
992628918 -987543805 -367396838
995097314 -973431132 -725385794
972692703 -983091477 308535267
997813289 -970145086 -804405699
983961752 -990300283 -911143346
979607940 -999772754 559605097
981317158 -972783742 -949193350
994761499 -989083236 -412223260
979021269 -970094564 -956047949
997957233 -971856687 -939709517
988211276 -997179718 445730370
999017227 -986066355 -619499069
982530466 -984060980 766200562
998876155 -971822699 -989822361
994753033 -994256681 -906966863
976858619 -998027156 -24447095
987916492 -978673559 377882436
996964086 -970255595 649995515
991554428 -976922997 974030960
971416319 -991709811 837437545
975571222 -982577187 842318356
978623651 -983871650 888303098
974518912 -996464494 243004719
987879059 -976639286 713742119
978589888 -984886989 607405538
996392811 -970601342 -757818656
993902502 -992409145 -201414199
988695588 -973275764 -609850119
995367338 -987901289 -515266851
970881550 -979365813 684101426
976137774 -991143418 -358514890
988457519 -976083842 269524128
990868919 -970417438 42772231
995758679 -998924131 291321449
993854361 -984378193 -444762496
994900592 -977135858 -947350551
992424727 -976198229 -256055859
992439315 -971153607 448634888
994933922 -974074675 -932632592
985313123 -983833479 -721716061
988770567 -995342729 -276784782
975926578 -994848329 -924093854
988354382 -996087666 -214031118
982217640 -988213723 253895222
976623705 -985289805 572654088
971243305 -986269789 906795924
973596579 -972898050 518606803
997811025 -975228939 -298675903
979534880 -995610741 -871701571
994378356 -972106313 36311829
995986521 -987877136 -330562668
981372952 -993143590 997518105
983874548 -989292319 -868597906
982209837 -990268204 41626656
983162256 -982054171 -612974218
977669962 -989061090 978705295
976361369 -972697906 780753392
985384925 -976945681 -304644925
982565437 -993590596 366961747
996088179 -979639720 602845544
979022349 -978501621 752006436
975294410 -990985682 -20375782
971934136 -983402966 605096715
978379930 -998588949 -55346280
981053560 -977371472 -598076595
992989434 -987626245 603147723
981594753 -971795231 -824292138
987925307 -999895191 972172673
994536242 -984644289 880324472
992266113 -986681744 -629929024
988772656 -982459836 -896149987
992020100 -971965081 -426986527
975641475 -989125514 141794459
986310593 -996069222 612086212
988405153 -987272310 -111179985
995341954 -982883440 434577015
990666047 -992052312 663473205
981845047 -989393479 510834106
998185152 -980144467 -149961567
972027791 -994528343 110063409
988829200 -996041870 684637406
985496289 -989932108 342984170
996060800 -973495037 -819196985
995368322 -981526445 486353828
989754963 -972246870 866210771
998048182 -991856136 249768078
971796517 -990508607 138431835
977727753 -978501997 -619313845
981108371 -981254526 -866160977
981227199 -971507997 -777408764
993836894 -978668048 -964439164
981837337 -981248651 11022267
990689426 -990732992 -603002112
993816160 -999868803 -991076581
998717234 -996223869 706088100
975024993 -981036293 -519072819
995117697 -973103495 -123259382
971267206 -985541963 848855993
983181638 -975720044 -727494186
981800216 -981129667 356521007
999116850 -976594740 309332718
989668867 -982383464 964617119
985353723 -996038106 -616471384
993890499 -998750656 -268342251
995862767 -984853879 -247253461
993100686 -995620613 357127990
989499821 -998117681 -900528232
981650275 -984223736 208652146
985672307 -987911268 -215528411
998147526 -989800837 -960236299
983967181 -971708287 145388597
997639517 -982110192 -700280931
991686470 -996829699 167019909
990788046 -992382774 -673830596
990327174 -974930480 57933943
999451105 -985073593 127376560
990158081 -972264340 -62345177
996421611 -993445400 -777628067
982526117 -988346722 107180886
994437289 -982128833 263922347
979890067 -978078396 404148889
986483809 -999943886 142382978
977328068 -998737516 -959980875
988853001 -997588727 -610339843
986150408 -978190937 -456005386
990575093 -986324349 -23560369
980454345 -997111276 275176624
971623072 -983542353 -464513031
970116418 -987289833 -350741305
982938650 -998122375 -549253917
995289861 -970218726 -62452971
995321478 -976077595 -851359002
986786437 -989957606 -665980481
987893156 -996805092 -866633730
981470912 -970808784 -848014570
979726314 -976250303 55042762
975794979 -976940316 -648354796
988578899 -972707629 -624091039
977215234 -982686449 779480575
999373178 -999115682 -98243532
979064817 -997323465 325117283
970870376 -983491441 552530984
979311536 -999768700 -504892007
985015553 -972733181 -41119339
986159979 -986664573 873802999
974594868 -992344280 -637649402
993773081 -980042124 19678382
974671722 -993648990 838920024
974932567 -999379134 -406684840
999615658 -997483848 993189140
984282035 -979519066 964402149
996888025 -981072587 189821949
985618314 -987938428 -362487220
981677266 -978158393 547996418
976642209 -978230868 -436596365
990597486 -974658694 -858118716
998702360 -982396027 528634215
972727935 -977085067 996705873
981618575 -982903966 348949555
995540194 -987497381 -306971114
970517601 -975160284 558029797
973228909 -981236034 947057696
970337908 -988051859 -84318480
988123246 -981514081 -650739016
970890931 -991767961 -178046445
985113192 -999957675 730475440
998784766 -983723349 -707100368
991698483 -992848516 -779027558
980997896 -988040592 -7936332
980491380 -978444585 -246711339
982859599 -971072161 -126240680
976873213 -985522303 -884664418
973564496 -976920081 -872748622
983025273 -986424943 558908566
972996096 -998230296 -193397712
972707041 -990081325 -373019188
980826474 -986883994 -167785849
972134788 -997411208 -992403603
985115732 -984910575 647629511
999914105 -992558875 -665571714
971711661 -982221677 -560548531
996709886 -970083731 -721606361
986611947 -987663691 551756247
984379832 -981793944 696137830
986241058 -988889009 616051447
997848042 -998697318 645860678
975138818 -994335199 -101159133
985426245 -974448991 274267493
993595735 -973369877 -160384541
972148875 -978397856 808682870
979326707 -985452090 32964103
986660945 -991720835 699069277
972212892 -985354175 -43959561
980233573 -991124433 -445756617
999171530 -989771045 -951419159
992518170 -998506394 -617278979
996269394 -973867203 340222694
978205674 -977070116 -926837102
977128468 -975130730 872840811
985365380 -977050872 931612577
995522905 -986495509 400845605
985054388 -999149258 602715622
978249342 -988216498 843113286
980434525 -990080177 -8471911
998698125 -978555896 -790210477
987029784 -980013047 983683938
979466706 -989771703 953541374
981748090 -996996287 -974837843
992725934 -979774562 510306763
998644053 -971843612 -685844502
992350959 -981815390 993115065
970558168 -982172980 381173140
972945064 -982590852 376285827
981282459 -999204782 -320761630
973993235 -977087831 405498011
986344391 -975325459 312467562
976808889 -981893656 -915195881
972678877 -994966776 -948018624
988004860 -977603060 -793527479
980521733 -994234113 -900039939
979377755 -992948810 932595999
987859365 -988318550 279870276
993096820 -980516336 86457817
979962560 -978049950 100328612
984732600 -985053340 617303894
973228106 -996504362 -287564620
980824115 -971695751 -512194298
988978807 -989967484 154392926
993981621 -997720524 -895520604
986401025 -999883816 98245606
996166111 -991118516 -538536666
981834591 -981148629 -529975118
988136923 -975448849 -551315154
987252656 -982396198 -495483617
981314188 -991697929 -942756196
997429703 -982896325 542674987
996694331 -987886701 307199847
983417884 -993576878 -479532517
983221960 -989205528 421477875
976172124 -990543755 295362324
987551138 -983953158 -941232026
981133269 -971998278 -422804578
987008211 -981345918 -486345389
977009138 -997474429 -976471390
989688087 -997990661 -614007140
991826188 -981712197 679834502
998710614 -970471083 585063101
992298179 -992862926 970463207
993062393 -988983156 57821792
990805942 -992256451 448908724
988204296 -995700401 61656492
976157922 -985681874 918788718
985653762 -989518305 430274073
976217378 -972985236 -294802953
988764272 -977324958 180971895
990804679 -990244961 -127826157
992518331 -984707993 -214938070
999308029 -985890288 183844371
993199054 -989012803 17278780
996819344 -975307392 410081027
994248896 -974043959 443600893
998410147 -986938538 851608080
977108598 -987354312 -140011943
988447169 -994458479 522758344
983212950 -971797848 719767895
995605029 -974230081 24208748
997296663 -999050239 580856905
995216487 -989782782 695515979
992190124 -993080510 162788887
991391366 -980779694 654308855
982113767 -989410605 603931868
990338270 -998225855 -970484164
976500325 -988234934 768728502
992918284 -984229689 114004646
976532432 -982715166 632225199
976141780 -998730462 530620465
999620007 -991303429 -677181947
974504537 -994012595 -969920601
974491216 -998355402 -19205039
981549650 -999190568 -145389401
995720748 -978333468 262122657
978883686 -998952072 406374106
971044015 -972753678 995606570
975173022 -997229840 -946717960
994028366 -985416911 -890265358
983480756 -989735334 235114746
996602434 -987895769 433535496
984439614 -982187091 -857054759
989944149 -993062676 -665776464
996916088 -970582540 -638045026
972851054 -972715323 695661897
988884478 -997060585 -898444739
999518749 -996858813 -417432720
999966875 -994165446 -473951298
993928491 -993610727 434619865
988599774 -987901069 -501529540
998746813 -989798415 -848532477
980489082 -979714184 -429447963
996211926 -986866574 270616948
976174520 -988994545 -116153891
985778496 -988767659 378175652
981692697 -997657779 765598374
971312394 -971207015 -999420860
993303226 -986689511 -463584063
999734261 -975681874 -914222064
980678808 -989932591 -252392073
989197970 -976393237 -507255307
995693310 -972893400 303703733
976063067 -996823058 600492725
987514995 -991410394 544489091
971236818 -979934772 -587905987
985091973 -991371673 -63448444
979814206 -986169132 -202761737
974689191 -992358205 -754812810
985112695 -983282670 -963466148
982948536 -997431907 -312674946
997584307 -982630738 495705245
984530316 -987364725 750094689
999845810 -981928133 776003089
980848651 -982618059 382224029
983432072 -996610919 -555549113
971294863 -974504323 -131570629
980657762 -982935238 -891093777
999603564 -977137713 -357224805
978180101 -983273331 -925516651
983736212 -972313639 -227933907
973350532 -996341403 803844166
994890654 -987753320 175255335
988111205 -986877621 -661643298
972981683 -979888192 -118946747
999150336 -999059519 559205807
978486869 -993427758 254435262
992028837 -986593278 27039849
971196788 -972302547 -401107390
978075750 -997535823 -273417643
995213817 -973838842 -219301620
991913496 -986891323 -538005457
970887135 -972710788 -535115852
989664232 -990093015 -524094799
980076480 -976248404 -723978162
998149527 -972412895 -956407674
995682181 -997245241 150801655
986507540 -982904020 588010985
993462721 -971978358 -979864948
984479777 -982746648 -905715728
987775755 -983661772 -786408588
991772623 -997598119 -876280757
986483455 -983396425 263352654
996278408 -998762657 -343280447
984572842 -996969203 702727464
985720108 -997239422 -941364991
971920401 -975795191 820198612
971405795 -981399295 703887935
980829291 -973638506 821915930
993890797 -976402530 -982826948
999736806 -981669237 -859303678
992048508 -974638585 770986133
976531494 -976767011 117642157
978847925 -982074234 486813705
981493884 -977752199 -347858565
974853935 -989360851 -421276242
995462819 -996903302 554285364
999945972 -985053747 -807315053
989835462 -996200349 270278894
985777612 -974060974 403796064
975406144 -973791712 -676348018
985092588 -990944524 80024972
989364868 -978532463 -872099083
982825384 -972889118 -334303529
979312355 -993273378 -592035063
990621222 -971945754 -936612424
971831157 -992966756 -487070670
971423525 -999564012 -379475796
984657057 -988971718 -234692094
976997363 -998360935 -363513231
993411138 -984679051 -562457432
980621552 -994168458 -171321770
993128898 -980460247 -75957801
975470790 -988632113 -519633125
990866297 -979584422 -320754236
986466722 -994345760 -901924599
995720717 -997903293 -851146527
992284369 -997851054 992805125
990510327 -979969075 -883317137
974068422 -994764244 -299568421
983380250 -983507915 281980566
988229623 -991891308 144306625
988459445 -995808084 -591165820
992454428 -982357806 599136665
984301562 -991998135 -261183241
985367729 -981551198 -962924271
986686888 -979185142 -906469948
995626505 -992361896 -129810813
997795641 -992889253 725656025
984540100 -977474355 721862907
987019053 -975336783 729450615
981871854 -982190117 -95225989
973661527 -997942746 -497410676
976728005 -993759817 -93747297
976748866 -980356061 904641055
997879404 -982903567 256546498
985576581 -980403715 210837985
996665444 -982383077 -242210605
998599386 -995891994 -688464349
996618776 -992916711 709975175
992745591 -999896220 -74036548
996364957 -997301200 -861729049
999057487 -972800530 -678771118
981230161 -980715858 674727027
978126136 -992257940 -137797667
986720697 -986118151 -998927712
990330721 -973074702 -290923187
991787738 -998565008 -49713824
973164005 -983287330 -22126083
982992670 -986964559 816121012
983946559 -979922251 -839164683
979644426 -980563351 243116463
994232255 -997765020 808124825
970924391 -979682671 -744581521
974789118 -970540412 -870906247
979857185 -972215295 523259436
980626456 -997292922 -130538602
983098603 -985518923 -969152134
996365416 -988542243 833602309
981680295 -998206051 -101718919
989105110 -999862051 695778178
977944743 -973943217 -584590231
971885624 -975614675 503530709
976748135 -996914747 -271373770
999840211 -999520723 452134284
985813509 -996095252 -914993254
986309167 -979067835 -901521803
977270424 -972744038 -922963608
999998739 -970913387 464988607
998812090 -980181214 938619464
977038345 -975904283 872961311
999989445 -992886746 642646551
991241830 -978434873 -125197431
984170583 -981788055 -627961428
973530593 -997508105 -463988194
976206289 -975346508 -801919449
974989899 -972146917 699528867
973575153 -995435196 935621447
970080916 -976889750 746971052
981017958 -999848111 -230054315
993069726 -976349743 -880961928
988376098 -980218360 -386177885
987066006 -989676501 -605948968
984559789 -974729098 112568315
993784813 -996719040 227670032
977915538 -993340834 521402761
979369475 -984754958 -908785337
989588615 -973776226 828420478
979139499 -991255704 -899430342
972979139 -986970398 524996528
976140973 -976006032 976192331
983747668 -982277495 -281942400
982873112 -996114943 -462574015
990322183 -977371290 317269180
977383399 -992644821 -866347020
983247229 -989715147 253084822
990261386 -994669635 74344484
972922950 -993389911 503317252
979749783 -993820356 -911529640
984165378 -996235622 267611732
982184078 -990487466 236561643
990899795 -970261603 -125637258
986218682 -995596099 -261604472
981156512 -998867625 -307140137
990730073 -973288799 312927776
999972643 -977536147 671583310
991181863 -982257649 392351038
974446849 -997947732 168281134
995368649 -993811362 -749741031
999709142 -987462203 706574498
978050297 -972916413 830998247
998414810 -983196542 219383695
972558746 -992345654 -528355987
984900137 -977474013 -954799280
998401122 -988785565 -737857022
999588241 -982633497 -1690838
999793740 -973775202 444294790
976129406 -972914991 -644730093
988933253 -981628129 -950976393
990602787 -988934464 -375534225
989799087 -981516121 677696304
978584937 -993655258 35375432
977354708 -996231600 289146893
972296364 -987055297 -472881473
980391364 -984090609 96575548
985607473 -981066643 -667768310
971735799 -995204235 -397613105
978331161 -979981455 -342037097
978280201 -980060042 745987886
971071521 -978022898 899939941
970475811 -994310489 575753358
976833666 -985316814 177113246
972996197 -994001880 379939741
992590146 -989761256 892034775
998435400 -975862097 -204588151
976710150 -975513026 -990064795
986797967 -978828753 762770722
981221759 -985099591 -64025602
970569330 -978082582 306438800
972065265 -978386934 -547729832
989283546 -989047391 709032467
985072546 -997447042 330524296
984963816 -971559146 -876566929
985646026 -976722845 631929072
982921004 -970902309 151350381
982078298 -982962075 -657080046
972827154 -994674612 392313804
979403742 -994042940 -511641912
974009723 -996462997 -923167981
970105808 -990201651 -694849620
996262964 -980002048 631758795
978663182 -975021547 -856172786
979730406 -972651178 -839217184
970643965 -993459823 769640469
985684934 -994416068 -278325668
982202767 -987755794 -391385866
980890626 -970023873 117532844
990275859 -998007623 840701195
983388508 -999306742 -387624685
972426993 -994161359 -209620675
991892637 -973556227 -402551771
973075420 -994323368 675660199
973057667 -998772831 865321632
992838810 -988570728 -378390900
983071959 -998414340 50347452
982713871 -998708821 714665456
974793701 -974572715 -44571158
986758526 -978623895 538818376
989036457 -974949814 -347831190
982775698 -973353746 -554073962
985163137 -975527132 702160644
998746943 -993977414 291973115
972801729 -990656249 -879954122
992176248 -987899542 32848601
996605422 -989081710 -904893433
998775107 -995757905 480065982
971437607 -972091233 -392692292
993109010 -984368103 340022846
975028369 -971061318 491136754
992319093 -996404129 563615190
991484754 -987954582 389563894
998444747 -971977641 -859309115
998888472 -997896180 -138069238
971927930 -996033328 597268099
983740165 -991028570 180675371
999706771 -973961608 -482391970
996042288 -983809176 -246787540
984992426 -993068711 -60839989
970537470 -982014739 -960749929
997496480 -997779698 -149182588
972539957 -975392708 235163317
977899667 -981710064 -910004057
978927515 -998901980 279518147
973727107 -983514106 -948595322
978979757 -980437404 -252447625
981787862 -976173335 -685121409
995708068 -989264486 -73144598
984782963 -977923686 374527822
996458932 -996123203 878026308
985701263 -976068562 591919073
978603711 -986577167 -926990697
976016889 -989001581 -296330740
985994728 -979797663 -82036293
979116268 -988390457 682434402
998082836 -995447620 -859075842
996098821 -995018659 -829967849
988450074 -984152591 -943374001
991133966 -990625208 -224132964
999418649 -990630453 60214733
983222164 -981551900 -783292826
972402605 -985980037 -709685839
988835847 -989770273 -69180845
970234110 -981276520 444477973
987649341 -997325474 -722060623
985050266 -973292123 -316344803
975210545 -983225801 53765611
985015903 -999316311 93399523
977446051 -979100316 -573406186
977353112 -985589064 -208361154
985753035 -977497627 -85650642
978784481 -993632475 -277651511
996027883 -973159210 493638284
995154446 -996834549 254211299
992407322 -990043843 -979628323
986279584 -996821426 396535087
997928912 -997132021 -555735634
972892605 -981545093 -189219048
978578284 -993388546 47065515
970815583 -972340857 -817562478
976185689 -989659870 189058139
979655204 -978581374 64883592
998668903 -970465780 132593611
999183504 -989875671 537397092
978542079 -977013723 584073508
992436591 -991887351 -879972974
984650664 -977832432 222038909
989717959 -983223997 -107444854
973435701 -984421460 328471013
977230488 -977379052 989990652
999990702 -984989017 500701816
996760541 -977644931 443534520
982253982 -989182597 -826002867
989315313 -989853837 -894002985
980903949 -988785571 -998185539
991124031 -992079820 -821116783
997182899 -992095093 -215840068
999709663 -976632629 357594782
982802651 -976256469 478212471
988685052 -992931474 -683748878
974487504 -971657229 23402486
993691658 -989481381 -621969243
994483464 -999100423 -301004539
993537197 -988044660 -662772968
990682649 -974574005 -68442903
980778102 -970617810 -410536640
978228328 -987857690 530895603
982467195 -970891857 363404288
987503163 -982001693 -856910671
985276806 -970858016 -816997862
975434068 -992999652 616609925
979545823 -972028302 -975084496
988394590 -984976710 721027012
982277787 -976929712 13602944
977747369 -976697316 388797310
978251443 -997749175 -671239344
990647161 -987797019 -858279221
974649512 -983114696 -157233461
988992360 -992631033 -875959002
986468259 -976607012 -732870853
986027588 -993374966 -462168561
991598173 -980306886 -499248618
983186900 -978857208 -283279439
976767724 -978414280 -658655843
998963359 -995355756 -991044988
988071548 -972200267 -49633550
994773713 -985663010 -128029270
994746544 -996397027 -228796319
993566981 -990478764 -226465847
976287831 -999214777 -41026033
997206746 -996273921 -567145253
981474046 -972164823 -122129671
995947394 -970704934 97822471
980023079 -997981220 510935354
989577262 -985087981 -121850126
976031062 -992496185 990040466
985660238 -977430881 -964855063
973948814 -992351201 -623263894
988866914 -996828521 -981532468
978096464 -973491754 495501761
976102172 -973955286 -735969988
982034625 -986631560 -692949761
973532776 -978124077 523514236
994531394 -976442170 -839421019
980803229 -974622859 136409726
972685122 -971411270 108776523
970492078 -973729508 -348860818
988584265 -994437132 839321200
980867423 -996853202 -968482821
998077497 -984800804 -71897059
977179285 -992970270 628783435
978357205 -979331612 -845020036
981717673 -984310013 79969419
993820923 -993568861 -916221688
978281471 -977414628 -13234377
979576944 -998175076 798670200
971444800 -991949757 120944268
970951224 -973600614 949890987
992213477 -997457472 602654665
999373164 -976329927 764765866
985881798 -998575573 -675636877
979789509 -988386120 49116729
978395272 -990380060 -577771589
973629452 -985638787 682807259
998425866 -998971405 23526735
992661153 -977556956 113898420
991840833 -997114208 -966678520
976224650 -983508453 -484163170
994117894 -973498503 -950010303
991349834 -971564799 -744769224
971420596 -972657297 17337721
996834854 -972839976 -986236204
975194362 -986836071 964707903
985122298 -981854141 785952285
972981928 -980132190 30575873
972871748 -997377205 -165179239
976774303 -998305364 122006278
971329806 -982021895 -53685070
975762763 -975246913 -750400163
997978145 -977503541 724807957
999619046 -983186021 562194986
999891544 -979772012 631190503
978055927 -987643516 -981842817
998582804 -977348493 608697152
979552464 -976860104 729395501
996310271 -987240376 940521822
977123230 -970019351 -986506298
988570237 -989714025 554198938
982574004 -978500159 -712915579
976413215 -998307353 716810987
978655242 -976544476 -201408672
977601063 -996185382 887106345
984163936 -994448243 -970534699
971833807 -970870195 -766553386
993549881 -999973880 231050151
999573799 -979031555 -430025281
988819645 -973489442 -616656561
977727209 -986010733 321305679
998756604 -979131941 74427329
986898361 -997528912 157286766
988525497 -990967671 -327261692
978733495 -995141861 -703694001
998138129 -975835817 932409329
972768119 -981770324 703449371
982471101 -982126370 418397293
972787183 -978986469 371911745
983522375 -970469976 537339179
984553997 -986227091 -734111976
978214789 -970453352 336289561
977114141 -997795933 808647960
981065996 -999595149 -538027691
989587753 -986533761 19733429
998748602 -977126569 417344705
999054806 -991270121 -895920747
995597841 -985728980 -901805455
996913391 -970170472 672841379
988864216 -998918113 -934472974
989342065 -984161519 -150471670
986607781 -984169722 -213592991
999065991 -977682934 285654339
988819606 -982127593 -979794268
996696677 -988677125 919138233
985412134 -973529020 -777982532
996179425 -989278551 470537340
985968422 -982655633 -366573766
997772778 -972050107 844020659
996787209 -996256503 794478438
978663590 -981268061 575908027
991187243 -999723132 -113389265
984167983 -984057329 -879455969
996451521 -996327179 -375181449
978643749 -992430932 -570149580
983399952 -998108737 274784968
986983638 -994660028 -919737222
973252950 -987664960 485390686
973639317 -980186734 328918930
977913542 -970863807 907036625
983154462 -971822872 -809792433
981895147 -981417644 138151387
992887282 -991872508 141167032
994733539 -993167640 -997057784
975800820 -976179854 877093423
996827816 -982258780 697220439
995736493 -993057164 365474619
973644128 -989508265 802076297
992606147 -995796622 453094687
981811970 -982621328 564435248
987148276 -975819816 -891798666
991524313 -992399901 961757385
997956411 -985147909 -72694856
985178133 -996248866 -941520518
973345123 -992898224 -423247145
973571371 -988047252 -328653625
977230550 -996658021 32593825
997046266 -973015887 -792450556
987874070 -970813267 -449716724
993490283 -979632660 -103603793
977401702 -971357656 -740202079
988226124 -998191772 -814664118
978178356 -981882140 296303829
987670211 -995731453 275503551
982673925 -974869496 -662196052
974071949 -973903323 194322487
984792450 -992947251 853752214
976533269 -983823135 674413459
993624153 -979832087 -226306666
977302907 -982749353 232152884
993476269 -989364571 -952659389
994525161 -973649115 -548554643
973237309 -986311842 806001934
992141402 -980593797 43933692
975155051 -987502670 -186744166
989133647 -992043777 86204696
981954569 -995450198 539400170
974496112 -978176019 245847472
997098369 -976223917 -889621743
990190343 -987180339 -630726127
983360002 -998957612 646322235
996326283 -978442714 662494301
982110232 -970952624 103334767
981897643 -999591769 245350123
983702279 -977326656 975081641
977188669 -989255725 -919539428
988540628 -976599237 561657629
998734288 -998229483 -343247560
988325620 -997559257 598608224
988601531 -995241946 -965796478
983934007 -983293016 -195541435
989886995 -989470151 -826091572
976110996 -987037862 -800042278
992902443 -986778221 597766863
996821559 -996605704 -117950956
992745874 -987830567 -789457730
979489608 -985182044 802441314
974501048 -978030522 568625791
997087107 -970027713 881100416
985098900 -984846471 -971473597
980720242 -974461394 190533071
971651317 -990509775 -983155712
980355572 -982128589 567836988
989296550 -979028046 452451868
979758537 -987463462 796571508
989806235 -993658180 -914093827
987411253 -985507191 933836417
976905238 -985110739 -129709051
975058284 -983279555 -671669165
979835028 -972005915 -147289052
984198727 -979821114 -825065547
989501459 -986961957 -402985000
972013900 -982588939 -95299239
977048344 -980249356 722467803
978227314 -973008809 186463480
988668881 -996641262 -266268454
997666792 -971505626 819459372
974680674 -997593184 -52335917
997259695 -982177431 -739103911
999342045 -991157914 848613667
970092136 -975421026 693564719
985047598 -979202451 -690763781
986938311 -987667185 844040159
996527905 -982404852 860974132
971636779 -989662397 459486179
996088330 -990254255 -957747054
982981541 -977370532 375883806
984284319 -983092620 -491160939
971797255 -970155160 372066501
995941761 -981222355 -775455836
992218753 -990830812 974183056
977907467 -989800410 549059813
997007785 -970600775 947156525
985311937 -981880719 -872635421
978237824 -997327047 -153490926
978491297 -978750662 -696464436
975955736 -979672244 -888758110
986444577 -972306066 -359998608
973155981 -975282082 516169438
980540220 -994254058 -120140791
996347156 -977007912 -873873530
978764585 -992802304 -693823435
973460619 -987787241 -950740009
970711146 -981922661 -358094210
996126625 -983929365 -572759688
979267788 -999783646 -938700836
994720817 -999421609 284589688
996005309 -977514874 -72807713
978364765 -980006395 -153050170
990122979 -981390360 -883401489
979379944 -992170976 198901542
991037084 -995942611 533195924
987904809 -980229226 580523154
993352434 -980705902 -407168687
972694517 -984838739 -941319197
977152827 -996376797 520456514
997740143 -976333075 -485544310
999514732 -998112489 267453972
988477953 -996441867 22849565
991075114 -996945108 -814659299
995078310 -973304329 -688193293
988440062 -987085677 -939696447
986274131 -983081555 -769247001
999962629 -983676669 31855529
989986515 -995561111 426818200
996549302 -995690593 -954419627
976584597 -997377241 509876077
975011719 -982677423 -49004851
998435652 -981048343 -361213099
985299862 -984784530 -768424700
991395165 -971065433 -979109464
972148253 -989885676 -101539666
993537493 -987222574 -960526773
977136858 -980685551 -911995455
996802270 -989525991 -702670414
978543518 -972705975 326994793
995379985 -999446998 -427861498
978950991 -986549901 -742754911
970457256 -973140772 454113562
988867920 -972091594 608145578
989490677 -997761757 -77397639
980250897 -983824416 -337942767
989979739 -985487362 753730965
982018835 -997051264 -890490184
970788423 -976312884 -468568308
991525097 -986835779 -853643766
994923362 -979731277 -324268704
992557446 -991832305 -292307929
984284618 -970919919 -246629906
976463687 -986939368 -886172151
989908587 -986221965 802434973
983816273 -994063029 529674808
998922872 -985766899 570099008
978000819 -998676219 -997062154
993086445 -994939457 846716373
976390084 -980699903 -260748234
989153848 -979647844 -900830451
974229559 -977707283 -905838774
992005177 -971276751 827032977
996304644 -981814768 -243819508
970026376 -993232470 -893012571
971118023 -991793716 779845360
994717575 -998123826 690720267
970116907 -982405906 537453603
996743547 -987217721 989065750
993591833 -997343600 283784773
980867927 -975009569 -999888856
993191891 -995406159 820679588
986598313 -988515358 -482954316
979693177 -993840707 930872499
970760953 -994878762 -705219590
989071176 -981372208 -571965397
980945582 -976480608 213995287
975668365 -995970140 519181403
992138350 -989173773 906421803
976141266 -970475892 -683782061
978081553 -971748853 -361777431
973570683 -979178688 429367610
974566314 -971280625 -274379257
982139577 -996431223 270117680
985373181 -984181876 -715304295
997459075 -986578284 -94473238
986836235 -973084167 -327068878
992311574 -980785581 -841153779
973188692 -978321061 -279938283
993622526 -974401789 197147210
983582707 -994171695 417135370
999047743 -980211822 -569684700
971404885 -977059075 741108570
982265485 -996412659 -865695023
975423693 -979974711 -578313222
988419721 -996964806 779843060
979576169 -991730751 478770688
973553393 -985717460 -914181392
979016021 -973418677 943928230
996768481 -988734763 -33649058
998572342 -991173511 818653853
993499671 -972109728 636934618
976440036 -976085370 -887308329
984868737 -994305845 782359155
986759387 -977155132 -545227894
984432903 -979081354 -347237663
-975618673 973635040 -36668978
-973756605 985324040 961849407
-971587503 985912965 917877550
-971841241 990487326 -741083472
-972167034 996451042 746746249
-978699427 976493842 -317580518
-978938557 973014784 839567550
-992540494 980038701 493121065
-970592639 999059401 -305610548
-986395941 970850092 -824581128
-996681445 974180811 -311103394
-977845105 973011520 -365642631
-987585990 997402602 -799885963
-977628505 994221255 759278241
-971645781 973773366 -516650813
-981289833 984315763 626488705
-971111288 977791164 -963681182
-988160304 983640291 -897513341
-999506801 983866392 -248442768
-993443323 994731718 -659768845
-989518707 990052860 -933580128
-980888837 980434218 837039552
-984757623 991903450 847586810
-995064492 970381069 -240191131
-984436130 980262717 -2328492
-989012293 978870325 304299618
-982488898 987142230 958040963
-998768924 995660225 633116475
-994579252 990886587 362629879
-992977041 995430679 208549482
-984770341 971361891 -740442861
-984752194 975257958 705009552
-978564421 971755678 751554784
-978058785 991841496 -543521684
-992060577 977976567 -71387690
-977322822 986540483 -893107762
-973864420 990617177 -252243818
-983153946 988149206 -947002988
-987436276 975689947 877049047
-979989914 979286624 -894069629
-977115480 976393743 701686801
-978437009 978331335 -158907158
-972649562 982010177 567772679
-978685491 977727127 -799240675
-981571143 987144219 -942728467
-983619200 999757063 698555109
-978825051 977130768 -528290257
-980344390 992299581 85180731
-978710980 995092839 877870624
-990340641 970536579 290063078
-999157319 972432573 -599650366
-973515678 977057061 60642947
-978887336 997370368 673887591
-976276227 986694262 -423707295
-979241453 988867745 -810489246
-988836317 975833543 879325996
-981540577 976524138 -717362299
-999012939 984707195 -150638484
-974036870 999502592 -535434266
-991440466 997547634 261071037
-979474482 972919735 973696896
-995406543 994078114 796099390
-973609905 983881099 517373048
-977470975 979117539 -650022082
-987268250 999631476 -703558722
-981311892 980340007 693888110
-972158162 988258184 670414031
-997601345 981901277 936511313
-974459626 972737133 291220788
-984360318 980011469 340971130
-999456621 982211463 125629172
-993423524 999334344 837391139
-975523315 982758796 -881321047
-979239248 981330068 249124184
-976896156 974568126 -528568248
-997066417 978994347 -787372356
-999200651 997186597 839251205
-978328620 987447483 146836876
-977149271 972705153 299525884
-993478059 987063947 690529156
-970404260 979201896 -213956925
-989119085 985760206 -343103958
-972939063 985503840 -127732011
-986292046 985987865 -913129453
-999349853 977022305 -918415234
-988467492 986772577 -429144940
-996966834 987432941 365916874
-996324647 981983014 -48512315
-995675536 983781623 -925148836
-972088906 979679721 -997505257
-998789677 985430347 367348769
-982520086 975504000 -959794435
-993186379 974083254 4042150
-977460055 970568807 -859756878
-970979206 993465899 735056364
-976632395 971255196 833731880
-985596854 992512061 -507547453
-989610916 981415944 -831915349
-976942393 970620997 -594039808
-978043070 993084019 -777374862
-979557861 977717569 -195224079
-978608156 990026972 -496953010
-995089599 973156625 142399764
-983612275 980853810 703706924
-998395323 988305508 -753562846
-985037107 998020357 341700785
-987636733 979362906 -688419027
-995264254 985810687 -936593139
-971182699 974254906 -325392097
-979076143 982081881 325635737
-984957000 971784551 500183254
-988988321 981311209 251749102
-983574624 977562547 925376083
-995822783 981637046 -676302607
-994096850 976583111 945097356
-991899113 979430517 -589701889
-971673480 972581475 286756042
-977614967 993618027 562948756
-975918790 970093090 -940327130
-984091468 983069855 -253317044
-996574593 976195375 -518472263
-984980125 996961209 -128745226
-973546924 991949258 -8816136
-972934426 971992800 -430903700
-970126939 971014201 437992757
-971077068 989379319 -396388028
-985736800 978288248 527364287
-995901373 981190814 -68445183
-974757354 983809782 151015402
-970065962 976988116 660371178
-978357128 994934716 599720001
-981885804 979157600 472283989
-974041611 983111995 95571014
-980953397 991682394 992332697
-978550203 987654683 843297293
-982697582 975788963 507117802
-996406051 996999759 -576314606
-984794025 977384001 -495790400
-989899809 987293525 -976742022
-984512437 986988378 -928265683
-979589953 993082358 -691811466
-998122697 989082640 339962343
-988889864 991843693 -748971965
-970305631 993629383 230990981
-982172541 987094377 -54815483
-995848092 979423012 243313743
-982849850 996531232 383854252
-982922183 998712150 912250920
-994925693 981499440 -956968898
-980541192 973111140 823544436
-979405363 984403978 -666447872
-990848191 978216627 218602046
-981366908 993396676 19994358
-995094026 993403276 878461452
-982219963 992181946 40351644
-979020030 993766850 -800178205
-994548544 983479265 281692027
-997023211 974532194 -871711239
-997797432 973831962 -838442272
-979880498 983084417 -928431982
-977937052 986631097 -699959560
-982549650 993660850 918867255
-993260387 993171534 -904105128
-976066500 988636880 -425869769
-980409281 998604469 -163858820
-996915474 999003556 -465593522
-990071324 989086264 -886750348
-976962706 982797830 872764577
-992566285 987147587 626176027
-985297274 979500591 270193598
-995399129 979718644 288169304
-998598174 987415074 314222938
-982874255 993933401 96429586
-982697536 997984004 -499295118
-988664423 976163199 -45541218
-971330360 973435343 -259300547
-984971513 975319438 -133508807
-985062790 971117051 692359266
-976446350 995934307 -952903228
-975503540 983824896 -91027394
-975968242 977763054 -565756854
-989218847 984941626 713663905
-996890034 981356299 -629995436
-996057608 989665787 -474932269
-980756518 999789590 256599557
-973837768 976661323 98645077
-992331436 971148599 -357004510
-993517799 979771439 891730533
-987054907 983460801 -982414289
-992951547 985156893 -342097732
-976463591 998558613 507541891
-994027407 989432666 -959547635
-978329283 970801163 944678480
-998811914 999287928 -888813091
-979505663 984606757 999001556
-979055407 972768432 689214669
-986855569 993302345 902720625
-996611994 980286899 -879531339
-971426258 974090196 -866149992
-976069059 983900058 392306852
-979891113 998679861 -374073232
-979604186 970821203 73222077
-987740974 979693137 -949577935
-976249532 989678727 -949632782
-977401444 995951154 -491307347
-976652615 993444297 490954348
-977620469 986363057 742317393
-979128835 984543573 -222473171
-996507298 985240057 673472822
-985375783 978281567 -549408792
-977091700 992227874 -608352369
-998551759 995506396 -210618428
-980108266 981184387 -548668112
-972382695 981847993 -972901103
-975634022 992903045 947883668
-984138482 970931384 924392562
-981207345 977711071 -224088964
-987233934 980240130 854724951
-976701004 970378026 -280770988
-996890897 978371756 -570822271
-981197645 997434375 -816651228
-992850713 998386910 593105571
-988603462 986489522 521464688
-991951684 997954639 -880922108
-994666598 983547867 923382215
-981247218 987686809 310821256
-977332767 995174130 211428309
-980853333 994136951 401693406
-975529893 996246542 254836115
-981560802 982911363 -395911475
-991244664 986669741 -710538360
-978964073 993825427 113134199
-979049112 971083481 -609429821
-971859123 994393675 455245874
-985126666 984004738 718527565
-990516996 976726344 -952584732
-997487481 998697091 694709025
-971902329 995181358 -882681104
-991815606 973277707 420273989
-990522438 999527968 -904685223
-970768554 986018193 501365730
-973776837 999953062 -526460860
-991196126 978384571 471674526
-999352079 989069246 -775244017
-991638193 975608995 794358676
-986376544 997605691 539834296
-980656451 993259046 648243424
-980840243 989084475 -383203400
-983818771 985259778 542538443
-994807242 986637625 -576435957
-972795620 993884212 264183427
-973274658 975723531 -546809102
-980008150 971868667 -979633685
-989447775 984725178 -187686125
-993502447 991316094 337833289
-995457428 992061098 700360969
-992296852 977036294 -684715349
-985604309 979269414 -66095421
-992270347 993891298 -31052360
-988078403 970176556 565734343
-994378505 977481642 995072803
-989773121 973139428 104523483
-994711402 985307664 -889532478
-998291918 987547959 675687631
-980309475 985571126 -520906341
-991118074 997838941 73471575
-978857232 990553210 91586497
-978683580 970942692 660339825
-998711965 984189184 668661409
-983247923 996944493 -508844147
-996798658 999173730 -234585692
-985117283 988051463 -254710862
-989985174 990058520 365404563
-979170206 989232709 -58398466
-990641578 990709226 825454395
-990018914 980255722 -67566239
-978093008 972315022 -870596915
-992090471 990151959 -740426215
-971047050 993186862 303826483
-971289075 981041236 -879905290
-994758878 978042558 -758538222
-995183911 983341290 -685517309
-972753111 986711561 -902296044
-996464553 970554361 545787209
-970205958 985553801 736837951
-982357002 988055808 525153332
-993077967 998370042 -102789307
-973679018 995578198 -886159232
-981781057 979769443 867677453
-992393592 982179763 249938770
-991239105 996253950 -552206529
-988320586 991631712 245070319
-974402373 970124050 791021520
-977406032 972307722 -833695139
-986803564 974570801 713246492
-974302678 994433051 -927977282
-995152996 987370388 124615491
-983076196 996679261 -515504725
-990971783 985337630 -796781989
-991043366 998747018 266182142
-978151558 980692947 83151976
-999558505 989622669 -362778241
-992616362 976222455 -23124586
-988526861 989712827 -986436482
-984669203 977878566 -703551288
-971723724 979165560 -799081811
-987402603 996289680 841582510
-991064699 990078603 -426915280
-971350850 974236680 -222823277
-999925093 982399470 48128927
-985386646 982134970 469818845
-985822002 983482122 495364687
-976266566 989683726 -228947075
-971621922 977713314 998927251
-976955371 972346831 760596366
-981015875 999539675 205920076
-980238539 999840723 767258347
-985368512 996870696 -915931370
-977782203 979106585 -387752321
-980522155 994825474 19031559
-991572424 979294978 874502106
-980034724 994470781 -834273480
-998461797 971726868 -66440131
-996880586 999445079 731985666
-973898740 976757373 616942148
-982247570 978061999 -830773743
-986811569 982435323 -497853236
-990147038 983981876 857439982
-985374990 982222958 -886787328
-990468355 984830194 752560455
-987515055 976859473 -416482265
-991004599 975337660 52410728
-983472173 991385261 -427945150
-986607670 981347115 -6631993
-993341043 998360530 -847305433
-993739708 984646820 -843045655
-973971810 993324798 -641969507
-980179619 972998965 595689980
-987675413 991528449 -746736973
-981256727 992823107 -751957656
-987270464 974851740 -273858959
-992705073 987325663 563211602
-992693517 988629322 -679638799
-994215955 995930637 -140262979
-994177294 995311345 -888753891
-975334784 973748136 -711886607
-998786128 990320950 -337061798
-995378596 989664921 546224907
-998296818 973745221 -797107464
-975813354 978344282 -630991893
-992711527 994575320 578114470
-977896605 972095364 -555833311
-979524332 998436827 -796567581
-982299150 991217305 -890234554
-975116425 985457927 -616341094
-995958774 977931686 502122181
-985672501 980453547 -757268015
-971918827 973057169 260834828
-990144802 981198829 292976942
-981785761 975290962 934713835
-981728905 980524548 883063997
-984866027 993641245 426888110
-985388854 977246184 185796827
-992669070 970658395 -390720057
-970209628 980783495 -310636991
-983322919 975716009 -323634544
-986604777 987369384 -596714593
-992639597 998826275 722353994
-991641237 971622106 -525466850
-992009943 977179683 440650243
-982727534 986731529 -961199444
-980500369 972161662 -974864700
-987846842 986882904 116590820
-971225587 987165687 -959034687
-976067831 990339673 935615057
-987762684 976197125 57070796
-981307558 997285992 263669012
-991655693 991251588 739102646
-970815327 993785140 -57522698
-977093149 977389414 -195515933
-971730168 976273818 187937776
-973854223 978138558 594862376
-999366108 974643953 922747656
-996507366 991440721 -291553334
-994537372 997353371 -773518787
-978088146 976361676 -158708816
-995911477 998883872 615872751
-990119208 996505630 371527443
-972195084 984692458 -191548220
-991571583 991734835 -876713049
-971604742 984731762 407180411
-989086344 994897217 -464923677
-999682921 979274378 222733778
-976408533 984459928 -52516315
-991486403 995172063 511832421
-999637470 987771488 -535618432
-995091359 982561896 148918363
-992531755 974236318 -342562535
-979988055 972525073 -163557208
-989535415 994987424 752000645
-995296716 996967245 587177764
-972366359 973974503 -642861329
-977767738 996857560 -853519329
-996858636 983183026 530847781
-979118261 990054052 -683355492
-972402715 980445541 113877656
-993883532 997671632 381000768
-993866743 995858174 -595202157
-978983616 977079328 472062432
-998970618 978180542 492706970
-992328803 991532753 -662983513
-984014197 996916084 -634175377
-972085370 990202715 -613652223
-976351786 995770788 317699575
-982331500 981193256 -921712786
-987959603 984107977 568080369
-989613511 997314828 651531584
-989190444 982063485 1962568
-996493487 998696454 195773127
-992995934 982049037 -982349986
-981592746 985484524 250930046
-992308638 994774388 406945379
-991538032 971863086 -328190936
-983729410 993078212 -6623056
-999289985 996946877 -232068012
-995573704 978325301 226150902
-994438292 973633885 -653281282
-981133667 994691898 2287089
-978574831 989651153 691142004
-979336341 992976121 -955398116
-977279415 997911643 161488701
-998432677 987595545 632635140
-972833817 976634974 -54131576
-986303129 970905819 -345733173
-975197346 996693848 -170561364
-980799174 979825278 -900464045
-983872129 993405078 619746626
-998815991 973418127 -577733668
-972869380 988102164 -448166492
-992145650 989960247 -337460710
-979699564 971332553 -33549174
-995804199 984672516 -520076991
-971619618 990284997 -294633147
-983613771 990343708 895134548
-979495041 993571916 685785544
-985635356 982951182 -676234614
-987707331 989544018 -161959556
-989822298 992288837 423194244
-988864324 972321216 663373157
-993725185 986384035 -757724346
-986851861 992809107 -47715235
-983691438 970635386 -373146403
-988313614 990215919 -200201670
-992489025 970884237 -41417036
-974720378 981437305 880301193
-986509884 981974241 -448789932
-993632706 990526668 -866174288
-975124314 975393841 580245196
-983306326 979922446 216200675
-998686934 979329099 -850469141
-997368038 980495325 -921204709
-981422794 978800298 34542755
-989966980 977090969 -859759705
-977335816 974874319 -759057362
-997335526 973987600 -647509071
-970018968 982988522 -738100899
-970450354 989750325 440725372
-975569588 985433619 20508023
-976390827 990312831 346040292
-996622710 997859501 795340234
-977112725 995262750 -567933595
-982609980 999353635 -649582417
-998011619 995729883 -463782968
-978664994 982190609 -232378351
-982361769 983108030 -318222610
-981003158 988034835 -151389509
-977833747 996279362 -904920547
-985302193 978792453 -238632474
-990527689 987379579 -76767112
-973099676 987579555 -533051754
-999519819 998584370 -414623351
-981937976 980487978 -936191615
-985925722 975744386 460377956
-985279379 988621915 -665982073
-984283772 991950830 -197220315
-978961971 979947977 -916392330
-996835261 987946998 -674563309
-981477040 977057168 469593652
-981930493 989373256 129887247
-978027017 995283162 -868357080
-977449492 978525650 902191144
-980815551 970541803 909202857
-976455734 984157949 -721281167
-989405760 996125471 581181552
-981241303 996346247 -514027592
-980434053 973376925 -538344955
-988941373 990320090 487666467
-976879710 996335421 -472257824
-976055605 972045449 -882748548
-978070907 971780200 -393587023
-976839301 975282928 311087274
-974692620 971615997 -616255603
-976790677 998369538 557464299
-990868476 970130819 63804938
-980442464 986241833 30352750
-985690817 980939731 20736853
-974035614 971924967 959223898
-981711998 998745743 573387162
-973258980 988054638 289629403
-976492164 982924623 437288629
-995077402 973292791 -477552689
-988965309 989049435 916522417
-990463592 981460129 -6063020
-975497153 983661379 -805117326
-979740389 991255182 -355388400
-982159894 980850484 533826299
-999618336 983775646 -114633325
-974146103 973348523 -254282911
-978691275 973624232 832510924
-986712045 971378964 908419499
-975230378 991181492 -282710126
-985528393 983967346 -159098234
-979379250 994341440 -704700934
-971643137 988656443 848669535
-983252182 971660247 180200861
-999349614 982101701 819687934
-999030977 988688762 -915621235
-978573229 998953923 351483577
-993577925 989534291 561443401
-970706071 992616018 -225305245
-972077048 997859246 -400412348
-980321814 983210466 -808333077
-990029095 976110902 -149836951
-970002698 988880390 -968572487
-989686399 989260758 645805685
-987185599 995727191 -907817401
-979854003 971713149 -909293051
-997836036 997834317 61897026
-998984606 977024914 -499420888
-989590400 996657459 -720989478
-998680189 987808533 60253951
-999506524 990550674 -753310361
-973793467 975841315 -985127953
-978541088 993829343 -902199523
-987918630 981769232 883217573
-998763779 979952513 64282468
-998542186 985916213 97817719
-990914783 971443962 292384544
-975798054 980321747 948941146
-988889583 987496051 -75112020
-999160688 978425773 -697772350
-970320709 972271723 449107990
-993021733 970169672 42610137
-996465654 991451737 -957334996
-993822957 992235657 -93574403
-992130492 996712411 -464510421
-990210585 998634951 358718486
-970098638 975177460 -738247634
-975346074 997389909 844447499
-982972187 989710644 -687214987
-984100636 979981983 343894347
-976373058 971669783 156335842
-970961997 994281959 -967210106
-997792921 999878346 -371316551
-989484497 998587672 462248671
-981718604 980929794 762190706
-974782776 988316406 -967494251
-974889675 972415955 -855588010
-973135938 983404423 352099915
-972475893 981233892 -603300088
-995979697 980061356 834412049
-995052720 997275553 286273628
-987181650 985516456 -978923045
-992592268 979530414 -790273087
-987784991 971348435 321702872
-970362094 998404052 -250533256
-989201893 994119016 452420650
-985939993 997294845 519482961
-989510910 978759969 -107965608
-974706102 998481538 963831009
-976593947 991204136 -331354618
-985421090 992623949 -194653774
-972210258 993356031 -139885435
-970216880 973615585 -106549929
-996846271 997143863 754826826
-979520810 981347206 -889159595
-984615247 978988218 -283145047
-973640318 999987517 812205155
-998540152 973084509 183288673
-999847293 997639925 502994811
-975908979 977465597 -711754851
-999104662 970177162 -993304116
-977297246 978117781 110741939
-970201479 996410690 902169800
-999033805 985900006 -235200302
-991114421 976707122 877337694
-972794125 995703010 -598970815
-985521207 974312301 679692741
-990509334 994485608 -149033134
-990195025 994591691 -15526099
-996073397 984737244 789224068
-985344653 994077236 144088658
-972965476 978118501 44035727
-993451100 988632339 941527511
-994234008 995268020 739241640
-982826406 999247259 285355575
-985368422 986435875 -690300049
-977176765 991630685 262711874
-979154456 996497856 528618293
-970419651 986933562 -687008502
-991283086 995847370 -337274639
-997061759 986603376 -199731565
-989263886 982876615 618777565
-998298337 996439414 585775071
-979877661 974903128 -184198719
-978053017 996787818 769279298
-972177803 989813299 -83910286
-976005334 999569063 -260501616
-987553596 977700762 572375969
-996207231 973491981 388954862
-984450968 978353316 267488697
-987945136 984656548 324185861
-977445005 983033955 -232924474
-991899991 976314519 716176156
-994941868 979134034 515737283
-975368069 997981148 296852045
-990460439 980637770 -375656588
-994126736 982078889 -283626038
-984386458 996399779 260905413
-999227437 987543728 596969912
-989101572 997353789 -27438185
-993172693 979881957 829915934
-975299223 987324405 402936964
-981420059 973562845 -531532503
-974951734 985875939 -944963106
-975075785 998127244 -896369866
-981112250 971498585 -230174370
-992768773 995180560 33037108
-985542390 982864785 -388069355
-973254606 989955229 -833625056
-995830477 972656262 995483860
-973422497 987603006 438036765
-981471638 998370016 -817683164
-982696409 990906747 -974260266
-984374882 982748673 -974679838
-985802931 981738356 472011015
-984058175 987015076 720476281
-987109355 985687662 -945359311
-991440312 973191299 118938596
-997889801 993488193 348103040
-976677681 989881517 -27160164
-977017219 984389093 775489272
-978221098 973956649 -603560125
-973567789 995703145 711638702
-970372510 977596224 -507570288
-982451047 990516455 700345071
-977527177 993068116 -966777399
-987348028 988227837 -645618506
-986701917 972330354 -228904153
-974259166 973360135 65650607
-998257768 990767599 -258452320
-972388815 995589672 108255628
-997868614 984618298 59323366
-982015031 976070840 16301730
-981034226 978409336 -909462572
-972649954 995771197 -153645125
-984581115 997043336 533899395
-987118072 997526970 -880450422
-987056455 972583676 301586886
-990017294 978796911 -962096787
-979743889 995859741 -86114024
-997821973 976638771 687848109
-975317261 975861327 631600467
-977502035 972786258 -381043944
-971887207 993419119 477577444
-976942437 986059078 -577932894
-986436852 971647230 293955519
-993571522 976088318 130865864
-981653586 992913991 -990934721
-976900557 978111647 265921020
-977013792 996127185 -26073091
-992570327 981958665 -730453169
-972409210 985070371 -775012075
-996428593 971616838 -419119466
-976620789 979101411 -213529575
-994769713 978255601 331053359
-987176131 983534861 -312346220
-998275912 982346687 -88635149
-982487863 972782423 -795563481
-982897525 974147195 -800461955
-980505033 977047621 -952424315
-988095427 982073832 604825960
-970481843 988853736 -495119032
-996086229 995560619 -714962587
-987605942 972731769 192999057
-997482361 998166719 -836717843
-987431406 983407045 52245155
-988943278 981186594 453521241
-997336523 991293122 870882521
-988811626 988816556 -427909336
-999072347 992003429 -846564218
-997227275 991713249 317632301
-990103050 979059339 -137834224
-976256557 971030273 -627128253
-981198762 995227558 -945138024
-979772021 987295836 358749490
-972300337 987014845 776673833
-972917433 983418701 474205286
-977756423 978038602 -367645839
-999186025 970655034 -469887670
-975321767 987288882 274664931
-977380048 978552036 -983823081
-989332185 997874086 -551047025
-988042993 990693663 -148110471
-972524981 981703683 663075303
-998808056 990405884 -396086112
-996555094 996894382 -880906297
-984449602 994573107 -917287738
-971218386 990628163 337166756
-972756239 995092709 -924605409
-994657752 999101767 940521201
-991605830 997850728 -958853113
-995730138 977084910 -721873404
-999789385 997670835 -547003056
-976281402 998771445 726327693
-995190026 983177447 837113004
-978853605 987996197 362852307
-982779407 999545617 -811975976
-994333040 998608504 67008880
-998910328 981067116 113064813
-990723941 970580417 376212984
-980507334 980754729 44141008
-973606373 992424355 -109536042
-983659029 990873210 987055913
-974361269 988886507 -197931598
-996606956 987758337 -201254063
-989610336 999814964 856059083
-975795592 998818645 325582754
-994420148 994525816 495950485
-982502947 984243451 89641022
-990966185 978241632 18567787
-973102791 980272589 -201752282
-970665058 990987519 988137809
-975437232 998618740 -890625892
-976519578 972088302 -995428219
-980639930 980475901 -735499582
-976486351 997875770 -150490335
-986311601 982210024 -577261855
-988182120 981618209 682241636
-993641830 989981302 -503233176
-980072697 993858039 396750386
-990254552 984875984 -336477900
-979607096 988432279 -935786677
-984174256 991483168 -466236405
-982355771 986318643 338917779
-975882160 985318352 -491900695
-994165140 990532320 -114710469
-973801254 989211194 -366876812
-978351640 973740921 -3647180
-976462931 992477673 -520046811
-988521147 971094722 -677743656
-993677457 979564485 465095870
-971882454 971240037 835317367
-981336330 993409595 -817817541
-988002185 975041263 680862230
-977967088 975841345 51108134
-990434016 988813800 -660868263
-980092415 973239511 571893124
-978286936 995448703 338395618
-974314521 979064439 232782041
-971133920 996525197 -424847494
-996713923 984668130 -578633864
-983214974 989068619 -916420468
-998078541 999641222 -4854905
-976816466 997840649 -792642673
-989420924 974892786 480030856
-978962700 994383468 907855143
-976052582 979787286 996033307
-997453775 989383550 -878835903
-977283256 970758814 500222642
-987921499 991654248 434791920
-971324643 987885088 946769041
-989402213 976375346 -957212622
-995478018 982332164 -39948049
-976900349 994496896 -905021847
-975323067 988140977 -981745107
-988199294 987333758 -255469611
-974842645 986389775 13587773
-975068130 990567611 116126067
-977105439 991126706 939380538
-988061933 988494603 -790101674
-975609623 978072878 -72463475
-988744815 990922685 159970632
-988420859 970527618 761528411
-990541268 999305594 98491130
-982527610 972133806 548425571
-991516630 996037727 7755309
-982351277 976312625 -108719659
-998146849 999517807 408131224
-997307994 999744261 -46494299
-988769881 976669747 -877583062
-993384298 999689428 -927988737
-996751975 973769055 955445000
-995446677 975898790 -921976947
-983521021 988994423 668005516
-974700782 973197625 867296824
-989454131 987184198 658078209
-991551560 986163101 -427242766
-991054681 998529052 -958278075
-998756178 990519238 -120152176
-977809091 985294981 466335503
-985387454 978613080 253968158
-976715526 975317320 -747579343
-999248676 980050315 448288758
-982696040 999674207 636217249
-982216455 995104401 -407401297
-987459708 994799097 99991667
-999633600 990325087 -281741215
-972950125 979734943 -101694547
-992970295 991152559 811909191
-990206801 994166712 -902345008
-985798495 987027384 -257629544
-984543509 990605056 -158885092
-978430911 999784412 973355256
-970237121 977349927 -846535242
-978178489 998215725 -491544965
-979404675 983367156 -316385663
-991396994 974930329 331058263
-972792167 984478184 173040720
-982018141 980789411 -211927638
-974759640 970882059 -755722819
-991228821 984765757 134650967
-998167756 974391635 -298782305
-977179507 973533648 -876450203
-992791358 977084732 -949182335
-988276846 992037110 515608560
-989383225 972888008 -286472725
-979487103 970816433 93303195
-972977442 985207966 -920691933
-981251742 970041471 -703744812
-979917053 973322448 701862035
-976328798 978871206 -90986469
-984577647 972800776 616168066
-986958113 976361867 5319720
-993336409 974850388 -906796490
-999868381 982069176 102618163
-972561541 987305390 -838987870
-986869646 977318340 -773532519
-982884782 971251152 -945729935
-970279612 988838243 -70264254
-978778291 995730924 -596075914
-996391507 978415749 746069989
-982455000 975668740 -588998201
-997378774 972793468 13708837
-985421295 970910292 -794155223
-972821068 988862839 -367592955
-976795206 988103581 574713387
-996324837 986085314 -406426015
-971562678 991130851 937794199
-975098516 980604111 -64441820
-993834811 973983602 -860495737
-994010316 984186969 41114175
-975735032 973276019 777362819
-997045226 977941877 -182454315
-991688420 980968941 -44736311
-994940975 978556546 -974752449
-993945628 977472438 -576128630
-998004679 988019652 633293095
-992968571 993822054 -392920159
-996619147 972059892 195002235
-971569590 998017073 -783452559
-999820262 997442531 -53425012
-980588539 989144285 -394538353
-980356736 987276896 927064503
-989788669 988099137 -990151792
-999717488 989734097 651254165
-972222004 981529095 105451806
-971669587 989717468 215634167
-977190268 976606566 -927772876
-979682402 985044251 317511590
-985235223 982820164 215536176
-994371152 973748470 -387908958
-980210405 995222730 -366310556
-984018780 997944973 745260394
-970227400 999229923 -861135883
-988404995 984622288 -151342376
-999246767 994707132 620650898
-984676404 999969997 -89608186
-980601341 992061954 -962144834
-979673269 999726878 -510814022
-989717813 981702725 -482631888
-992350697 996198266 -554039029
-971713306 994645324 515788064
-995079977 986968839 -713389490
-997428484 976624784 -160705634
-970496663 994923648 -901092171
-974393012 990368022 -786965753
-987907923 973081469 119388695
-987355485 972955381 656883763
-998189773 982612924 -845840404
-976099418 979356342 -270778827
-976361376 985082879 918848118
-993993601 998838382 -154932029
-974410908 989645926 927997643
-986163610 984313747 -534581248
-987460628 973366402 3173564
-994874841 978980741 -259527258
-995523078 997391708 615504600
-985424094 982009535 -582997676
-986346502 982949982 -752666046
-983379106 991053316 868068504
-980368311 999484818 299924189
-994187553 975924264 -29781000
-978078816 987664078 67328447
-990205758 997720698 412541369
-985072219 999071234 638132891
-971827697 978962655 546601002
-993767958 971315657 822379570
-982568748 982769897 -244550566
-977126296 983035649 -917199305
-980523763 971597333 374946535
-989416227 993839202 844754077
-986095412 988392491 -130723302
-976074603 978296215 409539074
-999499241 989319960 985880411
-994905001 993130418 -62148305
-978166377 970559555 -668500925
-975833576 996625404 621705293
-991709797 971309425 400179732
-981548187 983966775 15030753
-970578515 988808550 -457530304
-985440855 978907005 378518640
-972418145 998301976 192575700
-990235795 990313062 -863447327
-980261628 991353136 334641036
-987124871 993146757 111608604
-990202003 986604330 -106090029
-990282849 980875537 159648051
-971180662 990540453 994328365
-988666350 975532318 -957353656
-973113133 982603272 -589751965
-996058895 995519307 771212524
-999743243 994569465 -802612110
-978112547 999903406 459386840
-986961771 995862453 -439462526
-997984101 981926414 653954598
-972250923 995215417 912651347
-979194429 970615456 589937968
-985063757 996323457 -650249979
-996443270 977649962 -973083007
-999137234 972170878 420829394
-970302346 983838811 931304515
-993019924 981383344 529625087
-991066309 983193423 380563363
-993684208 998453873 -992343878
-999963345 990206753 -654160030
-979553938 985129214 -554082881
-978473644 979712010 287955749
-991607278 978787543 -294257816
-984664519 993745563 435639336
-990858485 977952217 -219414473
-984892001 986595522 -311523895
-973332415 979989422 139534506
-977618530 978346123 -592859465
-992116310 983928403 -234205209
-999355139 982152666 -436604780
-979849981 981842324 852174959
-971520465 980474054 -652830439
-981510310 997904089 -496390995
-984310781 979140736 694471556
-998036502 992211890 -252314456
-997246288 978633515 -878278571
-987083520 972373454 -206540339
-974773558 991995392 -996761648
-998644677 994861852 -913484153
-992659289 978904365 -524077212
-971894855 998126524 -95697694
-970028527 991776758 586724850
-974371313 998021090 566807941
-974504482 980016244 -89072896
-971817454 987029857 -220654867
-987534475 998290586 491037270
-988811966 999391412 -336150841
-977277575 980084418 543053143
-986195776 973718322 4597549
-986808062 992618199 -766043544
-985309666 999866299 534587094
-989835342 992067351 -92546158
-984676871 992974841 112605712
-975382496 972838719 -762090026
-993874455 986299506 -924022687
-975921044 979818703 276930697
-974723402 984933492 -320442858
-992155206 996033585 -207750279
-979433645 982847752 -101196300
-991493940 973566503 -11393002
-994446608 972727363 492334554
-977713000 994748008 135301745
-988404192 985942616 606846405
-987011337 970805627 -708746356
