2000
-777454075 680489075 663709094
-911471082 585067238 -637909393
802062638 920381535 -203008789
417874662 -278813945 276475119
-152095246 -885550630 286605834
968284371 281710287 500636929
956773250 935025939 495978766
-966855782 -187858165 187588469
-71405964 -999526795 -729638611
633170221 -676476792 332184566
4780743 -178335406 712262985
-208297249 -490497226 -837513216
179007952 -968463925 -148884828
-312175343 490607979 255221285
-112133031 -929955805 -438077071
-499461154 644544739 504047862
829408288 -481268040 279531523
-287620925 -518619856 -925139196
668768976 836522360 -526205817
420342787 -560103389 762961730
-943450423 817159786 876592289
-958420832 191766297 -964002558
825295243 -821280264 -864609889
379889966 75964127 -49083296
341383315 108381260 -179011268
467673924 -304326263 560904131
-981547170 -141233952 48958439
995176250 -819123847 -512709315
-396665070 -810848145 329923283
-944602861 -915896325 -508602208
-894780360 -162936799 -876449723
324768714 468392014 -907124697
-879777062 602206890 -306022354
-861580546 -395705674 -357604546
235999355 252484887 267028770
-585998842 998236789 213033058
992259563 852164550 425458529
18636647 -970594145 567221204
-828510370 731523043 323302230
-762151148 -412324538 363701223
60834629 900575858 915532323
130671628 996767312 -196729913
882212574 -699383929 -290727215
-664540580 869407671 468289928
52252157 -419861411 -697822540
-699416444 836737400 -163571582
-162722928 -178002337 158505732
-570348374 -534698049 -495708125
909919668 19181259 859996238
-620938341 -303693265 914787379
-873293018 343210598 156429587
14611685 -470888794 414512360
173182095 773934279 -884598086
-54481292 -985070888 -601278120
553325942 -387895723 436437534
-909319915 -720806198 -431193066
-376785673 790792458 65589985
852278824 381857617 931001214
-956854958 -607165290 -912258145
-179792003 -107507701 -966176649
844389175 -681595876 39424426
-822540861 -921644710 456751972
606865072 -121998576 251503506
728910160 -605868800 973425868
884181048 229737662 -871071966
352298606 -991643943 -66403070
-894808228 -478116913 775627447
-95304458 -747406264 296531053
396578852 -14891894 5034685
164966410 -195752234 492887679
757955169 431021513 367181583
839042825 -896701000 -719920122
-487757119 301330184 360050815
904624042 -831789396 -862331496
304225912 758742964 -885095663
-74535590 -918423119 420510140
-818955855 -187066249 -82812775
-501826017 152654197 71607868
-459080376 -653675989 875915152
403544704 -371695266 -396953700
-982573725 249598266 285289724
734629303 517719259 645107217
859015738 464470901 -639517837
-49390860 -917093885 -26550608
202795406 -483598981 -456761240
-942893566 777434988 767816104
-563497470 315675508 235389410
-947755032 526912773 863533464
406377778 126950117 -417079126
-214929487 -990718290 -81924888
435481163 435527421 87911434
-889251539 307750479 601165337
700607629 571168170 -173281712
-846461310 714379084 67161588
-284946908 674434067 477819111
840650302 964470019 785446056
614401863 398520554 174747509
-999364164 374463673 695533135
-459967079 224907844 106453177
85943680 -929484639 216520777
935259581 -991617247 -413647300
381629863 -522769361 -151560148
-401966222 930610491 -638097744
254148100 -374254373 755325506
-412889111 965457338 -400966290
-564605846 817822356 6516719
-618565568 279076025 -658286620
-112722303 809477686 -260988665
-724141114 201754801 38281973
-665308475 -138984674 -63430524
-568964076 -694146739 -997349633
-624839671 -466420981 -547733858
574156646 598219149 -839649543
-88140856 108883461 -841039884
-13370598 488136220 -863318277
-49784434 564009268 -570959709
303135288 250686721 452128795
244962702 782930654 576064468
761495681 661268879 392243370
-944105631 -112842823 -600495130
186536615 384465967 -353429301
807053782 519239129 -178413571
-800206294 -892037800 -355810544
-528745347 28228635 -982289279
-206335555 -260738098 -861345270
295659718 785987844 -949068083
-704607650 15410428 157088415
969475982 915839948 210255180
-80764828 129973457 -236822132
654231702 -752363514 -543911748
-440723727 -708861860 -12964261
840020253 285314387 -912208705
-364402455 -273911457 -922173588
887236518 -988119220 845482561
586629550 731567729 106386944
-937162911 32627122 857482229
452846038 543768477 49508438
783068242 -781466830 247335177
193455841 564859183 -125446212
-143219445 -85946183 620079319
912976868 -829976761 462666606
710363019 755627348 93205529
101587612 656361043 202850109
-912451935 935194512 370933516
-5521273 472150339 -796344810
182144380 -719152939 -744154822
-743755184 -282256085 -245810900
-515646540 582449561 932327377
627030315 -243582808 -765767767
66410156 -122810292 -964456970
972282100 -989088937 425418753
-28316907 947139167 -940966820
-48670420 83064198 -991919729
-730057319 305734752 322238544
6070014 -606230719 281387061
828324131 117266105 -526138890
-507054396 -947860135 151214745
-971115695 441144066 893484642
-946473963 426948336 -225672370
838371918 660354764 -723378385
-465689689 -855129445 823663216
-68022828 -530192791 488026133
580390265 -508963281 908555203
502260822 -517153719 914062022
705477961 454003960 -700335467
-309876672 -968315258 -865718474
-158158633 -4874163 -452001410
-710622839 -982663810 -112920266
-655314848 507326766 -888409819
802966655 -955150717 -309800081
508998478 97921389 655210738
-664502131 -945458742 749677953
-282384800 -770408951 901442299
827481370 -694572976 153003576
-56128358 -904872560 -990957395
-602135627 641071500 149319376
-373997151 -781307080 -128038667
-178983652 -996507924 -462386434
946698689 -359272125 -134868820
880196949 -192956343 94571865
336842021 -190521425 194914573
72856787 -884711748 373712471
-461775957 -372810396 211991527
-988757521 -997339993 961327941
451808335 494269250 -142655071
391620483 477736502 -643586332
179050998 -604212056 208729292
748574317 769152317 -404517595
169575457 -165895049 -92416412
36684814 -340925802 -193661135
-995068483 516260584 465420369
-668056809 960505089 616909248
-956568919 562513472 447849113
-832879378 -986110263 -283447275
-61630540 728606857 617878345
11447628 -170114971 -896325928
-599137190 -735228967 437147303
993364758 25888584 -746543247
-19740642 69051119 -605733384
-862736654 73125509 -856769398
467174576 121364988 112627633
35997926 -350262397 773150900
-917302140 -512706036 559633495
887282059 960728739 480301447
-512860818 320670428 74942042
842312915 -737848324 -166257703
783738434 244619468 221114793
-232707131 432853681 46010575
656517578 636205548 189508957
163395096 -254100574 807956093
327647327 -993305089 279713371
-960643791 -877531546 -23770356
930578970 -899234416 -404315060
-960134974 335845160 992837621
212417587 119597620 -931813029
996785773 -161068117 195333142
117306980 377083726 364005190
-600852098 -829938895 -421829715
659790139 456011530 -289897302
-387052168 266160747 304183022
609081838 331243611 -30684018
-845421919 -121397520 -295774485
-565915847 261219215 -880340402
-921077620 366882744 15503205
955272753 -67468131 956732664
-974370887 345003915 381353998
188908137 -274869730 366741991
961470053 143699653 816468627
954057230 429519396 516223563
-922214023 -544670913 -91377872
-511138671 -355995247 -390187310
-790031236 335095886 -261805290
393761399 707495479 339639211
-896202605 880763045 584847018
-596497940 -847852911 490980875
-364943867 712751112 355822554
-763851919 -937552004 875725421
-356530412 739883681 -332700454
-836279079 -249123344 830592564
-145910103 -794348684 -935408669
391896314 979924602 999136079
-721426111 760458777 -383344849
693765356 605732591 -934205149
290614030 -744080836 745301296
334822741 297584858 -277222764
127200392 -951816907 -813785352
-632142045 -474715864 -984425663
-74285371 -657253251 345260719
612411221 -729489428 -569795237
997083937 -567214310 -700182539
-722769259 956373865 -973119563
701494196 692344308 -53050022
-953315683 70903675 -171428311
-290309486 -258493795 -959125181
299521274 677318012 -708386859
491645211 456682439 723254934
356647949 -603912239 -923630736
-89154359 -333089952 -801927860
110782349 -150678644 341275659
-879998279 40575205 298080712
807304700 657090696 -709156627
321672153 -953087970 -459576227
-905753720 155078451 213748994
-142280929 -770865685 18811087
-982425798 635629893 -130354707
858550051 -230081912 390512053
-508218628 680421410 -218975758
191183426 770112441 533578109
-960027395 10210426 -266705605
94134779 402272570 -555619678
-852519079 -127401831 800796199
343365181 602910555 -855078477
520122306 428570012 483106133
886260607 272356587 521602778
-775193892 -891603327 -92718968
-923709778 -766847225 127769976
838971526 -144890640 297607419
713875280 -966269929 121243187
-995803896 -727563981 -647511785
-993635142 378397005 680573551
596195085 -962112299 -231679354
-945370745 55488182 -242184071
-177890081 503000338 -869711404
-84492210 865802173 -598120499
316438529 -618678856 -699642366
733928828 177669553 929571139
583290021 -70412768 173280183
-485224108 -956081466 -926439954
382920693 -545064818 612922768
-868834633 409340357 -898585245
902347159 717828087 -219699851
-411454345 -546320520 142950543
-71262257 909138445 988434899
-673742337 -527880410 181096318
488017973 -669579761 120221943
914654236 -867837259 -443590223
121533786 -546753010 78701648
-208696888 -711293786 108192005
104924014 670006278 221321868
513950806 32469220 2195595
188853848 568362478 255510672
554394761 -380434139 667197937
-186084560 415154081 -229327977
-977551678 -958212239 -334842235
-197253127 -899895635 455546308
-677466218 -495346022 -323375797
211112496 457854600 990744265
-577063938 -937158240 -435604015
-798948143 -972064332 247856824
49543489 -567730864 98931115
-891654336 570553313 23612426
-418588288 -878784831 -643977932
-279596637 -941170963 -350828456
588657254 560848323 -67809599
182625419 437089065 -948673766
246640881 -853747371 95937072
-577669285 -507350489 -102721421
-870200479 -832072854 705850263
776901857 21175597 680822460
-18535644 72089237 -120950640
114569762 -462562905 -42971397
-696089834 -988673732 20907982
-899621106 842235970 -670099762
-555743943 -80381484 82678312
-119520567 -638225398 198107529
529931485 -107500633 -271797449
792280547 695807505 -917790967
-982475366 -957298759 -105015992
-237195496 -900948616 938581505
-682472580 -500551758 -393011666
-699106822 -187876380 -414053411
-621238105 411425371 -715717547
-984703722 68760343 -858986225
-867845076 -185607841 715083933
-270638352 751750395 660684444
-37008765 -825904174 -616218733
-923475413 -221496837 -40461040
-996329193 -602922752 -421894863
-10028064 -870157849 -914794258
-959732643 -266842765 -738074237
637977432 966361987 529725565
35925029 30552272 -913100900
-263855389 450975024 -104304487
138917557 748270563 94794794
-564087985 -92894726 230036607
844011179 -619897670 110422830
-811464456 -870902191 684741456
318103402 -887271108 -298708631
-162460919 -309973627 771612727
-361615781 630519499 -474137440
-642811830 122504879 944715206
-209182647 -365512312 463881222
-738767229 -167963440 -431601590
-934893015 -93626264 -192758396
-998088427 -899201757 -757094812
-441907622 -232155558 982960458
-697419263 288965973 -337576813
780135274 -911686299 -393667148
-339306223 563281803 21135221
-451106697 181924815 700742971
-526446682 -335175708 -987352192
-936460768 509717427 -849727862
-517970657 -72267999 178555421
-475407314 -638733304 -30061144
35283692 -495217503 803003066
329603057 148554186 892330536
566355032 -956036234 -779865532
-575256223 -299598348 28825830
-443622936 -174118524 737789606
766862674 825595470 269906731
-294885175 -868320264 660518467
726492948 276050708 478197468
-662352867 405909144 -547182811
-784157960 -696900402 911450230
281178807 812844785 -874165218
21854199 -136930558 -319003416
658042243 -235972743 676823966
-670750513 -250766986 691161167
275833113 951925509 -684934308
670051391 153249893 977714584
-506370388 598572330 633189728
-339623844 496753483 -518495814
96010620 902392468 -717885107
185712013 970157190 -858005303
-330346635 -964063063 -53861222
111471256 -435483894 663529991
-25548623 -725302506 -174970475
794449655 -917226970 288534770
994065357 678129869 -344720095
705521364 653888723 -479697159
-959662037 -530912790 132511331
-269824739 -283816631 706663711
693623186 -409536139 460121709
706461387 807481477 111658041
429980822 467629487 -697596914
645849575 273596468 540791802
631940173 -909440548 13963196
-516586842 -976610571 -343523257
-158608173 -906932932 766499453
-452324096 -186658535 -465605049
822976819 -416018845 897659539
-341527016 -169124956 327706201
-546571715 337583458 -719396101
196002685 -51928123 -672588182
20011022 359162764 9384223
-983272281 -879381523 -616717617
-626395491 47602044 -753850517
-264074570 667865956 37903472
-591373306 801975379 -468918251
85542272 515117936 -688197338
-365957142 855104899 -524973157
-76426945 -889473737 314926488
448532067 136113719 -990161361
-269401567 -415890633 574401783
527205147 723444191 -211184579
-637650194 -429851884 362127465
-772896992 360974167 863385928
317579795 709010051 -936913697
-867841718 658425914 -864504534
-630628991 -898284575 721562613
-666451977 -365796069 -389746834
-390527422 617581261 -156116518
-394977734 -763310781 -658106149
-374187380 -79104625 916745390
-997571335 -789481959 665737122
-646402313 -728725431 -559456381
614182555 -994609835 -76301210
884088510 -970795923 -332767532
-959964638 650063238 -803882239
-300829349 -46393958 -51874954
-929074138 -221065297 -955499436
-861124997 660552362 864602539
990825015 -274819654 560181361
654452368 -963649665 885855709
-118511729 32985327 -28771384
758039327 -265403602 -567508822
15124633 870028243 -783403565
-398858243 863327027 -160632996
855601890 -259318316 -978108431
141547228 791547787 944756447
-664029868 -963477402 793388570
388291353 -992081715 -461481722
556908796 -177931655 218143911
-892851914 -913688607 -935453077
494420561 435483851 767245053
-932715390 -310610166 202655690
944484990 -954428234 -90951124
-43152184 -441246178 736675424
-623235670 -953728078 532242755
618878562 913016552 -910703383
-174347232 -737380336 622168405
339975290 346497245 370699860
-704776078 37093836 339937763
471676796 471221411 -352799533
-184045057 -764977380 507172598
-313601320 -123890877 -630223934
-71036428 -795244331 920801101
-605321980 -737747316 39118932
439842243 26319922 -424876721
933920040 840199694 -263240831
-391434330 -259352927 492545192
-232338388 -78026191 -781659891
-136193955 -528907120 -609379374
478893674 616533187 -987663202
635227309 -359716536 386853407
-973243612 -545232575 441723519
223670007 205173395 198786141
-619989405 221775417 -752621724
-22797144 -519029026 -691903900
692744317 -384126944 -221444198
-917470158 730590484 -2288847
-805394208 -280209750 -222978779
-241991616 494720480 646826812
964067839 559309790 -750132255
-70241074 824729636 178654605
-211412866 346372630 898598664
-394800165 -937589055 479840244
818335643 992816832 -115800994
-74211612 928947286 -810912785
374644659 838283864 -450122123
418784025 710577793 87373193
369542868 -187067578 261904880
-494913505 -673642896 50415337
-94821197 -42971882 -563576213
-390194569 57205246 291431839
-428651827 -466324709 -599351336
822089999 -975620 -729464365
-823824340 695227446 679202977
362043552 -847126681 15734951
761210761 -662967980 -16077440
-641047456 306057889 -897908673
659742960 573338626 379042699
71249458 306655659 -803372861
-769259655 -485455780 373192915
650098955 -244200616 -855928924
-177164816 754452400 -886042491
-361274750 519436487 604745383
-204471449 -524353600 72137474
-798596214 -972497149 27566424
-330722149 -526273500 -4125142
481321508 -836827189 -1862566
909468600 395901566 -386884124
-147435166 991037561 -105052301
-197015659 -413464284 -991735321
915987180 238442691 -928446731
-427240500 -173607716 651936073
-26601114 -279129552 559942229
452187751 691624870 616152795
-272217709 -432655473 26704237
515253898 -981198600 -963174402
169696774 289229248 802228074
-347710641 -361601805 -975409150
537915895 -126271165 488188651
452745827 160331700 543243353
-828285231 -923400198 498312410
-879598008 28581861 -373237463
-980780452 -61958492 -635989842
-987153746 -782978048 -102339270
-395823541 -19975690 -294550685
613568664 976870612 -552099554
-949694586 -852616407 974908277
-701955785 -68982152 187601401
434727951 -912077882 -910396194
-23672945 -282767753 474717790
573666952 -852850399 167410099
-737945021 -51669966 144922646
779717050 123885864 -837382210
-288914709 -962427310 998592896
847683837 -881287929 -356333613
167979247 494027184 -84603616
853487198 -171452677 303591922
673421728 -859676042 128448636
976542910 962605824 907764160
560495932 153787578 -54285847
450875953 521183300 -961623117
-298126134 -981669143 -286421879
-386980584 -857389578 194171945
-214558982 -731208366 349000263
-523597389 936715960 964270214
132252761 -226685050 635083447
-671068718 -956843579 327346366
-23587191 -986228720 -605684252
-972368168 474613996 -800041667
878066354 -576348134 147998609
400777701 -449132822 -761098690
618587915 -546364376 -322672806
-914540220 26965787 274911899
-858720589 398765069 -733377483
-414073594 -597836424 676194359
-227300610 822617324 767820860
-990975700 640106433 -931823958
-713212812 761834592 191008295
-163340891 439813100 -108449091
-877814376 -155462804 -16137359
-345836186 -459846219 -778392548
-873562753 394811240 -701309787
447103179 -710958808 945190835
762157759 -344532255 815865692
609449890 -364841397 753076909
-800686644 687057402 -857204469
-69268808 880581450 -410193810
711706892 -337985753 -742369815
794963562 739165817 -430686387
610165112 -680931957 -66128761
-460611120 -985822915 489638203
-818025814 -622857869 299979819
812103283 -739312638 -870999982
-187182635 -932649944 -717325647
-696860732 580651329 377907834
69309104 -85504354 754546248
-840109077 625081151 -993851097
289867448 -806091997 -405225398
-581542901 -930817257 898927865
-146915670 929155600 -622570923
-302655229 -653458083 -574219748
79115351 -608958552 41151884
-806210328 729456678 -930198275
621410023 588127441 595541386
-193286490 979357379 391871857
-912555650 398267214 126491905
-150526099 445445484 -788728820
-238872954 -71021161 -340563897
-484849292 -490161975 -177904513
151988965 211881867 614385566
626235665 -893034492 598310873
116345447 -20176739 44314711
-248411350 270600123 749982945
301059215 813445488 60331804
710574739 474895232 285908840
839959742 437366803 212853525
-572870591 -238270411 -190169631
-237814859 -320961638 438937582
557148620 620858079 -733566566
-50721712 -2978795 -670944667
111196997 -617378550 -494121573
-180377826 -863600512 846360589
477877490 809751375 -146641745
-884188894 376253926 -904820423
-365716044 657070682 -173219490
-452651498 195992184 -142357398
-35401549 926957611 78428563
645909676 -566258087 -469115787
729964656 -638608056 -903916522
-506337076 -805777568 728686622
-613377544 181901498 -790862841
-108839058 77734458 822426176
-927728971 -684005897 913679824
862600191 -898271622 -762219435
-758344716 543956405 -635857988
-828160539 539586736 898446739
124333282 482111461 -265185434
-935140773 346722878 970984128
514846077 -335420833 532127937
-116035922 72901463 957347852
613758093 299909007 906144930
531025861 685636308 -171072959
911926192 -776861449 -336722698
159591024 700087188 612045308
-698933915 -897169562 -381215787
887132278 -18060274 729636862
-559526029 -889459254 -842070337
478564603 -969615743 310699839
-129333598 -900528043 -366710495
76423381 -972545493 802060942
700499672 841393891 -541673331
-446301233 -897726771 27375706
168856162 -845722934 270010437
-900427893 522515943 -235773728
968539094 -782146885 299716965
945550823 165887089 547467466
278666151 -918922237 -399551774
229164321 -246745579 988136215
-318053281 689306398 -154261387
-346265721 -131745628 704933896
-672521690 -692071672 -647656176
-894613652 -311550456 -898664880
-964055302 697966038 -900629517
-426607642 -291561743 -618587232
-819713983 -69840948 548583163
574246122 -356976621 207755726
606156426 602657935 540138201
-895910361 -905953994 -400707717
-281140898 -944450603 548958567
-800586355 -971486712 -41313522
-310723442 424107282 -425119668
779967717 -869380301 -479098885
-412039222 -889380349 -658455960
-884360317 -457593658 -905641982
-320931498 729956018 -564259191
244891533 -597166470 -986301217
787231229 -3851627 351663957
-857576231 732703479 -561666402
-940189287 -338326736 -226770368
-728331210 -809673348 811071830
944750141 -874728148 -866088686
-488047999 -951715727 -964824221
-903079790 -409556076 -262509655
125158204 -277008214 658991253
-497083649 626504135 -844017680
-713513323 833910241 -527446918
-375648803 -861249857 -262830195
383968076 67151764 -301675473
-37952527 147425541 -80458294
-193697607 -106385723 257062442
48791485 281429546 -357967783
-310426892 -931041829 -845384247
447570518 -877067272 730862564
5656375 -139566280 -198775234
278032347 -20056617 -686391817
962008409 187163864 368455341
-557322891 273335198 -178512995
326174536 112342638 99126965
-410789336 809052348 736574624
-938688024 110843378 -974594548
-11589834 -974930776 889102507
-226664844 374211023 653357589
160958803 109676323 755457489
900539544 -996713657 -361140087
167407571 -875715434 -912484050
706245707 804150641 945633841
503804616 985299745 388318409
-754799069 851683639 -57494508
-652266607 -856062157 -168618942
340221944 -290077384 506476489
-307507671 -933286679 73196175
946608493 -115283605 -19064329
362220129 -953497307 919602368
358321886 691205319 624584138
-914610844 -927673750 -956852654
327950992 -900759631 -327394832
-781477710 -734861334 125824111
970127178 -163549279 8359448
500189595 378431093 -808495452
618479566 388592300 -973919847
-478153508 -125282355 -373430862
259169038 -806853099 -828414711
650820109 -104850579 -689548642
-770704815 -512477231 75459321
-352327195 329874653 -962818858
178113259 479997408 974053323
-931692610 -781981764 833289370
-493535852 -643936773 108605848
824449882 183500873 -726803997
40990342 543258771 -535378823
-149445769 -905598261 -794244709
-658893214 -886561449 158582066
-556500181 -610719348 210640910
-960657513 852215283 -972373591
-157415788 -602204146 -525305522
-208595596 -949473234 535157377
535186081 -700111333 -370397117
714963968 -885220838 -551758265
-960813453 -435479033 883361826
-485513831 277671730 -154803488
999519933 303428083 -989357367
416169898 -578390699 841133256
926030697 81819973 100026358
216239854 658802422 -732273858
385899458 -504493700 -956915954
370124638 -623984263 -659983853
-539404349 -273455264 -95692846
-24296019 -894702596 -609032347
689540489 -505288693 -859003543
131258280 -33512656 442905777
587372394 305913445 -24678988
168866904 627524604 421309898
-920238764 -537821653 881784008
715611946 -937086914 -945964671
435441853 -488334670 -476386601
-970107674 180221266 -413699800
-219600596 875275805 -383658447
368074351 5276969 999959888
-675493624 878791943 293324878
290008729 655757739 217160294
-851561675 -769055038 838946571
52654601 -123600511 694459168
-647028154 -561532019 -961020240
-356186890 -920689091 415631003
-184203451 -962914569 -510255064
67813085 -503234171 -442953483
290399441 -96568143 240391198
691618331 336874784 -951248353
125071585 -453661608 -89956585
422065471 -92285070 36700001
580034682 -966485188 101063553
363099268 -462004600 -927597952
99222317 389147692 778574167
-895675179 250669261 -345476342
-874332555 -955414500 -862679549
117754266 712880971 -115753764
-226291401 44288693 -733893941
-971750359 -584232985 -304327258
507463709 362756029 66427387
-923992578 -144128122 564988264
-191677874 -762336607 -667107129
-211224026 -235701098 -990893171
343992429 588757889 -225345888
-601083330 -984983118 306998012
-379097334 -802529465 -420855253
-279422052 516916145 -246353442
-427078268 471198575 -410759473
-546774858 -91008219 342441409
-405674122 855167064 -890435103
-78843348 305477055 800165397
686523163 833724873 -675571590
-6849274 822238328 314569226
-638759558 127139989 -917332194
-796243287 696503887 -314368913
498290833 -395742893 100417769
305604567 -549599615 199550269
-386665289 205460348 180773713
-478577359 456114470 33147905
-906690851 305670703 567266169
212601066 -916617355 637552991
407495237 -696239820 -34568062
681617603 669377929 -490943096
-781579492 533636642 255776676
377428795 -874905830 228375160
-157164899 598205656 938130695
-965738603 -847903974 -555379944
449090661 744387412 14742547
-365817552 -696136999 886203562
-855288302 361449484 -582051425
-284745681 689480459 -235365251
371362082 217013178 846845753
531266545 510648414 -801224484
-274395060 11669430 748328756
-541114952 -619930064 -564091897
-907729095 -548255877 -945643704
194712383 358264714 908826927
-183536732 128354320 -965805551
444827499 -531812249 -882904878
78626497 -576853541 199493688
151535147 -544251092 187378616
-583765055 592818607 -686959917
-337351636 293886616 678776487
-263730912 959285045 626655637
768681461 704320797 57508668
-130875022 468060077 -997891330
-908893455 372590842 -977017890
785404149 452888552 830493514
573408177 237612823 -199250717
470341512 -215661828 60130365
153602801 159449317 501936400
629682350 -287375227 -460507484
-879287249 315121196 851538765
-983029425 -420624934 910433487
-515324036 -916550939 -895471080
-914569461 530668746 -654553309
-582583989 -725364558 -882150604
50057183 -892894028 324583341
-331990068 52862904 67520812
198284075 -516158468 -381374839
-633184647 242329060 407835081
-496052887 -143602978 75115649
204123293 136730665 285136622
642423196 -600686786 340370256
-894001112 507927881 834051667
-942200793 -810713177 914351325
-917838875 -906919104 -222154452
-168447186 864176335 100942732
-963912785 170668427 -165779487
755818316 353384041 666942078
746479346 -432958393 373989936
546526172 341841543 995688223
-886624303 -826485502 727915145
593648793 -122612153 -742758332
239726103 -698669025 -369264751
360493454 -881451476 -152456462
-84186326 988100993 -260769774
-982651041 -868644637 562308013
-435359383 886131861 196029798
-118192641 538261842 -385428470
44630681 -33947 944909916
806356409 -922974818 -672391892
-874740328 -107959061 744880258
-644787112 -964755764 705036207
561798251 -196537993 799795270
780644265 345070594 360258998
-966190947 -600182460 204908369
339717065 -891073219 -606257308
845886945 -43136359 194981368
-563350590 382287598 -49503847
259247736 -939874779 427371789
-887071142 -526273441 -689107169
-592120440 -695795642 71405127
879572920 -117289170 -602121102
-710341627 -454900349 329634
-975768975 861080544 -84205278
-489014228 657413682 487251434
-542853033 -285154762 -339847826
-873186193 -348064997 -937978486
-252540665 -232654430 -475783857
-759033660 -355381017 -112550814
-277778349 -925105024 -977353235
845551763 -20857169 -990105058
194916655 -512270393 -881009824
-735397336 -505073024 792297904
969386995 937445271 542225341
134266223 817864329 -895534593
834309507 571927065 459297851
576235965 -555664965 817247978
-539679395 346779156 64969232
426927741 261409053 290311314
-69622740 310297628 -544724189
-299311564 798749092 897315357
-61667330 11867705 683481802
899050345 593622028 440075696
818804123 173178198 812538013
-3508156 600269719 -152868133
-544511725 636240297 -617725384
-25610026 488830162 -132620602
-923906548 -860249021 476404324
-982671771 -802941923 -894040312
-968457188 894220382 -641524986
931878343 -376190545 -999733211
-386199670 549106381 -897906202
-941932190 -978235033 -910429891
814755355 -766487715 -942899954
-983215994 51335001 232094731
-198283970 -11741977 -137055081
-482120284 -718303799 -431692675
-884327119 -951338984 -250872824
393911299 584918442 -567846320
715375727 -895942786 -937339177
681214847 966515920 -218886001
673399978 -988978373 -941468428
-946230411 790544563 165945651
404095888 -36492086 585607487
-414541389 786326494 -579675457
754708189 910543607 211801334
853376206 -500731308 -313721803
-979506630 -155477036 319062396
461349990 -955263364 265932174
-749883941 755883397 583794658
616116011 378738762 -931446743
-107675442 106002978 39876038
489540041 563064848 297177874
-740250335 -901962130 -869388494
397832607 292774467 552880173
582446789 -829857563 594596882
-793216273 -323736614 -490497586
-865483731 -960248817 -516321148
14382882 -42661333 -942976380
-731954034 889180686 675276539
-61335598 59384373 392925928
-7423946 14952079 682546873
-895752901 -200642356 -406425537
858979141 -936105470 159035202
365100752 -902777938 537305415
-121424004 155270856 -689294168
-67268703 756497769 -738429449
-199429808 -545794505 -346165139
527855728 564078581 575896351
346342990 252047967 455694383
951764682 807590413 124810506
578324950 -241249149 -980710839
-637611588 94737594 906444409
466667325 -144652397 557599348
-695906960 493412044 -972371732
123546267 -626510854 941040822
726556205 963064089 -26380870
-688178431 451213062 835923591
-902216193 -807736090 969712649
577441736 -358390978 421810719
-608478561 -606860403 -664586866
501863439 -143705926 436123193
-957148505 -70690717 -897989006
261333370 346293695 -560634272
-939412675 894880357 97370861
559161342 220802626 644234705
527985236 -971294816 813025328
-168613097 -753131153 -562920581
-960459420 649182316 142710208
314197595 187563081 854136521
-181669361 237178541 594434509
173094820 -194669137 562545292
988305252 477792353 -148841606
-933259159 -701313472 8007177
160930202 685454178 -951700865
-74813508 569495349 895712641
-380524276 -734511662 -384073890
-473304889 991244125 385349719
-873698184 206319783 93578273
-990340750 -342840269 423562134
21257562 492851191 -962142933
-721918279 -585117199 659760523
-336306571 30146104 772500383
-339025222 610987436 -787290913
-907526517 414482121 591179264
-866388068 -195461430 -964147220
752784559 -100198394 701193284
-680161477 -978761801 -937284021
-504700228 -364053491 -758455118
574481738 84848803 561594376
873041046 -488125758 127587150
-140748620 -750915833 -321991650
655745886 -939875905 -870459862
703751018 724970610 886324307
174578954 -691516709 205443264
-991329200 -632158742 398740713
-923156760 39225428 771777266
-813829659 -681361696 -300359112
-41974528 763238318 710318045
743873496 145150427 -586499724
-789779571 -888317731 -314744493
864253199 290890714 143773883
-834774277 -859946045 -855885948
323802825 -4506239 138638125
-777741546 588983885 -65850714
389264029 -981093822 994958673
659705208 665929107 -329548619
-912376187 -366516688 552486895
-672710493 137586319 767631958
-187613031 -96482848 406706094
23576738 431490879 -514233609
-938859468 358281698 141501697
-980176781 -300204712 732211327
-602112533 863330414 -491528205
967613032 -273535331 -354611455
-392336791 217292158 -114605414
638574812 584285157 23283008
15798196 133854041 719494227
-590143469 308354573 -20321599
-108075148 509841307 290622089
573641872 -991705336 955744058
-922224635 -625898626 -367236627
321665710 -633756730 -750454371
457157049 -880977427 73766812
108450648 506281387 472010658
-520171943 -983590978 774955540
-132096744 307075301 -757796668
294857347 600205497 -938497997
173493652 647404729 -902869000
55916929 933471892 -918418879
-296358780 259259425 813727291
-142540280 -176360700 383611004
-480716619 817467749 49423487
-210276179 105188188 -961250751
845908400 31824688 592571080
-996895222 -457233796 -784407362
-907324616 -142522221 195613492
-408634820 -611954412 -379829417
-615576397 392207428 841461461
-431487970 -154477097 -463598592
-685508561 72210788 -825489030
465211167 15868551 -699852623
-307842424 144508546 9697215
-441653393 -963404665 -648729793
30444047 457440813 435677645
856840008 227589831 52231015
-467717472 -230325845 -754059562
-825756515 675430641 853548382
580126698 -524194046 -341107879
570301557 -106542961 955871082
607735015 -3986304 -251577510
-341070116 786261107 903218930
818270248 -423088724 482440240
770569726 125347932 -3128560
-964437178 262684231 -83914407
539833562 -894251244 570883077
-631065542 188944954 150614039
-755338542 -50291157 -344959348
-913260972 -898963583 697042797
-133264820 -673787014 -976797944
428243552 -601638660 -488731331
81345516 437344514 -32921072
400229149 590893048 -959393664
-252875783 155367578 -861121369
26757918 -25801809 -848440489
-892327262 -896827471 -992535345
-215723819 -711376710 266598762
-806862770 692907952 981767022
-662731143 -840166537 -951302157
849735343 674646565 989507376
-568451393 830841736 342678589
-629899873 908772444 -346505807
526208341 814584357 69081712
-403558787 -215535414 -419619625
-423336950 819581145 -990380898
804749571 798066430 -360378368
-333488507 203381817 118508407
-455138859 -573933401 454870330
-360229463 563213184 195723574
398844910 -431480269 23163720
-908688302 -119076097 -223609146
-591781831 232148506 -71473910
-474819037 589094677 172737191
-785595571 -145533300 933512782
601658165 796518154 -966304021
577549732 488988106 -877995972
-653923308 52909022 733392104
-863616433 776770428 511502853
-924975595 -725924399 -989381476
356911742 -698327097 771355405
-683137144 -720828450 267275309
-451962922 -717499521 645103261
52889387 -221278111 -44393863
215246362 9136326 627761542
-945072984 -835499251 853612298
-968871138 382175796 -402819621
-289971483 724363213 970480481
-13994142 -515434628 -509444782
-877232775 252834728 468275009
790276100 -622173177 218320948
-248006441 689176868 -630984069
278268527 -429845415 -537980759
-887178403 604600593 -348688640
657292456 -926304930 720595264
-770575318 -90575497 747297937
414500717 36129519 -13204700
520209884 -972527587 -447393324
-753416210 -646776803 -514328096
-665577031 -112569691 -771087475
397857335 -428052986 -748966990
181245777 -992644653 484569616
-70003141 980351729 -979521000
730043434 773596844 324935936
-914133106 -376417760 -355597310
-656238332 -387749147 639623039
-973817605 945118720 -257947690
-354028084 -933818557 876325868
-978078607 -669738599 -906611485
-908371805 -329986151 -548264984
-921363568 682413546 -488343371
-550694878 966142593 903154195
-957560140 723914707 -887113107
306863211 -757476086 525155327
884006685 107433696 -917201596
-862760472 652170609 357506194
92404678 602664709 67194794
145881509 367589614 -570331596
305858331 499690701 774621344
-21495177 -434399358 -768828403
-481155637 -483944964 -726169854
-69674223 -586175567 948063999
205504714 -864556709 742119936
-707778907 -973763856 114058312
-977074406 -657453194 777482525
-971657096 668269155 927615823
765946483 621984741 -143868527
481683338 -919816070 729592370
-827573228 -475587810 506445310
387943887 -677085592 -850290982
-964469188 657216609 -249040875
660157100 757284098 657137388
345776348 -321319363 101086814
468648785 90297695 936363116
-717452477 -451045062 -215711999
-989206983 -384531574 -921681979
-51323865 887554810 -933353577
243910382 804314676 -275401611
-852537457 151295717 -122543014
-324987983 250167976 921007735
-53960352 -520291586 -11165872
-649452134 578403953 522021431
948864573 -92993173 -768181034
-268173294 323828120 396606034
-678646256 -76507918 -855991936
749767581 -904907160 -884777143
905587092 265026982 38019529
-343395804 893243380 -614222820
-197252422 606832828 816662037
-440166636 -882006603 -75912137
-804267637 673904373 761539070
353490044 791161454 165757594
866240075 285381819 713782478
180799166 -858250871 619396708
-95833732 -747896222 390414174
689889090 754013102 -449467766
-669093792 735547924 472409596
-374776200 -935664191 -401705441
-930443039 562881560 -63596194
679908350 -870645366 385731431
211460626 938557930 -736030544
84689986 -796283480 -10343599
732866439 925495676 -151615468
-354100145 -986164943 758031132
-756714282 536687622 -320660209
-870375668 817939102 712467744
-677544331 -653697527 52627388
-958488113 -277096063 609001796
33520111 604228086 845561807
574943228 838881564 -292893910
-886128255 639025358 637552735
-335024006 -986830130 -868181632
370902107 763809507 688997405
253515695 854097018 -842279584
-282725832 -782765179 -928017911
494122785 86533267 -385481258
893275236 -286964969 283789768
758369491 -802839395 -816625417
-791441980 -908887611 43112867
-828153419 -800094013 -898263719
99861543 659877084 -863403324
-607466982 -190980788 712144849
311647550 900348468 -711578705
777019942 764369962 659518469
939637862 533374299 118217926
-656017711 -80450383 230607715
423879909 266320590 442020620
-76453590 968995336 -597739851
787099490 -647485166 -618543031
838637815 -707589295 -990821291
353401933 -104977136 -976488243
578280127 795042581 292557244
-997392229 -360450368 -101651471
280504612 64119821 426642497
-416346487 566195437 109105833
585881688 -626883454 -344109597
-975431412 -873040437 -853180074
-556728583 797647806 816149874
7063913 -855095712 485466794
-948191852 -190097478 -461117690
-565871388 -686588921 -551832499
174706600 778437713 -762662864
24398032 120140181 711571896
-417635821 -974321003 -534336250
-300348251 596284185 -74125120
931965560 -441537241 517712929
-492084342 -789800643 -317828448
791898700 655271423 813712999
719439876 790756491 815148139
-237097571 685368353 38946133
436172300 778666874 -496656090
610158214 918926430 -407960010
298010520 -755373426 -875874313
-999798274 -941529642 516460265
-687536547 -261157436 671825953
-963051706 578579436 392464074
923138852 431566951 -749771417
-342309978 -646657689 -623147232
-304585462 -12921448 137870359
147580017 64980193 335419930
553800378 426075627 -898138578
-549211921 269116163 -178436236
-635216223 -477728959 607830436
-608314476 -501061229 119099562
-720804570 284083609 544786278
362558711 -710863485 -916047939
614818440 -32487821 771582271
-265555012 94719604 846397793
771866930 -960295150 425963332
134565539 80746978 832846289
195432840 202275047 -989476388
239826804 -122765726 164199112
838490566 -60571654 55814415
-815918324 174838483 -546930644
-529046606 -370516435 -323102849
-287031091 -941716795 562342853
-113223751 -315768426 -870886555
-161381533 690345917 -832984273
401489061 -183763830 525202960
-492716593 370293319 936012327
-355423470 -773035416 470759037
43183766 494178901 -934636697
-645447470 693542827 -109993732
604209582 -219172965 306855802
-930767994 303621882 -30769128
-320545517 163806830 -602548546
776984490 -324711141 52775924
-987234140 701747505 -692954652
492009287 -393139407 228461004
608148769 -999675753 -932153132
-625311988 -772408165 -874368319
198766703 -549418548 637608951
976152439 267385890 14861279
526038613 742051480 818484402
296695863 737132616 -472398580
-818762761 -399706468 38375578
973774198 -960930860 540551878
925025200 -940022777 -700034324
67520798 -414470998 854835435
-966573078 -104758199 388085243
341549342 961478017 -828083800
70543348 -827780159 890522689
-967340364 -105460034 176723732
51761990 774290938 916364468
182851280 935728613 -243747475
274849553 -844650141 -465170307
146349437 29715699 290476973
-693227997 254367365 681362534
-440835057 -578730957 933193612
-285124321 916808187 -48207730
616160880 628280952 -976472787
-248789385 146506084 483755250
-899782430 769764358 -561926293
195292755 306334074 -74360500
944147717 52934205 707908748
-483650789 402378135 13877044
-156519013 603722111 -545271567
63616208 893990079 -894826067
255670496 788324266 516805573
814889641 681785505 -926491005
274941143 178880899 -907122187
-304791049 -465230139 -983415497
781727074 330242533 -368073363
-428479055 -407613463 996695139
-961048191 -712185080 569601337
-773188897 -362245 -968187048
-854334978 485960104 249662008
61700475 -835416082 841884888
-705673590 887695621 -724100810
-275162190 -83001778 -940484004
-557507683 -200588309 517722645
657583054 977827986 -877912174
149880012 556800816 -683397162
-629841924 399263649 519345132
750621355 95019876 525738047
950138355 -818629107 -345841124
-632049337 -597508560 -250308176
-35432727 827145631 286558668
-530799490 -918955598 -310274229
-340663442 -698810262 -861465327
-921366512 864701022 -845751988
-606762134 -253721754 962508649
-927914735 -270412342 -773405118
-943152238 115851931 -291747712
-885769300 -460201117 -954057275
298053262 787944961 -621182888
688854722 -18425455 287199744
730133207 -897450160 641781752
869394600 -760728135 133044863
729248051 218940775 -775969354
211104372 281137047 -100167206
140835505 -451572045 -777603744
482126346 359640408 -153285934
816940350 62302360 159490662
153097252 -29233768 975740512
-747007262 821616049 -959245855
269583678 350055518 568172078
-313607573 854577053 520817750
167247470 893628135 82830368
613275938 118250477 -905892791
876830978 -446888002 852296851
7596370 -77655762 -923825450
-893964030 791113173 235744382
464061836 266787014 359188932
957656159 200437833 315191229
67596382 -467197442 513231452
-249760116 -451168493 -26781689
-468668434 -702293374 69407074
-493636673 508325070 52783123
-664708747 -636187434 478914292
-122989293 -929181897 248855396
-382265596 -938645954 -577477438
-895278700 -631921879 -81609572
-785137648 -939426682 -697597456
-782346253 72638034 523867332
212166905 -379945434 -500519432
608785044 564598868 -724122182
350767380 -749267791 -745401620
-24020063 -68032562 883889945
553105467 -775174697 -628352720
260913438 17242461 -70395366
585885818 -712556795 -475840809
-393650868 856833353 -139369212
234223495 -369768324 -8562466
968817575 752465098 -860440155
443518119 -893229056 672192896
-266229856 538699368 581070705
813165172 -927371931 -989860964
-971432845 -515931534 -138160973
549670914 -706675956 455719635
144423720 -219748993 -916421103
-493526946 -706345306 925722279
524703630 247820439 -826436023
-698968089 479289271 -616853110
-950224297 751934259 -996778146
-819025259 305905146 533470006
-557601409 205749049 -184344348
239834116 35596790 565067473
-434266786 837337222 188725819
215310574 -317582955 448077104
-907802919 204986709 149419741
-555048435 780015527 -168023206
-359659786 -398449444 223153593
866125767 544735342 148262594
-66984177 236635966 -218059522
197353101 958861578 -673939214
327351020 69077713 677024455
-978770770 792707868 -666842715
821968037 610161950 726600045
805451258 -662291055 682159931
378206597 -773729980 75008705
904584738 329741867 -957511308
978276149 280540253 -624055230
-366187333 406707001 25774722
-148260291 751172597 222249811
313558981 348678827 -151355783
-991221455 -986442807 51671855
-302842036 -703450545 160183879
207452926 -704785642 373651993
-455223335 227232846 -810699181
-476806725 -897548755 332518576
876768009 -927739359 -16988493
926443083 -644880962 953818003
866470504 419617128 224847449
-797463835 -167873777 668926886
418267757 517712443 -118091226
-871969548 -806062670 -645272056
-523287378 -85958814 485057093
-431993760 959117647 295950523
-734955087 323685187 -899469253
37536664 66854435 -218224231
-581942689 644150255 -281203394
324907577 959188943 744337636
-447370731 159512861 -950908876
686018327 -347962392 -197776161
-898738396 -566761954 -634923754
686050290 274659579 620279116
110567212 -763756466 -601138631
524066146 -616292245 -463362670
-376685962 136909332 -96887561
-587333632 -393515840 960162935
760161560 -928630260 -959474233
487457107 -926252129 594510598
606996462 264216287 -700672915
474420827 275219610 59765977
550141612 9478201 748384702
-34243699 -661326089 145116331
-50695649 641294949 832563621
706512042 213938526 720844824
-501552501 -696447851 937534456
70037286 905395397 -622772404
19798245 -646057740 -872333554
-358893410 -862618975 513738864
-16902251 -996152965 609019766
324304889 -242527590 -434246129
-122225830 498151182 955608147
-61883023 791631964 321364597
-256254706 294638636 -150601608
-636981233 -93686918 -816283958
-500632070 -910167989 -624301379
-734134236 -720553245 527779937
810304638 433206741 -501539214
207791543 -969034279 427982842
-489510374 822878382 229428631
420279656 349137460 47447930
73157882 856051142 50953435
-174913937 -93441304 879637713
687110599 406765187 395716129
118070687 -522771112 -255586493
-446364978 -886749532 794130292
543911674 -227742021 -856075957
707228852 734298948 808065286
-819052542 -55944811 365110112
-135872545 774570362 110770518
542159989 -805097918 146994864
188863913 -953194385 150734895
-762393715 -886093823 630050996
-841651000 522948042 863895970
393147016 -129856380 -205947550
655501828 -662382689 -669147221
-466312717 -623800012 -657945607
544500005 654845564 -396585741
540387975 -439850308 892654776
562971593 -985828185 -569708987
446782874 692798331 -437962814
-938559547 647366858 20544660
679103403 -931434544 464611286
-527356232 -416375209 -468459351
-643546680 -348459613 -625450966
801865330 754433831 -831045923
-466027414 367393 -924514477
-67256551 125344176 446181796
-168084122 -364059544 169211772
991184366 -892665411 325663037
-810140335 -56218970 533102594
-984521847 -900707561 -858012254
-978335886 -184064073 23160117
-702939481 -966163924 364210190
-773536513 452214731 341256147
-337318333 -632878892 90256135
-669153213 -739656438 -237102477
-336922507 957044956 -146630722
392947743 -424689090 167545076
-581361712 -571793442 -23716127
-788662921 -139835665 263772196
-994849266 -991348598 864898380
-530042461 676854821 -73843065
812717486 -338886313 601192732
-872853150 -189879820 -996520576
-303248189 775110804 -38422603
280549549 531981611 6016383
-921162327 686252038 -562837014
-261874069 765816197 463769726
-650093987 -319389052 -984967237
-768759025 127910455 -239745607
-231653293 -31086546 -310087715
400164704 30768141 -81719711
-876109926 -466593220 -298324508
-505014867 155367548 -573058460
872835526 760615912 -930081084
-869832862 -521981808 686526217
57180405 -409047949 503855894
212452680 207572803 -976445710
-648678967 -258290555 898341526
-451535470 16770199 387038542
-260832808 -914557443 -604716247
513550500 971199497 -726986820
-582730288 -249781058 -293450365
794951969 411129673 513362890
-419085591 125981252 -493162553
-937180370 536148309 215233799
114279464 42029659 447019837
271787534 -100437240 -739729443
781000889 -863158005 -449914310
-136542982 -956479908 936258763
-188757545 353871677 -538276053
-948470975 -154502210 67505058
-63715992 608922994 -90463287
-861999044 943557093 565126786
711697975 -641432409 755792240
-910649453 -703102782 637925137
-598786233 283862281 -284614114
-533972359 84518257 772917122
344437904 -272080005 393237393
-182298383 585807596 501421498
160132959 -336319972 214569308
-316070835 15051001 -924509034
-135751927 -168627493 459114100
-206095125 -395135903 940114523
742626484 -893912153 719961734
887197992 -345821276 -466106268
13447391 -388532488 817974807
-956885051 245301641 -915425283
576651936 -386087203 162129220
-148562154 -914324500 409365686
864392621 165824975 879643259
-691143143 -18168782 442719684
-972153621 569388081 956547149
-902959799 21358130 -682022378
66993030 778805880 -872699630
-776035628 -509991306 192601120
-289674780 -64630457 559877773
183832240 425852417 833464878
692670067 640189359 192574695
352650628 -678257211 -665541314
-976476274 -578991295 387850500
568193028 980305639 299762001
632929124 -783534249 222726478
653724789 176805720 932415027
159232996 539684199 -31100896
803284922 12744163 -41069999
-934199404 623719195 -12453908
-870952118 264755535 676319653
-900852933 -40966280 -841752638
479937264 885505742 -961401511
-385348769 675347204 171198398
-979711183 -171035151 -967256950
-867661524 -416257674 -848019511
844427803 85820324 -693007016
-862799167 124575275 -956894041
-263811424 -306586863 419590822
-319354261 -354929991 -947786742
-397656118 414381124 497632879
641315837 372661971 175343587
-285806230 -38037876 302411759
192279884 -141549524 -512487472
-94817254 -876862457 538162871
-471244527 -361147576 631144213
619847786 678065999 -979189023
-281724770 410317847 426727714
-837044282 -846765139 -767882969
908959462 473030355 379051984
568282107 -236434602 79419187
40967372 -903484543 -959295513
163848939 421397730 97587697
496762390 -314981114 449931460
551394912 904804321 293091142
-526531048 -117108836 -608035698
-714494774 -381917745 624854120
-129174394 241767406 -372586793
-280909004 708099515 -931554597
-929953183 -752947424 -925165197
-9751235 -894147539 -510104948
-904942715 -666564276 880961699
433528318 -419070204 -621414895
617368742 663609221 902302443
987036937 -959264894 104312843
88138662 -809894843 569310396
821214435 391572620 -218610953
-372600403 -927041116 -987189266
194113374 -310569801 8237797
52602156 282500844 -452927670
-933664310 -348735981 -899822319
-906444631 -956709397 959843345
-936642646 -731707315 285329346
99583155 -690609011 -232600029
296930160 80903116 -747255644
-991008684 -969367730 -61373164
504627465 -868763022 -901747951
-240195155 323572989 -48973637
642987230 -966320513 -883867352
-83237425 -255975636 -921446938
-928332011 638235471 78236652
-536156529 677480128 384734358
-37964108 965613949 900050237
-361815312 -841357738 -180207879
612615130 -950332026 -726626211
44917827 -953261671 -40689142
-255065673 -325577813 520254409
-115060209 715583911 -310685815
915227413 933204517 -160415083
388904696 -374347667 -746963176
-456119959 -69830136 135475174
-995534781 -333534844 -195622182
754422206 467641853 451213336
945639963 -935268147 509952707
723485797 609486157 -934907837
784436145 778907587 453930999
-68650937 127578219 -716123241
-31780594 651199049 649003927
477048429 -164968855 937396344
-70776617 -587646487 -565153668
389641496 632134155 -483649029
-119280237 -965085116 -719343721
627318473 860755654 693889949
-780907098 354229036 123443331
-129032250 -525622841 -365338205
-933945557 159613425 438305179
930728346 427675695 -672384772
-334969730 243021106 -904460720
328301530 167512587 -114447394
16696216 967229012 -43684860
-326049789 -885915385 611355849
348514300 -24881965 -733031655
183986398 -663785855 992473718
-993925589 689628897 552617913
-785744897 467810235 -367310141
-703645190 -285349500 505730176
160700312 125117482 862929790
781394624 633935475 850338078
-340181082 -598640958 -813710053
-785260773 -95521943 66910821
137160546 62213843 659899202
-726437766 -653998964 931837001
-900390909 594058737 536018111
885058155 328449113 208764541
-736329045 668385539 -690448727
527797444 -704808645 431975534
449554524 -478723402 -246900595
977241439 740000465 -938815461
300021139 489692564 533523868
-893925451 -619296416 -263893051
407550450 -954399561 393219162
81920404 321748786 -961948658
-815812752 -958588793 -520423630
-943102072 -669429613 -916985770
-275400612 -199740635 -507153996
-942276814 -356686416 -862863215
978234659 793567454 772400610
-610632652 55400880 276707974
688542190 233237259 19796130
162640760 776119926 625009094
-942337257 768211915 547829952
-20319153 711872774 516191497
-81072651 177004515 330783034
-653889068 -86879422 223610674
949008606 -299856655 -702839863
-21505688 399714859 122860234
-869681532 -197336152 133909718
653220899 -691853667 297853516
411228670 -386837746 -834432959
-768739126 37624992 -170037378
-799333043 -777924351 332816345
824877791 347316257 -281533237
786814730 -118482372 982035674
380076086 440398022 150391079
231145222 235584574 -515284719
474033972 536488323 -927925515
495839961 216024259 -370363247
183329376 848529335 -336126237
831507410 273613605 -104637154
736736795 -634688553 909605485
921277979 -912321389 -852385896
-238597599 421862613 -266988933
813918809 -946767595 -351069907
-50099020 707469838 791393121
-358623795 872923385 -629970059
-128383607 529355312 -780302364
601772310 -316603113 740846601
-961743702 897064738 -71542962
-989787788 805882681 318979544
-776394458 98113677 -310211355
-928192757 -470434413 947384279
-629798224 -979377892 584371479
955186715 -234788113 -989316081
778809952 340319872 250620959
-729305262 -192610042 672766840
457783361 -286691556 -274203424
780309624 20519106 -60146427
-190825366 10871833 -921729230
739259 340758754 458018624
561876287 -374186062 -382241806
891072783 -820986268 -232687258
227051992 -372045255 771551517
-71823239 677686180 -892548176
-156956790 -526569168 -443789078
-349855293 400568575 892914154
-418879718 892215916 -396630997
-219564944 -330694174 168559513
-890249758 -687224171 258725311
658827699 -943509699 96366679
-356461754 -457121370 454077097
833415193 289240937 15838136
-648905308 291232681 143927347
-879196660 -873859898 848659785
944245344 647881354 -61796445
281413090 -751530338 -686922562
993644759 -340721769 -168666261
-288179158 -952106750 -497857909
-383658606 350557119 47889632
791992211 -330509614 918383349
-226076368 673059687 385525767
377852983 -614259935 -804350998
904597349 -613397385 892276555
-967135151 721286282 292332416
844893821 562243839 -749739859
164664550 766427190 597174375
28227746 161521938 -307713273
44321250 -939494715 -943390146
-75576193 345762030 78431889
876492960 748975120 -269035279
-901094990 388163317 -668460794
-907184344 307242123 898091200
-224101580 -847672929 -481193860
-193591910 554700284 8408624
-9386518 403121805 -253950354
-327440694 669105282 251018033
-944118294 125727615 -662483957
90464382 -432598363 -247997792
-845101156 -983206693 82355518
554522894 -935093788 133924745
-633162049 -874883515 962971814
632499351 737841449 403610227
558487998 -274330788 542776828
134060074 -554626766 -590024136
-362462339 347266800 502400437
-941657491 -16307505 -112083699
40802230 -454187005 -724753557
993615495 -938837795 688062056
-735883347 -859008251 -339213196
-873712669 -181856409 -833472892
191482124 -578209362 -914095880
-877755878 -596372907 755365661
-139971157 570734078 422675232
658388879 -834035988 -864550348
-554553669 -409425893 -159753241
-738404321 -376102640 -379391749
586433873 -294021973 -929778783
-601921544 783036424 655913191
211150475 472698859 -806996327
103410371 -459059792 21071527
784805493 -693342843 -992434495
515320259 -215876342 -944489624
-758961428 324569775 -860020989
29747824 962250251 -653444366
261544077 779623386 -961746401
-979394195 888735144 -418881541
153633625 -215803964 -351716860
-102632472 755147337 -897877705
532791242 -994637717 843258644
554528932 127483210 -507334034
-22878209 608322332 255862683
-701747726 961359831 606752318
367117788 -202359165 -922582739
-232590478 927902798 37446562
628373022 -954132107 580460883
-96523372 457029420 168910590
107979054 -601061623 -928913583
-90022376 -436178572 866193881
-132978928 413643231 -552316337
-381012972 598245439 -913772132
568475540 -452316390 -938608991
-30646137 730970746 639846692
-604046972 -991771168 731141754
-194343190 648270907 150795379
581080388 450893239 374092015
-727278880 708377404 51439803
-964199714 536938050 386014985
-244572616 -336401137 -864507205
523797192 -443772958 -18201455
-51053489 241080416 641372270
-993544142 678907775 69874756
774759900 -697312050 478771321
-423567281 -733896839 561025772
-94796176 -318485336 -19622476
-291381731 -442056340 230625087
-497507208 -976318218 -217430640
-480856355 -2146972 774913996
-771841170 -417623409 -464546202
907416438 -999308968 253412633
-72290391 -969819200 -948984007
-171285512 284985322 -991626394
-763734505 -289035645 134197492
875560900 -858703054 -268948910
645615049 241325283 805685293
-37569128 719362570 513927689
-741503536 524147672 188363969
-622029548 141693502 386027925
-24245630 -93746186 -252008146
381247897 -426769479 176959649
344687764 -361918023 369561626
573143079 -852894554 648615328
-881072322 136078799 87072067
-917567072 -373429205 685002643
-12329894 -827715934 84929046
430931694 180426134 743741225
-90947624 -279041159 463858907
571597744 -554568480 865233068
456418694 -296566806 -833494732
-518394464 632504275 -874896965
571383051 254447117 176761011
-813726956 -827112997 -310460923
-47480036 -399838556 -134150293
-681347133 -585472764 924433081
426555244 -836120228 315772501
-138808329 -552580468 535835359
-914202767 29823663 483959
572484496 -885692040 102608864
-913900841 520938487 -511341871
-588338163 621939703 609621372
418142150 -428287810 -111822105
955946706 -398900586 259392479
-397822204 -529739888 -972859353
284840141 -97661933 928325386
492417607 246764205 527376876
204354142 520388704 996544930
413094855 805264520 132630625
855023924 -818641562 447644343
677548118 60532622 5151255
-589223935 690213444 -949876464
-934358254 -406299552 113565536
592252198 588255889 -945222219
-860363261 -637775227 526176873
-517025224 101360862 -919673263
183769307 221316800 742191907
113019671 -150275464 236391726
114364461 310537985 -235578426
-731781112 -817031341 556039129
-350208450 -977288383 574188176
-977817670 139247172 751415203
733763315 941577885 843696787
723520259 -612277204 -636799746
-449051525 610039752 375360909
594730139 837204712 474334128
-707960552 662679035 -676418433
-934010206 724467989 902320041
-811162156 -22032581 -601144245
-996330159 -547428122 28886177
723430894 9229516 357773878
100875027 -526729071 -232745300
-888203507 988118491 518657195
419081656 881744428 646865449
-776722791 -925262173 -943106189
-339644978 95177349 41211330
-24763354 431101683 -353693550
730523069 724598932 720888454
607420951 497973465 357773381
903565241 -970426679 -49200401
918443226 664679620 -213578239
-179756851 -278213815 905704738
115862058 433773153 732928883
521321692 -581220170 -237885604
-215159987 620472890 928653379
-470582637 -797597078 -348856723
-873653396 966232448 802998527
-989476696 500957382 499700269
-266017878 -400212559 318463491
976951736 -951207197 -842822914
96305511 776331954 699756295
422400853 -707387256 -740587417
-58758217 992665663 33342530
465288830 304170223 -68449597
350649454 -160384395 -627790427
244015403 -935943118 -994535505
-9434596 -447659802 783052838
-927748632 -681384478 -642620456
126583511 25130902 -165785315
-986710809 -60436283 -542136765
901508197 -85854524 -992538688
-615819788 -624095399 -70588491
-437472372 -875041411 494184838
907210959 -322150273 -944071267
-908866247 -883922790 -883099213
462434549 -502098922 292678839
-130673695 -172404344 14527814
-767700044 132617438 -356495369
462591069 680228855 -202495496
828645157 -991012781 512194365
294441704 -363272140 -920677171
-148637730 -453229744 140460345
-855989445 233285657 -226637997
999156213 -188456088 -807337525
693803666 -616875064 -963247853
-821667613 57162149 316024791
-225118401 102782259 992740042
-656178452 440861559 -452276313
574060846 -878698431 139805663
655435247 -800292900 -895706013
118631816 -195182013 251219122
448115863 733038090 -740490094
95408914 929462832 244802465
-396822755 -814098071 -720322769
-932110982 140613340 -623770328
354519579 -561135146 -98032914
14827909 564620299 843703214
283613210 -988446979 391054778
-43873595 575600754 876983889
-927906423 -922782054 -540184496
-862411215 -930691951 221095540
91529402 -848810180 -103795099
960459826 267922712 769804611
-59546245 791216238 860589956
-992181789 -658610502 122803297
-7085946 -300702749 388653394
-952228060 -975087049 -203307705
115205606 157162624 -302038824
510876485 -188397776 -959810389
-46203971 -831620000 977018112
-905675868 147037568 -977914500
-333162084 306535637 -496132375
-49607041 117578565 -896884225
-440746233 197737478 -457284558
-843751049 -867333088 -717704777
733749546 728665837 -607085875
-626795713 -327981555 -131678692
-370484966 579383152 121389927
-659789350 744993085 2212450
-669724521 327035157 -788118391
-860564980 918570141 493550198
427704244 -142925923 889914638
117092615 -132688916 151737654
-903112205 636739457 -986385345
308490180 126847962 -789954421
936673160 -947957761 -875930316
205034941 963386687 426269795
250670234 853245331 416953178
-212423611 -101456638 588228993
-924212865 -685266988 214568806
-123920794 -780977274 -623607716
641949458 -10838087 259300415
-834289360 -236086629 -952793644
547354888 354753117 -994983286
-971252593 363968485 -700879008
-913171429 -996381067 914926893
-437492877 -327784251 336212528
461498166 -679241066 -354631589
-670054383 500369220 -344797714
192463778 -970211211 694255262
-20502951 929061470 -926358392
-664416662 -536059650 -930569465
-523720609 657086654 -120040770
865190011 917001731 -537385823
449124155 934010033 -70981190
517057312 314289276 -57615900
988303701 -136858802 -135524459
837760519 883226351 161988772
735137118 102777157 -489264125
-113647266 453515910 803456141
394888894 -979157630 287910140
-261115390 367501959 -436125380
353530945 442754880 -317652659
738796653 -974068613 803233319
906962276 -108398819 -330352833
-635633696 -239653105 -511890015
-751049421 473179110 152800397
687725754 583207757 -600290060
-41169840 857540841 -173748955
710560579 855869799 -949393902
104425103 254465481 -958544274
-406072706 -884257694 -190791244
941851552 -585180657 -418634926
916934006 410017038 421654978
-374179749 214225913 -321329884
311129853 -474194480 950103068
641678700 113812018 633432338
-648602029 672021173 871929281
-465801141 -674755409 -108838516
428361610 -439113480 -696599202
-345741477 -829924013 -505958109
220793147 -252209088 -306668241
587049956 403305146 -14171570
447066453 555414571 -967003707
862574291 68847121 -755308847
591177817 739165829 -967104551
-42903168 -278232285 932136951
814268288 -142773796 -472658836
862004432 990311840 187817572
-851321324 218280132 64373239
28542735 -723766515 920832992
-796519703 -472093549 435763464
-705875599 -391857412 -776065341
562307312 -565235598 40726923
294588269 694425000 934070246
703287952 -275382735 979267868
690257184 -911927871 -927646739
-506132064 -613468184 801047905
-847478153 -901217090 219387220
947980640 509167075 227875328
-821444439 118777944 -889037432
-226776620 498453764 749599758
445760356 568466398 -947349155
268983070 -981471653 -993979560
974386370 907022664 -203427113
-186308593 393314936 734643314
-392874598 -882882926 -947699881
-142790930 -211284873 -934118820
-779737225 -644393098 815926679
-858445759 519303404 -351534637
269585071 -21268277 -555755519
310720806 -6490498 971003089
-98702441 814229167 64485766
-15270009 -827012598 70416831
543218672 799608626 -592739157
264363313 -423008177 492463902
235741102 -484737913 -178735382
770333980 -799348459 -170307573
-829053861 517169122 985022604
-750196338 188119164 -422611376
559378353 -413097006 -669957956
-132068060 577860223 -379663659
440547964 992438369 205651540
-434588552 -309678854 558781620
861326228 -937670166 -449959440
59797783 258627401 -246903777
-716908477 976467945 -474136360
841374552 457708445 -427249547
508968760 799205964 221435872
-853141035 -257657829 -434745189
35474346 -313415686 -488692519
570353382 535927748 -975100863
-357608159 384088394 35548990
564412437 180415199 -226724009
153061481 -246962663 -788411761
751633628 524046714 119471104
198199606 -628298632 724950260
402266876 450969458 -335240969
