2000
-745615874 -702990368 -552378840
-985596308 -859934968 85118341
-3804985 943674193 -826470074
282329143 482931997 608803157
797036847 564742842 -200664339
493906587 -213391618 574561504
-994907027 898746048 341190229
3160001 379059686 -846398007
924316391 253328091 900742158
-657453406 643422659 209413930
-877616515 -365716986 -720676602
-511010312 278836941 61136927
-705053586 -369036447 -320165753
474553519 622499086 518525356
-426076395 346185532 63686688
938683596 -979066378 -923443186
591328884 519952343 964270357
174164080 734972822 227971715
104952571 -534561824 489756582
-895746246 562617298 601732014
-271204802 69531341 967422307
-730568142 -134543337 469613160
108209699 945599962 -500952846
-857351346 -654224128 -559040975
-586738032 -475609012 394937773
-435751909 153964240 -907008560
-429645912 -640475246 952137628
697618898 -927514442 -68534902
-78075322 -278321490 814926184
-805216644 286233075 678683764
-311287407 299243353 52977092
-538737702 -481060218 706620959
-542929127 -625176703 34711921
-978995070 -992934659 571737411
-464782524 -130534037 -365790126
549516729 550802498 530906242
-855201466 -51403237 -261267844
-148481465 385184899 95962759
-745999927 675366090 -969867772
-75840053 291748484 865910503
-450462735 573523904 -218916282
165606069 -761008161 131807901
787773040 480335692 -726034229
305406041 840288165 533315039
-927042999 612761962 3051033
481581742 -944383333 -77185705
207402129 -959445006 344241236
-748571530 -683698558 -891376327
36724754 -445611412 270444434
-163908337 628374861 250414873
-84162518 -671780802 -727198229
-846394034 469476371 -553576010
-774329465 361024865 757650208
-175653188 -699599935 -492466781
815193729 -279908357 903657849
759399931 520288259 663716601
-235491707 418838966 913739344
722975950 875360543 -70693662
-195776123 -192623885 -339071389
321227921 817766220 771876026
-449564776 930968988 -468333407
647233420 -732843032 -799534485
-887994963 -857794132 824657577
-279574419 913571192 260290052
219679130 981414281 -167080859
110348986 467091738 563731456
119199397 -479195625 -811190042
319958124 643677282 -484296531
72925223 -834558306 85097365
-903939321 -955206566 777820489
-519222570 172126351 -929152851
-935461808 383264546 490823107
732063813 -614222925 763934746
-281218680 -849692571 -276756931
-862267087 -997956159 -434098653
539510741 835313174 -160984467
-180865440 -881194118 216648043
-538087997 -197641629 -902604397
-746086263 -41570257 -835196669
92234833 778796576 -912809816
-340288124 617538263 -858835151
-900071864 -944294788 -806118573
-839094916 210486111 -762503685
119355101 -527847532 929808611
372307627 -716707437 -630053847
-951078335 -665203012 298930778
-300329447 -140342453 -380853569
-985453514 916578267 739526950
-43862895 -405693323 -383316986
-155734221 640722638 860406558
-826726208 596438808 -377626786
743758404 -857480569 -916214532
478175391 229552576 594967653
363522276 -902128629 656890321
-557415056 -81998197 251525728
658769120 892834169 -941402078
471413103 136488488 -743720600
432786869 52233338 -575865853
-97108164 -58759873 -5537930
166394126 893977975 -462691176
-103307242 428877966 -353442082
561337474 -539727863 -607092104
-452489402 776713979 253931237
-769241313 -731716394 -424669211
619798958 -565814905 791464551
-536119558 142256242 431394678
782804004 256224331 13431381
-202409447 -109164559 349309306
-117384794 167735267 -489685519
926584318 -396591933 721631498
-726259266 736943666 -759155782
-677482702 -867762455 14032583
423462012 835762436 -51609133
-852664404 -288900213 233406066
-721683169 -355520228 -392347825
947850022 308353427 -3126480
251138034 -948578349 -126581092
-186721252 -959332745 -667172724
979126625 101614696 694856140
-673255634 601994321 803404702
109346128 175362485 -609303771
169088588 -910431560 430847386
146374519 -974898689 -113023167
-894986155 934903669 75391244
-78601960 -61197793 942017216
184107362 -637990478 167944012
-688397695 -8324187 939799589
-661123904 -842335923 -32820937
-924885880 -765181695 -190938944
-651897796 -871264173 24264322
-938999857 -489435786 19606519
779815747 272242795 982178860
300866439 547377543 -839562103
520955389 -403128163 -611554166
-151150714 -510014156 -937273193
537680394 78792222 387836452
-731950460 -784212144 946010234
-896260699 59880903 -834859208
-938379633 -772232437 660186588
-709056064 -664944995 -25125984
-393225401 -39627457 -970136506
888662003 -75826827 -563073781
-219576190 -219514197 -236131101
-969716793 -470664524 843365858
306079393 820269586 -983908919
-650091629 541585186 -737474155
-396271289 -29807105 66068263
-953942023 701036467 297605783
36203303 -197939423 -923055562
-826113563 -618397648 -463965770
-751445541 944548097 11968935
-453733598 924475269 -431719010
-893112418 902921352 751150902
-723615567 -959265922 949284478
-444806757 -769401678 -457471507
-617043927 70442441 -116745449
-931516864 -152570625 501887132
894481936 -165983329 984838533
-496035876 -735073134 -127384074
428138173 -560601940 -407419468
-935263894 574986987 53896676
-703523949 -231405031 894902212
547866651 -205295501 -923471415
166799086 -17817747 940434572
872254496 -952098925 462301602
284913698 -663216228 -404853474
-96859165 -981517563 475741700
-99272652 226100945 -953699732
-629032930 952788286 -95708575
65867775 -881512957 793477869
986034065 13564398 -74767305
-933880169 -4774644 -737324633
-27437575 -695799604 -352947860
154148092 212707017 185643939
342446736 -85860881 93272292
-749239371 -953374771 257602683
-598187493 -548450960 -153535203
608101381 776140321 540260242
-13482747 -140442449 -620031850
591230146 -317632761 481003644
-646196926 206511034 -841875523
330247726 -145122592 -933280187
-877979249 -649205961 185656776
-995352620 -367211570 -861040992
-511579865 -25190463 -770583329
-396555013 -295365101 254737974
-968291276 16617896 360919196
872536094 -247252893 800300918
878259281 -852952258 -966613646
892126140 -216394907 -179354263
-962490865 528908993 -414476315
713330672 -899277876 -923008191
-724650588 -873626448 302318511
923203497 624359788 -959691946
874570462 57434541 150859017
672992257 990581941 188664527
-824476045 -594294289 500523597
-202946149 -143645184 124173461
-661524251 -861576810 911838916
-557764972 -444306408 -110882042
27322082 -943341148 521923803
654366481 -971843991 -641578881
815363527 528212283 355551791
318742799 -877949918 603775362
224632727 -711205606 137422309
-540317569 -194788470 -792682733
-429157498 600340443 -811596741
-678149662 -375653145 616108743
420023358 418066991 -397953834
-964519854 111482358 874349253
-685631011 639836611 494921829
273247854 -290464458 697017194
-504172286 -603885865 -555214879
924959824 323174460 74031709
-106934766 633095702 31571853
-704667583 151089086 200749244
-982635505 -80083441 812591839
925924292 -931928019 769086239
-70856972 -285629943 -990535650
490639152 341101503 -532126765
312055239 -160791701 874437284
-982568186 341507927 -215788046
500948587 -144967170 -95885197
-907816866 20563285 -357834979
538576644 876755670 982957787
947324056 999116635 -894886331
-845704281 -519319228 -557801710
417715362 444974930 593111066
530230182 -977409254 863549239
-219158688 371775285 518290593
-391978196 575915655 -108182681
596176008 475349101 -381800609
12109198 -375860663 244871714
816806436 769716195 -853726003
27062354 929167401 -847575687
-995331087 848057318 -813600782
-300849119 -397405963 -382826863
165971974 -633616304 82309124
70944400 465347141 338424185
-867509160 -35983414 -781681736
-612580854 450358094 -172862160
300920836 56723079 330959715
448581964 45362375 21970997
938200531 884103859 233243733
400364519 -925070032 -781819980
-620174231 -435708204 -332956564
417408339 169704588 -416708410
491385110 -929941278 -438501497
-855278322 816387462 -118180655
654204661 602466532 509476422
624189917 -42711912 673952935
894975235 484448153 654471441
-887612946 992139644 -427521222
336678646 467777871 -338323942
729205406 -931437065 -66231504
-666226562 -908857751 -77117359
229353746 279147514 -257051358
-213337793 -128437625 -565666747
40439536 -640648484 925043814
823300068 468061680 262635148
561264842 877273423 -35850021
77614151 245934749 -16789423
-859823113 -955763636 -528068313
-167120006 985646009 638142478
-770018126 -596973562 980130166
448594457 626058658 637598755
-530160290 -624929932 543293872
-862392866 341740647 -996906133
554482959 -146084725 369988696
-468302188 201918483 404955859
343040266 -504227265 -544348223
933339061 -259717590 -675970040
-27954409 -110807033 -881676221
-211058592 -973235251 -607037649
-544818629 86957237 738693652
335284058 338597512 -842226058
783537020 259444330 -751182208
538146257 223813500 489179778
-811496793 -7168238 -279022471
-232355739 -619343778 570562620
-225069779 -441594370 -49651109
-23514781 496844999 -325056197
-140429024 904927622 86174154
-883276396 867766830 371972155
-952576758 327158808 386179967
-529076729 213799534 188679979
973870455 554442066 673342379
688456336 914693439 -127378894
678981943 57293950 61392019
-644736521 -984184479 -715653092
806224361 905258493 -538740248
711041359 906587846 229045779
-324061133 -59581970 -374496105
647415721 193180584 110732037
804284772 -165121590 656905401
-613560906 428747025 -918224301
889716571 -555170076 -397026508
478557504 -776316563 212858510
973601512 -985822466 11820905
-584975684 -316394781 362040144
-893438007 515321163 761974603
301816305 -897107936 -572777036
831769452 449353883 -267985096
-860848818 149778907 -718748688
228335713 -649596767 530923245
286495863 206604617 693816351
-975663948 -865588765 136375585
979710912 -236977491 292736936
-24904159 864095425 565970684
330029699 -948185311 -48226568
422025825 -540001242 -469740627
-494865074 -840721407 -642432837
-882719555 720873139 -800912056
-659604118 123430741 -842130838
-260801064 -822237917 -771503533
-593364199 -465688027 -730860128
715375509 -714030348 -507264622
530847546 625401196 -678157818
431528029 -715375228 111811135
595163790 572712775 178381070
179817779 871662040 -965459477
-976756040 582465464 984670873
-995125113 -871397398 -4422505
361564277 -418188232 -212641979
234837285 -941278803 -767452104
-217287110 430848732 -736484172
-139732236 -948186463 627448370
971882974 240228400 599257040
566203872 -388641464 -569998973
-153730128 91436168 -780896635
-135497045 -37506734 783669551
836545518 -841244814 918577916
-875251619 94010640 591019055
-499020699 -635226665 181764199
419405152 -577618022 651306765
-149119895 179039554 430688231
852406084 -139560704 -521769659
33073954 -561160853 81990030
-276973844 555911264 498980196
-928048579 -971551206 979129429
90006284 91826055 -900054178
80535036 -675145250 -537018982
927596539 -761925302 724009238
-868335099 -173491259 -526942850
-554905164 -327824986 -643540866
501017384 -951097118 -49777769
-677048723 -851765183 436460273
-537865742 617972324 871661278
304525297 -27361358 -861452088
5661884 103320454 495616930
-414800029 -531331944 -930181634
237865171 12875167 -455350109
-483518880 947175875 -453737158
176964815 -316545834 389652409
203135101 514472431 -875882687
-39783246 906845267 -501011230
-860857470 627945150 769423738
437572490 -430329123 -202433874
589706178 -835605077 192727723
-499813853 -905511933 474599198
486845504 746569334 841277864
-395669524 520435253 768180361
731507314 -41777306 -950601084
-201577002 489992441 447366095
-499314023 -660058879 -938513558
-501949462 112997177 -720250907
-999090096 -530680927 283503880
-896095440 -434480046 420692754
991168473 -873771682 194344295
874864545 -658053670 359726383
-762208502 607490825 -369611191
414799205 -999695528 815652455
591036123 -650583802 98962013
933597264 -653253134 935917200
-971873359 532741424 -146930089
20017773 405235641 -925083162
-398977646 -692560983 -634732021
724285125 -892841748 -849779528
712979148 -260122285 -774596894
831692424 -521580091 913810120
178109943 770113160 841577675
-163465410 -157959102 -904517333
868639547 -913296594 -130769561
267021354 88549879 -620467823
329724671 895646439 -402056003
-625650891 -143697055 621196632
-538515138 488796256 -817180853
326880005 208417943 115090830
683054833 410877160 758535454
196921972 837241095 -395008109
639012896 -117883240 -638324542
-995136536 156169085 425178111
300701556 510540788 571486497
-238540543 620680646 -462226382
-13180322 -911338021 -412717345
432630126 -193310145 825891449
-21842175 28128248 -559852716
788455354 -288075794 -949534199
170285357 36759296 -88456457
61382846 146364199 987048695
-4381116 -438201835 110623045
-98067940 204875697 -927899106
11489365 -890702504 835964247
-866389829 770892771 468326307
-397157455 -250469145 -925454265
84316754 692782967 855669376
-87185109 -415501560 212859288
-930991427 -120198464 587379029
268365633 -808591849 142190024
-886099586 254410244 -709589642
-434120159 -955468698 848690358
-546283660 89490998 -849090594
-594419804 -897067709 438564749
-945232522 -147179478 -373733012
448924693 -899724714 270414942
180628975 -622497522 227889691
770197836 272319064 -603993257
234357451 -3729645 -717406807
-446960906 147008760 317172151
-260830348 453803341 688829172
-903764673 -450630772 -956033561
489433165 510811090 172207402
-719828833 -413054283 407705556
-885343199 827160720 979275733
630964327 -517140051 -61673371
-942768047 -228874984 -613520173
876724411 -713344571 -116181516
794332752 119484746 -177187988
-889491567 -571186994 195535617
316131450 -938254737 640317025
421869134 -908309170 -242581821
498114472 -847649734 84332537
-837599591 917915784 -445668883
383848534 968223592 -292732350
-25030600 -304598387 257494555
-103513554 -320232415 -600764586
959115598 723633580 -557617717
-904609740 451532309 513588732
-991448122 68479995 -479960330
352872300 325491688 -878968034
-933437539 866742742 578567373
-585754028 185316417 843470537
994709663 689221092 806225749
-82261279 -91179873 -850635837
301789061 866332185 -842864409
-809466654 804229829 -979157469
534738504 -258515365 -948057703
982577165 -801419155 238174200
-801120090 444423548 -621307492
-469167224 732023874 -763308278
-30231355 950605395 21665444
-441404100 -333474275 -609868805
736074308 -884498125 906462913
438184963 -834167618 -838410728
-993251843 -830039525 -520925156
-152683953 740718125 983197664
930142720 -984417233 -921669311
-875976208 -102257701 -866964900
297177230 -728011166 -554093125
872043303 -39607252 895649077
-310430908 514274948 -1320863
813665665 -874766783 -886646561
-660987486 -284156605 -824664111
405059257 777981019 199925811
-843856706 13976855 -118162175
-571200297 601850817 -359461190
-162064622 701697099 70719518
-267305567 -647904210 398052794
394878632 475220359 434344282
792619975 676987877 -434857420
689201038 497840856 -946166745
-392974685 512582928 -156504739
-397649335 556238815 -205994668
963917440 -643790511 951818834
27487855 -913021605 -139484533
107127889 960825142 -892768980
-652738312 -714763701 -680466683
324981306 -263348929 -707875991
987245862 384692887 705638004
501746045 803245655 -160026528
473134516 -984974389 -500433977
-346781203 -725819800 871867809
-84853306 -684469969 235206485
585801256 -618837426 -331550742
894737225 40171410 -945080033
730631103 733356211 -438227003
-519442810 794089590 514489823
80756001 -614955470 385717172
-952976738 -488732791 544553914
-45423556 768378918 -633972893
-611887937 -827958676 -538563702
-411424086 409570664 956239082
-360760044 -705017810 -946288333
795662673 292328456 219214408
161800584 -64722037 -867546320
-980030895 -983945289 -253317891
641844441 -569949572 546338357
416751515 4318560 -25240750
430331806 776909591 233921022
289573603 779655357 -255067724
-4590383 -675458712 -591233225
259158865 18768850 336864339
-371953065 612664970 732843040
623947693 704256847 603220275
65520195 817142327 -22042078
-954867697 -410269791 -862632996
594000404 513404544 307004109
122651989 763602040 -59918403
-779696680 259830965 -777434953
-990694638 -57058466 692492873
536228889 -228842628 -25275298
-986162011 -883980527 605948054
195202024 817268280 -914997509
-727870079 -178046266 -229198039
739813370 -823684599 291652252
808103205 26646139 -712517740
-424039387 925588465 -896875703
-719809630 -813170125 -980900384
380785409 215087437 -244974688
958403721 407029014 197870547
619698165 -407666502 165880347
-864722053 94635587 268390426
396471493 79675935 491136158
-113424753 -267153273 -553300225
727827641 574075059 230500947
342365739 516328354 239890069
-899918632 578139884 773292730
951250422 689291473 -696834479
-110481299 -308644006 261279046
123527992 837589022 -131453435
324379580 860433795 -977055533
-305789151 -740814003 774582796
38719074 -483477349 90198379
-977065090 -271541649 242964203
-778818176 166421596 242303450
146237956 997128097 -947149778
-995615719 661554654 -404613613
105934858 -260299338 -21982672
-715927646 -981987469 -207069218
-726517619 187262985 -872970246
-668457868 -42637657 334988954
665394315 -673368481 273699834
877781211 947793040 167593166
800305573 -416161863 -441778395
903684437 -994950633 660322077
455293513 319175386 -791334780
-995561807 -996519842 -518668578
364130701 -225456443 -881064514
-864828777 349957312 162629608
161824449 -879912071 930730546
-182935407 -365665167 102371571
541457816 224170331 -457204482
-89754993 -842344504 -658901905
657149990 -717347407 209634530
974667862 -292446022 963237791
-317415199 -919161961 623446864
960872171 696093968 -171821642
854609362 -684516412 -371043411
-913432438 120373785 -385317000
666565391 -202320127 395917089
-897762807 428263157 -226854057
727018924 -26789327 -878814836
768822112 -990187040 -100665027
658340844 -338020907 -923409641
563990074 484975077 627136092
-969846257 -443071928 -896394060
772745443 -455005856 -801932290
-928605125 -818635849 892181852
774864285 -831095527 -972570748
-84278864 -411740720 -194713622
-94562075 -976393561 -355697183
-537054085 -959355064 -104363961
-516050594 794249295 80460169
74311728 967068374 -243647730
706905503 -997739555 70131110
146689887 859439260 -567678353
265624313 -229362836 794426293
889516814 505544464 205560257
-707077040 930342136 584988331
676890429 198993191 -941528238
736868377 517020728 -668084562
555521521 -681687450 843560219
192389780 -997962791 541560835
284051791 717995272 -177430607
-179213274 -820229704 549396658
637790352 -917502146 960371620
-768554333 740549204 264438480
960578732 452132906 -410025227
285039975 -855269465 -455991633
250637344 877459660 909621193
-232857320 -809479980 -877048918
-415752296 -556318159 -918751616
-597995742 -970102703 -961561340
642047300 488113060 978823961
265398826 556005670 5017331
-273846430 -836086391 -637027958
3198859 -963301945 560520691
-834340445 660985130 -621613851
-668294618 616790900 698698362
905768441 -788799604 -533341544
954768047 425391554 -912179239
10529056 421272091 259135966
122450156 -245873081 -458266325
-374997514 -991687079 854292782
344410979 -325875125 -963947977
-904845036 735474276 -649936611
-670983171 -352668673 14799753
-620724416 887573870 240915199
157580470 72820902 -779697958
-12255200 708731151 931173875
509056037 -746013527 553444420
972087079 -119629580 299082385
881833495 -137246770 -130885708
126373104 150367401 645498197
718552345 306886561 -947608398
-58588052 899562770 -755402380
-759163485 -874647375 -757387608
598286649 65525098 -338489577
-148071629 611675737 925226099
-754694976 -344199831 -76358787
835219337 999637714 -434962593
-64542853 124214960 -922920768
473176554 -872276939 -114694188
-944525229 -738307559 497284301
791385393 -671516675 329758871
189165406 -918749853 -513846057
-780090541 -449067547 -516323838
928683944 -558807931 16396993
581816919 840786883 -921164516
70154411 -348319209 587005154
-883629009 807647589 561219585
-661915268 -9109480 -88950091
-723227706 870398307 -80651423
471226031 -327288633 -445038606
915324524 459877503 -893945914
633679030 103678482 -114868466
-261316776 46597286 -962777807
-894918660 -593317435 -327236642
39122834 963543153 524605655
-679916205 -872582081 281972504
-918828135 -291383237 276131378
-438469415 209833429 -111820433
418257175 -897598812 -29568585
-53556850 960388141 -427622157
645630327 -357867521 -157153067
-560652216 365864228 763378708
272744547 -348632284 -983134774
-255818416 773816983 -263941072
748253459 865132888 -967215685
439083582 -313852047 59367099
-918145291 -358528171 -712251250
-932136241 154485940 69301378
217151964 219614419 -660304219
-472696911 -310066106 -893520435
-864800954 -679635364 407911870
-912702733 327119385 956159214
-933320135 -790143523 -967744056
136378041 318050926 561911566
-290508403 409102534 -509339651
-153841624 686206602 -973462612
181380538 605576309 -842437125
-264921560 814081109 934003596
-24810795 -885029680 291628293
44392843 -515727100 158325153
173875033 964036246 -735076696
-499505888 526648250 -403143449
768917106 -874200266 -457142504
51379793 -987654048 -984591322
-270695289 890697216 -144117946
953642481 83982046 -876690194
-890526757 295347100 -386261223
-994561334 -404276721 -751899430
-186505454 -842461294 -21305204
39385818 -681254503 -592230009
-186071566 -26681698 -966557649
529927355 315906193 380732030
927833216 741782685 -563776827
133949511 -710578145 -151927744
-519569491 -73545515 -334461101
699313087 -597903929 -905709432
-67000055 -218631016 839056582
-788832801 -829029626 -59624491
-629664741 -932196572 -429863647
-85724151 -687154848 -815343610
-187716412 176573657 -1096239
214833781 -47953663 622190904
-424053184 -554339734 -159425469
401402686 -953729958 -811508949
-156239811 366010428 324919754
-394331109 -898574847 -318490842
540999898 -749363547 902608968
888276878 419932944 -420015157
315065952 -964410022 -885745703
896671719 931630638 227106826
-989042670 357411092 -937491842
-638219682 -968492368 396763734
-591353796 12191846 813576478
-732454095 344413569 534299333
-435841564 -987666884 897934056
63114660 52017868 -832679380
589569734 -58621989 571827595
-581886712 -218798166 972667283
-896113835 -718268211 722514656
-621973001 -904126301 122976052
442298115 268332201 -73563831
-893621302 -323957847 2917257
62718488 854889915 394823416
-984151459 -608346793 -983372794
-47983566 -879224606 -523462686
-960130857 -996313443 -923333729
-80202248 694284277 -873810032
-930584204 231318256 -554654528
-894322270 625726321 -91603635
670120221 -548711886 -677933862
-49432504 792043396 -539288943
-752429935 923577774 422216066
-76378289 -932847016 -988029255
428944423 393063887 289910368
-179608434 -401338011 -954052372
-671532050 259121823 570166249
947739147 184523052 -348739450
959720116 124715784 224488756
-948167947 -544426027 -862946232
-923675345 220992037 901646934
88754500 730876371 -70999218
7053841 384410233 -965143802
-30927302 -989079072 -459622345
131055470 -988577466 -751826295
-333522491 -318776258 691834595
809266096 837344966 901800327
-950324471 -406345448 437259035
726505700 -54072413 -389124823
253688666 134051747 -567886261
-57355398 482247629 -732094522
613237898 -923996887 294905789
754483503 -698290777 -145597358
-123821631 623453454 56981031
1259409 870037290 -691526207
799222042 151433513 765553590
688473877 -375759845 -483567610
-534654609 669465516 -718018355
16145502 201778236 141544611
363820365 374398785 -708199592
-439088119 -239887735 816666706
-999221341 -962085759 -958990870
-671170186 -108676551 413345817
26651573 999050896 -867365513
-193703340 547115902 284082224
-257627669 858126239 -91431190
402564930 112050325 197906837
203346078 283670299 659197010
-159934180 33698340 75541065
722005189 257325818 -977748024
638559234 -255214945 275397127
833551833 -884379076 -14793824
83373030 767122211 -681646178
-377618832 -677875022 186923707
780784419 58092489 -713078820
-775292445 -740602998 -976687849
516231862 658102558 -100772722
88945080 695671847 -446028947
-634687125 363999344 299478399
-952090945 808626724 -321539062
900474549 -804589421 -104365924
960855960 -44989121 777753264
-756924063 -870644374 -96443118
375800940 -915769390 753498292
-267960975 -795035141 -905714173
-994956474 -979825684 -32285668
493315565 277026318 -468833889
533457070 665335156 -256422641
119232437 -836624892 -582055382
841183563 -103197587 -27500473
-767522732 -792740710 -719847864
6166782 759630361 53488108
209599696 -36350407 335185467
-603776996 459530250 -874915913
167706805 -961577194 499968656
-932681806 738066066 -857982535
-415468408 -374763788 654388596
485511053 -413805246 818212660
-909773151 -235883709 -98930186
-445674702 67999009 -428116008
88947352 489417432 572603777
-967908811 -411422183 113673955
-260297020 631728416 -44881065
-399636587 -262437516 837409867
-473436336 -425187656 433693509
-762141412 -324419951 639213971
-972456382 465762892 -950916725
30898111 -764435837 437202344
-964295382 -628564441 -603500348
167318612 -887610482 44332483
307818141 852720670 895930395
-283265948 479763249 -718839565
860693757 148147997 611447164
634036508 -821054777 658960189
424633615 889534531 578996484
-392694973 730699661 -605903455
-919457152 -269150591 -308610025
371142875 -76191097 -909197700
-709380209 944273518 -178314217
-850749326 140274674 -810117472
-752927126 848261665 -775698464
902503994 -977135606 823707233
-502348023 -889320983 867362
-927478526 185039188 -282440552
-320414076 -989611325 -986151816
-447034055 -322733530 205048461
32118614 243527263 802127002
-686314135 409237813 -972702846
154456967 443994766 920382892
919228283 491851587 -86880926
892962273 42460232 17863864
-294916627 -783837580 -155525917
-103821812 -928172173 -74173725
508052243 -959954734 -398998684
242809536 210187719 181498079
437625905 -119033986 277881759
-246762740 -480911713 -825888348
499976825 624836943 -514425890
-834210997 -396425196 849999065
840031151 608322228 945394914
-274027056 -396898632 -826319507
540865054 -240237654 44336242
609907561 422891474 119080491
286313287 -690515916 -927873706
-659214067 330478716 875501447
-442828196 -550924817 -555524263
214913010 -960119104 -800439462
693594363 -936434000 -289115360
-380120989 202259510 470026814
-764170639 -312269427 -876094128
925232978 510555846 339226964
511230198 -504518493 -920273080
-660593712 20340341 -992731007
-428163653 622769110 11733044
765355799 278930836 -590395152
-40188841 -748664871 619354195
-435099698 -817444354 -605196344
275992019 -308716580 -973711870
-281661473 523754062 96431353
930566992 -29658929 669385505
-957232282 -855080004 623675671
304022643 822384489 -968349584
309117119 575206625 -987147179
-755174291 -455826699 -929440373
-934845248 -984141019 -560057769
-984002501 -681149805 -823585845
-945396544 540830038 -368615860
-401967258 -869795867 -562615083
204403168 -263869100 758496294
-742815108 271016878 394017295
-912990459 677440169 -690752971
-520272166 43523687 792044065
-919038129 783915520 96288406
491689134 -223887809 -949076519
-713825133 -413477391 -638653714
-411536388 -168107117 -379414287
-332197006 -502637645 -714170768
767240886 -108272110 -690885197
913197657 30441402 -109755412
346052683 -111225323 895101727
-871407881 -13505953 -720525829
-163982319 303584602 855505646
-179910285 616613468 182655868
-874807738 -724210469 -9230525
186368088 472569853 31726491
-752616821 -911651295 -480823886
412140944 914049542 586113412
-942392627 -928485181 241753483
-440112850 161064256 326620859
-191268833 458809971 -231625450
-512424961 11634447 877932756
-396412619 -675813309 -613763606
-54875210 -533416921 18851136
107357012 -783418374 744872014
420026695 803815379 572040261
-658097190 287768859 -63810103
967327662 -441242617 788642944
721648676 -285835161 -922208108
945104259 -991259048 -101790717
-977304072 -145880657 523128632
-139126744 673907865 367804749
-899414416 -847197060 -20921322
703060533 -893278248 621966768
-224053867 -516396576 885599513
646732604 -91332884 -493101365
214439937 -106510620 -961751429
902638775 -812009353 -95526637
880358963 -217661553 -643971329
192152213 -601733846 -121709967
-895338131 -189741008 696180993
280909018 -277250949 -224601526
359436127 -565929810 855665941
-165698306 -304684399 -971472957
-614762107 -949760028 524817240
156901859 895768259 -144472224
-602360470 -618505832 -676323441
-636431456 -854683799 60975927
107607666 198917704 308764767
258143833 728842701 140119180
930155221 230971121 -416848478
498299436 -976419066 974379243
224785872 -370272889 -571464887
-229562209 289095095 -145829421
486886471 -245269035 -230956793
-610323749 105538532 -691993987
-682024294 664421293 192938343
-504795727 49204574 668547823
263015514 734326699 -325230801
-917067237 -255731595 576266319
-377503602 -992743814 -263678023
-875806464 620385086 18071540
-781083842 -65966193 171431503
-392276183 -608825957 -896800782
-239705497 -363357444 -152052288
-753427903 307004392 328858655
-841105708 861223986 -233917955
-536852562 847665823 -247859274
242632347 426361845 -561086252
690662915 163829238 -41158316
-583971543 -699702895 -514291518
-267643191 -949441320 -371532116
619841648 -517223792 56776655
-237134877 757353275 -77015881
-482881646 -425383919 598225453
-341140022 14869232 628502036
-113672032 7068048 673782953
-314026004 -501637880 -403778017
828332452 -439126628 510952559
-888613782 -39803510 609866311
-768650397 -615136253 644187523
-722038209 -835016979 -964701606
-482666145 -393253140 -239906945
-956278524 270685206 -66230831
974250054 231749826 -502942807
-3596104 -227325637 354078796
797743343 -980377195 854995492
-922324215 799447082 -714741037
825356703 403011003 414325672
-873402049 912481026 -227882146
-82786286 -754199793 853663067
-127340883 515257589 -526486542
-763997381 -878676734 -634525631
-448072905 -813425740 -393121634
-569131085 -56441247 -191074181
641765599 510702130 397011117
147638697 -956634833 505114398
-805340536 879676645 1129854
808718924 222392871 -132200334
437149048 -41547881 -827555227
292831514 -379931276 887164094
-160329969 -555054173 -224520071
463850355 111654208 717286861
667417514 -978119899 306580724
512259554 377296564 -766595810
378814210 -539589482 -971332044
-183366816 379301803 -228274026
384424723 104056160 664598257
-53530819 -894836103 980892427
-198065062 -341423414 -991756121
-816637102 110816688 531177287
-545766961 -113296761 10527793
100536646 968241742 96584278
-150873822 384541235 905279227
-93025740 750625808 506720216
-150815918 -468356071 -627005128
-257703059 -705694763 320050573
834328337 -405117483 389578933
554666924 492721668 -22303602
317871726 -673843031 -587319602
-289663250 1503529 724948726
-961260042 990075291 183848765
-858426787 556597387 -360802
-142399888 105923888 316615127
535247955 1287421 -707533109
-170534606 874621169 312556570
271808493 587599512 279833349
991107588 184678913 -603475209
-498786013 792244058 -296278991
-435613453 -449792771 -503770473
706162742 -953236266 687151905
-519249134 256153442 384570529
17880143 366991988 58372178
-629739 -246133679 -196142721
338427644 150518628 -842636329
-448229675 -882953064 665084495
-731356750 -169653119 -175060116
-867060623 218656491 419817626
-353300913 -869459770 235443757
459514283 319774951 -802066638
471308708 -411534663 -896159915
874910322 -33135359 -210658803
862202446 247704455 79159885
-747286503 -74295913 342321263
-486735847 -972388059 869907594
46613623 -189603967 722473741
-412696237 734837662 848153084
-487654273 216106300 672310243
142670200 -880525719 468998187
344293757 -998013395 -585663785
659580930 -335823412 -623274585
-174781585 -911488685 -871276990
756384591 82655248 817598234
-832041258 109110661 -617064505
304222592 503898146 -737871097
-439795992 451495947 60201719
-576604802 970353658 342410089
-615342949 63055811 -256788070
595222748 -15111554 -710246763
113735762 -440764285 -353240019
613776373 -323359224 353748072
581154687 -113136778 -367359229
-516504559 676691584 -859428948
29795951 -225763983 -312658522
563391569 998385381 111839056
928232623 -162518953 -642536680
49553793 -42879176 -886842928
-792845342 -857966827 -979499377
389445215 551420123 768838338
-57146313 -775334664 -708369573
842527553 188148970 -901568194
-424671348 103739803 -410713089
-1722810 327941677 -663505319
-321932337 108577751 -526900760
-71925226 111340768 596691425
-637269970 -393896773 738629107
554027821 -148799886 -525857577
-797427281 94274883 250329293
-647305447 -913947328 -596627274
896320275 -945769519 -167020892
-908584299 341048434 -919376183
-291023657 -257356654 346017611
-918622921 -291372204 599600289
262565575 -493026293 533578029
799356823 -335395846 -994243554
-369469044 290797035 455679270
377188404 -558533264 345861596
534874682 577206656 375840902
-683864970 -942323224 -886615099
-938581610 -564220974 717979675
-878245756 670350419 -409857580
-864050374 -164677193 646652412
-137560833 247193856 -608727854
-691073713 502095744 -266498860
673806207 -105853255 -167923888
-231183273 -208659226 430439090
55370177 -968276803 -745627381
385815536 -473439205 424866223
-201341281 260666999 -27439189
755016982 983299288 -737686206
325575013 -825914340 653666188
-610674810 -170300381 -825135972
-501597064 -436962693 -977818895
-808569861 349770920 646759637
809862662 -974355353 490391299
-678521126 392787340 902587004
14091817 863849072 489201252
-178195809 -456834472 894069017
995908213 314162085 -708327845
890547388 156221918 -99535033
200483528 704744944 112223948
-775481334 -434754878 550959183
-938142994 819461492 -108103547
436443650 162824705 -873782282
-158631706 304388269 -882613225
351011415 -314783250 -75615256
950065898 309895611 725586758
-176416012 -309279731 683875097
814298684 -714821270 491532413
-787446995 -486844120 -943592795
-446216199 -344628910 -611847004
-226991670 -915150382 -991940403
-236421253 -84223703 -886686222
376963313 -447238621 -993056754
78128717 -697848231 -786605363
-539412211 336868309 -225031349
-392615416 -376438227 -498798514
-304631185 -493106367 -167841155
-200894402 78659187 -535128047
-577271904 454512123 -654102391
603124250 -775776853 445730663
-978114932 237594378 886546367
-173881688 -602730250 168518575
122438846 -237511218 879334564
716243762 442580111 878985113
-243270818 121203253 670726119
-628966330 -326460274 620266838
925348971 698818680 387442528
-158901505 586074191 833701235
634557823 154984490 -31549234
-920758926 -693781707 -468194501
932162752 308997627 760094493
847621460 899122111 339622126
-284099816 -962420482 665373806
-154424556 764193756 1902047
95986214 34635635 -281748952
241941397 -219653399 371585736
107719457 473345564 -806372368
382700505 -573846707 851402324
923965500 -498267976 -630815432
-317487656 -922480731 -981423320
905592513 -875010897 -571790800
-852916210 687675557 503636077
-784307094 680900800 323773852
-474438217 456484942 634983432
-985419416 390871777 869037821
560749591 520868432 25301536
-514895387 -217403364 17641280
-143846352 297898780 -176425251
266531633 401011407 333462754
-99551624 263287994 251628815
-960572573 -522186938 -673592099
791098188 73051137 -786353484
-255531518 792866317 83168418
-742590284 -649370254 -27371672
-755783396 194197781 -21897389
-827217409 -166030974 444688195
576165122 -727392299 -313426415
-294926907 -937336728 -692484127
293358144 801604317 -140434973
786759175 683855653 -402199311
845602143 285812938 -50432899
-183083159 -928646030 -535471055
-235545116 356597363 -941051286
-525305649 928045209 -225657314
-176995180 -800812920 -388125824
651849462 -553959662 -485545205
-985929728 -797016316 699402491
-590197946 -944750639 384921685
803325553 -608904196 403363669
-379144635 783182870 -875688617
-746816998 854634623 841299368
-286118286 -976253715 -90751771
-142497352 776718062 -401023260
614896234 -824232880 846468278
564097841 922732450 -567509750
-517056341 -879889378 518253941
-759106814 -969835886 -67013466
140488891 855484185 -485343949
-777489169 604366021 107140560
-68032491 -472276830 950063072
-261510251 406408523 -315576338
286448214 -184066858 53957876
-895142335 -886242927 311696556
-198028424 13213317 60875639
-757398257 840572088 988608644
627024948 -620132551 -977153756
-159680742 458515047 -871664105
-893681145 -861495854 481120918
249066812 -317644409 459577665
45696996 -793485785 -923139653
352091242 677009169 338965318
17516220 -523650909 -370144780
-383397853 -316021104 853244720
-930196363 -40578860 731773684
495465654 -119564164 472962580
-430638565 -548727632 -987765905
52957221 -860552630 -364760916
469534518 -512009227 151321715
-88558705 224156208 868665975
992816543 -647933148 4425548
-424176827 -319958745 117417895
652413539 -130328747 345954977
-531938888 -671958222 -474287599
-616798251 -592221348 717449603
-344740157 111160954 -775697458
336934564 -897461660 745803910
-966435009 -198077115 511074943
-954614428 -29611421 663600691
-352531209 599999917 -860255979
-342640394 -744901324 806564153
-619936763 106075936 -170795772
966550747 -664808211 108068645
-801308751 107827344 996521437
-614124935 909959835 531834321
517530966 -150483584 432191548
115867681 -907184879 -767899123
259956153 684894675 380800377
14618695 -593874915 23420430
164340542 -550784701 -410737323
-85630285 860264159 -985749625
-29589078 477041837 -268896583
476256195 493058083 12696492
-359236489 -649500963 -950821219
-214891828 348010250 -538203423
116082734 -967640669 -932001283
-363670931 181057173 -325953908
-771971126 867132244 -928818155
198913 -272574851 -902785982
-796812299 971327511 -455947872
-422138654 -880556049 -513746695
-563061748 959305232 -697753535
-894164798 680952930 -789597219
929047979 -357863562 -574552160
-894937507 232195202 -98422414
-739182566 -43902932 931381796
770685572 780732516 -175639359
287326101 -266294003 -45188077
-351281641 -133049762 -489711585
-81434192 -382295279 -534123457
-30502667 314079636 -336217369
324577815 -501419556 -904167771
-165863180 -549157058 -593215007
888400009 -71928670 -286298020
365822531 -777830681 163516814
74759511 132259164 505160158
-960601930 -488728345 -196325966
-257548990 185160440 -259434595
-925534830 921504327 -119921376
-665962407 -859664259 130324432
310935671 232704768 -15613737
-548661070 207924183 -606008268
-754636579 312731406 580673896
469479123 -218898787 695381035
-993900793 -825024867 -876345892
-797396636 -481362552 769674634
191741968 162884371 735241433
963797717 484953426 -937143866
60797245 178184554 -494127296
522167131 834190466 -906004992
-912948646 -947272508 89283607
-731058407 647433277 634569368
29396604 482233374 -183490318
833694773 -938833166 -879231663
378939408 315034778 261148957
-340664256 -870686532 -911304046
533412740 -892833733 -298706278
-922635242 62660659 375700851
-88244503 -705750120 -874012820
-221537544 446116263 -969896963
236646698 -351938986 882343208
140136890 382600661 306601762
-16916111 800916022 115650218
-703605012 61533684 -596651497
-817808342 -785835478 -963885893
840255396 312372257 521552665
-416222382 984687974 -810037175
-196176583 474972624 -516827625
730280347 33744193 513012108
-907126885 721547189 461932603
819649685 -303285439 -445581346
-652347363 46191652 101748385
-692414579 -882083547 -836192403
130662410 446756218 -894296386
737626996 -160436905 275794029
221165854 -278335412 917456450
-170949832 -239354622 351479978
136364919 309695929 -621218608
-457765 518678383 -871513672
-829544213 659644531 -255989695
-280058711 -61219901 232590709
-57966822 -175018345 -526118948
-801165010 -895481453 178905280
873318681 -688611058 97378886
-89992971 587733771 192298456
698985312 487156617 960992158
-898344158 145417614 -247981811
367761738 128544164 113616569
-203134483 -922201519 -951675664
923213934 -311894632 782292614
-564382554 616625112 -634713258
17550 174975103 -955429377
-322591453 -240743954 318808529
-659217543 -961088167 44248894
258311408 -99684449 -430692266
-984653333 -841011231 -887834552
714531801 -504394979 -383103715
904837034 859697072 -555477215
-194677866 945910840 709902260
-740338952 726621522 -136670652
-337042718 -970023057 814259581
878292437 -913766197 -919678335
-40381966 -207961671 -990376306
272647563 968180799 956067335
555536634 -871540345 707953413
-904436419 205894521 409286802
777468932 -821322757 -874970505
-990818653 -976189732 -564794499
-429833977 -935914797 -803050693
-130752089 -595531822 82224172
199003597 -290042176 -170936838
179811916 -906729040 -895082191
-992462321 -941611899 -226091308
662986270 683551353 717967316
-341864213 -261415646 806839258
-646463749 -400026875 940317891
-86505373 -867307800 123668029
-507083315 627547553 432730677
685880210 -649911636 -547288581
696074725 -5723197 -175230740
-627659700 -40089244 651566016
517288764 654100012 -558542270
-711835807 -573258890 33980550
-851670165 492077704 606365714
-924792893 24813576 -504180369
-326598548 -266515718 -118023083
-367156724 -448882806 -212692242
303939698 -377581342 -506687822
-159895608 438595420 36372516
756949125 -903851516 780956539
-42726064 -961509911 471063209
344535597 -852777812 -729340501
-912397199 564694815 -883938361
273819826 -389610244 -751657720
-605590745 -260326839 -790463395
-934723060 909227425 -942483453
560253281 -878026805 -425502246
-954594593 772285450 881204053
197558115 727031468 -565325827
-366791911 99650631 -335755881
439534464 653521407 -675908793
276536917 812900633 -374848005
-192812245 801220729 -36488234
-39084699 -318426690 863488176
-208842720 26782612 -496640188
368787827 -422868198 354677692
-180878042 -749945254 -284891989
124699910 344145395 209501616
635553197 -949345592 755909293
-636423939 -553123910 589125949
49435562 895330190 124475808
349513066 -522959770 -512119764
-628206539 617808262 -413524863
672134610 -883303466 562492624
-3759874 -586935766 -469732874
78239180 495355471 -670517477
-155916572 108647076 -765857722
-46789310 -733548737 519965950
289547135 -85108955 256557553
372022665 770715420 -436799961
-910791805 -528098804 214350219
549193354 -927504740 646230605
33406518 -898122376 237196433
984943785 165884131 -195427928
638345290 -108724492 -363233674
623630139 755910279 -165023830
831241037 407009500 -978887938
402453164 990903332 445066552
-457947771 -824362945 -707902650
-200256028 452460270 908231546
-448259948 316077655 -77792509
871815065 -880792242 14107914
641985002 251783948 994316989
-364226099 249438486 -195116455
796197843 92935758 766374913
-20386044 117885758 24412849
-819162726 493814550 -530632534
816581904 -100788532 -644223067
-468869201 -889830686 -878740794
-71295691 934648602 566435561
5661357 -948655355 10745790
-875410673 -513483971 -440479109
-121824703 -923701073 148131002
756198214 253046925 406819881
-184337733 -647461079 339373719
988181000 -375832771 -181434967
-736350102 652555776 651988123
-918327474 180382349 256178341
-911477262 -789786764 -923524076
-930337583 318024045 208123222
-674776328 -995304362 -960763221
-843973973 935794929 174688311
-74185238 -943472742 -919329256
-846595335 36294528 -64477033
-596289108 -915538487 -175643533
831741648 -382251734 124190372
-813919203 -466329785 -486774651
-574238319 963989267 -39077404
174814142 802900875 -812093706
-101610133 -67158685 -898215906
704936308 -497494676 562155472
-249796514 810575221 344495752
490421702 -265674292 -886525223
-9857241 -933677694 -299908191
584119674 754282023 -501076202
-163738081 639793401 9295584
-888053838 242367420 -862040832
-944604081 -521995296 -588983256
407327195 -854201976 13316541
-930217190 -999807352 -338601329
-295487809 -572453817 -847855781
430673631 -830239576 303222717
-224921639 414765432 902087550
-667046676 689819858 -841415912
41324024 -28552044 -744096850
-289793042 -685744681 873389412
-498875156 -87983788 -854139390
-277865983 67452916 -859379761
-200472367 740079297 -997521007
-64895520 -452565446 -832270191
-893562554 -828123171 -439469078
696837916 335992263 678984547
-78420228 600972849 778254213
261805926 501900947 629335419
785289286 -916247380 -986350761
-263222013 477330763 148350742
-323243788 -854768048 189787331
585043796 -390536089 572635029
-397461220 534361800 -284010079
-427895388 -865691943 288776347
391226037 309982238 518512389
-843941403 759281181 -493141004
-755595730 203887250 256066224
-156345003 -562401439 -541101448
-28932671 516683141 -507561601
714484232 808603665 14221436
171774475 -655362482 -920083257
-672225629 -918763449 786588206
-989530859 7965554 -622643804
-174101399 -413880239 371452727
8489626 -192333031 997530981
-908131792 831477175 469510743
-438656613 -658905571 -997065545
-436647455 143077542 782375697
933404154 209619283 324281432
633120028 517842156 -260281213
-545864429 181696336 962970119
886333760 455160915 -26581787
-761067707 -948583166 -135964306
933847974 -778478839 -232023212
48500301 -393641180 -954923793
-841020946 -932863993 -421627111
-186901615 -700871337 -607079208
242844418 382051138 681018709
-165401300 -702426859 495508252
991071153 -243358507 -944515290
465320525 38600571 32590662
-742204765 789999181 -856110479
275244530 -654695521 -675769818
728500552 258049661 -819275295
54260689 885029685 -945601109
961794474 -20835678 -328431169
757826625 -854219861 -566575591
70450296 -828942583 -891381236
300552444 -206021066 -72675091
-888464125 256250538 593932747
668788811 -175996866 465085837
152808355 240432852 -907518615
409278133 426994878 50195960
206137517 453539941 -888301224
-869097690 497754362 -116438249
-993173188 131866271 258014758
-867812803 619318893 -138150773
83156046 -900988706 -69581989
687404984 -866336272 -55701145
-855512066 -901335046 670485348
478086552 -938281589 -863359110
-919671327 -787885472 280087666
43179889 -718858747 365549778
82681212 571883693 950708412
-173185290 -80954446 -123563140
487802769 486741698 -915954324
32204014 324080178 242883673
-152641551 -242345299 -847081601
-636676716 373609222 -114553876
283538628 -466519201 -193931062
364317781 -832827829 -371228455
-573738249 871237427 -986874176
-487120532 826817222 -988692331
865309950 -745291568 725458421
342049648 -284682324 179981717
-909361747 568796905 391036050
-801228333 -877258957 577109600
-391948707 -77953603 -939655678
-787767408 476627018 -805447776
650844619 73906708 -601254796
-379020097 219314569 531101761
-873464658 62904657 874445870
115826589 -220740982 -345332255
371231263 -524511914 -497375520
32278826 -293506110 -262575687
-592520876 703011687 -429460398
-51670373 -46780272 140811821
-613739662 186862825 -454669320
474696064 -231898768 -709833642
933404864 -805751284 -343982597
438651461 -894064712 27569948
632072110 -66227980 521188123
220437395 -901187217 426494700
583737150 -329820414 -156214893
-954046706 -300891990 -741576471
-493744088 437240975 -605111526
532245310 197092640 33096362
-229236554 732574545 -603021944
-867320092 761135831 127957821
-939454881 800604628 762287547
-970148483 -604002517 -624849073
-897413571 -55434328 -851873186
-408789438 314667001 -528127794
-471375758 58638565 117985461
-617619839 927861569 689939876
819241849 286040714 -348984021
132352889 -164129062 -318630327
-963725400 776317221 -906194046
-891518198 -996260366 946715267
-763276526 780156963 -795350604
-867566461 -440557535 -939343552
-456667264 432847327 947751424
398884156 997152680 -411918873
-312714352 773741663 683834886
940961724 -909419767 -693756255
-723367729 465105701 823044932
-195982957 -470668463 -928965764
-612922488 347841665 84169736
146631117 -946859070 343167378
584687350 -712587209 -90026949
-554830586 -194594561 500631166
212246398 890040779 506438513
981520180 771073386 593546585
196144537 15133617 -821674602
433060045 -382167009 -999103699
348236284 -528401682 718490694
513384236 -285266936 928503261
-733743740 -587463077 895938711
697020341 -762046228 688568197
-229775960 399490445 367537015
-983390140 -47779866 888424667
764839944 -918183772 -708873761
-630722772 -173046514 135886949
893578517 -909066754 291839155
-302579133 -489105149 320896490
577532126 283008027 534281375
-909180915 482441329 -605063210
918393134 792391482 -957169927
927717342 -422777336 -732025447
-249753674 -636197787 837790995
704841672 42728392 -603090434
731581141 -459574989 360521554
427533637 297026710 -554856888
-171547577 974105929 -497802121
-844580729 -334929156 -239229882
-162630492 539233247 -71789124
-68261014 223982554 -553988166
233361214 -637570215 -700929372
-885621208 356079280 864365232
-735046333 803279180 -883689343
320437729 87467273 -362760928
-657180923 -179059128 328578465
-504734433 -806744402 -753023657
-307977844 -46247688 47751824
97822926 128526884 -689172030
-623508091 207895758 942190342
-904654669 82850532 -113919645
-64628123 754010888 837144493
776062196 166735067 -277566421
-548626563 138512069 242313945
-350118929 -332832938 483928914
469778771 -946193575 341712857
-104059703 -889427749 628049855
927134374 -135895785 310972035
600091700 -441237139 -887092775
793346731 165114736 -806593547
594427945 -908490343 721528934
248016844 -880859261 -552863397
-344397278 -34682174 -496942761
-225922403 457860564 264460638
667757471 -480530510 -328118898
248280249 712994833 -840966883
-639849211 503475318 -965630802
822384565 -658145356 -947027981
443401748 500703534 309229055
414892790 -84251695 358564912
-951933316 -170233374 368323805
141157147 -617370543 -718134176
35106925 -509898191 379619622
196893106 734088700 -477561676
-241450636 -299470342 -953415940
-157531107 -487068977 286899364
-22073322 -630779037 550071942
616857787 945922460 -203817934
-307918452 -718952860 -782743909
452138704 343988800 -911432661
561969735 924419498 994449512
-649284342 -756985981 -681537068
153650304 132523782 592478970
82126734 723560096 -895944924
101826891 221227906 192201487
-458806233 -982140001 -932309765
-996263715 912756716 676928215
-577061134 -950377153 -160971514
-287538741 112071677 -338310842
269355007 -247870791 391931292
457678440 971611469 -860510560
-692639344 -888453192 -928281933
414828515 -973671326 590037063
-899139609 -733264537 -674746388
-425609146 -81616477 805417508
-56076647 599012479 803524794
-880680178 -950159126 -882087343
-850992594 -451686554 -735250894
246274722 823994255 745016427
327952311 500848008 -852306561
93050791 -64502322 -769292347
926934887 -670356312 76018920
922759715 344206006 -870461270
-944783676 815113279 940662274
637646783 512941211 -689867536
-693594973 221193194 -312442552
103607057 -753315893 381487
-998262965 429128413 146441391
-894753341 -448175237 994990305
476486443 -993252567 777295359
-514427806 560093654 -867860052
-214258221 242299002 -561816351
-426554907 -470214675 -944874827
368371704 787533189 -600214245
-957801234 460831004 916682913
997446815 -608062690 -564825274
167573828 927262003 -103002703
-456626128 997812746 315562568
-854365114 778772103 589956907
137108244 -497769890 -219231862
-922525489 -723530427 885756413
-927806892 49125718 724657825
-469640802 -913306873 9143430
-426963009 -937678877 -753024396
-965094350 631711568 816975096
-791262411 -710403051 904985084
-486765200 -373055126 739765770
-392743321 -533385563 -917127165
191360608 -769865146 242567062
-792567945 -949887159 -40254805
-764505173 563444874 149789304
-63724020 -33322955 -132134256
543630339 773754540 -17420658
885565693 -43228314 -855984892
401356856 -998370143 726520413
-84011438 252672775 -563108498
-563269582 -944157588 -22637814
180861641 834079823 659080909
-919952574 -809976816 -413079912
704899242 -4652745 644064473
990186837 259270985 120596870
-181608662 -741469199 146599226
548213413 749549406 -549522159
819816367 -436418439 -709465817
-839093378 -996338250 314499619
-265425581 805562207 640664103
102592810 548412902 558743405
465119925 560661515 -854450830
916968703 -943869707 -103442205
-848554269 -947851373 402815625
795825121 -837557874 -505934836
-149097802 -720517825 -580971564
565897595 -613720294 -845814812
-895905128 -433860074 230911053
641559772 420131819 -542668637
400741711 -168241682 110549450
-853406807 1701596 282672237
-682225486 744191724 989113808
-107001271 926500217 -676633031
298246989 430564152 -71665282
269319501 -179690307 871476840
-594605770 -209762556 780779060
-948352588 760957489 47300921
-322486658 462461789 462549438
-653695171 227735864 -926494850
-758615193 -179345696 -142947772
-888444741 169066380 127781486
312231536 352985371 -709392935
20415661 639105138 -881490850
935697169 679961180 -240574894
-883535907 765860596 -199982561
123686102 -424608220 1646101
60724896 806147840 -263769632
-8721026 705474799 -521435942
-864020760 -268623656 -209055238
716826836 408308095 68245290
-236635847 959975131 220748937
-449949233 172022325 -588349396
492597652 -821167480 92794088
-744545726 195647538 -304205602
-547307170 113887941 720575043
685134174 896495113 167211252
32351453 -249866421 20524090
331783017 -605537052 -400762779
59273403 -953437690 895632189
606788757 698753325 869441048
-561712616 -471187333 -607521080
493620699 -910061997 -439680776
296061714 -410460155 -408843031
342555386 267003237 686753820
222283762 -981604477 -600590747
-876679251 -172780425 -890671000
623590975 561705257 425955636
592511835 -966696513 -946672245
-156565531 -12332426 758050359
92041305 -170595221 -512597564
207940517 25089288 676580114
-776053757 -907490445 92900723
447342969 -827804426 -206600892
-939155101 -455768200 -730689985
-474946542 556589485 372358079
24206179 -387539548 -873602004
311295279 80265981 -781676591
-201457638 -862305094 446236377
-101793570 -995429701 415495482
640055282 774714803 963985350
-341967827 837807295 -5485651
201601549 677638523 780285053
929971169 270278383 -21851094
799343794 -747196252 888690412
-692651144 650550326 771176585
697512333 -547094698 -577294006
519322485 -196033915 801749145
-922630183 -943825349 -932791462
-902446604 -170223059 -199553642
582733938 234432455 345960074
-396862717 -982849669 -586533015
-667692811 -381923717 -783308818
-497689941 -688966782 -458160098
-182751061 -917356562 289299288
861181197 -202851520 -520164182
-108366606 -562497047 -990349263
-692860389 -867679534 802727331
-997344299 -388659403 571102990
198905648 -803867195 297488388
-955659303 -631591958 685396644
-675409725 -976864086 -137885288
-736715146 -272642875 46029523
-424563939 -994190156 -953211106
-917810898 140379672 927340573
-153307384 779712144 106168691
202236921 567012976 851014095
736007646 424240280 -753157754
150872365 526080063 958348126
-927676001 -297413256 -105158085
41215445 988678450 866196956
-871552824 -164414182 275271698
848782300 -965834096 -934437258
-817700832 -579368170 -872883098
-248473589 -589792496 948713945
-993375891 -876548512 679061022
-390484930 -712523901 -481675875
-541119325 -212646092 -603596468
734621619 82613496 712375629
-361571720 -653424070 -972000593
528275747 -203280889 -954021822
296743180 562463116 331102080
-573888386 975816593 -438458497
-375507672 -943350473 817116445
296519176 99427848 -897112136
175503763 -672150976 -983180431
-616594409 681303803 592355955
-467138789 205051945 732743775
-74888612 -771307868 395195898
-463562838 241793652 -292257288
188292473 -864837692 -174055745
510283512 -186092579 -355590678
820789087 -104333243 -826453052
245504506 175103521 -845867599
-741414233 620064856 -948777045
-950922912 -223786027 -217689503
630183976 144798174 -726932728
-988865496 -903897914 133725301
501838496 210606028 -905340988
293120371 739238670 -991797354
-564530847 -162731237 -12611649
817751589 -283497493 411619925
-541834502 -899787252 -338846103
-367974743 -56321228 -18952964
193884775 592470305 -59374723
-901629195 425889910 -950791915
774966842 789909055 667368141
-917929831 26374679 147765531
728631312 -247185848 -152161182
403791449 97109603 139291995
-640768146 -572426305 455452336
180438897 176490210 -938918479
-997033047 -319773319 -37998359
132144530 -90530843 607317899
-73885001 455055010 895290113
-529831113 -971241555 -838112765
-797520381 244142184 82137672
302231978 -882943861 206976361
-825367967 540822086 761179096
-959603785 332004495 -895940583
994793777 381162854 714791946
391787723 -829757919 205473316
73185523 217617637 -237112419
455229138 -325821604 -689131364
172281524 -300394137 498259933
-573871045 804099920 -274348355
-820813230 195373262 -715679727
-324247824 -412570279 -45784470
797798531 -925107218 -332202018
-948108728 -738809178 -699011960
273304180 542655704 750885820
358792751 635523106 575869501
103008785 687056116 -75129254
-984260793 592195290 95297689
935162807 911996159 186583953
236258319 602965433 -687774476
533914254 -189905308 880878177
-917324292 235929335 -315067387
260347971 -270174277 677152443
648588178 -358029661 95073463
-769946857 -20066514 548925340
511866466 999328432 -56964705
813668008 -488287546 123587783
415288419 -897839151 -175674508
-67471467 -314344115 -872694435
99486462 -845617052 -29560471
779641231 790355453 112955139
175588561 771535953 -8674059
572775637 770482890 682658426
929638564 -372631200 35404258
292704850 -320002553 621446151
-988653258 402030420 7731462
217532633 775973600 -888152047
-992435089 -842157968 34956153
574853567 -354514930 -653685578
-879436943 -81805051 -972130714
519155021 149622251 -265493780
-169815524 877805913 -869241761
-511232570 -941238811 950795636
-842273331 -111188614 -886156840
647182112 246014481 -975685418
-167746039 49165262 -139697773
639924250 815498747 -947269066
-449972045 -975655144 -928221117
-730386584 358653173 312278387
432769773 39860013 -743165561
-869743887 705065125 -719534716
-901816391 302634506 955143176
-37946266 -820678996 -791964561
236911567 -322177554 349930440
649551440 998087886 -625310278
891315254 -98393379 -793612823
-872607711 393300998 792561684
846140612 472785576 444408138
968290224 -789610698 -494770812
-694542396 -869505193 -452476113
-987202035 -945638679 -965123886
152356482 437010385 -602601334
-912759749 727006907 358138292
-246764484 -976915443 -688782496
-719262858 -510239779 95396998
58323803 -953059555 456686659
-579041024 -503822034 -957013013
-900062480 378768119 -84870216
632379979 69883022 -901820696
899056190 -356125199 251786028
-857766184 491172607 -386655076
666902326 262626534 139831700
-571088412 -523240292 -244458001
81004327 484414458 263494284
835392820 -850856388 -985607380
538618325 -971280234 511880294
-62541773 -423836570 -200577166
-784163793 543045417 -875094458
-765512103 -469818525 -963538106
-683981261 -587339082 22778425
388502021 963847494 543771149
-183890437 769549446 -402501154
-658021640 -589182906 -553055621
110811815 -115577379 904646816
-64060277 956136259 632595226
-911597298 -783697094 790591246
688249086 264556206 83929167
-463073004 738194125 746814844
883701460 -723736126 -372993210
-943555998 -211297214 87978343
-544572909 751080767 869161944
-33174846 185490039 346894869
862520231 501612465 639837760
80451728 516266160 866233733
291186361 -744315951 -440164421
-948654561 -46512388 -926451765
-901140178 986534235 -54610024
847271120 -592348582 -938477314
-228768163 -829318945 60495216
-367843058 316553675 936041903
386103540 -527287287 -931214971
694080411 -162895566 -707584179
91030641 -623105796 757305617
-309441079 -860204244 -696100853
-930730009 -939608530 432848869
-975187174 -874816662 -766061311
-233398983 -3661835 214136490
-807276041 -746589556 455870701
622365529 -921598108 -628254027
-221157543 310697390 -728531325
777311072 -604370803 566960859
129772812 -151825476 -280241385
-13925027 369366610 111731584
364109356 389766377 -916164477
985993217 209697781 -552690164
-545335722 -375510564 -525660769
431750928 -368667675 -52799047
839423265 424635753 20049883
727965633 319719531 466898434
818181313 396632405 -360040935
-473390063 373791606 -856171190
-976529411 460776212 -204050355
-76942199 954115959 -861570463
-510304183 743718126 358864980
-27879191 -580199804 743959193
419985279 401941160 448107824
598955208 54460527 -791213218
824394952 -898006784 -66653075
-340262168 -878054430 -231508260
919757309 164026155 -232075423
301838167 -720845962 308836803
748864548 -853054271 -573861896
-105389085 930416264 -617102925
-298765970 -856840681 408771676
611847844 -946542002 987269601
-663781258 -419761213 336716702
-619143796 887961071 -847430126
619799722 661117516 557625253
496209020 -639711498 -597579773
99477433 360001191 -176514324
-733490726 438307089 608775553
-307677231 114739957 -954336620
-48361453 818527493 165891999
-23075764 -366144838 71398284
-749678598 724142478 -993735196
246243507 -274608654 -230920014
-749225586 -694040268 -604352138
-710839146 -844917139 159017464
707855274 18748615 -955283171
18102897 -16448940 905263478
-519781431 -880196111 -279809142
278677855 919752892 66589588
-286197948 -647175827 40474800
936456295 -993692572 719971013
192464119 -154855131 463581579
-898861200 -40563105 -709115203
-655583461 -855622594 -333432281
520830923 -455930781 -391153854
-30046681 388386312 399446133
-139536709 -672593243 628405566
783746418 944847080 654842411
-53433566 279356861 550075637
-860541631 128122567 916768029
860172245 278112044 -977708265
340843269 27500539 303515979
640575277 495562930 -186415884
-55324372 -176947965 -645292173
282327158 707935845 -100376640
-793081294 949360816 -350990723
105879103 -804989094 177094105
773250722 45171257 623883426
480839822 445467203 894987331
914924712 -575345566 101909046
-577044571 -600263879 480286604
319376863 -588701424 -84746807
-717596592 -467193066 810885887
137910534 -75451595 769637878
-395926783 -416156346 -467663472
-82150152 818631128 480976655
135605473 -243547062 -912240135
-838020568 -259011303 -289595602
-852760097 -723359900 546327236
416494505 -94245137 -480913936
-309710115 340413076 -967082247
26960496 -831163022 83955447
-871792187 892797973 -463417120
-998772228 -68732053 556256064
-306073591 -738777092 543575908
553840674 677967143 186698576
396235331 503748087 -625412112
454270241 -124932713 -734268347
-439437369 -471877493 -180945929
713473800 -593853895 -379892005
492403035 -939703526 -599023581
476494367 -873622355 -775215813
-884837386 -642114528 -478017148
-293356292 342799125 -199659358
-217797490 210037240 869302782
244454643 184638065 -276296749
-585873632 697574562 -74693790
334316165 604730040 -734578566
212317697 -418929169 488229425
847649713 -793615246 210639980
559773706 -340189138 70440943
385930759 11618958 195880735
237962708 526445332 88321861
27114464 970604606 -862908695
-852993949 10679284 -395206632
-999162947 -553225945 21536772
-593256839 528975874 -149855575
791249223 372200109 -211795473
330602361 -521672686 -155412244
-922984708 65507794 -917094311
-801996375 723338162 -34457006
-485240646 -698630417 -136212940
-160161689 154161286 -979008272
945323018 -193538142 -967662111
-905096019 -721356600 -361918817
-158577538 -20368714 448855946
-524313303 2232099 899987688
-409023687 -697736928 -717491910
-108481631 158686347 186363486
821348050 -715820620 -782734168
439645759 831470637 201041803
-109032150 -864456731 -692772614
