2000
-563167427 -870837325 -595855757
-57684738 -609413224 -926493576
-489333592 -994961033 -915079561
603123792 -655027785 216743207
-496519340 -154818679 -993249656
-462389297 396911440 -718369899
-517131492 529383083 636438219
-148509066 -415911431 42942789
-35327003 871870449 980286618
-204913560 -386490969 -931450338
344687118 -328095913 -455534915
-896524307 -54862642 30863570
-848864337 803414833 849842810
-235483562 799663403 832367979
-913228305 -295387613 -866405710
-265514567 -637749088 -113573405
-347149358 902926130 -159119763
840032134 980021433 -676594276
786570484 326606629 931721998
-904344066 910255890 -983578352
172677648 -740676461 -448118571
-752140057 135276668 -773405527
-746475232 271775002 -729335442
-125635677 -340441819 455940762
372097237 251971094 721575808
198821117 -794252647 175529402
283685039 246307798 776614537
851447607 58825513 -783666457
-708666811 206635711 9628685
-78706091 -74476600 -867591242
-528376933 778536270 827869132
551873448 -253409887 -321637839
396612137 -155334830 -900404659
944075670 -846120866 409283586
617330270 -649966865 -992208404
-464442371 -856952357 -153276371
274863596 448630620 538315298
-423708918 -656661557 781315850
-161279043 904958984 526602476
-343263542 -429270255 -125532124
523088255 123737694 375861645
-683441784 -233087307 215625064
-86464347 -187399432 294326148
-148291747 -830350907 117631300
-419970562 -620901671 -617709179
981165028 -111273313 1490094
689403193 -516212860 -674378703
515238506 -111766222 -508840990
356598359 205708880 733472413
554954916 -991517521 441220397
199349113 -321076099 407173661
-284547232 298534381 215435466
-109180915 789243854 -548472248
-900189507 986138145 99607963
-282958677 -764131706 123698016
-515836830 -15033492 -725955798
586983137 999106050 -670166854
-887119172 62568824 -254077492
-922932407 640595000 672074848
190899055 -376576342 835394016
813610483 -592855711 -516708055
-943544515 16866599 341514188
123881270 -879264416 189207021
535573104 535479418 62039849
-9592267 326786726 343239465
-454437706 949754246 294595574
234325811 -187054830 -486755200
295924765 321917520 -619011082
-306817849 348719603 -748679389
-777769303 -191338900 748467377
-339128339 636943511 -852553213
-567441151 -933544865 910805280
858982756 -992819186 393331839
-883720550 750155774 110963551
873203997 -863247221 365972273
-594723678 866453982 -213252076
794441609 -39152064 -794213936
837322889 742981648 -948295986
566496780 453926298 -495072778
-351698611 678948959 160399947
244254844 521600624 -952830304
477634108 511309086 -504006828
67418721 -248363026 54151232
192446188 -525654732 442996633
427144468 130957983 -982004134
-997922539 698701951 -973582746
-464574567 511017512 35815123
-721010576 550057888 660114541
-610030442 312804675 46537940
961004908 -317539900 -906569102
-929985771 -199273372 -915091331
-688778232 228126349 -881117579
-639946553 -951142023 -838649588
895389565 258571971 781080052
109579053 -957861539 -92446898
-121806587 495308941 812651569
248394266 -146640283 -837923282
795470922 -880130035 -761022947
-861024787 326528081 -851099679
-123771533 -949297717 408759103
878780289 -700018439 340917557
-35109948 -482359135 50146967
-965205051 110596079 874185856
500574272 183933235 -304101733
729879603 266864696 -321629253
-138051314 -392523566 -80759338
-235738288 -759948277 65488757
351729909 292231290 253588472
513956150 -175097486 794522751
-885849768 -957091800 -25604918
198481935 -849167384 296227691
-371670416 -479196243 -550115772
764721469 -939029296 86798720
993981046 268478326 -969780186
-824973388 515239149 -920624518
-980984666 -934092188 594916835
177047342 -378060621 -523752918
-523088653 156651026 349020346
-524214763 596384577 -453931160
-24211626 357027018 -110529154
-901001691 -33398929 195128764
974563402 -133697166 589805511
250638913 60921868 -226394610
964089179 112661545 161761572
967185025 -766011609 219220623
-920322833 -991008181 -516376969
-422253765 -254852647 -219039947
488325080 -929932897 -570764627
167040785 -26225562 908890942
839195958 731240350 -463813151
517490410 16774231 369502218
-568041869 -479274607 -859285951
-21989698 -977931456 636402969
-977477944 -960012003 595514215
-608633704 373891563 484389034
-854720538 82336424 -716810866
-917938509 277677748 828657539
842654018 201157273 -181576622
-594965831 -306492280 -351259914
178195011 -990866107 -205457280
167100742 -75078714 -695129362
-980479071 -979688975 -341629339
-264825612 508300843 -785829418
-790361158 -324063101 741538793
123059338 -445101262 -251554531
722014311 709600230 -467423348
17855979 -547417360 660614581
-278765088 -906533234 392588863
955971932 -875471607 57652695
-92572752 -60195267 -363963998
-318129383 627272737 368055590
606493109 -40401172 826000996
617216141 169692961 -739414753
-255942059 -68961331 -814125064
734408019 -968393035 -453957893
48340131 148283621 -740138536
532873192 -769160876 669645899
15334009 749281727 -53327531
-364352307 -332602598 -831563315
325423663 518575914 -5919916
540711089 -966779644 282488758
-236421018 231182193 453377794
-737111261 749015745 507475496
880696460 968309604 943762583
-335086673 123027427 -502225989
-552631372 -53284826 -234849905
-779141438 -231619632 969971647
-823780983 650062116 923359514
-844484242 -590464845 -128646324
-277486311 958833057 -224897635
-986349459 -850412434 341525322
-591776813 557352893 -514589904
747030600 174349056 -683626660
799402690 356544990 -480820064
-633700509 -242305657 -622155486
86111899 128062696 -176841010
353804736 -986183891 -349715747
-122173923 -875055805 329004646
860982777 -589935614 109046609
670681082 -97507340 -978206171
468511237 -239386967 628118041
-902001511 242971128 -134392140
599806812 862617613 -739126725
-657060914 833722335 -493015235
-961743942 -343207943 -662810240
784214051 86311023 -24254935
-754903286 214571390 -167599637
943678794 306625392 -836810639
712930928 189211787 -987214377
706206049 947674381 6486411
-339129174 -252414945 -498191120
-901039101 -229641689 3767704
607458700 446167951 -344250242
-460389431 874651811 872532173
-321807334 725804067 -511861177
466600376 522508115 -568786594
-131579329 831630940 494392922
-820339280 -886778594 -324731729
-170755178 -979862541 431918277
-792226702 -877816086 -161297016
693874596 -735141353 475216209
108792811 50230843 -832787929
842626683 -63085523 862671428
672144448 -863221561 -800916737
601362703 421590487 -442969863
842861380 -993592344 283652586
210277717 552965121 -575022697
-944787830 140506028 539105835
158974547 -182556959 854318013
-761943271 -968046427 983116284
-625225116 -987466856 -696153636
-612982782 -566693697 -940548793
755737261 -889194363 -313166363
-138677885 646172281 28427912
-209596319 -113676899 -310076082
537261087 974814182 -32137299
-191039762 364185145 -954675240
238302516 -631949239 -188178034
-346728589 -534130436 840966588
-796447432 -937463428 -390124855
-380909138 -754584898 -770718644
935637212 -368390392 265445525
681129796 -594449379 744716497
-311292702 879493396 500370804
379757761 -832036719 94152347
-421986617 638571278 525757660
570364929 818291718 718468086
618038526 -103804420 920507261
-931035775 282576422 238594685
985610138 -977958595 -543252179
-452840986 705241313 843945468
-974165104 -465026071 -905165775
-928697996 554489668 -381006985
44528641 693161466 -480507672
-764843112 -947527968 -701028131
990899277 723570688 -814945706
-181754907 309536168 -461518000
826409382 187116766 585320529
463686166 -470335599 68445556
151824930 -315835819 53761896
-146188973 -998813497 -685927308
538155467 -236221444 298437147
-892140352 -369451347 103330037
738110047 327255863 387127997
657726309 -758659225 724420959
-336522294 -582447014 979271413
250361975 -878819674 -940864901
306368072 685762425 -15856335
-836815491 68304299 -766579699
533227805 -724171634 -37202347
-777293751 -442056622 145850441
-642508705 97353959 321396530
265650585 -549838210 -963717052
-974878377 -542846009 -353498450
-913299892 697130894 -946989059
-803579907 301694249 827926614
-893124076 -613965235 -361129999
92963714 -400936185 -988898667
753768564 349402374 -442245278
335750331 -213685214 377524592
-180053819 3486764 12386248
-733790816 115259680 -768478766
752528681 867630130 866116913
501648891 564338700 257150756
651407772 520846049 155861524
-630428610 -305947300 664224921
519116257 -155710766 -833580180
589172851 -89193263 -245655068
619346602 -575692164 44554480
890137491 -235522545 -440087663
352116450 -869956945 -133546774
18689612 659106002 452527379
-787002909 -329211585 848283226
-88436917 -510495485 -864850402
-64152056 -655047020 312333015
806115351 -19330907 -428799190
799551569 -875247123 -968952925
-486418448 24475733 -534996512
19439416 928428641 -614907001
489366665 181028793 886097126
-341689498 211347169 -42467170
901102800 -470807827 -409166851
-294152698 849374929 616310044
-928850310 402611175 304420664
258869604 -719460470 -229133514
456153224 178779706 -340076810
577184119 791670436 -260774041
-418304127 45690388 591808904
-239520356 55336570 436838537
-881566852 -59030553 -816433464
-179755304 -350162 851320311
180145262 686830866 331976632
348600673 -32018619 -9312484
783477781 -831924647 466480522
-568168951 414080345 -676620896
220036671 709386051 449567128
635669973 867411708 -321986404
-501411802 -515479278 -945057216
-343406040 906162134 928893146
811218796 59146731 -549043420
746761107 -551423442 -504156437
-714384137 988642388 -416819844
793642144 -601201096 799093602
-311396817 354875176 -669882433
178256871 121653852 395697420
-554083429 -499956318 -712594539
-371843980 -909290406 -65086173
-406964368 542982884 -644099522
187874999 -584438923 -830025783
-91670186 -282398417 912361324
-221553484 145078918 -138640384
518040462 -591448932 -221183559
188687099 476952085 359400959
-781398024 -468721894 526038265
-807370687 153674274 -922078856
209490977 891286142 -325118962
850636791 755731467 -961360465
62442727 352745318 954782769
184688883 580942435 993303935
-618532759 -802526173 -783449326
990179394 503019356 736115742
508509412 -230753803 969771001
97444123 360063024 499463127
-878999177 -812079462 -514581973
-755321806 -976190643 776221710
-439975335 -934637024 -433646532
-631087615 -244407736 -430125497
-926299778 665012418 994062411
-891322969 -116447959 -666463385
-497522928 431302230 -126522547
-185438222 619255440 671705669
303094947 840051808 230503205
-865110904 -879542505 -438659617
-62112568 -206428387 -588852205
728695597 681267191 -189014854
-707078072 -866858555 225125968
358531 -887143516 -538573020
-305795905 818608759 -617979928
-907964880 -933164130 -975619697
125152991 508778696 -345138040
240986020 -617113910 537870418
-247818 -826563074 -561618888
-688967073 918549295 -109924713
474643571 -909744461 440699345
-890935580 -181983881 332353122
-73723054 -927741227 814467400
-380685808 -352287508 659640927
-107027355 -333721024 -387218840
-254907234 28514074 804694498
-874652571 -611885003 142039546
194276969 18014429 -899567030
-938807647 756604921 -949475487
697937548 -623369823 -374320330
453158153 56728907 -451967283
-869865351 574503292 -738572392
-225613899 174271451 927639709
283121172 26589033 922881836
364002537 -718460459 894804741
-520354608 302934205 -153795798
-203540352 -571395592 -802300908
249047407 782824273 -31391992
-362360057 -500921645 -466261986
-89181977 603980328 -876071745
-461879191 373273183 -76257908
-468071442 417713389 994652946
691429156 -360671224 -702721539
998937626 -84161028 248470915
-441126347 485492595 -677979687
472794125 261471055 -933162847
462997846 -913418698 798051857
-410113114 360915097 367585701
-306765249 795822347 992546131
292351521 -297431664 701643719
578270659 -899504570 -883583701
-892804163 -540802845 -327867049
5605744 -65243997 672282718
922820325 908330279 -811300865
216360900 -164996234 940710376
-138652735 -607536124 701084937
719256481 -788277582 -305764364
841690908 497852230 944556212
-494736232 -734216045 245702242
-347790062 -888377086 -740125499
193593200 193595430 72190186
375969096 -997439844 803591108
394806110 -58312583 747386470
-917758924 772998065 -58679363
-862126798 -215467956 712044053
709796587 824025241 -245356276
-381133119 -858772544 737046134
-607581352 -245827534 -784832801
-383766337 996444767 -908039709
315009470 688972024 767359779
400620631 -311943781 118952118
484736112 -737957390 -208895892
-300258557 450649308 133819919
665463186 946643006 -405015145
721093982 -510001434 -190187224
-439765394 711252687 309389478
112244196 667487164 620136445
920501404 -931702144 -533858040
-864156878 -434064119 62513721
-109210349 -506678434 956814423
473273248 -451020997 -571069855
256042959 948107594 -284973945
-310354192 69556491 144374674
-921735418 807409061 142135907
791616897 595048261 864169995
294915777 -706766835 -793607873
-300026697 -253494175 290207354
-162242564 935992714 -895551157
968302502 279220085 852841262
531366347 -922710462 126150198
933101645 -160998220 -200326098
-901065567 -709340672 -817181125
-874985689 -191688489 -403391428
400082528 -312214622 640095543
-588694195 852237693 -752823842
959845387 -852975700 -808594162
-894847386 373046463 616367703
-532324248 -955232544 261931669
356150937 954465818 -649985295
-67423159 -942471386 -313030473
428838070 103105574 -508842456
355081701 345905896 -456469390
-624141513 319572220 717017114
-440878854 946064572 -181794614
-474290444 -815023239 311740273
654124627 -54733518 -755099035
-296502977 -915670034 403116643
-480485283 555844193 -757681584
-247031159 -394414404 148858436
842261217 -849951339 -783136400
-245853709 -555854097 -177163688
226459006 -325939283 625267606
510817044 -998328896 -125642763
576088188 428984491 467255600
-779989446 -618048254 49168123
795730806 -124043895 -28031987
-544747811 -279265624 264110662
-127635927 920698247 -464952684
-189469650 -875059285 -879156856
934580909 -137332925 -872361001
798744808 -868478139 33205497
-817544143 -878327728 684897217
-890744352 -140397086 -209288416
227860895 -982345681 654359350
-35077219 -391217688 -253751268
548730339 -682419035 58745887
254741241 -954237094 -441692870
525721967 -262467040 -230719994
-319772307 136032926 841345858
-76650540 864305412 -565884989
-11075018 183888187 -810655685
-741383789 72741266 579683687
-972031531 -917314545 -992985441
-196973898 -516318808 872949177
725921984 -246439702 -166150865
743318428 -982071048 -726148289
-933714399 -679968618 707194644
727438582 -893109745 140593595
168712655 -160580382 183562664
448443183 592072322 698789648
-748210657 840157575 -347479399
464498997 66726799 -845702801
-218050164 -790381496 908551003
764510061 -442705570 -899150189
193320192 427699940 -1942465
-492141676 862232043 707668046
-636361174 895230871 -747917305
859749542 -931383552 -311376123
-198685781 128687902 -958118120
-838897322 -662081352 3231871
-104965149 222936242 857841965
947892755 -82739518 289075396
-86437372 736649816 -487373249
-981085758 905126543 143404502
-153928999 302372148 -119976114
-921601869 -220899127 871204327
796768757 742774635 -662285055
-102996205 201085546 -247449592
-243298111 -165718038 899679869
-659742034 -799388591 -21886958
837733962 -241133769 307564446
-478934427 -881491665 -779024230
-145360221 -237221637 224452369
44986950 529531761 -75580675
-906305925 319568441 -270806106
-958770812 875763989 -80312535
281067930 126507954 -994867087
-962210445 -117293170 -677998231
488945126 -852873745 854122160
843959397 187116411 -334349385
-806656317 828360204 -829902607
-612040261 640776014 564535665
-415148453 808798362 902634102
907200291 911784343 -723634485
-845817487 -32956608 813252068
-809940267 -180906751 613758059
586905123 754442024 33469765
-329495342 -874106022 120363338
-671656325 -405391904 514200838
169134838 776720482 23344389
683572989 615785125 -615855206
614134669 758607641 93965533
499525662 952242028 -820914529
-920395276 -863037943 22370194
95575816 -101536249 -103817433
248722879 820941123 817981725
-398565147 501670437 457502683
-954708209 -646965231 -29913194
520291645 -680109093 -207168864
781007563 763196546 716774483
163015126 -789394620 2047624
-175115038 -812002191 219728831
572933285 145449534 -506622649
-66477280 -837516690 443343709
945231556 -564819212 739162980
-330586904 355648373 -317625492
-882535445 -890364433 -653137958
-485639999 624572982 -397995914
160578224 -303133452 835436489
-194130880 -735005469 -956873271
234815151 -631594994 575183037
878297540 -632187095 53791233
856820584 970468270 289046889
894007928 661320965 -553695285
-460378044 478890519 189160148
203998464 -370620866 -971175791
35309197 -495221257 74632906
-924288891 912968928 -98617701
-689949116 202318676 502019862
541949818 -952038333 903777396
467159782 489893647 993570864
586140908 -984212915 556299009
-553794357 74607465 479982328
433229197 -880663611 -192894570
2130325 -266378408 -485624327
-924432962 665658292 -377194678
-413897548 -236978095 32830030
-864422130 -844284954 -981652731
-398877415 -946626661 153833020
203519343 -610389759 -441485499
-951914368 463012767 -860754091
-906921869 -879745743 91373405
-978585234 23835848 -402621963
-585814891 -47789886 -693781567
874382030 -427256299 -878812197
-969964032 639595492 209469018
-266007921 558302269 324896720
582745454 -833595447 459979543
581743846 784212870 -67940383
417114550 349580769 -621258781
-986960087 60313866 477432020
-80357996 -788717561 -558744686
-388754272 -922939820 270747975
754503321 -381112561 498646233
-402609824 -97189774 346003845
451752302 643469562 968832784
-33157072 907264268 -928258402
697101743 -904521700 -953591522
-997446354 -303535525 253491639
-984328087 -385579553 934296977
-624462185 -207881405 184557448
-566020178 331470358 810106934
-147271906 -99863495 557449375
-902860323 714305940 -499077916
-886699619 218050606 564989732
-756932348 495794529 -156762232
344363334 -107619318 573361478
-861706541 -184784397 -832872173
-905228483 -983649664 750808783
-291516221 -69412760 658564907
-125402583 120212277 587623601
172937224 -71785461 612890499
936810287 946210894 -860556820
-560550174 -48614669 131052064
-850346481 -886084364 971071557
1890160 -854277226 241758020
527896556 -421854954 -688008700
-857651274 -971638213 -780334587
-659195105 -728079190 -19475686
58516461 817194884 -490446269
-779546002 -938838390 -822513352
-519372797 155767947 -495334105
697102267 -899193293 996793658
470017001 -511737147 -153257789
-173990513 150889071 981944376
-811541576 312986734 600150488
-948040981 372593502 942403635
861667407 571750286 722990406
-413256822 980358584 427427532
-835206390 838402805 598006586
-102624378 24988532 -171253933
-398678494 -410784460 -200593590
215614870 -8934457 605899
-405006381 505382919 -380604941
-558699780 784617154 -808733864
-763160616 993101070 663531640
-907629676 761246067 14525412
-614900351 -178869671 631472918
-232893596 -889415343 871703667
-644982870 871442151 694302228
459560239 501736507 -89874324
-499609220 -372574026 427996106
-944252449 -472381195 900690809
-376142700 -962960725 845112291
212602865 -914784356 -588588922
947411330 -257889935 -880343780
-21982993 -347033918 -426566521
-213928836 -504764997 203123098
144847442 593335164 168706957
-162434074 570006172 -425629543
-963200874 -404498501 168402188
-856070965 17425682 532476304
-897958292 -539128955 -939556532
-661893145 -318261597 22990076
700718796 127477840 -16735840
878841857 -824042442 885439637
-852308771 -280412133 -268137968
180719440 -859041593 -288554039
-488580873 -375928754 -326569989
-863124490 432751163 -21702176
-16969349 395580895 709757023
663335108 359875030 754865578
-348911843 -881452413 -720846643
-950055701 -275386681 378572551
-920178393 267359159 -887856082
11719713 354595291 -746464551
-829452342 -856133628 101130934
-963619381 -506158761 454115354
-991792486 -863761326 -878850054
-561788761 -291465989 384006090
-615293838 -254429888 571442993
-345129873 53439105 -561620918
-416822093 384325289 817527640
-517676885 -85251031 751829205
-95159929 -873722701 -875340700
523892037 399848924 -819198092
-351623790 -397102909 808389028
549684576 -947131601 569353596
-186162873 -165687516 346358869
-712694149 -84133601 -156655946
49586544 655775900 347339447
-460676708 -555832116 -373375959
-947943498 -271515639 -549289176
211448590 -695294352 -442142904
964798111 845389987 -29309037
102530911 -480741313 -656598103
348394593 -912619578 -912772792
981862774 173757617 29350941
-939483090 -295882894 -63967634
915165107 755756763 494220547
761162127 64069691 -866545388
33993981 -139605184 360541758
377117 534764658 91830726
803266689 -909362868 -380291205
-185554933 617852382 -344699431
146209391 -236530624 713503610
-927494636 841404935 17147583
397724279 820638359 696264613
-977172250 436833778 208791874
-971545478 -716361694 687703055
-868625041 203967933 570338512
-795659930 330202593 706749566
627804766 -148189267 -280000366
84514088 -862260276 586618729
431348040 340054080 -937294706
465484995 -204745243 -910594898
-762245695 -970170953 -373689264
-941059363 263782077 -335219903
423421645 106811740 472505822
917535106 979845543 590438414
-455677226 -738555887 -292065480
-544453082 -930227926 930940415
-979304047 -952829755 150417009
621651632 -336344311 -377034288
-457949297 896108322 -991465709
890700978 -862605971 -962133067
26329421 473338607 170458244
548014142 -948181621 464238182
-218744329 -938424574 -486575255
-300263847 -113519199 -148308781
795636424 -668118464 -884420388
741618402 787745540 943120894
710218464 838711717 -837968842
84901707 -958753907 478006667
-224006277 124508130 -648243763
40363115 39217502 81289090
991535538 167851912 930916027
684467261 290769185 -905945631
-491301516 399506756 487525050
627279387 150795546 -175644327
934596968 -546115928 552809717
491454651 -533593478 -765284773
727291432 -76487411 -337220187
246845309 -883400598 984453636
-355656698 520559471 -783461851
-943873916 -256816920 -185345477
125184235 -9918614 -410175930
140034570 673695260 502735197
-106875012 -624835846 -366278249
731228512 -852858075 -481869088
242561642 630338368 -975332054
504493251 -692048042 -879536332
-68582822 -740736916 -656524240
-954436077 -132255740 -752639740
-161510536 -808315513 -970341556
1204702 305283228 389149388
944687717 -562928239 -523550077
583800455 754419500 501841069
-71516414 -521409292 -402375213
88073443 897978513 575983153
-959847473 538038084 -294846894
-75748565 -143010380 227156415
539939046 306450714 433822426
-813202186 223645086 -869214594
442141185 -164788729 -187534706
-495595560 450287510 -448763851
-860571681 536453659 -97196735
-515724215 500961743 -523179790
-694807904 360841349 -233891138
943221652 620168630 -313662141
903420119 902754614 527485169
-437380079 -219817991 652410260
-599602260 -499726610 -686213028
-395769340 -540122150 -739451850
-115195929 -992741385 128053926
614542368 -696736189 -376232070
-573352160 -862528239 412141878
987324603 -648131167 -963742034
-941502043 -100505877 -570174144
831944551 25469115 789448384
114492125 521692220 873689729
224640068 -961992682 -331687156
422357134 -920617072 -175468095
516718626 -700589380 774733743
-608775904 515820013 417371543
-648534492 -908879770 808586893
-690445066 -188462709 297398899
751558205 -120354744 -980845069
134444870 -207936856 510193775
-439448655 706112534 544020035
-476721576 952005518 841159358
483074205 404942234 -881554553
-603186678 -39509428 755716079
-455592681 -782451891 -316801078
-398039508 711898922 533253542
163360632 -429615559 -54828165
-883551527 -384210089 -654961465
773493873 -16836605 178911062
671663990 -933807412 236287149
721597334 993595241 -944378714
917044696 -13538154 -340357412
306705672 -148329024 930335382
15892837 -880440730 -657425797
-584487826 123433191 -847701375
421412416 -767694897 -740672528
-334074980 203730441 239189181
-469352285 -911900911 -784825584
-484342820 -309523386 -775426613
-61872856 -249301619 -264146674
-928354758 -876608684 -754394071
-515888730 774254752 -988841431
-865721803 953093118 -380459085
390484744 -30649622 475782984
997827284 441678014 -48568882
-694442542 790354764 -567989264
-627167897 48776948 622390720
-200243506 -396366086 -271940164
-110989294 -798540922 -518546197
-252267913 636444876 625030228
-804652816 -347042689 240182007
769126188 -851587939 540872246
925192502 -151051176 -981848586
-216303477 -961437095 324234953
621179291 -896755163 445311320
-170711049 68908063 145076538
382824089 800792764 -981190531
203732044 12825005 519547992
398348581 -614658541 526480883
371527004 -352200276 -319501504
806813305 982676840 -789576341
-963749698 782637967 -22200267
-833251953 -877775404 -723033613
56545925 -881549070 -690629801
-286538827 -710186949 -773688374
-230264272 -62681663 92204257
335795281 -869060618 247757339
835554461 625732649 -712433755
-862358985 588234819 -717413399
-856856151 -45078436 534151938
-383511541 -964154906 -420754032
529010949 -374778478 -711384943
-721651028 -582254370 598255487
742959806 -612073568 -939003669
-960530891 -759409581 341994949
-544884393 495387849 -284205488
-960937757 -995590513 632876189
25853170 -162004666 -874924944
852398038 -944108331 -383773203
-141840604 174796350 351299864
-199986193 -12441509 -937919237
-928035856 -713702907 -733400268
-873044274 -999747918 -499502049
-858982763 448894619 -924070834
-317444242 -131880255 739184521
-977388263 -226016634 598562044
-468286084 212370043 53985422
889066838 -448420561 749158686
-410732673 -928744249 -665216484
-335933905 -387672836 -450907508
-976852457 -800110285 -928870376
-681211410 -434061365 -656022418
502321695 191756268 846041131
-516650241 455707975 279231731
-622548481 -921047817 -407081749
769735150 -979068478 -305399558
252326511 -542859526 367718763
8309628 -892923278 -404529118
-875118532 78739764 265194192
-323399246 -472315456 -147388738
72556575 983763237 -507414422
-592088422 -178234958 594399125
-942762725 493508217 905635061
-266630296 639128282 47901198
-966243859 -501739455 -452725696
708047492 -462399063 -826996593
-430525507 585602077 924754929
-882853054 -746978126 942540088
-844127385 -169241000 310971630
-724948896 -912636258 349215931
423589697 -546632632 -378516921
-257370156 -578033480 486683437
-544661152 912687797 -743204200
309461916 597522017 -910427491
-587412878 -717209437 -113157101
650239520 -708946832 420051340
-960730775 249801122 -857730046
661693468 -722709834 -563685269
278633062 -405876596 526733125
-396781243 757350876 -853652822
516530764 -911470590 665763137
198682243 -934082689 831413217
-607588782 -618143025 317190952
-852934172 400021736 -541393114
305453540 -76775124 251597379
-323170722 -327187563 -786274758
403663825 370445451 -442718429
324366678 846440079 846173792
-33951025 936776094 -620206248
431775961 -445328592 -751043860
-887645882 -940535192 -802274703
134592921 639989807 -277681584
407443258 610439869 956890273
-690389888 -898625190 -865422812
308208074 -930289563 -427913120
190325785 796002033 210067860
543386984 850157840 -124818682
-342996740 -18513774 -609542380
-770064597 -375393465 -922445790
668265801 661630890 -579545475
793943574 -996617050 -79745187
472286503 -267245421 -258229736
181611548 -217105387 -183033005
-784601119 -70585279 133231620
128042947 411572993 794563528
-965037455 -937901443 898825245
341933695 -985529271 268979240
396857355 713478707 -70447004
-875143132 -442232348 -646703207
870085119 130089677 -483987996
-17701094 673749412 936443695
-130114776 371256509 344123404
-991199974 -927523145 770428786
915754710 238274005 -24133542
-266524321 496464385 809834883
899876571 -917332548 -610679472
615947286 -983913124 58778608
478436791 667975573 966388971
327989102 -776520739 -634315835
119178826 -186796522 -855235015
288042482 566291429 794376114
-56897336 583171817 -85044387
585122443 -985444480 436469651
-121794471 -663654378 -747464964
-984353016 -241828288 -940556864
-759643447 685428088 737829275
-109978031 406588886 282332124
-374521460 -927244805 -679077242
352829478 559979655 -745228104
-307837478 -84420719 867899308
150134269 191106984 413074577
-639936317 656041366 -675098072
215243570 -937613746 -403561231
-295478183 772332429 148892614
-518284049 -627189848 -668655853
-329408292 -286163685 -728498577
-563839503 -515756698 -687573801
459664379 -673888165 -970069093
-342949235 170002815 -375319339
-347503482 687984449 448885970
473767694 453587307 117896767
-726062415 -882351212 -445878274
22100372 -442602891 -917000094
470432811 -905427188 181235613
-306209078 -864942922 467231865
-739813816 838437666 -515693274
-869735189 -411122574 507691507
-425664222 908525601 -658357688
96034412 -384685348 -781574288
397311896 -463129989 -686382575
751221558 -520277095 -119404100
208551349 -331584854 691231865
-520153329 -968827754 -738173743
962672138 -520227718 609119692
262561030 176684815 787378453
-477089745 429089823 -857968834
-984107686 -747899382 -871163387
-734076068 -978282178 -688961402
-284259426 858183110 -864790471
-195866189 928495197 -137554799
-585594401 -46225085 330073335
-546041683 -61895559 327225907
-961472781 -918437466 672187518
761805147 -772282577 -922377219
-902549549 476294866 -790162256
-779874123 -338795253 99581233
-416365212 -823688509 -955772918
965449439 -740326267 180121859
-200944988 259776374 -703620882
-834769633 689608673 -884235764
639827731 254453429 564816184
-926235719 -763566564 -247858893
676206085 -353321576 -890683148
628420606 -106754136 392362691
648142964 710074896 726407287
877778625 657235769 151590724
632982074 -308952464 -81976767
806103966 -817014511 948444112
9798039 40155849 -927267335
665943331 -888504137 -243840805
288302273 827315123 -842364670
-536235898 985009757 816652563
260872126 -950289866 -855928713
490236192 -440965536 844054094
-923331563 -444457097 -924755129
-898599190 -377045641 -240514274
-947559094 999362384 410110289
-481904046 723674492 225788831
133707667 -608423784 -568084304
98730416 -888204910 119888895
-88035091 -131409244 434081013
-7224559 -458314506 943355533
324532994 986041882 614778830
443999322 397431363 -578711697
504787284 -250262164 -974053752
961160818 147336501 584109715
-833465670 184048617 -710144892
957196948 536690224 -555159948
-576783550 -611330857 -913340107
-713020712 288742147 22179576
877435010 889471425 227656501
527285135 -528708740 -955072033
820572152 -164686891 302628463
765585761 -122793174 -48324163
542799141 832067533 -118116726
-772339635 900916575 73261186
202325791 957475489 -352479917
159269219 809380195 765341376
124209053 449722682 -885811336
-276252070 -711588503 -41789196
617743712 -952286281 -940703968
871064360 -820859520 -731351712
938549611 -915153310 -901188776
86768984 -70307080 -203397842
706934621 -594807821 -614172386
-283616648 -858558399 252944332
-820034259 364557017 -990713011
-553872611 905623975 239354356
-885586964 -940531199 202119210
-712375092 -10290224 393535635
272789966 -167265694 270446692
-965573958 343403444 951711222
473382312 274079782 100283715
247227072 -940618292 239808928
598723578 -622684497 800621949
918006362 666184151 -631780930
-600947869 784177599 -25624620
-530428154 629845734 690683515
-141515267 244539918 940767756
-364666062 826314593 341339640
-936499605 -753408514 -89724
620400537 -816380839 -722317521
887592693 -561907564 663522533
-708531186 -483284139 -515513357
579734028 238705976 237735418
337483835 -388391568 789200043
-729144887 276844044 -895149314
454943219 770359077 -301443821
-665386016 -348441328 567310765
-893218532 -879602464 832416610
-961579774 351704830 -976193429
-277270369 779921451 -942347671
-995154849 -981941586 85181994
572299396 600788075 -502172789
-888754469 -775725244 -831176379
-565983627 -50800013 817576397
-861037304 15513343 906731257
-965046628 -782703563 -832952867
903848109 232534563 -870999038
-842004774 568245558 741552983
917991248 -812215225 547450370
740018115 192006765 -76835906
187276772 -189103148 335604876
-841501038 -777745792 -896446140
123341879 -506754158 -218908754
-977851607 -901141977 433090556
920370788 727978338 -621311055
161640407 -360818397 605927032
461278746 -972758813 -181685290
-370649441 -532537880 900933865
-456664963 322420746 749493875
-887014919 547280688 -903260414
422797716 -619301515 -289830979
-962729294 519467289 -738808147
-769907674 -519964023 -817360334
406124140 -362918241 288675493
-417368133 220242956 213929116
-130743348 61898455 -242325381
-626468332 -734140982 -329203024
-394735934 -546389754 -482624987
-489871224 -658525502 307614459
-827963593 -857434675 -884418793
-407377689 364293667 -934106283
844817558 300153011 -614424711
986422833 525597631 471787548
-774889355 18474292 -730763833
-934039316 -243486090 826345413
-821161876 -653132944 890552137
412665645 311979277 -204046403
773236037 -120866040 -491069968
695259921 -906312718 -108583184
-58243462 -211178742 587949284
160267279 787133408 477135897
919531837 435362763 -842348958
-753656326 -975545782 -238496028
622526429 -121135666 -423224837
666194192 -166235258 -618191173
928277830 -887063591 -411724625
-128266510 -966218795 -990291584
533726697 -913631569 403616217
-939149879 102050319 -417207626
988338818 252686128 542177095
-329799779 562058370 810541051
523388734 10069305 916549654
677874171 419668374 -813282105
-843564281 281199091 -965029741
-923325154 -444943665 60089985
-867949021 -838289277 -438472247
72212797 413825990 -466133180
-898281874 321569848 596878231
423251870 466621083 -888471844
-960847228 253678936 -971521743
-443142498 32365847 411371070
534117908 52945844 300935078
-76297981 -124461908 -648838060
-322881296 -956759179 123193688
777532529 -678887742 -455961295
-730749308 -496451428 -821812117
253100513 -88942363 -583869000
517627118 531830267 -34076746
-797536851 452546547 53263038
451043663 -989685775 -143571821
-974482307 -949018720 -919365328
-591454419 211562247 596151588
-584699962 242903934 -109636048
-905963751 -465697936 739516226
824638192 -737313830 258068365
788008037 315504557 943229092
-994813339 -357865317 -605073246
832817869 250461305 -699291587
157000832 934494788 -471243014
-916370241 -83854289 -594517966
555469616 -783600253 212680837
-594948872 974939392 -851713007
-705548529 326103326 765129159
-45252499 -554604791 -503036576
-790037865 17886237 575872354
64915539 -41913185 303496690
-483928325 -126424040 -891395927
244157948 -390892908 460056356
-610000162 -455950362 -525839570
-16072919 -406969727 81268253
-471571741 442653810 365294299
-606239804 -430669245 -128617760
-849086439 -61813799 547817166
-769448964 -912613894 -986129501
-81941278 -147274283 82268065
-630240323 593777124 -829467284
147103991 312909391 -428637601
480859807 -620061177 -257393161
-859172249 768187469 -806842949
533009275 60067240 400223884
707581305 17653312 761292731
247629202 -96726353 -524882450
364975838 -852242575 431460968
-930758188 -307682575 -985045680
185718835 790613323 -658679816
620116967 -722368163 817976310
496453866 -853742834 -909945603
714734535 238597740 156833030
-171609010 -997998161 418661673
-165127445 495050989 -723160936
465252613 939077480 766646767
352023217 -277431377 827946985
-899164842 125790112 -576834698
-431941822 -179064040 205752162
-633556964 -98431684 -277115565
517020119 -65824604 -400245177
-884242643 523094428 293977793
607091339 -660853614 735001812
646626438 308975422 416114463
921793978 21159277 -584397262
288133805 -44687595 -81565173
791091093 -775535582 634546615
-401925761 243846878 -325230695
-620458567 465538926 505150956
392131886 475296732 -278287565
249415245 723373515 294501621
-892295179 -341412646 766257562
-805485239 656344507 92868952
-58114118 949142895 963149025
-520987305 -837625857 485225161
-785378197 177461759 -338049303
-322048144 -69418183 -64493518
-317018728 -917451499 867155251
-720368576 13729457 775471112
-931593355 348212461 -179005486
340587200 -90761596 -429763955
444015365 154238998 -967248419
-48451049 -783637270 532521847
530419284 127937292 117600492
-864315827 -355667747 -30486194
214746360 244574488 -555751297
-903364987 -215917072 921583448
-874237990 -800111779 -351156384
-719716828 977885148 -279160217
-770166897 -938206549 -996020393
-786614886 480507289 521113856
893835019 636665781 34148654
-203132728 553785920 365106349
621059004 362626416 -523858173
-243779758 -468735303 -120969970
-256020653 -864994570 -783947210
639186145 -22838936 692018237
671079244 907122959 -832910918
853782651 -587369637 -915633379
-946654139 751089850 -549729713
-148132917 311217841 859977326
157240150 -900352900 525729319
137893042 450301494 542013885
-392832536 -572072858 47738638
-540197910 786263156 132142226
-293140606 171035910 697141895
585026712 433458514 -835230169
674240769 -415344066 115966795
264447533 -561049779 -284290724
547566678 -836510627 -845882590
-240485693 557026473 -151605629
-705219740 -11051552 -439281288
180510001 737424119 472350573
513631468 -974007794 -680888533
-814838964 -319630826 -864177399
782770560 390889727 -182854165
-943715718 -71998883 891287333
531052204 61985091 394578694
-346156174 389580516 184537157
436585425 651412010 -417448147
22595285 535726717 338732936
-789719775 -898449327 -647411689
-376697483 231514000 195781972
-901417298 360468629 455351653
654140924 -886608994 417376842
-551811535 -914868663 459203113
-383156622 -790529564 201183371
-587817747 915352404 -994647691
-800713315 -540525152 -905589123
768494209 -300980397 -919684407
975626510 -255149912 -972429456
-573847396 -582746521 868278051
656638663 592923611 415566964
826693516 700934533 -209599237
937936639 -560235909 592651953
-728193629 -876770655 -397053478
-52199361 23826140 685755524
-190004181 -695880704 926456753
463847364 -428478167 -506621167
-625355045 -911023712 106550022
-691162926 92910502 -787495536
-528569259 143096629 -795214247
438080265 -163157022 854002671
-282685367 962260771 396464677
610068115 -938411371 -935952857
-660111136 -755098663 194127221
690095482 -627218 180327272
566077093 289891749 -369537609
-508543191 639084037 1230619
-513039460 528521448 361783859
-975172503 -989201159 -973731878
-21970104 -945818969 -187544093
572791747 -696670877 947541999
-456036951 732433833 -903088130
-226250462 -574953212 853112576
781160224 -923543689 -284646837
-493532119 631971848 638481174
-955104784 -487788905 384035985
-265634837 522470068 565004441
513285830 242677968 249709562
337858082 -662852976 -479862036
518082554 -574707264 -494886176
-902594077 822359796 990106873
629574309 -946876821 -754312209
466601593 -925387502 981747236
-747414557 -894424537 -772581089
-892034509 -615529474 -91238103
-539520687 339499200 -513094287
-944656906 -569980336 -831300547
679967459 813420834 187653166
-360882071 437956532 137509707
-772762226 -265959604 686853553
-659309664 -748347953 -302565869
605909145 933382067 -804951573
-628530416 -552633983 -509980783
-364903967 829388336 -267494471
-891553499 -448950328 -671850922
-236997660 -86018484 -876913064
-779713309 -743311450 -535112295
292729780 -853515106 426324801
135843035 365998206 -128830640
667029803 -707355659 525233311
468058005 575800269 -466756886
-580181368 -841465849 -859802915
-656672011 -586241032 -952575754
-598580863 420559426 -945666088
218387437 -765790582 -917996746
-627570143 -440458328 -895204252
-304306628 211078110 129055055
-961440543 -285111901 728820712
662426500 -878703431 -212127208
364428843 -315558934 -660431992
960859014 -674356223 997516657
-184033237 929595495 786610273
807869566 -668411291 -139622561
-147150727 240564518 547257251
895766649 937146945 765195709
11572364 626213830 -865499215
415758982 -204902052 -449260128
46007406 365507051 122167927
-467946689 -475717074 -977307158
558515071 477242225 -951103040
-181934086 833473272 -143777429
-108798828 929547242 -550644000
609475556 -952557768 504706901
92494322 509022325 -873063725
316213972 7270040 -875996759
385047954 814895944 -691719097
-914143617 -683488183 -653175331
-758404786 480600741 -936771154
-140613177 -863566982 -614062788
871182401 130673723 594812875
-883570140 140501249 353140986
255327693 -359960188 506125204
931232512 -939654913 116669689
770997711 -917001378 644819410
-890495592 592022379 553876058
817196281 665302055 -662261142
725873443 -901264311 -487582092
-399034438 -389967418 567913762
-920266901 756748907 -521038559
594591849 577807214 -466014867
-827105495 539776717 992816003
-452049579 101249631 -550409714
-643403626 -40434554 -474989755
-516335315 962211482 -844864002
-991040471 864159878 -959158384
-132350468 -386129465 704465766
682812991 -94099617 -526707498
877844127 -928508582 311974602
-914561472 -924404470 -216859923
-465898018 -512500201 -748109153
-680526543 -895063413 -963853066
861717128 995743844 -485135725
-108387197 165225811 -568719408
-297997382 935752055 135956634
-94408277 -734499956 -312705077
-922755833 -430743360 136461348
-109731076 122200664 -108399796
-116422869 -898370547 24868855
556133502 964241405 507102912
808455110 -288370741 -595882011
-271757022 139938888 281459709
230595729 591353924 644792254
-972030602 835283155 -750219118
195536629 -8309730 117619419
-438465403 -410861726 -968683188
159816034 -489697239 759620158
132505703 -875679919 -808019549
458383210 -405540544 -141735984
413481255 955482530 197371278
-292169011 -855357236 -290413575
818062933 764886705 333014380
-697652854 -375724528 -172847466
-42286305 -928814055 -946963972
-969229879 251548466 975581658
-140885153 -557658791 591812792
-25599086 -140158916 -330397047
732292664 -778697982 -192698573
-889460700 -109870557 -128369281
905700371 -884103087 -459365999
253917171 622158765 338890613
-904176904 -119225382 220925823
-161813882 201022289 547915697
-146985690 919489830 102002030
375955154 618955424 965989042
-642515310 558546419 585307971
564599691 188665187 -981734769
746872579 -969025369 -924203809
114046007 72424033 -227651522
541238910 -797106298 883263521
-732148746 573057730 -101138551
-890085052 237848814 237750941
-55729700 -547715357 -615070705
-876724558 -286990950 622908625
693060404 798323985 693864387
-425798323 663969514 644610297
-432322674 -913815987 -184706167
807738575 -903450858 -865463673
759207355 844919776 326685170
513572265 9505101 353928619
-991164196 159219364 -371552975
475488296 -934742299 -31666581
124170383 64731900 -112366316
-893318580 -582015604 -105344466
906535819 -968396824 -631082346
-758157171 -293017602 -416225703
668996049 -631709316 -525425607
-273326220 -899206594 -266453981
581379593 -524641053 350726582
257323763 -155519566 -50559291
178912844 -274083088 -884015442
-12102282 736984064 -747511416
895249339 686962217 184248347
797865430 572191465 321804932
419438969 124447065 618235128
-974816422 -26029256 340136116
220956407 -725987587 463335049
239049115 64470526 -154418801
-757080869 -982949980 -967425605
84155849 -797309194 -154954934
53835237 -795886455 405074504
-860841418 -331253077 911329667
-939422258 -431727020 -77990196
284789758 -482198749 -149132482
358429608 -474135141 -535822054
715899913 -171310680 -997849159
961591819 -937622702 628798826
-919400349 845688123 -883840830
-855166836 -922827074 -972146180
-911467085 112297108 309757509
196775438 -708625965 -987426488
695672307 871314787 -981349430
441588197 -867184702 775329527
-843048503 29013434 659518743
42931642 559525937 -142105551
-894813904 -767124785 -886829289
-437699762 -609449104 -733436905
-115085387 949164389 -49179524
560222985 -758287521 -972264769
7853533 288007474 -138853913
80752027 -260659947 -885269254
-915663373 728686687 -746413977
-323155375 284910420 -877434280
815970095 247640123 -202095606
414235738 718972769 502166528
-936049812 220444270 661774878
294352995 566893898 -89432602
-361175003 908243119 -756618663
-882157258 705794045 -360749349
410329820 -336439572 224860470
758906555 671531498 -150082484
327687157 -375163152 -657643328
958743183 -387990534 -18396442
-601464501 -553089266 -216448682
-297744527 -624801895 -32113319
849444848 577677978 991967665
-80659174 256563292 -217269164
883586358 -93123004 -786203835
323275652 -722955526 72211166
518140256 -264343185 268058488
103862886 -949786825 149337243
-503818756 988567892 -55272942
97888633 -190908076 -999145915
615756351 -928572310 670496754
-405570800 324974645 -16195338
597159705 -173777482 947413977
-185931212 308888502 -945221579
-961657675 -525258222 651162389
861676876 892520519 87462163
253580416 651222980 140867315
282662356 -417915659 743826338
91276581 268834411 -4545691
911276083 -996544167 923303902
-91914856 615494627 -896594790
-519643205 -908984599 -450405048
74558464 900562497 636537588
-472892934 -803025686 801223206
-258554152 545116014 -531368845
270548323 429954201 -118478929
-136610158 -996966387 -887749680
417624430 9917672 -291372511
-360043236 940606121 302378009
693662601 474183783 586347992
-405824293 995697857 -826075411
-898802327 512852370 280662591
-700110899 -104798708 377137148
430472821 684871264 -673252742
792336814 524339477 -66475958
-160946679 -23167441 -320501909
-511175280 319922398 -658067212
-808538458 247733147 -791786534
661130673 27719389 -289221947
-778266131 28174159 -574170279
-322424291 661775565 922533210
-425099121 637775701 976132617
971181760 -678743202 27544812
122382567 -639904835 893510550
-254254648 299265496 714371625
-202914502 -926818047 606177674
-693955634 388468198 449039276
601373657 317498704 71212213
178684950 -747213598 882266900
548064924 -209056599 -247993751
-951681902 -887657419 -688082040
419603120 619458686 128386768
-474883530 -360495785 -983885530
356777634 -880675499 23293504
-924737630 -881147215 -494884965
82739198 -641873091 -797399682
425528891 110468992 801115989
515505149 -225356214 535066075
989310484 -668352873 697546615
908974265 160886835 178972358
-81768955 -751400448 -125375867
726232024 395512331 -213007280
857582829 525590110 982850929
879840417 -350321220 -379461969
341308031 -860848727 -58530264
-506507452 -152716904 -986336948
-314694940 986931538 341271475
-717587201 958865462 -184202687
818138182 -92801112 537190710
642471794 -988318258 399686492
716504438 -621671892 -17914469
592674870 942538695 -876310295
345375269 572361596 -927708794
-253431870 636489189 610630783
836149483 708538512 712055266
-564031672 7047310 -300777576
822522353 -778295737 -915194640
-759587952 274507967 518840804
75009196 -38388014 -613723338
-59951659 970328499 855928257
775890226 -424932007 963213077
-894635661 -270174425 -967517452
687958568 -830995691 -16577822
-928700455 -720156928 95121531
658978334 -743118761 725264390
-486035575 -849412563 -905517996
942988253 24366202 -826330592
590755299 794969990 -447323347
956661008 342856474 -539265781
-240031246 720422840 -630839915
841533344 388069297 78087614
166865854 731843832 -779087256
-515709545 433585551 -284192956
524562840 -333865175 659276830
-34938689 415075444 -443208880
648402508 -970607686 46506653
130753249 195528826 -182173175
-22913 10912828 90926415
664632865 -581740358 269068787
-837421188 351334856 -881081557
-576046961 902938355 -189848557
-50498019 336827763 -44627914
421572883 -723881138 529769326
614614142 -554321544 263490893
68221482 936345593 800224015
439815817 -821178787 -120555381
735707737 -870447413 354715367
336733443 -548609469 764410796
-842940421 -959225432 -564701014
-10065124 -48323780 383201433
-997311030 -763930549 619191640
-118267565 242286137 243332783
-90475121 70268190 458071677
-950092288 -427521729 -939846912
-894902159 753308790 -158192971
-743876776 373820539 -952400482
-63741156 664848209 657050757
-887195513 -563940247 620136583
425483028 -511585818 454980158
-906415007 -908458656 -231901872
434824908 152534770 207405251
760677587 -576879935 767816591
-20724423 212913856 301475978
-468812346 -878363311 -258142185
859399620 -782944309 111055302
-832889661 -664371508 -754978552
60291244 217372003 975514530
659533261 -734955448 -123293021
791905980 -608271780 870099217
565469218 645928934 -460545195
-205775608 24771155 -223027397
-216143604 -514691377 494423519
-121761858 -501449351 399318172
-23334827 -414563349 -550631870
-842484693 469945370 490665466
-974409632 -737576018 -969887139
268421215 -120789193 -396532770
362755897 286094431 440711043
364454856 -479993580 874773033
-555136729 116402464 594354289
-975834774 102501722 -723979454
-926699403 -739318655 -538180480
-770436633 745016768 -864415131
823217661 198958054 24616286
504780745 -607394710 -648395816
992845648 -602919355 -591372091
-845826733 -882586704 -351390804
797012845 803237898 -320698348
530704187 -25092017 -980948319
-562656694 518448382 -865204454
630117393 253485855 271832490
238176114 -471219264 -607901204
746591023 -282468859 850201996
857903704 141242881 272909062
-257632247 818399682 888616625
183081441 -136559720 317526907
-885236761 -677847654 -93999746
-267490484 -238627287 885136686
-904004361 -468297704 -454681266
-92328736 61976122 462456401
-840452307 904453945 -348456613
-889567515 957669844 -810568774
365876977 -931751464 408088647
-314174454 131955328 643210435
274318695 299249402 187655248
25255198 -663386195 313154521
-976885998 -927332510 733044068
289502521 -482155142 571473782
-49803105 -372224925 224773305
-813342617 -789344161 749121834
544468902 271430595 51688459
855160742 58772712 -876763441
-559251258 -717519282 -957573635
-200821735 522686907 76321409
552367017 -930926918 -860082715
-608069775 563308493 -476261410
24383870 473801219 753062781
-996894785 423540125 112941098
367505388 -550787711 998354303
698441504 -299388549 486916668
-497010857 400542902 -590795906
259486594 -219907866 760096814
136547032 262196771 929239654
946945576 176104289 955099276
-816339481 142251787 739876966
375213967 -611783764 651795026
299952246 177675852 764780826
922414349 -376153513 -420451989
860688807 -989453048 736873510
-326188111 -503260311 587940087
-110963374 -362138411 72844533
-867345458 -147789092 -422159311
-645003939 -879539304 -110912479
-190600623 680105685 -623887639
32979925 -288061613 -565812192
472694737 -98277560 871428022
693227908 -879236948 -889424466
327443215 881203085 72542325
134117798 -860684981 -527973197
184752178 270729753 -370676201
-881557398 884660478 595639103
-716013847 920562341 823852213
-362454296 -786913104 -751522509
-953029815 -81379542 253123855
553057804 -224829439 -116020740
217764907 -819064288 -954609506
483953847 9569592 -684701086
-282613847 -482070602 476187863
433948385 -23895339 286664671
661383725 27473520 371951561
217408925 290511608 -101861681
42172290 812684376 -918522651
-870262749 -145488221 414304566
-608387198 -617065244 -969093148
-882935632 45063734 -771821674
306203348 -857059915 -881327235
-200528368 -229384231 -153332011
-718835951 595978814 894255275
-636535680 -762508760 -545041092
-148297164 283730076 -905681024
399787005 -552146241 -909061349
-792166254 526632893 58959676
-398140688 753249124 -992618739
663139190 -754474605 -427488727
-625794337 -886237203 710755264
354981164 -229394120 -73597238
-220926862 -119462885 835000647
610181203 -837064958 605068627
459205726 -535557062 -274619229
177752853 85506807 491135013
-445777977 -249499190 854323892
261979821 33596494 -154276016
-403307061 61369666 137664023
652841718 425884949 -520531757
974209031 551449184 412456189
29475836 739064697 88634266
-941572154 502844735 -336433379
178726822 39793581 867045388
368558734 -956045392 886926625
-565421503 939335163 -278304134
349281341 -171382897 336474590
-317720732 -152570687 568680968
-294744342 -271406413 -326373072
465477852 356230573 259658639
-984162949 -47653394 -848222469
-579617035 -855179320 -866354235
43033493 -383701541 115602364
-709139317 -606766969 -830242618
796832373 -658862945 -503710393
-83219960 -864458416 -847879648
367636174 704961184 -339866329
-938949795 -942760022 -246159683
621706272 -926427120 689488645
-824150812 911925418 911701828
-833166149 -548290937 -332172903
-569836118 -55018110 938356441
547169951 -1751570 753974054
-894946274 -341128409 -872388746
466543130 198578075 228593742
287493232 -796914574 -30016781
952953578 37524397 792481504
605174282 -238115758 -118126175
-601342639 -723058392 -104759343
145235123 244047850 502663573
196556105 868739313 -306526229
385664494 -335082437 -416826225
726787307 -971523171 -135051760
406067131 -792471884 -329901741
-484950550 773495621 -887039361
289596269 708289417 352442190
-956925936 -455662306 180840212
978549175 826687415 -771265517
-197529361 -410250794 414835585
-611898155 863561438 -882543804
494114524 141159489 -554073203
872266847 464881677 77777321
247657345 -504217252 -388384363
482358965 243082702 216523799
942191697 540812251 267193936
228691807 969686674 -111803991
59609614 -176444197 -423202589
-747045671 -884693854 73433096
772883030 166285935 -219288690
-909833719 -678956047 -974449303
-149509896 366515349 545055996
-201176474 298546719 331270678
-293717472 -390748810 -878026941
-524786726 -41040929 -739933667
102134955 -54223541 267233366
19998003 385972359 673901141
-532443399 -638303659 -549003548
508959514 -741679622 -110684223
-523356608 -446721504 524475041
967642766 194014602 101366916
-902233610 -387703909 -240951865
892056595 -723750382 901016259
-398304858 -947706154 -183143250
-976108070 -28888700 -3406933
-361118437 -103968185 659209207
409732106 226721644 -860542147
160834847 -879811726 -979394928
608156524 603362309 472840688
-443467369 509377097 -793147601
378997040 656549384 -940061939
-519780847 474960202 -889452511
-858192956 -239706794 -530365652
186795473 -881895056 288770752
-94129287 567338081 377444846
-525109520 -998685461 -976373564
854107986 -875420860 848437970
-831859030 -862089988 -950764926
-450980372 174743784 907621967
-421775313 242318982 260860335
-888687369 125598307 483773675
390167901 -851331831 272988818
968581181 238297237 -845199168
469031797 -238103481 889723156
-418943643 824591509 -189136821
-622064338 358698379 -655514476
-961706172 -891401054 255939505
382126243 -726859549 -537082417
24104927 961405215 -167264126
551337486 -174843370 -611315675
286552025 -70919874 -894137975
296007516 760761478 470586077
488476675 -833357490 -953441648
26929247 -438850596 825547958
-670795850 -702201967 -151127211
368563524 238985673 -168950655
-765367629 928350667 -875952150
-314310540 838894210 -512641624
-448645127 -906776416 270862703
218228050 -422075159 165225276
378541633 -539745110 793551198
-423137113 -823547953 739531310
490725162 53444451 732281275
942557982 610288821 155458694
-864170184 172532055 -386631369
-723692068 -700149631 74210626
641898254 -900171605 500318069
-355970844 -956735206 -536437496
-334507162 -12836159 -880353025
199659391 -241748046 914120899
-9804640 181355449 -698931861
-712838874 -857709224 -205015214
-879093958 486111534 -91329168
-454115599 837581398 -109101661
283702497 445830071 -947475123
130000079 261097681 446461363
291823635 900682817 -100354493
-554344257 -491552720 -947015487
328209115 -247718240 673345332
-583386623 249722897 49668936
16789361 -157015218 737330675
-97978872 -931529753 -20600473
343602221 -643104164 -126084290
95097892 232887607 755551793
703266147 -243940842 534633478
-968028589 674379870 153416038
-183526088 -807202643 -399178233
-140958002 -401570966 -464723207
382095897 -982032146 973098387
786346296 572401340 -475661515
107408933 936983903 -719564643
-348944087 -25533386 503613228
645979917 -122901596 -364905538
-363067025 -690182810 614527099
848609428 224421522 -892288176
974378614 -165752931 545314259
455256661 -704562394 -568381507
400366867 259086557 418709196
-750348892 154838584 -821256168
145256875 338849508 -244707533
-909633502 -149624999 -711601398
-376208963 -818576422 -854268043
-682910793 504449409 -383496599
-14678744 -232854771 14648727
-311356114 -969179479 -659422352
-22936973 105862242 -684356983
-873632091 -107529885 96908940
578003962 335447311 -930126367
-713094752 617058381 879707331
-772080123 425288039 -557290219
-312011513 598084921 -97777229
-330160639 116550100 -650923142
-932182627 706370419 -967567737
-465835669 -193461907 785815174
593496575 -840829228 666998940
-988047914 756348145 133206987
929190660 -374763191 668559939
-51686263 311462438 427029398
819650638 -309123364 333801017
-666404926 -597188293 668183901
608398939 666182162 628956531
-668662597 -672300903 231633754
-180250724 833186657 288001498
960840470 666769943 -906297723
481050946 -131603975 -814453634
-455539619 27215997 -54868598
90488437 -192367709 637281226
-244628906 118801836 772289773
-723093942 973828147 735573919
-959391662 257335924 -149859984
-930776467 -772592098 -63288582
607923513 -245847905 617226111
866044589 -107829551 676538557
-29901568 -599801421 933266118
678612080 752222276 -689957977
628457340 -922495605 -437878737
248680646 -817622963 -448393796
-288697310 686849279 -174814619
257247667 784611719 -628700657
370614516 -232489275 23319480
498453927 -3712953 -151066714
-890166865 637497211 700865869
263295462 -762342793 557529848
-615042649 -380863374 958624700
977471367 -157413802 807861277
800318948 976787322 558104537
-259368552 -104400751 -999494448
879804500 -527460739 373311865
16022527 -834769103 -967697024
-198351057 68921033 -55269267
-258888753 625112852 150545669
-419534971 -802979087 555994621
-987224250 -841290824 642040218
-968582078 -930038000 -414978119
-955970352 460299185 922623576
-388601784 -169872944 -363796063
-798799704 835450138 407790468
-259805986 457537534 23050578
-36078913 244283019 -677090587
-93050960 -469324623 -911130696
484962364 480340593 98795115
91945282 246359982 -535262882
298743569 -52292405 247026977
-886580331 -525661706 722643294
-575864989 -44231100 -939308691
-950389192 451861208 428118748
-889799797 -289512134 -655522180
-399381999 -643245536 -697428934
-361341184 -30502363 -577867989
909586883 553577885 -611563690
-983725784 404571672 -825317379
-436201411 471162237 -256716895
-916159537 469941734 313504441
-350528635 704319853 707581585
636501570 -671393927 -130811845
-298304814 -995854530 -270699783
-865293526 860812138 -26877483
-881251663 -124459716 -690316899
-327548251 -412752978 -138113047
385158003 141753190 767429965
-761961754 439185670 290975731
-907874140 -59943951 139021430
-509856927 145525671 -965696924
-186836254 798083673 272162168
648274687 -963148312 -739687673
-90758165 -301615080 -472704211
890959368 -891357849 135527723
-714263402 473151389 583986043
979047833 -963445515 -912681164
204958363 -397441352 -42275676
750070376 -425515035 385282536
-334401418 419056952 898560559
338619093 395973907 841564743
-431078921 -48810474 -207791742
-792172058 801131051 364840062
-38127051 202703076 -295258916
-621934026 847064714 -73338667
-880117260 364916900 -137790294
-616521727 -407574436 -897256001
-605762106 861447301 941625145
-935385560 479157183 -38684937
315243670 524645401 714739110
463600020 -18313948 -522841898
-59474661 -914805994 -658302880
-36464017 -299958880 -204112624
487321367 926611847 -431135747
-922715340 14901902 547881785
382202361 930729344 653558765
299149783 318396282 -19932535
-715513219 807747512 -156238304
888471890 721111064 -992014301
-219527639 -249371325 187119797
-375000267 -934056023 448363340
-997791778 698641153 57219817
-330846649 -545264124 -309470211
717714449 14273056 -270783512
122872565 -675108716 -415895905
653607401 -723141700 -407962283
-347481293 963693068 320734115
679507815 -868811651 576271701
-77455168 403425211 -592252775
-404961753 -427742054 -355351203
-887573270 -101266409 618045512
-823601692 -225374638 689971072
-379363154 603472102 -282329139
-455233697 591156745 -484730248
-399194844 -929463442 -993902380
-936826668 -931539234 -269951961
-47907021 -799836121 -850787841
989989210 -610896058 102541481
-646172057 -709063674 209383833
-209559071 -59735166 -283651502
712881329 -924684860 915781287
834765616 856765143 -576366371
-416838928 302498610 473555064
-185999440 -867515548 611843392
-533630382 -827903022 718664121
-259226659 -203782225 -848303364
641672813 -722915971 -327068479
-96004314 -639715173 273401361
-698594259 -737733400 583717407
-253314762 -841526355 -282929628
119548608 -335422551 549914690
753049971 89182510 -261837014
-868160465 6236726 742017791
451164457 -216881532 -928003972
229199110 -347599855 583577365
174527114 -943523285 -607047694
523438376 -11091261 6726267
585545144 -804383563 376892217
607643848 -238608362 725274743
483135102 -895555723 -909199770
-792931468 -315505754 -731662854
-540289911 9665378 -136918503
-911064343 461236837 49850464
-856931629 30617066 576747356
306911033 787935861 -38202842
-657072952 -256450922 264407634
-160901561 -334517163 691965551
197659647 827396523 -408953227
-403350172 720178817 356270804
234290195 -218968615 -136419764
186720114 823091729 -629833211
48299708 129586876 -41952683
829982038 694987891 -90634796
281848167 944986753 -90002848
-65481269 907593954 721867086
-247790720 -822251282 -495663658
-7510555 -589890510 -886628731
599212747 605049324 -982547661
565101074 -689204616 -734672032
-304877091 -87967988 869483079
700467375 -3901450 -365577597
606910025 -535921671 27303435
-351421039 64677369 549176350
-800322103 817065972 243483143
-518802485 23239880 -324322166
61111847 519211031 760488983
-335254147 -116809312 -383548163
873069793 506084670 533450693
785546407 -687052022 108437538
-900963389 -518785774 75006528
97538171 386158071 -999330231
849834942 912151274 -748084928
-460034952 209174675 -992032895
766219099 338296553 -511610552
747266227 146206025 -186845990
477825629 -892509253 380324446
-982197550 -551399218 411876692
-580844139 -617370453 -94933405
790647393 384687925 375208137
455860339 151183495 729288969
117461110 -958501186 -2779088
69842313 752291115 638747230
-879833827 -617493352 349156160
-624250597 203072098 772651751
-856003145 -901424489 -196835886
-536914389 -219271498 -525041812
-378432467 951949977 596040441
233332724 -152790604 -556825879
410800184 -87025637 -686602867
904079153 -119491189 -727779066
766220484 -716948544 734918438
-846504135 -240813501 214743760
-831462672 818103719 -307579622
65991360 -627311939 907858432
-743094789 -897072335 227514535
-68041489 238592311 -568485746
998729303 -527087995 287876581
426090985 -667297694 -790672475
-971682555 -899588679 359139303
47295198 -444658376 -52267517
534836132 -699846212 102534132
-922690878 -915569038 655430539
-417707884 169764473 -922569602
-981006493 174083889 969727148
-369690403 596631613 -328824888
138560758 -866003719 939175107
-549640013 631603582 761002959
-579877930 169086470 223831570
61346673 -428616382 -726827875
943094002 -522491069 -289977217
-644446237 -966178396 -539049637
679981408 -387313574 -667667079
-124880468 475958510 -697886365
-783348267 594723666 -997537022
968900937 468243640 -766131047
-156571135 -140083181 680563920
-32581157 923553234 509631759
485955370 356474784 -854301737
-147072273 -386958517 446998333
-658171519 -254398834 -898355670
-879300534 -414093192 -948536407
637815593 -890242300 325776270
