2000
386542071 -9993314 -666187901
386542071 389153961 -96874208
268499250 -9993314 148998752
268499250 389153961 94013888
-656901707 -846291271 151421027
-656901707 -867478042 -90144765
45455941 -846291271 911610308
45455941 -867478042 -197208665
701219965 -545599399 465015367
701219965 147214482 429363955
-245056622 -545599399 866200547
-245056622 147214482 -999905322
-943087485 -234751531 -961061348
-943087485 351800087 447904055
-717597541 -234751531 -740131741
-717597541 351800087 -219602336
859542374 619205299 -977267273
859542374 714173069 135090711
-567628959 619205299 866707940
-567628959 714173069 -14685858
-963268758 -521348047 -735534478
-963268758 -783168235 35505078
478760610 -521348047 822975792
478760610 -783168235 -235772871
-7784813 849252905 728408995
-7784813 727370824 594388861
245870472 849252905 -565891401
245870472 727370824 -949951630
-582388650 -927870552 244574505
-582388650 678027881 205287277
46707633 -927870552 -150717736
46707633 678027881 562712745
-998193855 416769649 174162953
-998193855 -890674545 305611007
318966272 416769649 275113756
318966272 -890674545 184759232
-29619236 -73503297 -695436323
-29619236 203644608 646659535
-82779711 -73503297 -607418644
-82779711 203644608 -752116188
-483267360 -505911051 757617398
-483267360 -536169787 635330135
272246950 -505911051 287275216
272246950 -536169787 -26961848
-591562221 -578513407 -881764686
-591562221 -829203223 -129345350
-28341331 -578513407 631744547
-28341331 -829203223 -568121975
701505364 -464694222 -886695742
701505364 129105639 -522792503
-24507725 -464694222 694061223
-24507725 129105639 -98887001
-113328543 966443805 -693975335
-113328543 -105783240 267748443
-784586820 966443805 -75126758
-784586820 -105783240 -993334396
477408354 -899657687 -473550733
477408354 -281182875 -981097027
789687039 -899657687 -781160084
789687039 -281182875 -989597856
615048961 362668544 476224847
615048961 813902397 87188304
-796500940 362668544 800164637
-796500940 813902397 737254945
-843790043 -342596134 -485138268
-843790043 -880106830 -18503633
-467493165 -342596134 -411712152
-467493165 -880106830 326366802
312251377 95561838 -945221300
312251377 -902492245 -130445790
951111304 95561838 711606997
951111304 -902492245 -399268031
902337394 527215199 -668885800
902337394 582181076 -117930344
384366872 527215199 673130798
384366872 582181076 69597233
448859977 747133683 860061157
448859977 -618981192 -899197707
-545235585 747133683 646948539
-545235585 -618981192 -236753464
847588467 -948587437 -103859681
847588467 19818869 28875181
-13702761 -948587437 -79982048
-13702761 19818869 242159279
-159175286 -552068366 883393482
-159175286 618943967 -413757189
9532148 -552068366 747966049
9532148 618943967 542435714
465394827 860767160 158973560
465394827 -806125343 767927489
609296462 860767160 -895761494
609296462 -806125343 294136160
848961290 -949994445 417723165
848961290 859104254 360445615
-972825016 -949994445 -952086990
-972825016 859104254 434079699
-586550954 15762087 -720633484
-586550954 -616117283 -308918542
-995684249 15762087 -385296633
-995684249 -616117283 -184775902
895942503 -751149125 -962289364
895942503 117751370 -453329801
469170812 -751149125 -577668879
469170812 117751370 -885686681
-920108476 364832484 -301492333
-920108476 -826864347 -210640934
479343482 364832484 -670856806
479343482 -826864347 -652655542
269950268 -207296932 634773896
269950268 -873711379 120705944
786483886 -207296932 -571337869
786483886 -873711379 -8060026
745923975 -347552922 212731401
745923975 363760323 -792299415
579972899 -347552922 -707198142
579972899 363760323 -699843423
790830112 241311033 -481023323
790830112 -501777669 837216469
31020359 241311033 -903337319
31020359 -501777669 -404657857
-743853685 479403713 752527566
-743853685 434882843 704387339
-707553700 479403713 -841426671
-707553700 434882843 402825546
497104970 712790945 -411987175
497104970 577984315 -333445790
-461513982 712790945 883724682
-461513982 577984315 -182034808
-597699594 -196408294 -53653685
-597699594 698923654 335471505
-971258190 -196408294 -455272573
-971258190 698923654 161611540
-638200982 -680071898 -908694303
-638200982 -971018730 -276636029
146744929 -680071898 399837324
146744929 -971018730 -326115359
-95254095 -934073481 -916537469
-95254095 545677685 -371230746
-359364629 -934073481 -349751150
-359364629 545677685 -368060955
-999886099 803281492 -862326745
-999886099 240798824 465450443
-477600909 803281492 362222350
-477600909 240798824 872709919
934022897 873028210 -958138920
934022897 -584742749 -48897042
-734635059 873028210 -971973593
-734635059 -584742749 227584749
889269554 468221702 927535436
889269554 -877163520 -865950484
-792606053 468221702 -844597825
-792606053 -877163520 72813138
-472338486 -899684081 -784044716
-472338486 975676506 -790339937
577487244 -899684081 -821166727
577487244 975676506 907583683
-963727764 540793011 332899558
-963727764 -487180524 -868719611
111822572 540793011 -204806235
111822572 -487180524 -395964510
278183016 -173587754 -966153352
278183016 -182843995 665632073
-499181788 -173587754 50987852
-499181788 -182843995 -838010328
843234817 852221358 -255065639
843234817 -228204572 -136457536
-798229689 852221358 -952816227
-798229689 -228204572 -886562815
103537512 -482024268 382106163
103537512 261230835 876313054
-235733351 -482024268 858492535
-235733351 261230835 -583130713
458082476 -892366435 546140783
458082476 -153600449 330208250
-289212611 -892366435 11655405
-289212611 -153600449 -118240716
-353503138 296636653 605188552
-353503138 598303994 -802816671
554946788 296636653 -899316953
554946788 598303994 855125322
244631069 631078848 853309419
244631069 -188681275 -775635958
-669016415 631078848 -648527246
-669016415 -188681275 -787580762
314869316 986571079 636537527
314869316 721040144 -912448138
-983894051 986571079 -779998944
-983894051 721040144 -135837927
-444551404 499485045 -255507840
-444551404 407752034 -59415744
-398954948 499485045 -9833752
-398954948 407752034 -495860447
-933245841 -436788524 -321549017
-933245841 -979164250 -814817348
-156911581 -436788524 47206080
-156911581 -979164250 -751314478
619142675 -936786754 190988917
619142675 359362956 -359600857
-56303762 -936786754 -13405224
-56303762 359362956 149201355
-879154378 547850945 214498807
-879154378 -7750253 -663142804
-249531971 547850945 -447499104
-249531971 -7750253 948748255
-538266387 -175948170 -585021639
-538266387 529981817 240585303
785862446 -175948170 -392205217
785862446 529981817 -79289094
84059134 -905479231 849263205
84059134 140924535 623870725
690536257 -905479231 -890577983
690536257 140924535 -359111444
-13072594 -967573073 797607410
-13072594 844587729 -940810252
-783736695 -967573073 -915255332
-783736695 844587729 -434618221
-815117607 -683747314 -8856528
-815117607 365078766 579866311
-43050681 -683747314 -929741509
-43050681 365078766 -821429082
853831787 129346892 -956106222
853831787 515469161 -225706227
741149617 129346892 -142338825
741149617 515469161 -21657367
-971817526 -983010196 -546214021
-971817526 -272624564 -834503807
-732487264 -983010196 -85692646
-732487264 -272624564 415599367
-638149215 -25896121 523679519
-638149215 -90284497 -657838986
268898434 -25896121 156887209
268898434 -90284497 150122015
-656427153 -186653394 -826961595
-656427153 453213383 185700625
-137888663 -186653394 859439176
-137888663 453213383 -293412586
942297283 451203502 -513801046
942297283 -763863867 -835005299
-271373625 451203502 -910604020
-271373625 -763863867 -504668990
-327059455 577830898 -995564807
-327059455 -605255673 -739789437
174056008 577830898 256954432
174056008 -605255673 326633998
942873426 262190626 -672241897
942873426 370341713 128296191
557755732 262190626 -925120974
557755732 370341713 -313397098
438155647 -601770622 -383246053
438155647 -38356936 871286544
692357872 -601770622 743441818
692357872 -38356936 665687631
-915521650 -225965046 -578032460
-915521650 -401115214 438288583
-720733835 -225965046 364298232
-720733835 -401115214 -32049529
-632212671 834496157 -381641952
-632212671 639367276 -750549186
-430125570 834496157 -396729542
-430125570 639367276 297604475
-427566813 -425420198 542223475
-427566813 950900716 -684069990
-188514917 -425420198 -596693268
-188514917 950900716 538884341
-477426655 -122516583 -464986156
-477426655 -995059453 -108121695
-857388818 -122516583 -885920315
-857388818 -995059453 -32305097
-285355673 -20548351 -539231720
-285355673 -68842 -946106355
-854512220 -20548351 -869068411
-854512220 -68842 23053178
578459758 336865796 343812719
578459758 -595342388 -920559429
-600794235 336865796 79706530
-600794235 -595342388 -470090128
-2456130 417984238 968139536
-2456130 876567236 -458194102
-698335376 417984238 -111593519
-698335376 876567236 -659247866
68818838 -290067997 504001962
68818838 -256980401 181227310
496649602 -290067997 -450345530
496649602 -256980401 670579799
973613356 -752360182 188333504
973613356 -913561012 531345266
-956520244 -752360182 -837360234
-956520244 -913561012 -933518952
882406689 551022822 -218510527
882406689 315379631 432472457
681900480 551022822 902073088
681900480 315379631 -431198899
-86574296 35413481 -924039482
-86574296 -910984151 -111700595
543692209 35413481 -143068784
543692209 -910984151 547555416
94386513 -264003787 948883953
94386513 667091111 -356585944
407254878 -264003787 -675952600
407254878 667091111 -112789610
707965053 682274050 106397762
707965053 -75900019 275017992
321260917 682274050 -805943419
321260917 -75900019 -62253776
-563714651 -177297608 230545542
-563714651 -906228405 -48331571
682613532 -177297608 -62547710
682613532 -906228405 -462911865
-770245159 -798875099 619830972
-770245159 545192032 -580508247
-482174135 -798875099 -549863712
-482174135 545192032 598048438
28996361 473040437 -698383464
28996361 -257934056 181770112
-647695002 473040437 406194067
-647695002 -257934056 417711603
-535428942 -848405569 522259785
-535428942 -57944883 932750391
-658710716 -848405569 -963585335
-658710716 -57944883 549968517
803917292 -269776887 -935580635
803917292 -912469837 -491143485
-162309174 -269776887 -894422548
-162309174 -912469837 -860925330
-920533900 -296829871 119666855
-920533900 800316809 923865605
179196347 -296829871 49500229
179196347 800316809 650607018
173494738 798747968 -44946065
173494738 737193051 -499744350
-69214709 798747968 -479069215
-69214709 737193051 368970074
-434825697 122814809 541800430
-434825697 460495993 -14378101
-596319588 122814809 960213899
-596319588 460495993 884938355
-386422333 547306470 -631068724
-386422333 -786030348 570338767
-539310341 547306470 -449014559
-539310341 -786030348 -312345888
559386588 -432219570 78783005
559386588 765311323 -438924550
-941840778 -432219570 996622149
-941840778 765311323 669876491
-995716218 -922026578 -403092844
-995716218 137318160 -777644642
-946826034 -922026578 -176824419
-946826034 137318160 -809460734
-318925192 -226028978 8067390
-318925192 -157104188 208057945
224811786 -226028978 -840302058
224811786 -157104188 -39235639
428051439 712177647 1333762
428051439 -935229521 -897651292
322316529 712177647 -624457693
322316529 -935229521 290252343
419626583 -828712199 698433810
419626583 -999142085 604063455
-613558281 -828712199 1254963
-613558281 -999142085 299733504
149016026 728592472 619373860
149016026 -873527239 -431053853
-896618135 728592472 -983182608
-896618135 -873527239 -925851840
-739038497 265717455 -638724643
-739038497 -767318293 685522459
-100588097 265717455 -369602915
-100588097 -767318293 -416974516
-899276192 292519225 -386197817
-899276192 -319635482 -784025878
377127328 292519225 -927952793
377127328 -319635482 -596515824
425915370 -914670174 485482301
425915370 -442801066 544365372
482697976 -914670174 950725793
482697976 -442801066 -856368999
-355228800 -273754280 -181466394
-355228800 359199532 138892504
924716459 -273754280 -191441261
924716459 359199532 368342980
927782390 -148169352 894883236
927782390 838817054 -871180231
566360843 -148169352 -41546468
566360843 838817054 -932192697
738612496 -979154643 943201036
738612496 -645811324 414959242
-584784045 -979154643 411330956
-584784045 -645811324 -995825869
559049882 47140507 630705906
559049882 704150579 891877579
-963233803 47140507 -968880461
-963233803 704150579 -696076182
822910213 67394908 -231836554
822910213 110532355 -400297236
-15017323 67394908 -203564182
-15017323 110532355 -70060146
247905106 -74462371 -855385955
247905106 -416911062 49139753
511270866 -74462371 647055161
511270866 -416911062 184938185
-854583772 553624073 865740609
-854583772 -997616498 -602086670
360375922 553624073 -293535204
360375922 -997616498 -984434067
253063807 -965738334 -65810853
253063807 899828787 -713021653
-871146081 -965738334 891676231
-871146081 899828787 77129253
-71804721 -631398936 -750989261
-71804721 924614845 482539758
-36092554 -631398936 -46616223
-36092554 924614845 -371385621
733665024 537685426 50817755
733665024 433358772 -524361747
15589843 537685426 547638283
15589843 433358772 -960796617
231886532 802533689 384162905
231886532 -49895107 703929768
-70632492 802533689 245514477
-70632492 -49895107 -938919984
-48832273 -441471676 -80501976
-48832273 291168689 447106612
409581793 -441471676 771875540
409581793 291168689 -932510579
-343522190 826768299 -72004670
-343522190 -52458164 -566028317
795766784 826768299 258437727
795766784 -52458164 538251929
-898230900 129533557 -728693449
-898230900 638631321 671712898
-373615203 129533557 -817500983
-373615203 638631321 965712952
894071807 -287729563 231502632
894071807 -681807851 -832739225
-625194626 -287729563 673172015
-625194626 -681807851 -851401588
152130243 -324357152 -462048507
152130243 -484597657 298572071
14558250 -324357152 -659433878
14558250 -484597657 -649396685
262989698 204655340 -925733123
262989698 -525119841 -636977251
-246121747 204655340 935672409
-246121747 -525119841 -715867451
47099127 -197441874 -932308995
47099127 -73123037 61230835
-212047629 -197441874 -23948418
-212047629 -73123037 -680654602
661906692 196463776 -241906080
661906692 -862283004 99713224
293553777 196463776 633368328
293553777 -862283004 693649228
34846851 139125661 769940833
34846851 -994600589 -612627025
595618807 139125661 445610697
595618807 -994600589 420731781
488602010 29928209 -372463952
488602010 -55845472 362707310
-99984712 29928209 966382379
-99984712 -55845472 469162943
-890326570 -876742977 869750022
-890326570 604688434 -183213274
-913061289 -876742977 -963529916
-913061289 604688434 930343592
-805681248 -188442867 590836037
-805681248 784548779 -754735351
-87257224 -188442867 -613655003
-87257224 784548779 -616408000
368390505 467537877 -814062434
368390505 796058971 -110522298
-301153315 467537877 -641342791
-301153315 796058971 589995572
221998472 378145541 -170703332
221998472 121463783 166412998
164072169 378145541 -890599659
164072169 121463783 398381051
434602829 458712824 166399985
434602829 648167586 -964608381
-145670358 458712824 -933551433
-145670358 648167586 -40277579
-695414214 -871112535 743740762
-695414214 758775930 -596423363
-295593475 -871112535 928096
-295593475 758775930 560099440
398244283 -439573037 776334532
398244283 84256751 917433982
722869575 -439573037 240515393
722869575 84256751 -43910140
223675844 414120035 754685038
223675844 238363177 126179951
-860429015 414120035 -100308186
-860429015 238363177 -432603324
-414128374 966102031 -894488525
-414128374 260185263 -362225795
-976449421 966102031 -856028957
-976449421 260185263 -853559203
-887658214 936432249 -87086737
-887658214 75236917 200724932
678732693 936432249 -161350817
678732693 75236917 -882814801
374410743 -969684001 -270568924
374410743 708253591 882428492
-928530702 -969684001 -92725330
-928530702 708253591 -242919659
603549954 -414707614 -567735463
603549954 177094083 -339775357
-412630915 -414707614 -80703636
-412630915 177094083 524086785
-148638699 468060474 787750646
-148638699 352680740 662244788
358205709 468060474 325325031
358205709 352680740 -510692215
-934966181 254462134 582811241
-934966181 -413666262 620896613
-145690219 254462134 -932862884
-145690219 -413666262 -891512961
-326902434 -369369555 67864552
-326902434 301609624 -126580948
323975167 -369369555 191721122
323975167 301609624 431717802
-558207528 -391449643 -202820897
-558207528 360857887 -241857211
236742724 -391449643 472641739
236742724 360857887 197425860
79397240 839512431 -8545234
79397240 936259747 763879063
-97829716 839512431 -828927481
-97829716 936259747 455358390
-291256780 870677746 -214572633
-291256780 -43995542 236006693
-10489777 870677746 -807442457
-10489777 -43995542 -544087681
-857703395 553492218 -971439663
-857703395 972513929 505394014
-162702267 553492218 -309565549
-162702267 972513929 -723931527
-240664502 453436862 -460736859
-240664502 -300053682 -252052074
-681689762 453436862 671200830
-681689762 -300053682 -499221564
470595083 -743485729 247563233
470595083 832756342 -676192431
162701146 -743485729 392231358
162701146 832756342 995649234
-150410730 -635470061 -907225319
-150410730 301040399 -250334766
-237866122 -635470061 -954156638
-237866122 301040399 370423382
726645642 757136093 -860676620
726645642 -654800330 -842582779
-625654018 757136093 -17092768
-625654018 -654800330 5799864
-93046765 826114864 -560982064
-93046765 -5156113 63602694
-957109890 826114864 -551541120
-957109890 -5156113 -696944762
-510347420 653337148 966509308
-510347420 592008760 250640790
831284237 653337148 34838099
831284237 592008760 -754450434
349031672 -867303065 859317822
349031672 486685728 -311802932
-919388956 -867303065 -450762192
-919388956 486685728 597607823
716122189 768908463 -13489598
716122189 139384062 384525563
-598020449 768908463 -431299600
-598020449 139384062 -454278067
-388172781 -227242499 -58141122
-388172781 488099250 480541828
-751098588 -227242499 610237018
-751098588 488099250 -982818203
-282813559 339640574 -336438847
-282813559 228820325 -705447734
-521057832 339640574 -82472019
-521057832 228820325 55832269
421751766 -845455997 733519990
421751766 963348371 687558212
298584278 -845455997 -587926781
298584278 963348371 520427356
815373243 -408697462 296144794
815373243 504652751 -916953836
619882579 -408697462 367576355
619882579 504652751 -204158304
-982193626 802075343 -999843727
-982193626 -919990377 870767293
285428273 802075343 127934810
285428273 -919990377 -371179026
590074844 -919492545 938973980
590074844 175397608 -163632584
686119349 -919492545 107694570
686119349 175397608 498810855
-268832591 206446139 923170596
-268832591 -357255547 -854075134
-380627189 206446139 -377725511
-380627189 -357255547 959974308
579450133 -169777002 -281659345
579450133 353261915 -391961753
-208998814 -169777002 -315973213
-208998814 353261915 839027987
550100476 392959799 -210702934
550100476 -441532134 -789644910
184681930 392959799 -203975075
184681930 -441532134 -538923496
-729417600 738564616 44244884
-729417600 587014968 45028454
-645072503 738564616 -886232104
-645072503 587014968 916019760
173497910 922312695 435473572
173497910 459010104 -749300692
-187021067 922312695 -896744077
-187021067 459010104 -909179397
460131149 -391063564 -188964607
460131149 367950538 -75931761
-870147095 -391063564 -821649543
-870147095 367950538 462634715
-549154500 -936360830 -789073533
-549154500 607200360 984148688
-563123512 -936360830 447973479
-563123512 607200360 988978347
546371026 -974062473 391081364
546371026 -395771785 817223476
-466634958 -974062473 -177535458
-466634958 -395771785 -179688377
783820059 312997151 -21160546
783820059 107124764 318506909
868105768 312997151 977412713
868105768 107124764 373152839
-706117079 260366605 -645069287
-706117079 -99224769 -417441047
614733089 260366605 -925765888
614733089 -99224769 -487389137
869564254 -791796188 -549664529
869564254 -368016999 -978331597
-691991075 -791796188 421563734
-691991075 -368016999 143511316
-534031869 -238796860 689711658
-534031869 -863023057 815059869
516863762 -238796860 -904606676
516863762 -863023057 -784364742
841171208 130930000 386881425
841171208 836232622 -151383177
-108267687 130930000 -399039418
-108267687 836232622 -720925855
192909476 434333959 372778201
192909476 -307359421 270568861
-675834000 434333959 -950875450
-675834000 -307359421 -252424990
993638562 978026724 105248678
993638562 -558933918 622577080
375186361 978026724 683437540
375186361 -558933918 -573234421
817059270 -793247398 -936511326
817059270 229911655 -480249430
-544397539 -793247398 885323104
-544397539 229911655 -958512338
-246292777 -994123180 -970304594
-246292777 -329720184 -150048716
-1523109 -994123180 862865686
-1523109 -329720184 -136975855
818747567 472308484 -618939949
818747567 989485811 -856371594
912622665 472308484 -98618144
912622665 989485811 734223954
-975406600 -875461091 780409412
-975406600 -808237955 -92438047
166841546 -875461091 538660275
166841546 -808237955 144476461
274535019 -986447668 -777009861
274535019 -870653877 -926755555
988724363 -986447668 940364440
988724363 -870653877 269803690
-697262310 822938133 -472995167
-697262310 66632883 440419896
230197911 822938133 321133264
230197911 66632883 206820733
-896491767 -485896690 -915260623
-896491767 -607804184 583948630
-757474673 -485896690 14647446
-757474673 -607804184 963348308
451594026 -420804622 838610794
451594026 -211181322 -594244935
-476934579 -420804622 966594281
-476934579 -211181322 952970717
-717895179 -651082104 -628943985
-717895179 1455984 -415406429
755883821 -651082104 -571939692
755883821 1455984 577963855
-121452822 -264828362 -663708240
-121452822 225821698 827215354
792139406 -264828362 754703154
792139406 225821698 205266606
-674270752 208908122 -676967373
-674270752 -547193167 -948400890
-842408941 208908122 -530504114
-842408941 -547193167 -559875873
-641098337 -19794559 -8013165
-641098337 -752551368 101534030
634153058 -19794559 -883109180
634153058 -752551368 -395331445
676263957 -707906365 452174083
676263957 12162497 -794573253
-658194505 -707906365 590525212
-658194505 12162497 508240889
831725921 15787666 -357998699
831725921 603598689 534943582
856353932 15787666 245013894
856353932 603598689 -557502215
-148610537 -431377954 -505932553
-148610537 677203467 497891130
438365178 -431377954 897511564
438365178 677203467 359862345
173398302 522715445 -186966925
173398302 184405440 498786169
-943337776 522715445 -150553784
-943337776 184405440 -874141892
-927303833 -653637211 646907989
-927303833 -354648255 -312092449
524836343 -653637211 -861093613
524836343 -354648255 686779993
79038133 722547982 -861696252
79038133 -711713040 375183775
534230311 722547982 -900584327
534230311 -711713040 -371341017
-198127269 400143959 651831973
-198127269 -152372186 -564027960
327775458 400143959 871154467
327775458 -152372186 -864271993
451935501 -578125449 63419665
451935501 -152626454 -762419342
-405250554 -578125449 -996665667
-405250554 -152626454 -382745140
-208994044 -548741744 508554432
-208994044 -934817363 -863467385
291358977 -548741744 467560467
291358977 -934817363 402544726
-721802345 -32773079 -324429120
-721802345 -754982814 345129902
-83067163 -32773079 -579374573
-83067163 -754982814 516518989
-436064113 -955059665 315899676
-436064113 783417358 -775929362
612768044 -955059665 106297352
612768044 783417358 292135412
618204261 -64479766 -391141996
618204261 766673466 404356674
-205492691 -64479766 -906528408
-205492691 766673466 -242501958
168202088 -908825992 414169573
168202088 -716323149 -345189867
74364150 -908825992 797350919
74364150 -716323149 346201893
-442612005 -359710590 -660321005
-442612005 820854868 -830088443
-496275538 -359710590 -559943969
-496275538 820854868 -933024817
-242868928 686626320 68999268
-242868928 39040763 713044456
-976750791 686626320 153451988
-976750791 39040763 -410712038
-442931072 -870424300 50181084
-442931072 -83543733 581890945
-738824594 -870424300 -512262496
-738824594 -83543733 -868026231
-852003665 -119412856 -311119207
-852003665 -442867112 -984828427
11127396 -119412856 -63331387
11127396 -442867112 -638901650
-502605704 -69920574 589091359
-502605704 -431432528 297065097
824603387 -69920574 873085520
824603387 -431432528 -157709154
-840999032 -398999811 -840385293
-840999032 -269819762 841278466
-805094066 -398999811 811987762
-805094066 -269819762 -822672027
-785989221 738829527 -921409300
-785989221 -401024922 617152038
240834022 738829527 779145716
240834022 -401024922 -501873311
-676445738 -689645470 -476238847
-676445738 -201352603 -173971117
584413407 -689645470 -186563732
584413407 -201352603 162060714
418275398 -779840858 -570496868
418275398 -327906290 206496105
-691318505 -779840858 -566302435
-691318505 -327906290 28874506
-915490438 673361473 -353174906
-915490438 782593861 -378976850
320621342 673361473 -820276550
320621342 782593861 -939979844
-411091711 441635414 370045656
-411091711 681691644 909468731
93205503 441635414 -749585172
93205503 681691644 -506879292
-273018390 -385444645 355132139
-273018390 48001235 105151420
880578055 -385444645 -951817314
880578055 48001235 -148759505
-969171931 269065027 364394409
-969171931 -273557026 498988732
-803312078 269065027 -779388496
-803312078 -273557026 -994184148
232293533 963953995 -960161588
232293533 -110578717 -665829052
-664478172 963953995 464346697
-664478172 -110578717 623745719
-760051846 342289717 943397833
-760051846 11463791 -727842724
-937607477 342289717 581410751
-937607477 11463791 -829746182
882633950 -945504347 -905262762
882633950 825916119 -523341069
174977460 -945504347 991718925
174977460 825916119 -541540014
853792558 163655781 403308464
853792558 232616492 -925857012
70308422 163655781 6285954
70308422 232616492 362758976
468914894 18638970 -389385922
468914894 720973655 -228258268
-494928266 18638970 -451847518
-494928266 720973655 663659472
89141780 -208034343 343169917
89141780 -268080921 -641110212
-888221273 -208034343 957794914
-888221273 -268080921 390659364
-959746612 -455850270 -884970094
-959746612 -293775809 -623583414
-119257665 -455850270 935464320
-119257665 -293775809 700995299
593290876 803331762 633063541
593290876 746899615 233994282
-827069194 803331762 235717304
-827069194 746899615 -796680247
117098428 -30116941 -281750251
117098428 171088367 902881629
-883139717 -30116941 -501210243
-883139717 171088367 758674970
-287667948 833370229 502425908
-287667948 -813596498 935172308
-597769859 833370229 -304806170
-597769859 -813596498 896312020
200647024 483116753 -429169485
200647024 65625524 521563041
-637585748 483116753 998939038
-637585748 65625524 -405800779
-977175418 -601900539 -698254351
-977175418 902584559 -429328604
266811305 -601900539 102197831
266811305 902584559 784287848
388005386 -72323123 848074926
388005386 -374844523 848510264
712237509 -72323123 595636971
712237509 -374844523 -549947170
673057830 -697984138 -209692617
673057830 -857823826 -464409938
275897559 -697984138 2920307
275897559 -857823826 -718014688
166721341 -962994475 -977898319
166721341 -711317895 -590605737
-302843936 -962994475 448307523
-302843936 -711317895 582071901
-608384413 931938033 192134603
-608384413 89530467 -101725101
374007794 931938033 211768156
374007794 89530467 796044241
249511722 518783948 903008726
249511722 252827015 -69666363
988004470 518783948 -409511864
988004470 252827015 -525118068
-996407871 -9910085 954453641
-996407871 -80783764 -29274266
939895981 -9910085 730578901
939895981 -80783764 569767089
528369704 -315631682 -877196635
528369704 -878438316 -619277824
149312862 -315631682 830196813
149312862 -878438316 -72173311
-185639797 112057949 452195694
-185639797 -976555745 -263927037
345678454 112057949 379666299
345678454 -976555745 866066740
-165460869 -71441869 755082141
-165460869 -6027377 939629796
-870856752 -71441869 971673536
-870856752 -6027377 -816945092
-496913485 -60307133 793461111
-496913485 -569443920 -618118179
-169204331 -60307133 -867575946
-169204331 -569443920 -98934881
-749503852 -682175070 -478598707
-749503852 -262035795 176062632
823525215 -682175070 361066001
823525215 -262035795 -902478020
-525436935 354141984 322947209
-525436935 737408522 -334566932
-631843756 354141984 505470821
-631843756 737408522 -253705413
-645132837 -241225117 -793641422
-645132837 585875326 719629335
479377366 -241225117 -586207861
479377366 585875326 779803625
157705165 935200849 -734447663
157705165 -418963012 -675083269
-795572565 935200849 -907690101
-795572565 -418963012 795186085
-540238048 -906860994 731393622
-540238048 40787483 510901347
848367715 -906860994 -903607395
848367715 40787483 -415183074
-104087450 559917163 -960616745
-104087450 63835981 693056229
88994399 559917163 -889474863
88994399 63835981 -540373464
-44878905 296497799 663823614
-44878905 543243251 -955696166
-242636583 296497799 -794076298
-242636583 543243251 93611710
-905434149 -772035521 343569909
-905434149 965451883 -956085765
482429095 -772035521 510370257
482429095 965451883 -499167439
571081682 267302023 -489582206
571081682 -109243546 -117043670
330542967 267302023 506045571
330542967 -109243546 609634520
-952026072 -114590744 953619568
-952026072 -880877289 -473990110
961065199 -114590744 -597214518
961065199 -880877289 -494428301
-29610476 831683901 552973670
-29610476 672240648 -306963407
-759511815 831683901 821404258
-759511815 672240648 -138826502
216001727 125212464 -888815020
216001727 -931564159 -295414892
-179528551 125212464 -916505731
-179528551 -931564159 -767186971
-634409501 8035424 490577298
-634409501 220631743 455461284
581576114 8035424 833560390
581576114 220631743 382930868
-16243446 -327892190 808889788
-16243446 856458680 -786024344
702857707 -327892190 -597104955
702857707 856458680 967045859
-767501462 801890604 -210682882
-767501462 100183037 -944162626
738788889 801890604 -940860945
738788889 100183037 225281731
-860079344 -202454809 928703320
-860079344 -693921915 725232664
-978115672 -202454809 -613753528
-978115672 -693921915 -973486971
-60009926 -987086228 89226673
-60009926 572795648 380441339
-991719185 -987086228 -542687695
-991719185 572795648 -836739001
670486464 -335310290 -47156086
670486464 -922402312 80737655
843895576 -335310290 -645831345
843895576 -922402312 -653454888
-994478262 204175192 -636188575
-994478262 951374948 72314523
-974396398 204175192 926543767
-974396398 951374948 -512740668
-872730912 984759126 840183739
-872730912 710280500 -962333071
277800728 984759126 -140112517
277800728 710280500 -803476727
514973662 336603232 386987871
514973662 -8990515 -799932740
384543715 336603232 -8886264
384543715 -8990515 -990163204
-499960922 -973115975 727578300
-499960922 998026950 -818479187
961801773 -973115975 248862749
961801773 998026950 467753324
762301630 160040187 -787472883
762301630 588851679 -673008164
622337499 160040187 -436809064
622337499 588851679 327894972
-287614578 -934793539 823855634
-287614578 29114319 -306807026
585056511 -934793539 301252142
585056511 29114319 666026611
-602909956 489064239 711484469
-602909956 -911886733 565757749
-660944134 489064239 -717456254
-660944134 -911886733 502622876
292923263 -777744595 -882673748
292923263 759050158 -535065241
200190270 -777744595 867945121
200190270 759050158 -330238514
90578527 -255753284 235630057
90578527 -662692034 691444946
522565645 -255753284 -629752447
522565645 -662692034 735695773
717104526 973205587 -946031056
717104526 -995432125 -907549954
217951559 973205587 -977040677
217951559 -995432125 -837277242
725887389 633447495 585443807
725887389 898230146 -60417633
-349471175 633447495 -732421022
-349471175 898230146 485584669
-571702445 -968140061 -240410063
-571702445 -183327878 -939290561
-25067018 -968140061 162613350
-25067018 -183327878 -991174836
-344356587 616370868 776432072
-344356587 -178460936 759759734
503578211 616370868 -570791566
503578211 -178460936 -283607936
-448302420 -728989491 -211277565
-448302420 -206935688 -866827467
-881661340 -728989491 -109992753
-881661340 -206935688 346885743
514932639 128417748 23785380
514932639 96245416 -785044016
-889608450 128417748 658538483
-889608450 96245416 -318236193
-207692012 -926893307 531713553
-207692012 181134839 861600782
174445962 -926893307 -848064605
174445962 181134839 456717182
473071198 -892154129 -878464158
473071198 -592968414 303419771
-589203293 -892154129 -324140160
-589203293 -592968414 -926702701
-222995722 -944433082 739450358
-222995722 7959757 -863122148
-828043109 -944433082 -70405549
-828043109 7959757 -657249897
652000699 749625293 -295739433
652000699 526858660 -855318035
-509797880 749625293 -319318132
-509797880 526858660 355271773
-235321883 -535135583 -133613775
-235321883 480246374 667013606
963547642 -535135583 -889902087
963547642 480246374 609108814
-978024010 -782412142 380907025
-978024010 615258076 -853626195
-992357449 -782412142 -483949329
-992357449 615258076 -895784184
-198550648 630947373 -402745332
-198550648 -723048871 614900266
-609927797 630947373 -887019632
-609927797 -723048871 -575712639
-930360729 -631346763 -398799012
-930360729 287522660 -86860253
-407688615 -631346763 -854526391
-407688615 287522660 -570684812
-946222900 929448220 632230285
-946222900 403087162 -992873402
730349961 929448220 -520459526
730349961 403087162 -91529496
-821318248 563989115 -806788441
-821318248 -566180935 593371638
-331792333 563989115 204573828
-331792333 -566180935 -585787987
355276347 -653515971 168844503
355276347 -757539799 536722864
349919026 -653515971 -968019184
349919026 -757539799 -995947553
796842339 85423807 -965997680
796842339 -255836714 -590605792
995201386 85423807 -251714179
995201386 -255836714 850631473
-638257373 -890744169 -166706838
-638257373 -334974866 528202402
341492408 -890744169 -446573868
341492408 -334974866 -925153774
205686527 -921305711 336401206
205686527 -915087240 -265357987
827544771 -921305711 -788002060
827544771 -915087240 557899490
489808085 420604929 223230694
489808085 686595418 138645100
337949474 420604929 813265701
337949474 686595418 -962376242
-827111342 -101428745 -273637844
-827111342 -681494924 434842848
-213123362 -101428745 112910
-213123362 -681494924 -818070710
-856100322 586260854 685926119
-856100322 638305036 803644469
711701626 586260854 972653097
711701626 638305036 -557441376
-201101728 -177925093 -169125278
-201101728 263156775 -887864646
-45351460 -177925093 -913458512
-45351460 263156775 327733994
627105949 -499953380 -845829314
627105949 578637877 -490383346
-77636987 -499953380 414379566
-77636987 578637877 -120900768
435157371 263194 -559404290
435157371 -705391702 402621878
74864150 263194 822806327
74864150 -705391702 -746882205
404363099 -887191807 119861187
404363099 -721331208 704855741
-155900673 -887191807 711134238
-155900673 -721331208 760583437
716842448 798920301 338017230
716842448 745014740 -479378042
423330479 798920301 -590049850
423330479 745014740 414919338
-463556101 17813567 -387404417
-463556101 748193743 61250938
-983425884 17813567 392129347
-983425884 748193743 -738090723
889870606 40910322 -943815390
889870606 -980321582 851870955
-836998465 40910322 -190217683
-836998465 -980321582 -974159554
351228585 884565203 -449861486
351228585 -577856623 -446649494
622098946 884565203 360901177
622098946 -577856623 -833337952
331654705 899035162 -535666020
331654705 -499040354 -927255169
-262179519 899035162 797023207
-262179519 -499040354 -875372975
-632537099 -966826119 4392683
-632537099 401815271 478115770
116154714 -966826119 -135174273
116154714 401815271 -969724837
780160957 590686794 -676465669
780160957 -849739121 -599265446
-942097292 590686794 309774972
-942097292 -849739121 590728880
237663092 219804650 -6148837
237663092 -437033271 748593291
38191839 219804650 -707552790
38191839 -437033271 -568692185
277414491 -7960325 788811358
277414491 -905418858 713918078
-72368050 -7960325 44329018
-72368050 -905418858 989243859
-196023627 135498935 901746015
-196023627 678619760 368530344
-38299289 135498935 -420016556
-38299289 678619760 751242766
711918751 -957237043 -746033057
711918751 -954255845 399119900
783367707 -957237043 -802053966
783367707 -954255845 579145883
-12738292 -468115134 50550503
-12738292 974837326 -295802273
-637188211 -468115134 957295433
-637188211 974837326 286052927
310097065 -977301664 -333768872
310097065 -17116181 919614712
-982539739 -977301664 -95809940
-982539739 -17116181 -909531243
301473392 -949168915 -901648611
301473392 -94690115 165816311
-4143971 -949168915 710317332
-4143971 -94690115 605154481
-877437099 685476753 680153750
-877437099 -733192902 -886068641
-577281890 685476753 847492877
-577281890 -733192902 -300450132
-603367164 760328326 518928642
-603367164 758999882 846984173
648556368 760328326 831140247
648556368 758999882 -275795594
-374571895 -846967446 784107812
-374571895 -959330015 -185566517
600069692 -846967446 -693736592
600069692 -959330015 -450090382
-602159929 809132450 929136594
-602159929 -945266248 -886209791
62900276 809132450 969684250
62900276 -945266248 530847555
-129313994 -897231779 791305968
-129313994 552510203 -194881678
302499223 -897231779 812268815
302499223 552510203 254949603
-375920686 408335914 773178066
-375920686 -793356132 19690607
-379491020 408335914 -666693208
-379491020 -793356132 -715537867
113464908 333889345 767307994
113464908 188176504 -474354577
75696822 333889345 330411873
75696822 188176504 -142256291
-4647859 -195539814 -689536845
-4647859 225638503 -340094661
-392920547 -195539814 -648171731
-392920547 225638503 479512756
-936626856 633146925 -780790814
-936626856 543108760 55301298
-955055976 633146925 -953804150
-955055976 543108760 861434662
-615348710 -202682066 765958228
-615348710 -968448834 324544907
-8359816 -202682066 77810436
-8359816 -968448834 905934313
-428255353 -672975685 -114893774
-428255353 128997352 -198683870
-144025699 -672975685 847752365
-144025699 128997352 -180584453
-703222210 -427031811 -660225296
-703222210 -867582467 673416273
517291706 -427031811 -734047552
517291706 -867582467 941223515
-912920284 -468518755 -404972287
-912920284 765454695 -409691221
682777443 -468518755 871656514
682777443 765454695 164633527
-86661264 782029676 -941243447
-86661264 289848906 -291306297
742547479 782029676 -188936279
742547479 289848906 -236728334
-979129419 -681004600 -967065762
-979129419 -484792788 -982156145
313067323 -681004600 134814082
313067323 -484792788 701532902
-880527176 746705328 582477459
-880527176 -419038071 -42720940
557379722 746705328 703283519
557379722 -419038071 -229057788
278446875 -456586634 795285270
278446875 81534026 -675990228
393570572 -456586634 -692576090
393570572 81534026 436912783
-914887095 598963654 664286165
-914887095 313264627 -842568731
-755224430 598963654 187474761
-755224430 313264627 172670646
467828954 -856584349 -887370568
467828954 830813395 -681952590
-377137323 -856584349 477994006
-377137323 830813395 -442187205
615846200 -969847295 -867865837
615846200 -789408325 -274975576
-660613203 -969847295 -993683459
-660613203 -789408325 -235372703
-435912803 25916818 222881460
-435912803 -328021731 417791283
702768461 25916818 569455154
702768461 -328021731 850405692
-327115697 -343897735 -518985798
-327115697 -596228285 -171732618
-944643920 -343897735 -849132902
-944643920 -596228285 741378322
986297196 -807192913 -983617741
986297196 -878502407 682819431
-874740795 -807192913 -986223928
-874740795 -878502407 -521470417
920961654 546268949 856329420
920961654 -937143981 -905036625
-243456766 546268949 433598329
-243456766 -937143981 -942913067
-168149161 -468153243 618673170
-168149161 871440545 873875044
533205137 -468153243 488200688
533205137 871440545 -453099198
-119932707 435372739 311280256
-119932707 -708196450 -83432687
-610552864 435372739 -188683104
-610552864 -708196450 977651634
-785915993 -948932308 -914362553
-785915993 296046576 -807992905
955663657 -948932308 -284238302
955663657 296046576 -293056136
428716320 -474216682 -682488060
428716320 728426961 312108994
970490992 -474216682 -804535250
970490992 728426961 -3776266
470253330 -8988320 -647199616
470253330 -952001892 -982644946
939149051 -8988320 632827176
939149051 -952001892 -276733658
515057849 -264596525 -309288379
515057849 -411819652 615982332
-915213256 -264596525 406784945
-915213256 -411819652 -137032282
-464186844 111423930 750870952
-464186844 -395583773 -860530579
-892362144 111423930 -964637262
-892362144 -395583773 906379472
-881655721 -692387763 695496392
-881655721 787525188 -783631544
-90350608 -692387763 -669099831
-90350608 787525188 524245294
-311523891 -847544053 725652019
-311523891 -670284863 -152925670
986805653 -847544053 680423859
986805653 -670284863 689356412
-956041032 674770625 -152196538
-956041032 487859000 106268134
-945417890 674770625 -780530246
-945417890 487859000 -708461043
-815237906 -677929654 -992979838
-815237906 -281945377 803618030
713513643 -677929654 -955779484
713513643 -281945377 -251083140
57930388 -995255326 -771485798
57930388 -539846812 805987002
-9553796 -995255326 434777833
-9553796 -539846812 386853829
297017878 -508181762 -867401847
297017878 441772735 -738648387
-149825784 -508181762 420872346
-149825784 441772735 -665078379
737887123 599193563 63975955
737887123 -932277339 -990068460
608278489 599193563 -446871958
608278489 -932277339 759294776
-86997368 740312477 768886790
-86997368 -330802192 -305434541
-99229984 740312477 -453075246
-99229984 -330802192 944117953
427148554 407381008 -922332142
427148554 198284472 -54934993
642393602 407381008 161977111
642393602 198284472 481526394
424903609 -933771370 747250626
424903609 947238163 -319855878
498665716 -933771370 -841792309
498665716 947238163 560434042
962207649 -360264666 -566550068
962207649 137072808 418953313
978511462 -360264666 -443732600
978511462 137072808 6870480
-413049568 -880197757 -995212253
-413049568 -605323686 877734348
-151865682 -880197757 951331293
-151865682 -605323686 174933280
603450739 466517756 250633884
603450739 868176316 403391163
520631452 466517756 -21160083
520631452 868176316 -931647226
-21730818 2261889 659763668
-21730818 -774103414 52624684
-189160643 2261889 523831360
-189160643 -774103414 -963159886
773578216 301879992 856252482
773578216 45017398 -660132050
-349024891 301879992 -773489097
-349024891 45017398 279857251
-941991646 600350490 -405982201
-941991646 78777018 -294221659
798613964 600350490 -894823505
798613964 78777018 -876716499
626874428 -32031306 199624392
626874428 377845462 -484769352
-212723612 -32031306 -785724995
-212723612 377845462 -337206601
268031275 -592039940 -60194124
268031275 -446541931 -459082195
15655841 -592039940 666469940
15655841 -446541931 -983337800
681018889 -112468574 291510146
681018889 -928612627 359596300
127640293 -112468574 401301405
127640293 -928612627 -841862944
603124836 -678762713 308995234
603124836 513139186 613905756
-158553595 -678762713 -870250517
-158553595 513139186 -809401861
726054833 -802656449 -364664232
726054833 -977230276 506030196
-539528250 -802656449 688888006
-539528250 -977230276 -49703265
853707803 -20337693 9704787
853707803 -818692796 279322158
-898151392 -20337693 -175864405
-898151392 -818692796 631283011
-906025043 -970988394 -386380679
-906025043 -394571548 -679974702
-869315749 -970988394 370891964
-869315749 -394571548 -944581414
-733296826 779914793 508169766
-733296826 821285976 -961071225
-647087607 779914793 -409066513
-647087607 821285976 3636259
689311240 696143515 701593394
689311240 -875689041 -988389126
-366624807 696143515 229352597
-366624807 -875689041 395127892
-79741439 -948212601 -973638653
-79741439 21418999 -346144386
337295796 -948212601 -296299275
337295796 21418999 672084320
-946929594 -151618520 473189305
-946929594 -5814104 894817454
-804506719 -151618520 489258692
-804506719 -5814104 808109264
225543167 -813612236 -387259841
225543167 928263900 -696392975
402537481 -813612236 -895243942
402537481 928263900 897223025
-734792946 -886589872 668436154
-734792946 -808585339 293052838
267977438 -886589872 -348547691
267977438 -808585339 382411852
-485718559 -34744466 -875752691
-485718559 -2452365 410788947
596503551 -34744466 -550645639
596503551 -2452365 224206167
-122499664 -905218076 -269815624
-122499664 500214107 557696544
968291531 -905218076 -792596121
968291531 500214107 -121922476
163017671 637835239 -981891313
163017671 15985590 -787532105
-357773990 637835239 -703560300
-357773990 15985590 88422233
319542067 -812820554 -456950300
319542067 457452732 744169847
-918300684 -812820554 -495652381
-918300684 457452732 630150213
-751041702 -993350854 334186977
-751041702 142972591 -964183165
-182104965 -993350854 216188046
-182104965 142972591 427957018
-814653008 -996407618 879402446
-814653008 -836707892 -919593134
-941321454 -996407618 -531717280
-941321454 -836707892 351365837
-345722862 450885419 -353839781
-345722862 -29271320 -696878372
-924640149 450885419 -953003689
-924640149 -29271320 -106631062
61922329 455622652 763017100
61922329 699762804 400119732
-403278858 455622652 819262826
-403278858 699762804 934924055
933503753 945760020 835491528
933503753 585355850 376947040
-651276642 945760020 609030842
-651276642 585355850 174175317
-981464136 -347890318 945064525
-981464136 -157062377 -465659129
-716948738 -347890318 -135749396
-716948738 -157062377 -851859529
514943068 705731002 782460925
514943068 -782078491 -914021623
501308666 705731002 -984856898
501308666 -782078491 -642331761
496454643 941022835 -691808990
496454643 605472832 606432886
563508394 941022835 560424487
563508394 605472832 -896792880
-582846093 -997197486 901959946
-582846093 998645262 -515312767
-207052604 -997197486 337652437
-207052604 998645262 -590886838
-305743594 720145185 513481251
-305743594 891483216 -690137206
-195890481 720145185 865611666
-195890481 891483216 377446118
-891766798 -945048428 540318477
-891766798 690300251 -250899448
-879428078 -945048428 273107398
-879428078 690300251 757395552
835766220 -324203300 325801816
835766220 788398264 51903672
422601196 -324203300 617558987
422601196 788398264 -141217168
208345106 81680413 894592093
208345106 46863972 -150463830
882158734 81680413 860124132
882158734 46863972 215448829
-743980897 446818657 59423840
-743980897 -166544953 -871214096
664811607 446818657 -403275950
664811607 -166544953 129312690
-28758688 -814469014 -371025228
-28758688 -115018106 43542192
478459107 -814469014 17861572
478459107 -115018106 832901348
432294125 -719628673 -959157705
432294125 -160298161 -937651231
-389468788 -719628673 641162747
-389468788 -160298161 961734375
692641151 -39406472 -26517133
692641151 821642975 -365969947
-537819332 -39406472 -950489087
-537819332 821642975 762417508
116889955 680004006 -664478429
116889955 -844767168 8628559
196798134 680004006 289718495
196798134 -844767168 -986781797
-979897499 -964511873 617212186
-979897499 -864719317 -705667491
-792733686 -964511873 -886439737
-792733686 -864719317 680588281
-740029803 522481406 -964567677
-740029803 195925083 -770277864
-116060773 522481406 -842551230
-116060773 195925083 931161172
-709621582 911954210 235234762
-709621582 249750750 812518168
-258598645 911954210 -848063529
-258598645 249750750 549487441
-499791738 -262018140 -961305215
-499791738 -789803233 -27543198
-232261940 -262018140 900158329
-232261940 -789803233 -970541368
401696349 -8083916 -152948600
401696349 -174041328 561030323
925911185 -8083916 663314928
925911185 -174041328 -585598494
-539357881 154833696 166131530
-539357881 375511137 509154663
533491578 154833696 -973843211
533491578 375511137 473153869
-481030690 433097751 -957576267
-481030690 -455735498 -789992142
706449492 433097751 -767492761
706449492 -455735498 525831021
331832800 -456062535 884042859
331832800 -968785930 -580167191
881893579 -456062535 -625360494
881893579 -968785930 553926578
919630945 -218485047 440984335
919630945 -779853582 833696226
489116069 -218485047 -162874011
489116069 -779853582 362235092
-435962658 -245461488 -196108467
-435962658 138187601 975299511
275291550 -245461488 587148303
275291550 138187601 1108578
594216659 470645159 775629344
594216659 15168707 -347658335
293846546 470645159 -797374692
293846546 15168707 -144120226
35457324 -395214971 -125684801
35457324 139948309 539346730
-229190342 -395214971 -485210967
-229190342 139948309 -423196892
154864141 -884827946 -930310393
154864141 -247531701 -715114054
-979978323 -884827946 981372754
-979978323 -247531701 -620457155
-101320617 -990696666 800090344
-101320617 49032052 636331645
546729525 -990696666 -770926116
546729525 49032052 111712860
128503144 -827236674 210227445
128503144 967015125 -208577387
-759220323 -827236674 -455552651
-759220323 967015125 -362461965
990948712 701239185 -952019932
990948712 -350957204 -713777027
-732765118 701239185 841176497
-732765118 -350957204 -263386927
-143467201 -957341721 132997160
-143467201 -410272488 368593475
-230421695 -957341721 -474695996
-230421695 -410272488 952813166
-913281635 692264626 729417492
-913281635 582271552 -456858559
399757165 692264626 -954956114
399757165 582271552 -469395047
-858080877 700332370 405253427
-858080877 -16353885 345084298
510350481 700332370 525587643
510350481 -16353885 408335998
780624723 -911780474 -141418113
780624723 13673933 -221306904
-76073861 -911780474 670128025
-76073861 13673933 -898284959
-590648633 -508753843 428071883
-590648633 461471440 -676600462
795616224 -508753843 -995548935
795616224 461471440 -909691050
-183182415 820418318 -315610376
-183182415 700581248 -937990921
611622348 820418318 126584781
611622348 700581248 -976132157
-34348233 423384114 413013640
-34348233 -996305789 -742868829
573297536 423384114 421822784
573297536 -996305789 103686354
458759879 33391506 -857813705
458759879 -101902155 855343251
-675305265 33391506 -279446312
-675305265 -101902155 -296492102
-946134236 863705503 760787001
-946134236 -676280732 -416061584
-747719590 863705503 409078451
-747719590 -676280732 449907012
-251703688 347956019 863187473
-251703688 461159207 16646198
446213232 347956019 192466112
446213232 461159207 356856188
-635565703 885353399 -959166373
-635565703 -993700702 947089507
-730890858 885353399 -164536849
-730890858 -993700702 57958713
-267877405 -758887758 278041
-267877405 223091091 -577212463
491512518 -758887758 397110025
491512518 223091091 776170
249595642 -470070331 480727134
249595642 899304274 -123107986
494318358 -470070331 -700414956
494318358 899304274 -184963357
-824694018 764259652 546331707
-824694018 -681623280 932569320
-336008706 764259652 -716693339
-336008706 -681623280 -269753621
-253372340 679770149 -901062923
-253372340 -539991158 -163786790
722099289 679770149 264185668
722099289 -539991158 -135125833
610894487 -371010822 173189915
610894487 772648377 810835491
486309845 -371010822 743836755
486309845 772648377 959680906
-203282069 -853718511 -963435499
-203282069 -996420239 486656357
-921829702 -853718511 -422569917
-921829702 -996420239 840448619
-844182835 -536284747 798062786
-844182835 -849251131 -926053264
-164273666 -536284747 775663956
-164273666 -849251131 372929148
291974895 473519688 619137831
291974895 -184273174 -822941099
-422097498 473519688 -82102246
-422097498 -184273174 419538250
-635082275 -317150354 185188489
-635082275 170263998 460234458
-397359464 -317150354 382091829
-397359464 170263998 646451769
541425710 473876130 -864901199
541425710 488885851 945774213
66998101 473876130 272431605
66998101 488885851 -883735613
278131738 -523085781 -23009978
278131738 -760443188 45310931
423165013 -523085781 670877770
423165013 -760443188 304358300
-458958628 918484896 -949098058
-458958628 -270384469 384545111
-270184055 918484896 -247997383
-270184055 -270384469 -856633684
449732426 190532042 -426588399
449732426 -905213044 179412353
-413392123 190532042 -512557316
-413392123 -905213044 -842958423
-962650027 -80391211 -474871896
-962650027 -906908727 -835732016
-911581325 -80391211 -862947253
-911581325 -906908727 750856891
441323120 478649626 212744587
441323120 203488399 -580082161
895841745 478649626 -730414957
895841745 203488399 63876155
-215580927 -972261454 -869754853
-215580927 -16050355 -559382660
-968990008 -972261454 948729229
-968990008 -16050355 -257686504
352350636 -631626170 -998004770
352350636 966798471 4503558
769914036 -631626170 644223793
769914036 966798471 707003495
88258982 -727031907 -276483662
88258982 -925657708 389756768
-123474777 -727031907 81828475
-123474777 -925657708 724309788
-227613352 -717271043 -212017620
-227613352 -653962786 -649179025
12371012 -717271043 556808895
12371012 -653962786 -334493694
323106506 397860309 -955741467
323106506 -927045292 -217030318
128331483 397860309 -128664126
128331483 -927045292 548193216
315380076 973727846 608602163
315380076 -663864809 363359578
825467217 973727846 -800687439
825467217 -663864809 -995813766
799681196 -249944915 19347645
799681196 686590956 256982353
373807560 -249944915 130852056
373807560 686590956 587728312
967409119 792534969 -41176785
967409119 437734861 -15577803
965796534 792534969 192047760
965796534 437734861 342929676
-323380975 -264408744 278891360
-323380975 -796042052 682528537
688639506 -264408744 -230844829
688639506 -796042052 967690387
-636845502 -169741877 213318635
-636845502 -657494389 978965260
620870701 -169741877 624106373
620870701 -657494389 189544342
206639708 804576510 779086984
206639708 -744956460 359817043
-213085338 804576510 495282526
-213085338 -744956460 700362094
-179041414 282974606 -594508934
-179041414 968167533 -564711463
891390048 282974606 -312397400
891390048 968167533 -600552657
-611172155 -898191342 -33515738
-611172155 -45295974 582135807
-686227522 -898191342 255586242
-686227522 -45295974 -171357601
-948902996 -549703465 33484860
-948902996 905482634 -54644135
-15654831 -549703465 980214272
-15654831 905482634 480103592
-67816679 149649800 -565148918
-67816679 998040556 601606196
660773253 149649800 -407951588
660773253 998040556 714649941
-611074683 -153100438 -935124075
-611074683 -552486091 -630336780
-852414177 -153100438 -997672083
-852414177 -552486091 310216486
-724929155 -958907460 351954078
-724929155 -663273594 -596129379
-582943729 -958907460 -866160498
-582943729 -663273594 921712848
-737824583 -971233247 331982865
-737824583 150195457 999331881
-987262576 -971233247 -863412969
-987262576 150195457 599148994
-934971296 632079620 884758038
-934971296 -322997444 285440271
-877187139 632079620 -372714718
-877187139 -322997444 161781059
1574819 -869251115 539787560
1574819 -361868709 -687223546
-443028703 -869251115 -595126572
-443028703 -361868709 -898737874
-230140352 -965660212 152010895
-230140352 -646490100 304314210
25109845 -965660212 -486926906
25109845 -646490100 835845217
744792647 769255829 -237054974
744792647 -888661769 -434402085
409899071 769255829 -52825402
409899071 -888661769 -81436040
-415179232 -620638276 206762830
-415179232 -43433316 -42824121
160388123 -620638276 781184477
160388123 -43433316 -382791947
195752772 880271282 -60875549
195752772 -977496091 437757073
-876540286 880271282 188110687
-876540286 -977496091 858548879
549420620 -902173501 33508481
549420620 438363880 3324908
-397369752 -902173501 -602006950
-397369752 438363880 201375943
-371044865 -982679100 -873744677
-371044865 -123811485 469784774
-702831867 -982679100 -965984207
-702831867 -123811485 -129844787
196557265 -498167095 -759346508
196557265 -910575431 273648675
-451714513 -498167095 686759492
-451714513 -910575431 -85698481
-468107209 -349047510 -780491166
-468107209 -411432197 -960794215
844500641 -349047510 -358322766
844500641 -411432197 147466527
685971220 -693321072 15624466
685971220 236714317 -58649510
-127985495 -693321072 587010037
-127985495 236714317 -191755989
929119361 -41592058 -193107582
929119361 -860750424 -799338487
-416273055 -41592058 -206327105
-416273055 -860750424 -947828000
-115241891 -964458469 548489677
-115241891 -253902107 -951820813
786046904 -964458469 -438503033
786046904 -253902107 297035009
99309366 671666952 -518046303
99309366 788302656 83704795
-691688343 671666952 -744367898
-691688343 788302656 -145914267
-328348688 946714129 828790858
-328348688 888858801 610134893
980254599 946714129 -602834297
980254599 888858801 984836964
-904941168 -807874273 -466619970
-904941168 -844129227 -393966217
-971370640 -807874273 -835746115
-971370640 -844129227 884378598
463415090 855975847 139183827
463415090 -470692990 -638938966
-233260079 855975847 584715063
-233260079 -470692990 -93155455
-414139254 -235831115 -657138193
-414139254 476878508 -407858053
-194486504 -235831115 145129680
-194486504 476878508 156839666
406636839 -382698334 -841939452
406636839 526458222 -240063674
-582171431 -382698334 722579920
-582171431 526458222 -508814955
247674920 -691863783 -648954393
247674920 878389707 491965717
-408787799 -691863783 -927667882
-408787799 878389707 502038631
577934279 -247908417 607712849
577934279 -257326545 -998403914
-635822125 -247908417 339293362
-635822125 -257326545 726150551
-481713841 791511793 797073106
-481713841 19824983 -543840170
636164367 791511793 704314914
636164367 19824983 -874059869
885732451 -895598576 273369014
885732451 900065288 -907486617
-308301372 -895598576 366164707
-308301372 900065288 -358687966
-60617433 604960229 -920085789
-60617433 119967004 671388108
-502701849 604960229 -459042226
-502701849 119967004 -410750447
251116457 671601996 502317559
251116457 534274516 -722083434
284655213 671601996 -714507022
284655213 534274516 -969446355
-943261960 229100885 919895671
-943261960 -916690475 -968163154
396661538 229100885 741674664
396661538 -916690475 85260179
451642803 -624373781 920969365
451642803 -315495273 191326563
477131278 -624373781 864026265
477131278 -315495273 881107938
-92386428 -265949956 -369711599
-92386428 -269913256 -313959115
798793561 -265949956 -349756094
798793561 -269913256 -944359032
-882683997 616619998 768941548
-882683997 -316975725 158285719
-478543553 616619998 105874217
-478543553 -316975725 -555334729
915513792 -624357608 181852970
915513792 -437949585 126520735
-495193599 -624357608 -254337596
-495193599 -437949585 680439511
945980460 121223349 251700179
945980460 885524781 -645994241
103270980 121223349 34905685
103270980 885524781 -735313652
-34991854 746669694 -737875526
-34991854 -376811585 567597142
842084242 746669694 780341258
842084242 -376811585 -387724576
-582001897 -832519232 509988588
-582001897 -558907382 925832922
-150993436 -832519232 288089390
-150993436 -558907382 63142436
322464994 619331980 822711759
322464994 -691562095 -943993782
-390120107 619331980 -939995641
-390120107 -691562095 33144609
855988227 915123737 171765746
855988227 332026720 -79364413
730114521 915123737 -903279919
730114521 332026720 852479661
238184530 -364624979 -62556333
238184530 763876686 -750188083
-321476202 -364624979 -38734876
-321476202 763876686 -869030259
344068995 -120803583 -514303986
344068995 419980634 987731830
-500626376 -120803583 71160048
-500626376 419980634 151715435
-902216705 472446415 663713552
-902216705 754517607 -651228685
-114174152 472446415 668393742
-114174152 754517607 -930294361
-667505875 343368789 -948123267
-667505875 152306787 -504445367
-574369923 343368789 -393197498
-574369923 152306787 -950555074
787825981 -139292388 -280876472
787825981 403446816 -276454413
-285387369 -139292388 -954335911
-285387369 403446816 -39320589
688448016 53180727 -639041040
688448016 -192236103 -402976470
-897881047 53180727 -298174502
-897881047 -192236103 514524529
-933995986 -888481251 586174733
-933995986 -977443527 24650567
68282368 -888481251 809999470
68282368 -977443527 -687259346
-54528992 616178713 675606713
-54528992 -888277422 628530970
-757625360 616178713 568583755
-757625360 -888277422 -768220135
788558813 961570492 -496795972
788558813 202218545 -853164585
-596941883 961570492 -9291720
-596941883 202218545 -314229889
-192520262 269131567 -506406582
-192520262 -546149524 -671728976
-986177555 269131567 80781756
-986177555 -546149524 -785870203
-203096237 -965262232 -266672441
-203096237 -980096838 705147863
745274508 -965262232 859548749
745274508 -980096838 561259546
873868909 -978594310 567220431
873868909 40867663 -676300763
-868986372 -978594310 -12336492
-868986372 40867663 645199553
-770778533 -762814325 691344698
-770778533 -322515362 124935542
986369470 -762814325 -380191506
986369470 -322515362 354989722
695097327 137951688 -102608593
695097327 252472998 687379975
696984761 137951688 -675769692
696984761 252472998 452294940
-863460321 -774353739 210268971
-863460321 -168199168 -152073002
202379979 -774353739 -992202316
202379979 -168199168 -918320776
973990277 -159350487 -682149116
973990277 -389506390 -689304510
-879984513 -159350487 782703198
-879984513 -389506390 -297832240
885146997 63592405 -816226568
885146997 822238156 -811296832
559826842 63592405 543395806
559826842 822238156 -386904095
-367510714 54061932 -101549651
-367510714 729486653 -952197576
-440495758 54061932 -994333460
-440495758 729486653 -971032091
-874312299 -665451298 92996632
-874312299 582016370 -28216883
-915945293 -665451298 548037418
-915945293 582016370 863049917
4038413 339496364 -439984977
4038413 -910648456 395580774
180614958 339496364 747628954
180614958 -910648456 474933868
762089874 -32432040 -803410337
762089874 -568016420 -562855016
564461539 -32432040 382819222
564461539 -568016420 -330487178
869849814 343672778 -878792548
869849814 933353593 676978889
231860243 343672778 916473890
231860243 933353593 590066261
-917591850 651056696 879372630
-917591850 701270997 497163623
906569193 651056696 -954033649
906569193 701270997 986648715
344611298 -988685037 -953248531
344611298 7822796 -870204132
-331154620 -988685037 -713855249
-331154620 7822796 829412011
231706270 246219725 695581581
231706270 117689130 -584680074
115262780 246219725 -453200370
115262780 117689130 -957322926
-333179724 154894301 943071762
-333179724 -894320862 -521776188
-155833414 154894301 604536571
-155833414 -894320862 -270540399
-214533603 512514433 -674748288
-214533603 -936527857 -117721982
671920648 512514433 -541963840
671920648 -936527857 803342912
-807150353 417336368 -868758154
-807150353 -728970309 -632179481
-272304494 417336368 509181863
-272304494 -728970309 -403952959
-164229410 -943917044 -116321339
-164229410 -275754864 128161897
19177487 -943917044 198350412
19177487 -275754864 403145858
-330597343 -501046751 -673857992
-330597343 247885282 710515480
-197681019 -501046751 -817793386
-197681019 247885282 -968576059
623821420 -583496968 -841731859
623821420 -852793640 -137948512
-620904661 -583496968 -298155240
-620904661 -852793640 26432926
-307851681 3507116 -986726308
-307851681 680906525 -313927849
-274079233 3507116 670575070
-274079233 680906525 638011318
