2000
929506214 -374268787 -145650893
929506214 -943866026 621698368
-694585193 -374268787 36214976
-694585193 -943866026 -706612249
-323806375 886787248 -109886728
-323806375 496729840 -920170969
-905035588 886787248 -449256488
-905035588 496729840 -666678156
-926417238 -575838823 938890575
-926417238 -376679473 -556535659
-411331837 -575838823 -547916681
-411331837 -376679473 340346412
-955103714 -493844734 -551895305
-955103714 496045679 -764599850
26288875 -493844734 490103823
26288875 496045679 -941270544
526084009 -761619911 -371754663
526084009 -946193258 -186222794
775710545 -761619911 -336269925
775710545 -946193258 795611806
970042880 383532767 655993354
970042880 -296066049 647073940
-939514956 383532767 170390408
-939514956 -296066049 -723119644
-245909853 -712036129 161067741
-245909853 -197115211 -932731629
170850565 -712036129 482913091
170850565 -197115211 208939289
-567241550 -985433680 -584966650
-567241550 909262384 -673044829
75529544 -985433680 -884434435
75529544 909262384 -201414814
27038704 930199763 -591137029
27038704 494805356 92699514
978458521 930199763 326558671
978458521 494805356 -750183022
-604935019 -330658338 -838843446
-604935019 -873899771 579857659
577294030 -330658338 -707993808
577294030 -873899771 668464430
-772098245 336521981 421319857
-772098245 -461998183 25303671
688849875 336521981 935673429
688849875 -461998183 921795179
-330700811 160817240 -855287514
-330700811 349255523 250528486
400622030 160817240 647455975
400622030 349255523 281725434
-191046438 -471484108 -164751003
-191046438 -468501975 -948542766
376848026 -471484108 -182656198
376848026 -468501975 500643265
-716309286 -791152582 -428368713
-716309286 969901304 -939092735
736325856 -791152582 -981145225
736325856 969901304 571442712
-41682000 469748734 474446562
-41682000 601420114 484390672
-885405972 469748734 59493427
-885405972 601420114 263873990
256926881 -79134479 97359141
256926881 905530136 587605103
457481010 -79134479 50507366
457481010 905530136 710241754
115446277 491348506 760810454
115446277 -662101996 -775919096
-619314956 491348506 686049668
-619314956 -662101996 -304931284
-852226312 -954506696 204717198
-852226312 856047867 -707111104
-861999347 -954506696 640429705
-861999347 856047867 -954931753
-781269973 -962791669 534967076
-781269973 910776898 318609127
-118092170 -962791669 951716015
-118092170 910776898 -647707202
750941356 -409309659 -631352465
750941356 991988273 -691031908
162228392 -409309659 -766951937
162228392 991988273 780993056
260109487 714053980 -847082338
260109487 -751805396 949348061
-256307438 714053980 -798111715
-256307438 -751805396 168685625
994147942 389580095 348230311
994147942 -244771690 -969155936
-79934426 389580095 234742367
-79934426 -244771690 188225985
394914527 746937914 -169082016
394914527 999051852 -321338056
795702355 746937914 21978659
795702355 999051852 937604289
-312035140 105133742 -260706953
-312035140 598643191 -758242021
436369532 105133742 476399730
436369532 598643191 -595262093
-865755183 -587027939 -878739127
-865755183 20024822 -704418608
215903406 -587027939 -872944088
215903406 20024822 -494016185
-755301272 117348631 -75890381
-755301272 -170193588 870125017
725096173 117348631 -409106754
725096173 -170193588 984984602
-661582803 444195041 -238485984
-661582803 -978173276 921572488
476846882 444195041 -11661421
476846882 -978173276 -628269482
-266981382 253148249 -999116406
-266981382 671906435 -114503761
-475259636 253148249 -876356605
-475259636 671906435 -927772962
984136359 278563187 590646801
984136359 -335264043 -280202131
850667116 278563187 -39799016
850667116 -335264043 -795796298
-581212900 -477617731 300924136
-581212900 -863920761 -376240734
-840379365 -477617731 -758651319
-840379365 -863920761 374273485
499849127 -770708406 745341821
499849127 -680884998 -313700939
20072618 -770708406 534497579
20072618 -680884998 -804921498
-839906800 664516853 -648902427
-839906800 831919218 -102728583
239706196 664516853 -736840572
239706196 831919218 -663373310
-122166951 -318933581 40235982
-122166951 210910989 297942076
-459334233 -318933581 968199882
-459334233 210910989 793475338
46584359 589900981 -330104634
46584359 -181245145 -232808857
41594394 589900981 -928190215
41594394 -181245145 -402712340
-879676536 -305439763 717164092
-879676536 -218882823 685271622
-688109168 -305439763 -928760850
-688109168 -218882823 -796132820
-516987556 -973784911 -990946140
-516987556 -326545784 428251180
-803165294 -973784911 -885170205
-803165294 -326545784 -182448091
-328653935 -735698374 293106390
-328653935 -230442745 252998743
-143639629 -735698374 563527433
-143639629 -230442745 -179031286
-500702093 196503484 -613513617
-500702093 -534536039 -255541572
173405114 196503484 572887710
173405114 -534536039 370384923
-287283647 -219647992 -858920110
-287283647 118101781 -784764244
592564437 -219647992 233520868
592564437 118101781 455682183
-429489213 -292456940 -154045356
-429489213 -193532719 471773807
-633879133 -292456940 -952177113
-633879133 -193532719 -551644139
-253625976 -410522322 -104930593
-253625976 -723460497 594977473
673811718 -410522322 987606367
673811718 -723460497 323904330
-382111360 -646792217 781303199
-382111360 -578065623 -964497622
201731624 -646792217 432195497
201731624 -578065623 469904166
-575071098 119578954 -262217275
-575071098 747443625 867487406
-415184683 119578954 -661506495
-415184683 747443625 -518216644
-967426950 -693906672 562174421
-967426950 -616978624 327542627
-88388378 -693906672 -623889055
-88388378 -616978624 257180991
-986071805 -382276665 -315126160
-986071805 -559541185 224385419
-519220760 -382276665 -200156140
-519220760 -559541185 -719554057
-542616841 913871310 -622663833
-542616841 599044131 -219958849
564418446 913871310 713681962
564418446 599044131 -444749537
-116894959 28229113 -908567560
-116894959 941730563 736287267
109646065 28229113 205472811
109646065 941730563 -864058818
244692761 -969067327 779130519
244692761 67659014 -985828233
-888522063 -969067327 914064457
-888522063 67659014 341513065
-631491881 431217607 794831604
-631491881 -961183968 206912152
-673313699 431217607 495400537
-673313699 -961183968 -580340227
805054103 -915293762 -926703707
805054103 -353612608 -986647916
248406177 -915293762 733095887
248406177 -353612608 -914342166
353453661 163202147 940584124
353453661 339424499 167940214
-407154574 163202147 71802584
-407154574 339424499 746890558
637759837 609094246 -440777009
637759837 -396546447 -355682394
899810653 609094246 305222386
899810653 -396546447 202114531
-613794925 -659401049 -744653769
-613794925 -587251531 875968574
-927227675 -659401049 -623049672
-927227675 -587251531 -364258045
904299059 -8482896 -841968984
904299059 222043113 580426288
-17442096 -8482896 358924120
-17442096 222043113 378007531
113150362 -88587158 -649279552
113150362 -467839502 931551650
-924371736 -88587158 -617337672
-924371736 -467839502 -50071968
-66727261 -878558946 659061418
-66727261 -936082452 132580215
-970843244 -878558946 -694138337
-970843244 -936082452 145365275
-941501038 -433774995 -680632643
-941501038 -648895560 215404574
-642926028 -433774995 255841973
-642926028 -648895560 -221821349
161795611 -855515129 201330079
161795611 -719774376 695157154
-134115646 -855515129 -698536996
-134115646 -719774376 -588583983
282934891 630522629 -104548032
282934891 304022925 -679939374
886327736 630522629 -371771314
886327736 304022925 388505198
401711799 230034429 -468758303
401711799 -876232233 -698891800
298997538 230034429 183376821
298997538 -876232233 -559616495
-441129276 373973096 -15493766
-441129276 -940860879 844023413
-412193304 373973096 -741192576
-412193304 -940860879 -322187754
831410753 654129145 -595399079
831410753 -343279701 -899078675
-673988098 654129145 -515022736
-673988098 -343279701 23201509
831732225 956691390 874013249
831732225 -512838129 836374259
-54952864 956691390 360747954
-54952864 -512838129 -148290092
-546313564 -635553400 958462852
-546313564 728624892 -509534071
-881110025 -635553400 -4221388
-881110025 728624892 107634120
-336699255 -887065982 -603063841
-336699255 111055322 152520060
-400162222 -887065982 -438126860
-400162222 111055322 -485765989
-969375209 612885194 250111681
-969375209 357641303 -910186369
-168988085 612885194 -416596120
-168988085 357641303 656096100
161648986 343376194 -760183730
161648986 -222355544 -258618838
-927732192 343376194 -732939547
-927732192 -222355544 -959830797
-10924899 -784496147 -157122500
-10924899 447038767 -997120234
750796238 -784496147 695654834
750796238 447038767 642656193
992141642 -374435727 -873213643
992141642 -644905282 584279046
-671932002 -374435727 185311635
-671932002 -644905282 -161807231
574327235 92231297 -693959715
574327235 653124627 963287953
887916776 92231297 -324101443
887916776 653124627 -695964460
664038562 -740860071 -116715300
664038562 884701650 -35025141
167912406 -740860071 332871488
167912406 884701650 477229809
-112817694 -764019824 -971492623
-112817694 486867334 -172066664
-181638474 -764019824 -248489888
-181638474 486867334 -334834244
377862991 966735771 53089096
377862991 -557789964 113456150
136414008 966735771 -790760796
136414008 -557789964 91073911
305192602 627095041 -645251349
305192602 -518079572 -463272405
530697089 627095041 34786423
530697089 -518079572 -895601885
-177502744 -15448936 38752538
-177502744 -848124066 -153434685
-727805388 -15448936 9523537
-727805388 -848124066 -218943336
-942414519 -793382884 -776563431
-942414519 -87882933 -95725999
632464714 -793382884 -580971102
632464714 -87882933 -775217289
937730386 -908431269 482356473
937730386 310286873 -822024686
-806495091 -908431269 -419866162
-806495091 310286873 161229181
-971560050 -718957199 478080883
-971560050 -63574125 -826794699
-929877988 -718957199 169515168
-929877988 -63574125 698290101
-201600945 917686659 -340488987
-201600945 -551946318 895847319
441060465 917686659 999725529
441060465 -551946318 -848012604
-245326025 -686494045 421396110
-245326025 -339545452 110410663
-174067003 -686494045 -574634051
-174067003 -339545452 -721128791
-283035229 128451742 -201919398
-283035229 209733951 -46739779
-553454836 128451742 -796991395
-553454836 209733951 -880712795
457495959 -985043061 926120722
457495959 213447679 -719935169
-636733831 -985043061 643101595
-636733831 213447679 -620040966
127858222 295499384 -278956390
127858222 -293921021 -367311544
-73591861 295499384 -826143258
-73591861 -293921021 -222761734
865791518 999276455 -290936525
865791518 -246981503 745367317
-941463096 999276455 -664266643
-941463096 -246981503 -543876368
490975298 194676848 612628915
490975298 232934507 -573082857
-519504988 194676848 -680239564
-519504988 232934507 848773487
291713637 419164366 -251302784
291713637 -490811252 875468618
250898508 419164366 458240153
250898508 -490811252 -514341814
402935240 -91013264 -624369836
402935240 601466211 -603785060
-247561602 -91013264 -911473667
-247561602 601466211 430440322
557698682 -423703422 -291137653
557698682 -73780488 -723404361
-875049286 -423703422 -163801878
-875049286 -73780488 -551221136
141648174 -942243415 -942792589
141648174 94004075 -336597688
-871838961 -942243415 -225099120
-871838961 94004075 673501961
801847646 -74564914 739159168
801847646 -670209662 -45876872
617759700 -74564914 -276372556
617759700 -670209662 253601179
-858413094 -44734904 -581733023
-858413094 27493185 811999202
-904076778 -44734904 419468360
-904076778 27493185 -416233072
125403148 383007045 622468516
125403148 187518800 55708023
-507573713 383007045 -871483692
-507573713 187518800 -899024103
851016769 -529243626 173956812
851016769 -484569126 66953091
-263396579 -529243626 591667711
-263396579 -484569126 -130937377
-66967921 598326051 -424552853
-66967921 393966277 579263649
-32388169 598326051 -904539023
-32388169 393966277 -94561158
-899687778 -843521295 -695567004
-899687778 -883575143 921581691
569110822 -843521295 -115274181
569110822 -883575143 -947272621
-119751816 734334122 -77967175
-119751816 -704754383 337813978
632885190 734334122 3089089
632885190 -704754383 807845926
554451615 -606094860 -468757062
554451615 -698995416 -373653260
-427961730 -606094860 342619728
-427961730 -698995416 -692378431
-331295414 13897463 -426937845
-331295414 30150262 -798519307
-358840075 13897463 -60241335
-358840075 30150262 392839455
-955508576 -855236801 976073183
-955508576 627782370 709347532
-372295606 -855236801 290897601
-372295606 627782370 101308959
672653982 -210549441 -695815521
672653982 -965458515 -882436785
959908013 -210549441 602846858
959908013 -965458515 615950652
244578848 -567800468 -252051795
244578848 -494046589 -344945158
-238811598 -567800468 822212288
-238811598 -494046589 389288640
-184271721 -873029288 -828970700
-184271721 982076289 -355365451
918842424 -873029288 840944491
918842424 982076289 352644535
-186411139 447779578 -973793369
-186411139 -461950310 -911397139
598411455 447779578 -677104274
598411455 -461950310 69569134
521103778 944300254 -536159153
521103778 -124400491 -438088064
-770179588 944300254 -785462033
-770179588 -124400491 -17227421
-633315229 479712387 229708997
-633315229 979718621 -766988148
72267844 479712387 733375761
72267844 979718621 -81118272
-972562011 -578745963 -468507710
-972562011 259330973 998496172
-440837223 -578745963 -120783859
-440837223 259330973 704663293
686710359 -532593817 533359320
686710359 764731890 547673609
730633165 -532593817 298668794
730633165 764731890 -844957113
-994828735 -361262775 -470716010
-994828735 -182835887 -810355768
316977288 -361262775 609813738
316977288 -182835887 -121319110
-39095448 -418621210 -673137253
-39095448 374436751 -604526076
880777243 -418621210 37080790
880777243 374436751 -906021460
9464949 -517598704 -738925913
9464949 36470156 435756350
638813739 -517598704 262520098
638813739 36470156 427633639
-6803991 -1548341 340190718
-6803991 -259115443 -344835754
-977907875 -1548341 -963501105
-977907875 -259115443 541273332
-193363170 433447508 90144306
-193363170 237783218 -471260824
-238404440 433447508 -364170617
-238404440 237783218 -586321526
440238400 537758431 -50321157
440238400 -925874102 503387858
-7025404 537758431 -624636289
-7025404 -925874102 512576692
549373928 240629574 971671169
549373928 -704673970 -349804360
-196378250 240629574 -376738534
-196378250 -704673970 -843230744
-92121326 -201517716 -876972881
-92121326 -872486594 606003723
-69812006 -201517716 -14111420
-69812006 -872486594 -640140890
-293095438 -930498769 77506203
-293095438 88755293 -367436309
-855874748 -930498769 -347953925
-855874748 88755293 -920839162
337870713 769389248 -607286546
337870713 87774379 -721281890
72515425 769389248 9917639
72515425 87774379 188426952
-525026168 641343153 900781915
-525026168 -625576843 -846494592
-50363707 641343153 -340935272
-50363707 -625576843 529394821
839138973 -6236947 -472332473
839138973 -567409793 -953084871
757071959 -6236947 623959496
757071959 -567409793 18942183
902995409 -966978936 -546130393
902995409 -730150699 248163813
604239436 -966978936 -930359375
604239436 -730150699 481042637
572848126 39749111 273752304
572848126 -410626026 -911318359
-454427896 39749111 -655123312
-454427896 -410626026 475925794
66462141 187181938 -49865570
66462141 740277326 -717292921
-938552064 187181938 869347255
-938552064 740277326 34147845
771381754 811018927 147301096
771381754 551756562 -178041507
518617736 811018927 11245927
518617736 551756562 -534218053
-249136083 746921417 143808461
-249136083 -769060746 -992928263
-724810805 746921417 -285074985
-724810805 -769060746 -99439586
-235618234 -840644205 794573303
-235618234 -342699540 413371482
876299915 -840644205 -521106749
876299915 -342699540 -514882663
-685849130 445338208 305531672
-685849130 -584093495 -557109712
516018562 445338208 203237763
516018562 -584093495 8894261
886916831 184078476 -754951076
886916831 984280641 434052286
229547932 184078476 497553763
229547932 984280641 -556062421
150402026 -157965271 -790254386
150402026 -367914063 910680791
983696466 -157965271 474970161
983696466 -367914063 568306348
740593523 -852377420 -970116348
740593523 37948712 766035817
365964227 -852377420 -383907439
365964227 37948712 -402843281
-152254535 -983545248 -329096576
-152254535 623508925 -163420013
209546589 -983545248 -89787370
209546589 623508925 -349401259
163340853 536465290 -439536137
163340853 -790493270 65549856
232854606 536465290 -103035466
232854606 -790493270 -614766230
-262990324 -870360295 889352047
-262990324 -999701032 709857012
-315759510 -870360295 -841165217
-315759510 -999701032 107653857
595063249 -312370758 -70156774
595063249 -392518445 697940831
517647258 -312370758 681454898
517647258 -392518445 -837912041
-322069327 330731172 59278513
-322069327 43207504 -51082432
566480837 330731172 -102941981
566480837 43207504 21903229
-87144720 -986916324 -552847108
-87144720 -84028500 865526422
-887478377 -986916324 -441442906
-887478377 -84028500 -103063507
636997253 -40754607 -195373198
636997253 -325205275 31439109
524649697 -40754607 -939916670
524649697 -325205275 -636448588
604683171 -372060547 -946364427
604683171 184889219 488422586
-202700683 -372060547 -24706427
-202700683 184889219 -102464486
300011535 31916674 -771907559
300011535 -727940399 -939514798
-980182144 31916674 -120467685
-980182144 -727940399 239492536
371725227 -906779694 913933501
371725227 -624020333 -856381337
-545064883 -906779694 45850749
-545064883 -624020333 881552676
-653776942 828443343 50492893
-653776942 693043546 245143471
-34801005 828443343 958467884
-34801005 693043546 -379501050
-961117570 -270110512 847429035
-961117570 75642068 -816145908
-638211523 -270110512 -148899103
-638211523 75642068 -708951916
-485764745 -127235788 -195330756
-485764745 -693286704 -975950307
200983399 -127235788 404848163
200983399 -693286704 619668049
-967175075 -749531899 -279502149
-967175075 -456068939 -626706467
977737475 -749531899 334236562
977737475 -456068939 814652652
-572991307 -722931703 817463941
-572991307 -687259013 -567294086
-252852167 -722931703 -893666163
-252852167 -687259013 -196342550
-982726253 727899860 543285375
-982726253 152425435 596297914
342662653 727899860 -718600269
342662653 152425435 -370113711
-858295825 57125807 928384978
-858295825 929034450 -830342371
150986386 57125807 -691114785
150986386 929034450 661573524
799060670 -526070947 -962494998
799060670 -712761068 284182992
-359715873 -526070947 853504160
-359715873 -712761068 -915032898
-261607921 -276171073 709648272
-261607921 -429602031 -853219405
735381923 -276171073 -576537002
735381923 -429602031 953874486
-973591881 775582290 649592959
-973591881 811253198 -933301210
537296913 775582290 680594550
537296913 811253198 153950130
-917081451 -875623808 -902113132
-917081451 -340963847 284656501
710827344 -875623808 304717739
710827344 -340963847 -11429221
-552111349 809944485 534708245
-552111349 558318331 894066944
297459224 809944485 491971153
297459224 558318331 992567593
-147637975 -348766097 408605658
-147637975 -431672241 -295312374
-677344697 -348766097 -890327412
-677344697 -431672241 604707620
48902273 -878934790 -415401546
48902273 -978125749 -772715437
632181741 -878934790 928768331
632181741 -978125749 786761025
-7582689 563196877 956464090
-7582689 -134093863 -638520308
919154111 563196877 168210734
919154111 -134093863 88951336
-551145552 130667999 -414352625
-551145552 317046879 21069827
808816603 130667999 -492234260
808816603 317046879 -296500321
835558674 58662920 -247062198
835558674 -882934833 -148566015
285861052 58662920 -225083704
285861052 -882934833 958192071
341912798 380525362 -139735730
341912798 786005207 -425835339
-446620461 380525362 -482805338
-446620461 786005207 -679403994
871395313 783213847 -807461104
871395313 888976375 -982865534
-797263566 783213847 679194040
-797263566 888976375 -579886619
640512027 155216193 -725091869
640512027 562424807 -800289737
-616085706 155216193 957806973
-616085706 562424807 -632611641
10950446 217607399 -779390372
10950446 268126970 221010062
-829868279 217607399 -704450371
-829868279 268126970 -416172
312287771 106587686 -258876628
312287771 -372899076 -196278276
409012633 106587686 949546378
409012633 -372899076 629046075
-489317607 690203821 766868674
-489317607 -40355864 -526447441
-986093534 690203821 -155305680
-986093534 -40355864 -368932970
-210785363 -542149095 631275312
-210785363 -982694723 733699889
-683194665 -542149095 906003491
-683194665 -982694723 409511700
-430511591 -881853384 -117315698
-430511591 -624015812 2601264
-128104097 -881853384 -869152561
-128104097 -624015812 95745880
-815808812 -722910067 498098343
-815808812 29386337 946441980
974257821 -722910067 -953178248
974257821 29386337 -944413861
254535182 -106621443 761825616
254535182 953261252 476325785
464187536 -106621443 189757557
464187536 953261252 379219553
612976780 -668624927 46577726
612976780 -980502915 631401001
-66625017 -668624927 -444294932
-66625017 -980502915 46403343
135225391 -665496290 720348031
135225391 -431059341 402163824
782915115 -665496290 60182303
782915115 -431059341 670989203
101124441 106548392 759570754
101124441 -14509416 810687384
-749548265 106548392 980508073
-749548265 -14509416 785751138
-269369563 48255857 447714973
-269369563 -500521193 -945775584
550872547 48255857 -822887563
550872547 -500521193 -986175327
-861903170 -312051552 -418092033
-861903170 -698922754 -282218250
-216056507 -312051552 804938298
-216056507 -698922754 861248770
-935406686 -481890710 170976497
-935406686 947866727 -554445544
289182429 -481890710 -872583318
289182429 947866727 331557946
20547706 -941669650 -273873826
20547706 74626193 575131384
40683188 -941669650 -622973948
40683188 74626193 -977298128
-953771612 548607032 59650885
-953771612 -912198061 166405345
-33847924 548607032 23600152
-33847924 -912198061 52879301
-464969360 164148075 367677225
-464969360 -39315661 -147733750
-733881894 164148075 -763102936
-733881894 -39315661 -900289735
-713972232 -389999975 752767320
-713972232 -143884952 -953094934
-183515899 -389999975 582342560
-183515899 -143884952 -965836322
694533019 964153991 -446533444
694533019 -878151648 -990256013
219246784 964153991 120341659
219246784 -878151648 -476763539
-422763584 -170412446 -974218021
-422763584 535323205 368118961
-328249899 -170412446 646646270
-328249899 535323205 143031169
497342873 779031509 -947912009
497342873 -871126129 650814572
625860343 779031509 -574253269
625860343 -871126129 680272913
-749693178 -63749944 245452441
-749693178 -324001490 -399996999
8425617 -63749944 -987677739
8425617 -324001490 -979859665
7322425 593277027 769672340
7322425 -147385920 842602391
-874629193 593277027 667326382
-874629193 -147385920 61463969
46666952 430472095 879684114
46666952 145963441 -868608349
782573601 430472095 -549440995
782573601 145963441 905345403
836014766 -488656021 -110797098
836014766 596463984 909142834
249525117 -488656021 -809284503
249525117 596463984 975349566
-389010193 -963950708 -724212891
-389010193 480582375 -367107286
789780132 -963950708 367747333
789780132 480582375 899002266
-941197586 290282997 565467617
-941197586 -891981672 -581955989
-480508191 290282997 -200604233
-480508191 -891981672 -940078345
156765433 383831581 -955563504
156765433 -57276781 -843748624
-772086415 383831581 -834775072
-772086415 -57276781 -404854385
396502685 944820212 -695008870
396502685 492816694 -952552488
238598945 944820212 -280051750
238598945 492816694 -890758181
865416144 -695229259 234216215
865416144 834004782 -310868749
-821639962 -695229259 810602425
-821639962 834004782 716371316
268046684 -748196914 560969394
268046684 621661237 240057512
138914261 -748196914 199733707
138914261 621661237 186390233
596482076 -271205729 379284595
596482076 877874170 -296038220
310157312 -271205729 485838583
310157312 877874170 830145153
-548522932 429985251 -566361909
-548522932 557710709 -918485190
-612258711 429985251 805477430
-612258711 557710709 700173375
-928797417 -473345134 -416821686
-928797417 -670323093 -147632635
-424869604 -473345134 -600633727
-424869604 -670323093 544757707
163806783 -806625701 -589293702
163806783 971960436 134145869
878051904 -806625701 -997790247
878051904 971960436 -539335988
279046281 411253609 -59139153
279046281 -711446594 -841569724
152167249 411253609 347775179
152167249 -711446594 -609966564
-347665894 -523619552 -468444584
-347665894 916509587 -905825792
-107758955 -523619552 785365029
-107758955 916509587 -366152259
-981385157 -246343087 -511022197
-981385157 349736601 563751042
31420661 -246343087 431053916
31420661 349736601 -194873517
437359328 21555418 -156697084
437359328 563629726 -784940598
-762215641 21555418 844324395
-762215641 563629726 389978868
-470439122 -470070008 -456957465
-470439122 -977241885 582695516
534089407 -470070008 -395094818
534089407 -977241885 926666643
-891421124 317681748 -66247807
-891421124 -613169550 -535326797
-781365727 317681748 -18914530
-781365727 -613169550 -969256900
931362840 735861822 -349385326
931362840 -172405449 -208102759
778641847 735861822 -684841521
778641847 -172405449 721332549
49518818 878416618 -982343083
49518818 -456458562 -745410258
922547920 878416618 369333013
922547920 -456458562 -480794198
-470459937 879363170 453110504
-470459937 95244106 676579082
-975293213 879363170 -954955412
-975293213 95244106 728960571
837142031 -970990017 -697804374
837142031 -507322494 -883313283
-356977829 -970990017 -561820984
-356977829 -507322494 896513640
68935887 -607242849 -205962243
68935887 890234459 -124991801
-633963725 -607242849 944810162
-633963725 890234459 -835503051
-173439237 947427226 159014973
-173439237 989432603 644508839
-856340058 947427226 -766397258
-856340058 989432603 330255067
942106085 -755173877 823669177
942106085 -504646758 -482530530
-695500677 -755173877 436991048
-695500677 -504646758 801602222
-727128458 -813470189 389914191
-727128458 402581184 518522553
116912568 -813470189 726106762
116912568 402581184 944385709
-840988032 858304302 540833693
-840988032 3771053 1686140
714499558 858304302 -630369125
714499558 3771053 -74139632
-453445742 685584203 795299136
-453445742 259975171 33580887
-63685439 685584203 -338522949
-63685439 259975171 -454786701
975119150 -813771314 159157765
975119150 -140673698 -966384864
-864505730 -813771314 -585109296
-864505730 -140673698 951059343
-725085935 951071190 -801927700
-725085935 160740119 981758754
-641510135 951071190 868824021
-641510135 160740119 548344588
-15808844 -688409732 -960251740
-15808844 -177013595 -711048868
-997613418 -688409732 -542427968
-997613418 -177013595 641425162
993609199 -76793038 890332966
993609199 -888628626 -118010651
551380665 -76793038 898139782
551380665 -888628626 -627707578
-532590479 674355913 643934042
-532590479 -384474185 618392006
-861996286 674355913 973215556
-861996286 -384474185 470926980
700235050 -522833347 -208635113
700235050 504945105 32615636
992946187 -522833347 563731540
992946187 504945105 -723808988
-292529559 -869895115 -727945062
-292529559 330569775 56501308
-878882667 -869895115 601535437
-878882667 330569775 -688654716
-935072673 -808954701 -960398542
-935072673 -817826374 -460456874
915927627 -808954701 558849380
915927627 -817826374 432091850
-293811230 -753186442 925781004
-293811230 6990977 -592743145
-303210742 -753186442 -89456577
-303210742 6990977 -925268112
118779285 -893158304 -353107894
118779285 288381711 -704550658
547634768 -893158304 -451106528
547634768 288381711 97606439
726839546 -933738248 339614338
726839546 -758307367 288182415
813311209 -933738248 769123494
813311209 -758307367 -162928680
608514418 -698728013 -852500239
608514418 501615227 -653951972
-859226682 -698728013 958189695
-859226682 501615227 325159364
670667861 -108623063 -358824923
670667861 -955705427 815783151
-490713049 -108623063 -613952559
-490713049 -955705427 -923391760
-643715833 -828667199 58233534
-643715833 -309066629 -495290166
292037383 -828667199 582941501
292037383 -309066629 -825248186
-586440606 -865146771 -433614293
-586440606 947186701 -796844148
-819926412 -865146771 -984620740
-819926412 947186701 288716596
818531866 -861930134 -66327916
818531866 653352051 -141639560
-672888234 -861930134 622109979
-672888234 653352051 591584757
-823105969 561457637 -358786981
-823105969 583278671 -895310265
985228753 561457637 -869289241
985228753 583278671 -228015841
-408084666 886893911 -425251479
-408084666 198477233 313853075
-241035903 886893911 454974199
-241035903 198477233 64435128
351206894 777928439 -859508013
351206894 963924915 531096012
-976581615 777928439 -769162058
-976581615 963924915 -959354510
-95111893 -325353491 -604583710
-95111893 -233811575 511256275
-895481846 -325353491 -981049411
-895481846 -233811575 839471611
568424705 -757119204 -863034851
568424705 -297356251 -104982242
-683847734 -757119204 -404640380
-683847734 -297356251 -255372617
-714593610 -239659597 -697680941
-714593610 214452486 535038964
469850887 -239659597 588320762
469850887 214452486 -107172978
723827818 663422300 467077131
723827818 757572467 580329554
-174837537 663422300 486324181
-174837537 757572467 565440961
-708493338 527284453 -869467151
-708493338 130641945 791450331
52823351 527284453 660805473
52823351 130641945 24426375
-751721574 222482446 -20925220
-751721574 -989310588 672715833
-18874179 222482446 -317754279
-18874179 -989310588 -757518457
-261194071 467611618 754878185
-261194071 491997615 -926102469
-856562777 467611618 134368783
-856562777 491997615 484738481
-771776050 445150384 146439514
-771776050 991853799 -945691402
-59260679 445150384 676301239
-59260679 991853799 -899418978
513892112 94389861 655728635
513892112 -276975847 915495342
-945035680 94389861 -978980358
-945035680 -276975847 917341783
-762409910 -716926611 -287429227
-762409910 -477033744 -8506625
253030793 -716926611 -755943340
253030793 -477033744 -973746520
-892416955 -239916712 24606614
-892416955 490841266 -402763438
-875659771 -239916712 15955530
-875659771 490841266 -549958853
-276383713 -834596370 395518393
-276383713 -55311776 -963497575
181148086 -834596370 -323966832
181148086 -55311776 788743953
-992403103 672181430 -594016105
-992403103 -658459304 -671354557
690879158 672181430 -235403226
690879158 -658459304 811080537
550922500 -790820421 74449370
550922500 846910204 759137776
-358593560 -790820421 -701999391
-358593560 846910204 -185379062
183203568 20963560 -939813584
183203568 -427236610 898282667
809117539 20963560 -715834078
809117539 -427236610 221181679
-948925116 -988209190 159598790
-948925116 -900199829 -912020366
927753958 -988209190 -4534162
927753958 -900199829 -47824515
224519669 -351984828 10786798
224519669 -196927902 974593706
831706231 -351984828 444415309
831706231 -196927902 -569871731
-901089245 365361948 -30430985
-901089245 -860126829 -133378447
-942008645 365361948 734221859
-942008645 -860126829 -910729124
-839752071 -701514115 -699561236
-839752071 -291487344 -520830625
874786239 -701514115 -102691873
874786239 -291487344 345057557
-316958433 -381811757 455936996
-316958433 269977843 -258363265
-773526245 -381811757 934133887
-773526245 269977843 432621999
98054010 -354248909 -416375797
98054010 322928522 -972798082
944975030 -354248909 83600380
944975030 322928522 150789019
-659447441 995215430 298717322
-659447441 -489430798 722181937
896498981 995215430 282510241
896498981 -489430798 -54864839
712166368 -409502271 -282007095
712166368 -902063325 -668778553
808504971 -409502271 -309012327
808504971 -902063325 350021817
-545035798 917201639 901066069
-545035798 369716170 -146931151
615174533 917201639 -514176838
615174533 369716170 192898292
-894082956 -862512628 24604336
-894082956 -481209385 649992667
89457166 -862512628 -836346025
89457166 -481209385 -992016496
656108350 25954181 -880483133
656108350 -311705048 -304653419
667920759 25954181 962946523
667920759 -311705048 -275725807
-540845355 -253570891 -114332555
-540845355 592031775 -237762245
263269715 -253570891 -445531273
263269715 592031775 676192399
-185110701 -2813467 -283743990
-185110701 878086017 365689415
-844143170 -2813467 -660089175
-844143170 878086017 545467730
319100660 -78360371 -897768036
319100660 -603519028 852818991
-956039540 -78360371 -863993207
-956039540 -603519028 853759038
705662482 137319296 587358945
705662482 820148711 -538218713
718394011 137319296 -870695016
718394011 820148711 -398237656
887298010 809873361 -103948874
887298010 -317723789 42390868
-825813468 809873361 -918952348
-825813468 -317723789 -967615043
-965383134 129358164 -411635332
-965383134 -550396669 861299273
186543891 129358164 -994147035
186543891 -550396669 21101800
-683608391 74292182 693903630
-683608391 -25160355 145303694
335139501 74292182 -872140262
335139501 -25160355 -474085011
-309485275 -803403058 773062309
-309485275 -479836892 749153055
218165035 -803403058 189762968
218165035 -479836892 -82652964
-931587695 180581965 792166537
-931587695 -634217703 293714
689301391 180581965 -86136034
689301391 -634217703 -191734576
-651734480 -90058986 199113385
-651734480 452637285 977295248
261456901 -90058986 838259473
261456901 452637285 797990789
515204908 827799705 910459406
515204908 -748503674 827888839
-916421661 827799705 -996537605
-916421661 -748503674 -619449246
-196222362 596109693 420978270
-196222362 -389278389 -93614966
-913042305 596109693 -557964075
-913042305 -389278389 -301473706
212347834 180257152 -604010487
212347834 370588545 344475272
189216555 180257152 -167298507
189216555 370588545 -621138844
552713820 -843335454 313113289
552713820 134105552 14707526
-737795239 -843335454 572849084
-737795239 134105552 -893342388
930748355 51852637 -581581517
930748355 -968088095 694449527
393424737 51852637 301155371
393424737 -968088095 169191841
-951925432 151599823 -71265781
-951925432 482909771 -134812109
-983869622 151599823 -118282381
-983869622 482909771 -999430231
-456577124 -551778143 -923605535
-456577124 500476157 -88562326
-886528346 -551778143 983486125
-886528346 500476157 -501397498
-808629661 -393946402 -853846515
-808629661 847757532 710112155
-963478293 -393946402 319690232
-963478293 847757532 -508775301
487582811 -883089865 357616495
487582811 -931475732 867567978
-243574662 -883089865 -31001339
-243574662 -931475732 308289523
-751755512 771735 703599720
-751755512 -132699205 -845028369
-631088429 771735 472095292
-631088429 -132699205 257807205
213265089 65430965 -923525002
213265089 -431712375 77276313
563483923 65430965 -740257934
563483923 -431712375 -938576741
-810027349 891432013 190270390
-810027349 677091931 -712652362
-967354833 891432013 655921902
-967354833 677091931 839032409
-120933448 130044912 -582690804
-120933448 117769688 91666899
857570014 130044912 886086569
857570014 117769688 -644636608
720022565 -193675908 342633902
720022565 399269730 -837663216
-832768975 -193675908 -326508206
-832768975 399269730 -769325821
-317590387 811483150 -583688324
-317590387 814009459 597056030
656211993 811483150 -367263844
656211993 814009459 -649580087
350001092 700596044 389703075
350001092 383061726 398360420
962207995 700596044 739912750
962207995 383061726 675938920
-270724497 -424247618 457748492
-270724497 -292479779 176864155
-106471640 -424247618 -717163825
-106471640 -292479779 249577136
50797649 -154828716 -5840848
50797649 887563821 340141209
-382265971 -154828716 163708795
-382265971 887563821 98243540
243852830 -86499385 -902510458
243852830 -500882796 836886441
-126583900 -86499385 954123287
-126583900 -500882796 361249470
-25414776 243469293 126202420
-25414776 -932576074 713103439
376021551 243469293 452162596
376021551 -932576074 102480874
337932125 223854305 907215421
337932125 657737766 -67016860
759700547 223854305 393678521
759700547 657737766 -732297871
456310709 -807824929 967129149
456310709 -671681285 -656876328
629807795 -807824929 -927299062
629807795 -671681285 -87594444
-712446323 767953754 377475999
-712446323 -138787578 380586636
245194374 767953754 -90958211
245194374 -138787578 -650356789
-196348478 150263964 -599956743
-196348478 615568501 783504276
996332770 150263964 -801488397
996332770 615568501 347230876
546977245 -848981617 -484832254
546977245 -958774042 519980202
553805013 -848981617 -921962516
553805013 -958774042 979290126
-162599319 -929921658 768727450
-162599319 573103507 83865819
734973750 -929921658 359760266
734973750 573103507 -173439357
-164574985 -356693527 -339623626
-164574985 -890051016 543709269
-786877344 -356693527 -317580922
-786877344 -890051016 -142074926
483991690 -683765184 947217256
483991690 25672534 508153622
-861143543 -683765184 687088608
-861143543 25672534 -390976893
-853401310 -866978637 221120134
-853401310 905845852 130192483
21550521 -866978637 -45198750
21550521 905845852 -460236721
-664578233 -398634522 -193436040
-664578233 868565073 -639190789
881479903 -398634522 536911580
881479903 868565073 -895947925
-851662328 486885789 948004863
-851662328 -410887467 265888721
326840194 486885789 262801002
326840194 -410887467 -663858476
274586319 -704893106 531862432
274586319 -500692357 217454205
105731463 -704893106 -30175692
105731463 -500692357 965964134
708742847 299600070 -949498031
708742847 411176264 341673422
-962644979 299600070 -195045529
-962644979 411176264 483244451
445141815 -414324083 270805027
445141815 -901231844 308354970
22667733 -414324083 121122742
22667733 -901231844 -643283267
-290529894 633671983 262254154
-290529894 -459134963 479482253
896405708 633671983 -774877207
896405708 -459134963 -702004026
225951036 709761294 -491577765
225951036 598088125 -734954876
329906532 709761294 -289064820
329906532 598088125 582105078
-859226068 -820524160 884706457
-859226068 710992660 -996268695
734703341 -820524160 -755895841
734703341 710992660 -526809240
-657369680 582395233 -206973135
-657369680 553256513 -302590701
-172806213 582395233 420653632
-172806213 553256513 753744353
-594177921 469359885 -942209707
-594177921 -660308936 -299031328
855452884 469359885 -507634315
855452884 -660308936 -260775792
571704001 -350106944 767627302
571704001 568310814 -492578208
-599904685 -350106944 455319179
-599904685 568310814 158595625
73492292 -325393644 328947670
73492292 -57275840 -246612499
265823532 -325393644 132108235
265823532 -57275840 771738035
-911529288 186119278 -650279109
-911529288 -658139325 -645712238
-930172211 186119278 -451241187
-930172211 -658139325 232882160
75911800 -517426738 162725277
75911800 -748702341 501526042
993081178 -517426738 -758859474
993081178 -748702341 410889618
64191464 -908779123 -52805385
64191464 949323086 -356266128
860302876 -908779123 -872595448
860302876 949323086 -241821197
-3369605 -698545216 -259346805
-3369605 -319785723 901289981
843019124 -698545216 -287399224
843019124 -319785723 312307851
-352793645 -59404538 894170831
-352793645 393746730 374901816
827529646 -59404538 727937741
827529646 393746730 444055044
-943235777 -977206811 977891467
-943235777 -52291229 624280997
-657867075 -977206811 692910921
-657867075 -52291229 -268086469
893075738 931706448 -800211603
893075738 145000361 -730529101
487947752 931706448 -164654999
487947752 145000361 -424770317
771299877 -471227622 785320172
771299877 -605510197 458864598
-171655830 -471227622 523683886
-171655830 -605510197 -358267136
-894089401 836065272 -390082619
-894089401 704996804 213950422
26191489 836065272 -455208370
26191489 704996804 786232460
712082237 -957818873 11754967
712082237 -729213818 -138467983
-52184547 -957818873 -755359127
-52184547 -729213818 193015258
-658224522 113977860 59233212
-658224522 187525607 161359491
280748982 113977860 -445638622
280748982 187525607 845352761
-464061682 -261378304 -425396604
-464061682 -190102034 980048920
163210352 -261378304 -68968906
163210352 -190102034 494721574
-21465145 -907886372 335161536
-21465145 -710309303 -624925292
-530232505 -907886372 -120207462
-530232505 -710309303 -682752487
-613023385 652346526 166948329
-613023385 -107329014 530222720
389471951 652346526 -854706425
389471951 -107329014 -257997715
561632145 -958362691 -971248978
561632145 -214157442 -283094535
-766537754 -958362691 -165125722
-766537754 -214157442 -923364778
795420778 -966901304 -996299918
795420778 -166548870 30804379
-644938428 -966901304 -464602593
-644938428 -166548870 -520245562
445329871 497093629 681843063
445329871 -182826316 -508099291
-955442557 497093629 637054603
-955442557 -182826316 909341328
-508300588 594796574 -784843318
-508300588 -302119963 928097720
226983439 594796574 590236052
226983439 -302119963 -912011082
-984384036 595100727 568798721
-984384036 -636135688 -485926930
970298546 595100727 910362955
970298546 -636135688 783267795
587145485 -9750729 -897027217
587145485 -340295908 -631349001
-94247879 -9750729 -565265711
-94247879 -340295908 -82944663
-49975199 -349105422 -988822388
-49975199 298690994 -936999874
665531124 -349105422 177858444
665531124 298690994 901020074
-695729693 -330169290 -505344180
-695729693 -263034836 400158997
-147660777 -330169290 -955726114
-147660777 -263034836 636897477
718321134 -290424678 -507139953
718321134 -401597056 568857491
867860283 -290424678 302568850
867860283 -401597056 233429408
-424760277 -626281178 968132017
-424760277 -333918703 57836043
631561161 -626281178 -426509811
631561161 -333918703 -635969329
-407683208 -300408945 199501676
-407683208 974931499 538246695
-201484955 -300408945 -775229864
-201484955 974931499 -750871373
564572862 727870651 723045018
564572862 -842064757 863386535
-548478598 727870651 -674008813
-548478598 -842064757 -662680027
743640272 28762329 -886064313
743640272 -945957871 -741465867
611154642 28762329 -114446570
611154642 -945957871 365440122
431074520 378982332 -207512754
431074520 380920117 -516663902
121246295 378982332 869158812
121246295 380920117 158588784
-131800963 -293584992 957853505
-131800963 853519177 403384577
323888351 -293584992 303256983
323888351 853519177 -805647001
-753382626 -130273480 805948826
-753382626 -523763731 -377934124
972832921 -130273480 65315850
972832921 -523763731 -864343748
-136605122 -810357334 -377403131
-136605122 890771309 618994714
-283904765 -810357334 557541679
-283904765 890771309 579650915
571551536 -868796337 -98081450
571551536 259721698 995603612
-852308904 -868796337 -606314429
-852308904 259721698 287135246
-412426344 -645219466 -421222461
-412426344 -873910376 537354394
-206675136 -645219466 661846646
-206675136 -873910376 379429818
463244094 888803025 733482846
463244094 995579269 323239037
-710544585 888803025 -618016845
-710544585 995579269 637799040
-426621266 688274047 -13291467
-426621266 -359375553 303070163
50912399 688274047 41165267
50912399 -359375553 904501227
-408961344 -353650780 935867348
-408961344 -408612886 -95104629
948558833 -353650780 666722046
948558833 -408612886 -106674050
-888325017 961175984 943712352
-888325017 704372135 964521087
-868540987 961175984 315719582
-868540987 704372135 217394484
544909802 -331980967 -897412619
544909802 787585389 -970251066
-860631059 -331980967 -281027915
-860631059 787585389 30248609
93469638 -687630641 -702785796
93469638 -879241497 -681216755
-602179137 -687630641 -428186273
-602179137 -879241497 -961129166
-508597476 572320360 -688333496
-508597476 835618620 210311319
616277149 572320360 689422281
616277149 835618620 -726486725
-303033737 -994683359 -221640537
-303033737 741592690 -782657465
816829318 -994683359 659727905
816829318 741592690 643350314
-756569963 382738857 -317927022
-756569963 -929337810 -539729503
-941106271 382738857 439701604
-941106271 -929337810 892031743
186447228 -535151447 -215160332
186447228 -145738738 -603875863
877845497 -535151447 958718245
877845497 -145738738 126075728
-946541510 661311590 -802753439
-946541510 -814571348 632198406
696484018 661311590 -517812196
696484018 -814571348 509276475
193921668 852212717 296817582
193921668 -434404093 -899132294
919880943 852212717 935914098
919880943 -434404093 -973626087
864744395 891010984 -296127413
864744395 527710542 87353498
-993615110 891010984 -616650312
-993615110 527710542 207659528
-536536036 848746372 -578598160
-536536036 263371030 -876176276
172906564 848746372 22959610
172906564 263371030 -164684855
477335506 361219380 -664997404
477335506 970584307 -870519839
833667794 361219380 257119940
833667794 970584307 -234755583
-773920466 -656500089 -890477599
-773920466 499884785 266564663
874410884 -656500089 -918706106
874410884 499884785 92893871
602861316 677053918 -532437109
602861316 -774467812 55906768
-589140510 677053918 18984852
-589140510 -774467812 804184783
-516612856 834348171 599400151
-516612856 -217725826 -563051183
552900395 834348171 359234901
552900395 -217725826 -345501166
808842612 988635062 796565971
808842612 -138316949 122147860
-419626748 988635062 720572132
-419626748 -138316949 -608576134
957839964 511249445 163345880
957839964 579107744 -132175759
-822509554 511249445 -888340767
-822509554 579107744 -918352228
-202086912 -795783194 700847533
-202086912 -617856937 702130469
-116456543 -795783194 702247131
-116456543 -617856937 -706515941
-685331870 351367187 -953547262
-685331870 -815756472 583407230
-299440138 351367187 156112037
-299440138 -815756472 -993461510
358539714 -559210666 381183055
358539714 275449502 -794715864
-955746664 -559210666 -855294204
-955746664 275449502 124674341
-998414379 335935674 -954288963
-998414379 5554531 369531478
-732832551 335935674 -999029945
-732832551 5554531 704635659
-727643918 43375498 347397470
-727643918 -314470591 149632235
-664611674 43375498 519946816
-664611674 -314470591 -677688811
-351186869 458305428 -231773248
-351186869 -589221121 -390088271
-197973038 458305428 897949903
-197973038 -589221121 558852605
-817092758 -958025516 -102987946
-817092758 -593323670 -574905096
-159879077 -958025516 -758983275
-159879077 -593323670 -885342374
-168362614 841148445 -933765264
-168362614 912674492 561537066
-91214431 841148445 294824148
-91214431 912674492 -832540049
-947243079 364314630 157660836
-947243079 -859102567 717740812
-567582798 364314630 403187575
-567582798 -859102567 975879497
-431000185 798840875 -671530688
-431000185 710889571 696732219
-870869064 798840875 -895470213
-870869064 710889571 -795144557
-956429689 243556234 458840151
-956429689 -379648830 -688222656
204254753 243556234 -957243589
204254753 -379648830 -483670220
416278712 -321658333 820741752
416278712 -862801877 -373645521
551149618 -321658333 528696541
551149618 -862801877 651702289
-912209176 -894232172 -995896700
-912209176 -485202734 -628254412
-175335544 -894232172 199438909
-175335544 -485202734 563425865
501024477 935384514 714200346
501024477 -994507955 84703144
29418354 935384514 -714794175
29418354 -994507955 -470471095
89697303 326688017 818428788
89697303 -17124612 -8803577
-10493927 326688017 -641864475
-10493927 -17124612 -375646645
-863149364 -920003260 -974759708
-863149364 -918800856 -10036309
-771948156 -920003260 389976824
-771948156 -918800856 -469765354
719997003 -434039126 -686107299
719997003 -549857996 568247662
140198188 -434039126 692662087
140198188 -549857996 -930184001
140334337 -118743748 -980935694
140334337 260749181 -803066545
-904457632 -118743748 791625224
-904457632 260749181 510717118
-785176502 -185053291 -303723969
-785176502 416255292 -483533150
-920671093 -185053291 881073940
-920671093 416255292 -253970936
-239820323 280288778 352534533
-239820323 -519533371 810284708
525869293 280288778 -459779553
525869293 -519533371 -802957753
161344491 -533383741 -853599670
161344491 859853947 933382718
315966946 -533383741 -199832149
315966946 859853947 -885608636
347491219 463831343 -999272541
347491219 -126177474 617878142
3734521 463831343 403256638
3734521 -126177474 157438156
-853318720 804144181 -464567698
-853318720 278496657 860027565
59518144 804144181 -495058121
59518144 278496657 710776482
894014170 -354296250 484850503
894014170 166575080 -888700024
-694721723 -354296250 578785554
-694721723 166575080 151217708
941273216 -777904394 914387411
941273216 -329073528 115926651
-669450354 -777904394 -992977809
-669450354 -329073528 36051500
11023023 21173061 -927030194
11023023 -579390953 -761732654
900172671 21173061 -946880490
900172671 -579390953 -315202348
630957593 501192008 -815699899
630957593 -710376248 937199255
380096061 501192008 335477576
380096061 -710376248 211550047
-24462080 -820728511 -305970602
-24462080 617659161 891371730
-642034431 -820728511 414281436
-642034431 617659161 568884846
158430939 -550334035 -651811072
158430939 -192277234 180939036
-947781310 -550334035 -866030874
-947781310 -192277234 -988778322
-685112185 -566019178 265484060
-685112185 -732905238 275964672
963715283 -566019178 -854422258
963715283 -732905238 -548953443
78901617 -18417501 229764417
78901617 66844208 -848646040
591151853 -18417501 -37711251
591151853 66844208 -908094223
-605385187 603632594 206305742
-605385187 58489669 401879735
960252040 603632594 -863771775
960252040 58489669 206265152
215358196 -709502167 -967835547
215358196 -571230289 546743180
-128425257 -709502167 -434533440
-128425257 -571230289 -487076440
-991666646 54166361 279584383
-991666646 -51704971 -83182323
-748576417 54166361 857310690
-748576417 -51704971 -75722988
-599319170 -913802591 -386846109
-599319170 -537674002 -347051285
-419084983 -913802591 -898522952
-419084983 -537674002 590672664
-402498922 -980979880 -643207614
-402498922 -71887012 516440387
606686901 -980979880 -771189404
606686901 -71887012 -752750641
-823232868 -927502450 48974334
-823232868 771734541 572114681
15622425 -927502450 -284492271
15622425 771734541 613296215
-504722574 -717239735 -926842469
-504722574 653850944 -823781531
509782799 -717239735 523064293
509782799 653850944 -549861300
-354362426 77802864 272916383
-354362426 -430104904 624227857
637742259 77802864 -737456242
637742259 -430104904 -918994405
433374761 -469791845 326169268
433374761 -511502932 905535704
-418109011 -469791845 -944082061
-418109011 -511502932 -879545103
-768366855 336727134 535237935
-768366855 -615642058 285787333
-109781248 336727134 933217914
-109781248 -615642058 -500056932
-615897026 734297891 343403924
-615897026 -871866241 -834151481
54021866 734297891 -362326873
54021866 -871866241 797344987
-622443302 -774614861 -604833540
-622443302 161540960 978142666
359969904 -774614861 -218351976
359969904 161540960 -578701118
310440280 -651963531 277537637
310440280 -978891482 -572465242
-609341432 -651963531 917241485
-609341432 -978891482 646255155
-664106009 -948814694 -370517620
-664106009 -789579706 -619563182
-854738878 -948814694 -74358180
-854738878 -789579706 -594419488
-496538651 732066975 384806040
-496538651 26527245 667594142
-876134097 732066975 -556587202
-876134097 26527245 -284752676
165906727 -951395420 -61284155
165906727 -228616843 955605319
98706419 -951395420 367733825
98706419 -228616843 215769372
-105823597 -682157422 -891360028
-105823597 -951040444 -378280027
781384126 -682157422 -992501182
781384126 -951040444 -682441914
-524250591 649796284 685826238
-524250591 -116464213 5679289
-305632987 649796284 39292058
-305632987 -116464213 -68115000
446293434 -476314214 886612861
446293434 -478224178 307294721
-587044049 -476314214 -968253886
-587044049 -478224178 997062270
-557873993 -111771981 -388534473
-557873993 -926438686 -215878626
911035677 -111771981 -877095625
911035677 -926438686 -612305728
688102730 -971781210 933515750
688102730 324452665 739768140
30773835 -971781210 266485596
30773835 324452665 -699178608
954321614 -765332721 -137769280
954321614 -277424298 248297309
-576600123 -765332721 -762474112
-576600123 -277424298 -22548434
640521191 578797767 153725445
640521191 -387898886 -433496362
-874005260 578797767 -656932567
-874005260 -387898886 -110455667
681321153 -11471962 47974610
681321153 -794534383 -903433364
-876828406 -11471962 811770130
-876828406 -794534383 -477237020
-970473989 489542226 799206438
-970473989 762487325 -790196387
-341822229 489542226 -264446088
-341822229 762487325 -859606109
-986821204 -374004394 868348941
-986821204 -976677530 -138704101
91410494 -374004394 897294201
91410494 -976677530 -751116633
-44556616 -342340010 -53788140
-44556616 -338315497 -165181384
-105787486 -342340010 273749842
-105787486 -338315497 -923311974
-870042149 -56883477 330036205
-870042149 863242040 675684437
-492125923 -56883477 -728958189
-492125923 863242040 -123461772
-334002367 -838904291 837365768
-334002367 548859859 -948974819
206049234 -838904291 493778825
206049234 548859859 -197114750
-38156908 -731002088 256992375
-38156908 -405442122 -638623990
-336317694 -731002088 386519161
-336317694 -405442122 724508436
-895842667 973512873 -339030093
-895842667 56478958 -880022297
711936310 973512873 689381048
711936310 56478958 348545111
-763153477 -766960615 378654148
-763153477 -353709708 388463196
-538351224 -766960615 -492412704
-538351224 -353709708 446476869
-891785152 -574462321 -678902843
-891785152 943757671 746692707
507522288 -574462321 71432610
507522288 943757671 879993685
-662331932 66019576 -860173488
-662331932 -780859321 233776394
303620747 66019576 -957955927
303620747 -780859321 948812689
75411623 20783071 -173941615
75411623 792332427 -230772087
-911910592 20783071 -451779132
-911910592 792332427 -226127146
-745435424 -122617697 -775290653
-745435424 -170231354 -84599021
-891785599 -122617697 -226501989
-891785599 -170231354 321492843
-539778825 -917144244 -96627004
-539778825 -4074820 302747452
-418333605 -917144244 -759354608
-418333605 -4074820 -984561769
-766823335 303682151 -946783498
-766823335 -929126650 -119172038
609577808 303682151 456226505
609577808 -929126650 -88305225
71333242 -763140746 -275351362
71333242 30887109 505867059
-630412746 -763140746 -122166661
-630412746 30887109 836173535
-587061519 -797831410 331236444
-587061519 -779925221 -573523854
820316656 -797831410 760240038
820316656 -779925221 -820749856
-285189150 318353071 -644675331
-285189150 -394157576 -189355797
-380064676 318353071 931478248
-380064676 -394157576 -620289539
-929510687 840731840 516073615
-929510687 -906233070 -812293231
6570345 840731840 -749667582
6570345 -906233070 192780312
510264008 428158139 -688952170
510264008 177052879 -913446264
-891533847 428158139 -524212596
-891533847 177052879 -712034607
-306930928 -312805370 -328738419
-306930928 998513182 741191057
-617010221 -312805370 -67190059
-617010221 998513182 523634224
-791847788 -526262912 940889912
-791847788 577627327 568557734
-979255029 -526262912 -129653745
-979255029 577627327 358347466
-53735308 -875922965 529318399
-53735308 -623432940 -589954586
943221341 -875922965 155191179
943221341 -623432940 474002878
800536901 -116549500 220522320
800536901 620006346 -700212437
301595853 -116549500 606995725
301595853 620006346 -363716361
-661537923 -359804421 173609249
-661537923 -304968838 -513945511
-346568005 -359804421 985432278
-346568005 -304968838 359643009
-51478623 170499303 -442463551
-51478623 641015410 -836776891
-948044535 170499303 830140471
-948044535 641015410 894803239
105612978 623821860 -619410550
105612978 786889797 498983563
-104796129 623821860 144414279
-104796129 786889797 -343039215
-285943355 376672223 203668008
-285943355 -935742530 -161532486
873057444 376672223 967433426
873057444 -935742530 -869183649
669673899 -666243210 -625825539
669673899 111429051 -77073281
-181285598 -666243210 -478991556
-181285598 111429051 -351367051
580374733 -742072057 109657031
580374733 903770116 -530629006
516509012 -742072057 889318522
516509012 903770116 288398984
263623954 -301434277 -802516782
263623954 -989034122 -822684186
-668905802 -301434277 -47816804
-668905802 -989034122 478767491
21304233 655935261 -992978169
21304233 -957029627 -463346053
-373762605 655935261 725734448
-373762605 -957029627 623797602
-232949202 -827710491 52979539
-232949202 559403958 -74673348
47500640 -827710491 -464391074
47500640 559403958 -639833731
-878182987 594216683 -212044922
-878182987 392751150 972370435
-20490357 594216683 -779826601
-20490357 392751150 -636461557
-804574350 -146216387 62931164
-804574350 -126291343 -592139315
-877931142 -146216387 381864252
-877931142 -126291343 -253110567
337470431 -637810114 -403120645
337470431 -360095266 -872589577
-169671987 -637810114 -3489716
-169671987 -360095266 -888009042
-988461733 980547004 -144201641
-988461733 230515146 -423168938
333249724 980547004 -17038344
333249724 230515146 -422042279
-960802683 -276624468 769281291
-960802683 266623149 730409368
272727448 -276624468 -96248941
272727448 266623149 -653685809
-900475023 832599676 -217926621
-900475023 -707722383 328313006
-276753000 832599676 54613860
-276753000 -707722383 -44385166
-485493643 -491542275 -688717864
-485493643 -965073568 -997711543
-945566281 -491542275 -466552003
-945566281 -965073568 -322526474
318319623 597468725 -101756603
318319623 75936265 698667164
714777784 597468725 -951785685
714777784 75936265 -969337811
-970813862 249551331 -606391
-970813862 -373765422 159431470
565449933 249551331 378784815
565449933 -373765422 -939716045
-880275744 -970492364 350905011
-880275744 268452051 -30817330
-762275848 -970492364 446658904
-762275848 268452051 -529843221
-31782463 830553850 197006722
-31782463 -876010150 -387052980
-877619888 830553850 2198400
-877619888 -876010150 50037505
289904065 4907245 924036265
289904065 -521601577 702281500
58382827 4907245 735135109
58382827 -521601577 -7631357
-474383998 330646775 -531146900
-474383998 -252408683 -179038733
-396864883 330646775 968622035
-396864883 -252408683 -734005277
-475837889 -12965417 152752461
-475837889 -754617822 -730755956
-860112104 -12965417 127314648
-860112104 -754617822 554654079
709386131 628296589 395678953
709386131 535747939 749428459
-928557356 628296589 566496407
-928557356 535747939 279181503
377638146 -879375460 -309981462
377638146 -995590414 -892500947
43532793 -879375460 -677437063
43532793 -995590414 974632697
-221917529 -78807379 -622574205
-221917529 592923579 857265500
-832598445 -78807379 533402189
-832598445 592923579 -311817747
-370499040 -685337573 -688031569
-370499040 -927116588 -367009348
-379799814 -685337573 -1427339
-379799814 -927116588 623930382
-551763054 385400204 418732444
-551763054 -419733884 45135850
226592054 385400204 -727982115
226592054 -419733884 -408415426
492093293 -127657418 189027053
492093293 -69398660 693396357
155217311 -127657418 -944747719
155217311 -69398660 690971611
-679940469 -888608310 -625453092
-679940469 870808961 429554999
775323226 -888608310 -873400477
775323226 870808961 -363036978
-72562748 -854615636 -43992187
-72562748 -471949439 834306013
-250642910 -854615636 -380594635
-250642910 -471949439 147477464
477013480 790321484 -923989855
477013480 693199293 744685124
-952070323 790321484 -90132141
-952070323 693199293 -360325696
-414004567 620716104 643719738
-414004567 -533819179 -693646263
-458723614 620716104 789185785
-458723614 -533819179 -517766890
496399738 -669390632 329878893
496399738 -885554249 -603255922
-303043850 -669390632 874178007
-303043850 -885554249 -251381722
-608955938 -521441306 -975207844
-608955938 480766677 459915843
520521462 -521441306 -864580809
520521462 480766677 -979678716
508266402 -803419092 -818305980
508266402 103488450 384217329
-907547069 -803419092 337373718
-907547069 103488450 699488370
-607846072 839607455 -50636480
-607846072 161927299 229461892
44162636 839607455 527114302
44162636 161927299 -889922997
134778642 875721947 -869874994
134778642 264976264 -794141290
810849677 875721947 832373247
810849677 264976264 -770294687
300674143 624471597 -46777695
300674143 563932054 905573757
850752719 624471597 -896154944
850752719 563932054 959377640
-87114027 -921323403 -465974558
-87114027 -69874102 -789473310
928578430 -921323403 -157382615
928578430 -69874102 -71604553
685962722 367908882 -930575794
685962722 -776778667 291293112
126489874 367908882 -889501657
126489874 -776778667 775274269
277638345 -802468252 447221012
277638345 -319988053 -919098285
817694521 -802468252 -335514997
817694521 -319988053 -845994542
449644506 -859362165 -630372598
449644506 -182636735 -777275263
938424381 -859362165 -12727494
938424381 -182636735 -530124093
-886999523 -340473915 70108902
-886999523 -812618377 578228664
-304162964 -340473915 512363701
-304162964 -812618377 -670487120
-349546124 -924859698 -501833881
-349546124 595821758 -873123745
-690961715 -924859698 754931935
-690961715 595821758 572418257
43717991 233368471 -673561095
43717991 842748179 -471991920
-230594079 233368471 -970280763
-230594079 842748179 -317756946
-475336536 533636433 434291149
-475336536 816607755 876007276
-267040697 533636433 -834864230
-267040697 816607755 -295235032
29222428 722195633 336910146
29222428 -173000332 -248114007
183306143 722195633 -923039050
183306143 -173000332 -175033000
299036567 117929241 -305604077
299036567 -943471824 791321756
-800167858 117929241 880443499
-800167858 -943471824 -892288392
-852727455 -387291465 984830322
-852727455 213370430 -691970019
29964084 -387291465 816435538
29964084 213370430 -116683282
2433823 -739375898 -380674731
2433823 -948941125 811195790
997201651 -739375898 -442093283
997201651 -948941125 34641365
-465619593 137136671 -96237092
-465619593 -212873471 492820395
-885953568 137136671 -341236475
-885953568 -212873471 19967544
67487660 27896318 -167809786
67487660 -993444847 -977805579
-450565936 27896318 -943655562
-450565936 -993444847 -79444069
-215468810 378651993 -881735619
-215468810 -718487746 -422842424
64196889 378651993 381130358
64196889 -718487746 413468439
102047723 42539784 -757440926
102047723 -259174371 -549584944
514891564 42539784 -423207577
514891564 -259174371 -538514288
-931914961 719444033 735116034
-931914961 634636690 -227679328
236562360 719444033 -483846001
236562360 634636690 568945113
181579353 443087844 510819866
181579353 682529482 690738
-796691054 443087844 -959952547
-796691054 682529482 598012602
184283351 -834515421 256395167
184283351 307186949 14591677
-575429256 -834515421 675536207
-575429256 307186949 60595187
-647033854 -861037591 986389994
-647033854 860196983 -874986973
302774983 -861037591 898740964
302774983 860196983 -952562513
825751194 -671745607 -672237796
825751194 -524144942 -9919284
-919609940 -671745607 861626281
-919609940 -524144942 319444096
-803851238 -832874451 25469374
-803851238 -486872195 611156333
378802416 -832874451 429990324
378802416 -486872195 388499
368346666 -411221289 -725026085
368346666 -993316788 751403593
-367427922 -411221289 33659890
-367427922 -993316788 -970962374
-561570727 665414648 939881251
-561570727 -787993680 -585285868
809667677 665414648 -979189071
809667677 -787993680 -291694639
381584153 -243289655 541083825
381584153 -884736842 -247223770
385502289 -243289655 661099964
385502289 -884736842 745759452
