2000
155073010 -42419615 536002195
155073010 -984203132 676209633
390137124 -42419615 925748001
390137124 -984203132 269211710
-686427461 -462753083 768833589
-686427461 296369340 -918379193
264143046 -462753083 -464058079
264143046 296369340 886161191
-954629099 -622171310 -914999202
-954629099 719787669 -983010928
603908569 -622171310 325627100
603908569 719787669 809929242
677665077 721565315 164386310
677665077 636377534 -890680677
-181686836 721565315 -503267370
-181686836 636377534 -38757049
-597812609 -486761274 -253455755
-597812609 -373153930 -180473361
608046746 -486761274 -903352268
608046746 -373153930 -513603294
948825652 -5332852 -820917563
948825652 754740869 -969161021
-22550202 -5332852 -997717193
-22550202 754740869 -957381503
-541820298 218773034 -613505574
-541820298 -173199114 -386594013
-537076206 218773034 -905234397
-537076206 -173199114 496101160
868938972 561891120 -27798055
868938972 -557075142 627497558
-959057147 561891120 -628998790
-959057147 -557075142 -598744836
545746979 -983455525 -773991036
545746979 852433057 249354675
-945748469 -983455525 13055502
-945748469 852433057 60905442
-395368487 803522828 422714838
-395368487 -574322513 -901678026
-195068858 803522828 294797883
-195068858 -574322513 805806661
-147574820 -957481338 664524481
-147574820 -527609688 -807002156
-992714948 -957481338 -343631903
-992714948 -527609688 641075039
-77316842 159144713 -846193827
-77316842 -248239669 -939890483
-970950017 159144713 12984704
-970950017 -248239669 -278080493
-859597873 -273962500 384817740
-859597873 -531249980 806107650
-438823526 -273962500 -705622861
-438823526 -531249980 -348771615
-378328395 -931541338 847410450
-378328395 579941166 346675473
333841832 -931541338 -580493404
333841832 579941166 -630370136
-235534878 -740764776 -193280302
-235534878 129409282 -417639484
880159665 -740764776 35683252
880159665 129409282 -850891867
968780861 24268669 794145193
968780861 -797147474 590987597
461415857 24268669 633185741
461415857 -797147474 660990817
-505470649 -510218382 116611068
-505470649 -864949086 622316799
379945194 -510218382 181470526
379945194 -864949086 -42581301
487357521 -666430371 -923308374
487357521 -550486021 728855036
64484303 -666430371 -590041816
64484303 -550486021 551639157
573156582 -477289046 635497034
573156582 399504215 521885785
465445400 -477289046 205513318
465445400 399504215 -796823103
-334990477 -674178755 503094427
-334990477 426563372 586762611
-408786316 -674178755 809397776
-408786316 426563372 52850656
47999635 -438722690 170182974
47999635 -508469882 -422538654
706994410 -438722690 -551668122
706994410 -508469882 369950890
84536800 -457187772 -606899197
84536800 984504292 6092585
693762979 -457187772 -720231766
693762979 984504292 139455987
455417344 -603058851 -886681835
455417344 -362489740 -645268825
304589699 -603058851 593724663
304589699 -362489740 360991554
438031201 -901332972 -978277205
438031201 392422086 346836500
864073685 -901332972 99458508
864073685 392422086 842592392
358778042 448251615 -87285936
358778042 -769871028 -353563326
828489292 448251615 270760662
828489292 -769871028 -998261036
-931125093 429734764 -571408077
-931125093 61317125 -772307200
637775120 429734764 -766867789
637775120 61317125 208934864
175812029 -78408347 -914587955
175812029 205506448 -48514359
-908694434 -78408347 -868662584
-908694434 205506448 982098535
637522957 738267694 154209813
637522957 -934415212 888710584
-204931940 738267694 -449182907
-204931940 -934415212 -461917465
291907509 44202657 428805692
291907509 -970849747 -700842640
628704441 44202657 414887070
628704441 -970849747 895260920
682578163 391490074 862689388
682578163 403770633 40505835
477828474 391490074 -798261115
477828474 403770633 -773707504
225905721 993997017 -877577816
225905721 -354470237 295707513
-160637623 993997017 -699964296
-160637623 -354470237 -1425998
-94046949 -581308971 99044259
-94046949 275015875 -124137785
-284012815 -581308971 -153366989
-284012815 275015875 -384857277
161242142 455981214 -925701282
161242142 34405607 211212098
979515103 455981214 233816782
979515103 34405607 -443662281
-809501602 817373401 695791983
-809501602 239308593 459026041
-10357069 817373401 6805059
-10357069 239308593 671711355
273213135 -779300739 -988948143
273213135 58625706 -54796818
-55368440 -779300739 -181912184
-55368440 58625706 -419565357
-202065935 -586216491 94523799
-202065935 -277737315 906287866
-897187794 -586216491 -475086490
-897187794 -277737315 851685098
778882443 -612738869 -890520293
778882443 503892360 561570125
362558172 -612738869 -906849138
362558172 503892360 393554712
318704485 -322891039 -667113295
318704485 403899927 -967773517
277088684 -322891039 -289787514
277088684 403899927 42795559
338549305 -889460134 -250330536
338549305 634925601 -134728252
-671790180 -889460134 -651821337
-671790180 634925601 367164052
-460540512 -447927971 -985519416
-460540512 -105144126 -298624463
485742040 -447927971 196483746
485742040 -105144126 247512406
-112033050 -986474378 502265051
-112033050 462896026 117911846
-967293196 -986474378 -552780565
-967293196 462896026 445960255
-813523909 -741173191 -209332911
-813523909 455306867 -633218596
-209036866 -741173191 -937595114
-209036866 455306867 -888775170
-231769776 954677486 -180254960
-231769776 -975065547 793181315
-905072985 954677486 251450465
-905072985 -975065547 -965172019
-842426483 903320637 896365670
-842426483 890992034 -313016207
477016104 903320637 263975659
477016104 890992034 -928694054
-525462943 -953082752 -156746617
-525462943 311485942 -422947680
645170456 -953082752 57421449
645170456 311485942 372062690
-36318638 -262161153 -457601756
-36318638 -869964722 898411349
-725626424 -262161153 -716202894
-725626424 -869964722 -300912021
943493074 -350851238 536229311
943493074 -867997226 -398522817
733080372 -350851238 480882925
733080372 -867997226 135676415
-294640467 110818145 -957981825
-294640467 44412494 849550758
965200005 110818145 412229755
965200005 44412494 -947129202
309274829 -276745216 -656880346
309274829 -604600571 -885691686
-912670136 -276745216 -60730826
-912670136 -604600571 -457906629
-916897230 66155753 290893029
-916897230 -633115496 -375198672
879584413 66155753 223165662
879584413 -633115496 -569459883
-929355898 -949906216 218577800
-929355898 -296322083 -750384998
582081587 -949906216 -750816526
582081587 -296322083 412816628
277711250 -238034916 157619800
277711250 -988714533 -240946869
-243173124 -238034916 535612720
-243173124 -988714533 -101909711
-303337366 159491915 729293967
-303337366 -868216380 -122500286
-493655395 159491915 -521518243
-493655395 -868216380 -952783493
-870191882 -108962233 763335315
-870191882 437338591 -21346392
573253122 -108962233 -6363555
573253122 437338591 249550098
421387880 239438056 -899653501
421387880 -953454386 -701218162
929113488 239438056 197737229
929113488 -953454386 742325934
611591727 671233498 140742344
611591727 728755890 800453486
-587701309 671233498 64068396
-587701309 728755890 -745846304
-481439560 334338905 587550812
-481439560 845302995 -553730981
373716836 334338905 126600297
373716836 845302995 684360451
603037959 -889827124 676312124
603037959 -838745898 182805332
360219466 -889827124 526415318
360219466 -838745898 163977996
-928597869 362939442 -466287488
-928597869 -275146281 -863538124
-868734754 362939442 902217480
-868734754 -275146281 147213672
-958398388 764213339 476474017
-958398388 437476146 415668818
9680192 764213339 -864988115
9680192 437476146 -859011847
-901801598 659947864 -215094317
-901801598 -854895727 -529611514
311721371 659947864 377303799
311721371 -854895727 -894534951
-449634157 114444509 -363965298
-449634157 873604260 -797932537
-279629820 114444509 262961725
-279629820 873604260 511953166
-59699291 -11488959 -508533792
-59699291 -857229097 -2940128
246487220 -11488959 487920837
246487220 -857229097 836228031
159440000 371214626 578093515
159440000 652294128 559848458
771164510 371214626 -631422377
771164510 652294128 -449354515
-943355730 700157208 273996097
-943355730 70959548 -476829088
-84204387 700157208 -283882107
-84204387 70959548 813132638
239316151 926515098 158192097
239316151 424127355 -401108507
-396571577 926515098 -881429014
-396571577 424127355 668627158
-279926556 -840534598 -507672745
-279926556 -421299736 51304244
-183146724 -840534598 462462580
-183146724 -421299736 -899514423
445378772 815764456 -911038967
445378772 -972579509 -389615761
276698654 815764456 -762858570
276698654 -972579509 -834312690
881333305 194229557 780014475
881333305 564169522 -449948877
362739605 194229557 456477287
362739605 564169522 -557068422
397281385 423509682 -101034509
397281385 563288586 -637014129
-386221450 423509682 -168734362
-386221450 563288586 623079545
396838097 819127632 -133466154
396838097 -724136484 948561828
-110445926 819127632 -161967977
-110445926 -724136484 602656643
195364335 -399570647 -694671226
195364335 -457406413 -561903163
899459042 -399570647 -342667741
899459042 -457406413 578609515
-552904575 804623696 287060570
-552904575 -218617566 -145834335
16262795 804623696 738234573
16262795 -218617566 395229855
56334596 -117946382 -446955009
56334596 577577255 284422571
-619795345 -117946382 -961854897
-619795345 577577255 697768552
210311380 -970635643 73022595
210311380 340762085 765871282
-865009469 -970635643 165734664
-865009469 340762085 993775839
-404710965 348818574 -535301591
-404710965 -376175730 -725375812
369537627 348818574 -280238336
369537627 -376175730 221375462
823815509 -541201079 209785316
823815509 789912147 -389254151
926424968 -541201079 -699444329
926424968 789912147 -288121012
282876007 -680155491 -174491505
282876007 537615391 -815681434
-164857215 -680155491 418578034
-164857215 537615391 -729903626
-786088151 -867628291 511805038
-786088151 943179551 -122512234
-38820438 -867628291 -649955198
-38820438 943179551 189236329
484556049 -882648667 -772287381
484556049 -482896139 995265545
300850915 -882648667 -704676167
300850915 -482896139 -839968821
374465621 -597996038 -332054935
374465621 606366641 -493289290
-578721491 -597996038 804699102
-578721491 606366641 -434517279
518010953 -351668275 786681021
518010953 715594431 173967547
-454358843 -351668275 9053153
-454358843 715594431 -409865145
-964672574 931210612 1018150
-964672574 -300491303 895934223
679091038 931210612 -149256236
679091038 -300491303 -19294966
-752441662 -872003665 -998041335
-752441662 722128956 -390355002
922585230 -872003665 400458605
922585230 722128956 424656048
-951666451 957247151 767787570
-951666451 624379851 696464887
-148103494 957247151 -4419759
-148103494 624379851 -716341262
-723358170 37559950 537532428
-723358170 12089833 -715850521
-923898724 37559950 -164775508
-923898724 12089833 -452366630
13619321 -872286577 -586947661
13619321 914404994 890697849
203254740 -872286577 -215540897
203254740 914404994 369898026
-437130503 741046617 -619097431
-437130503 -506331820 185263139
-856603873 741046617 456461188
-856603873 -506331820 -751219436
-547873771 826599864 10721958
-547873771 -94381650 563267405
-245808344 826599864 795199106
-245808344 -94381650 -595093025
447773641 147675598 517395067
447773641 944326701 -171438886
-484874032 147675598 -560349621
-484874032 944326701 -232294453
867583048 -966134597 526755489
867583048 741211652 363006545
-610242595 -966134597 -96641262
-610242595 741211652 -115612120
306132009 -340102051 -674999704
306132009 89174189 -425668417
-343818171 -340102051 -653326053
-343818171 89174189 448361314
184860480 -230011382 -807527253
184860480 -443825657 -406318077
-558557380 -230011382 769152263
-558557380 -443825657 257423960
-942896080 -866951165 -914899892
-942896080 383222337 -537792320
-243999481 -866951165 771535293
-243999481 383222337 644981797
-305390499 201051975 785366726
-305390499 534514527 -409928768
-229120179 201051975 -126036873
-229120179 534514527 -870835771
-328970095 -546506072 -126479252
-328970095 -624185490 -471934211
726610442 -546506072 988179441
726610442 -624185490 178816417
651474112 970078882 -757278891
651474112 -613381046 366786586
65369591 970078882 -544557504
65369591 -613381046 -87233219
-963125671 888302990 343334137
-963125671 144123371 892542737
-643338101 888302990 -540376453
-643338101 144123371 -772440161
489057976 189268024 905534711
489057976 -757442984 464800851
-914854108 189268024 -425353049
-914854108 -757442984 -808847733
-885136763 277417903 733440969
-885136763 -526375223 -563673038
663477533 277417903 -960064683
663477533 -526375223 979246406
390631759 -824568650 -921687253
390631759 68963661 217696088
-294207017 -824568650 -883610067
-294207017 68963661 645113630
-315263315 6398624 -283566656
-315263315 -906617529 273274043
-918427730 6398624 48292220
-918427730 -906617529 771705212
475028081 140581229 -961293284
475028081 475836520 628312983
862811363 140581229 522539245
862811363 475836520 291168067
65970837 -37692238 592780289
65970837 711534578 61706831
-912824208 -37692238 -840761303
-912824208 711534578 776146375
843767545 36421041 827182290
843767545 396135915 -870974138
900671965 36421041 54931243
900671965 396135915 -185601197
361236600 541889105 -788666563
361236600 -866797800 496679351
4779903 541889105 173102595
4779903 -866797800 723192411
-127574842 148255016 423184424
-127574842 143776185 -897692848
374753591 148255016 -767723108
374753591 143776185 340864391
-492374393 -539120838 -910621063
-492374393 -47019212 636193808
232298365 -539120838 -785939711
232298365 -47019212 -676827252
-460616646 -122803613 -619523375
-460616646 -889712718 797272366
-85922932 -122803613 -486856643
-85922932 -889712718 -915915904
-129822723 -911288264 -25445655
-129822723 -6603181 929532146
-594071513 -911288264 800382242
-594071513 -6603181 911788267
-167910285 50121538 -671332642
-167910285 -707715435 -508501745
987929653 50121538 420504557
987929653 -707715435 -902505105
-453718607 178070310 729047262
-453718607 -685947542 -959916329
220031191 178070310 927560618
220031191 -685947542 -695698305
-820276362 247882172 505472843
-820276362 479449404 484490225
-267077657 247882172 146571402
-267077657 479449404 557702641
776713020 6264767 546912998
776713020 -451995801 -880792944
-959955433 6264767 400503968
-959955433 -451995801 -90914226
-627691516 -808892848 -42861263
-627691516 954689696 -593289124
-590385482 -808892848 -914751319
-590385482 954689696 -93553014
-888358349 527446296 70237666
-888358349 597840954 -385907138
-304054015 527446296 -68868384
-304054015 597840954 -635797389
290508226 -868170700 -266129553
290508226 -898378426 305016163
685803526 -868170700 145690667
685803526 -898378426 -963641347
-556172312 -311524811 897689125
-556172312 359339811 -497387623
-901883637 -311524811 -428894767
-901883637 359339811 541079499
-358416439 -742421667 -348343501
-358416439 914576936 770832546
207758795 -742421667 -49559560
207758795 914576936 -691254494
18439521 -555900629 -321346012
18439521 757494932 620411606
348179313 -555900629 -433251004
348179313 757494932 406930911
-932666172 -471816491 365629136
-932666172 -662437277 -223477030
-496690613 -471816491 -115924622
-496690613 -662437277 -232574983
-972275933 -442006851 264636711
-972275933 -576286222 -459217432
735040006 -442006851 662430241
735040006 -576286222 -194334261
-969938979 521647859 -985318961
-969938979 685406698 -870040692
477759221 521647859 660189386
477759221 685406698 19522934
90430143 -713559261 550638442
90430143 -255748202 782027355
-945767374 -713559261 958933290
-945767374 -255748202 -115597866
341280115 -999309086 -864627522
341280115 -66278305 872271610
502075759 -999309086 -443235366
502075759 -66278305 465009040
-434779846 931335647 102274241
-434779846 542920800 -934380624
172341151 931335647 -236102754
172341151 542920800 -953067955
224078160 669762535 -44266661
224078160 566498447 883479184
-579239212 669762535 -49922197
-579239212 566498447 200586329
-139149872 -969874982 -401133024
-139149872 -583447757 328051234
-125506017 -969874982 743141894
-125506017 -583447757 195910202
-993468916 -426222887 441789654
-993468916 189096481 -487297482
-944122506 -426222887 659742097
-944122506 189096481 -110913586
-628654800 -354677131 -943645437
-628654800 -909371606 -54702312
-883326636 -354677131 670914194
-883326636 -909371606 -584670451
-134661248 212419251 178153871
-134661248 -806903551 511522475
439087364 212419251 -762638629
439087364 -806903551 -210645777
-577002116 -155510395 -641613091
-577002116 620502612 38627092
-172203867 -155510395 -265951110
-172203867 620502612 -935181235
237096870 -412635517 438430807
237096870 -34849558 -70547618
-979161788 -412635517 -49842718
-979161788 -34849558 -928375437
-538178428 396583884 562558318
-538178428 938788247 598910841
-10354100 396583884 -299587733
-10354100 938788247 589726345
906827620 -871304466 957741935
906827620 748297817 869996737
-924852744 -871304466 383650649
-924852744 748297817 -43045215
-973831224 -812261281 -911500509
-973831224 -995885965 482591985
327716785 -812261281 319252171
327716785 -995885965 -377600192
303809430 -941520718 -853771871
303809430 -670724311 -895999459
493227035 -941520718 -224308886
493227035 -670724311 571352798
261448457 874914673 919136358
261448457 -739680540 -273996828
-66122201 874914673 -607605294
-66122201 -739680540 -251193920
847103096 -730232745 40651233
847103096 513963417 -144828448
-213335144 -730232745 -99750082
-213335144 513963417 -223395677
339307362 375964301 -693924772
339307362 -784090638 764326291
-514614389 375964301 201907456
-514614389 -784090638 -54807821
-88187690 993814017 946053342
-88187690 738139001 776619509
-743632824 993814017 -729448705
-743632824 738139001 537182994
-564780211 -838693716 -457586658
-564780211 -880863731 413178586
582872321 -838693716 -218071632
582872321 -880863731 190114470
-958224660 -400612311 -953040062
-958224660 -642383903 831682592
-583551638 -400612311 464744143
-583551638 -642383903 -634100484
10259943 -337898793 -201198535
10259943 703104757 -592119544
-750651313 -337898793 -705266614
-750651313 703104757 709496318
222068271 -905382158 236360797
222068271 -521702802 142766483
3663181 -905382158 758013801
3663181 -521702802 58926322
-495199428 284619978 343899817
-495199428 376869485 649541287
-703720955 284619978 870165563
-703720955 376869485 72443744
-754404877 946501257 -951154979
-754404877 220004239 -157102681
-621602454 946501257 -527833724
-621602454 220004239 432111239
973580090 107979012 -466943812
973580090 -493285587 -265613855
-775453511 107979012 4770108
-775453511 -493285587 -565545570
-868234235 -216002968 91582669
-868234235 -855733930 690363037
-49509272 -216002968 33484543
-49509272 -855733930 545329943
326676213 -181388769 69538387
326676213 455130303 -930634384
-895795705 -181388769 241961988
-895795705 455130303 -951526565
-439250408 417832323 -708789812
-439250408 -710614342 -44891081
757839246 417832323 -980332525
757839246 -710614342 -155658686
48232429 -296537954 -698618420
48232429 -944635194 -676396045
-965880131 -296537954 -532884969
-965880131 -944635194 559135704
447952218 -258043013 186723041
447952218 -518544721 696459993
-792565370 -258043013 -720715377
-792565370 -518544721 885361161
540090486 466273794 597284542
540090486 -774211328 483797559
-813725707 466273794 -570449599
-813725707 -774211328 -698401661
98896601 197524477 -852519061
98896601 711417859 459537925
-577656961 197524477 -707925016
-577656961 711417859 -994485065
963729319 77703542 -884805704
963729319 77879094 138376929
-461377042 77703542 518487628
-461377042 77879094 274516788
-607567399 -426131358 847546682
-607567399 722405761 -935945001
-913430076 -426131358 -778198132
-913430076 722405761 -880183254
-845461581 561783353 -621215168
-845461581 645539362 -791656207
-558743425 561783353 739944884
-558743425 645539362 -247268960
852908608 -132177392 -751967520
852908608 -750015441 147349093
280530417 -132177392 521110888
280530417 -750015441 -376491820
784069682 -102597134 78470023
784069682 226575525 -574144039
-871299317 -102597134 29027174
-871299317 226575525 -885760714
-785093781 512385989 -896173325
-785093781 257554727 570640726
947422216 512385989 566144722
947422216 257554727 -856840197
295052845 -387676008 -979316778
295052845 341499489 -50428529
-698023145 -387676008 -592106641
-698023145 341499489 3115075
119628874 -712614348 -843473894
119628874 -911345462 259746605
-704411972 -712614348 -802748760
-704411972 -911345462 312180694
-57357782 31048329 943764277
-57357782 679107006 130027755
761829578 31048329 24021391
761829578 679107006 516700719
-318229927 704128335 -157561291
-318229927 579085581 -420951175
-529514464 704128335 63009183
-529514464 579085581 50219566
-530756604 583381203 -435708588
-530756604 -610089467 -550853556
-490749413 583381203 -375352314
-490749413 -610089467 -95443932
-694764949 599824000 495554301
-694764949 854622505 593176188
792260662 599824000 -639595370
792260662 854622505 877327605
-821223318 -457513872 539043414
-821223318 -797986549 147131328
-986593981 -457513872 401778494
-986593981 -797986549 9768858
-574107605 551349352 -281475131
-574107605 -401774585 514415179
-29967157 551349352 -206015061
-29967157 -401774585 732158968
-566392455 785595529 557511749
-566392455 -896279337 355943109
985656264 785595529 357283532
985656264 -896279337 973207261
-942631059 -532253219 865175188
-942631059 -229811707 316724728
-19453338 -532253219 -652013022
-19453338 -229811707 -279090493
509314528 -23443655 -223287608
509314528 -408560686 146069483
-879217408 -23443655 923044748
-879217408 -408560686 -531170004
-113524563 -473087609 -4373823
-113524563 -628563072 948980132
-520933455 -473087609 -381443915
-520933455 -628563072 -296523723
-891946073 -760438324 -148512282
-891946073 -873474805 -960078391
298228390 -760438324 -748158659
298228390 -873474805 -761924143
-604544858 -293378027 -616173715
-604544858 385462042 -878382945
-148756955 -293378027 489763544
-148756955 385462042 -965161469
53066931 -687897087 98322647
53066931 -459811311 -213757698
-496322848 -687897087 174174158
-496322848 -459811311 -286146105
780184785 -845731445 734466961
780184785 500814331 104409488
816818434 -845731445 -86073683
816818434 500814331 274215105
736435456 -920975341 -450499630
736435456 -961113106 -931330478
-623841366 -920975341 -674706862
-623841366 -961113106 -373676792
293444754 -706813313 -27943559
293444754 -328245524 -587975282
835873622 -706813313 -319212871
835873622 -328245524 -981570783
232347957 1538686 520750970
232347957 946344776 701081490
879488454 1538686 302163782
879488454 946344776 927510248
301103856 170491444 847878885
301103856 332669852 728617216
-913665066 170491444 475156533
-913665066 332669852 978730024
-31429831 618868930 845447027
-31429831 624529533 -949053166
849930463 618868930 -187819605
849930463 624529533 -988812951
-958508384 -613614731 -141973283
-958508384 -760964632 728976756
22501981 -613614731 19338659
22501981 -760964632 492071587
-269082643 -510512077 771342628
-269082643 275430019 958539851
-855271255 -510512077 -553101884
-855271255 275430019 -543256174
-157954659 -355242679 -951530325
-157954659 462225439 -319223975
-708838661 -355242679 -206025706
-708838661 462225439 354794999
-149336318 894652172 -465910578
-149336318 565304872 -714433968
-255718935 894652172 177596026
-255718935 565304872 -109919344
536521471 221485916 5044103
536521471 499505050 -782697061
-680801856 221485916 716566839
-680801856 499505050 -397908361
381036674 -799637226 39364411
381036674 926390484 221834262
-709226738 -799637226 226787240
-709226738 926390484 -403103865
-308920897 -285427547 -727337283
-308920897 -633724921 -288240454
-396942151 -285427547 -853232287
-396942151 -633724921 -910262342
-961885009 -170823320 355396003
-961885009 -539774554 682682086
-157016790 -170823320 562296428
-157016790 -539774554 -208958733
-927069864 144295862 251792120
-927069864 -864631352 -833120752
-912182625 144295862 -501674789
-912182625 -864631352 988859546
169420367 -507442654 -120170489
169420367 -497339182 -502087766
-927064077 -507442654 204673838
-927064077 -497339182 -887007677
-327869412 924711759 708936620
-327869412 -130566979 -884334236
592912698 924711759 137488401
592912698 -130566979 -929848646
-248402779 -598965027 -213143192
-248402779 82940311 707393842
-874824346 -598965027 150879447
-874824346 82940311 -874646816
586227733 941193691 988070172
586227733 -844616926 -226936437
-753913364 941193691 742107041
-753913364 -844616926 -735780258
296126692 527945866 -570194955
296126692 -106336887 259463217
139553903 527945866 783386564
139553903 -106336887 428123534
-902960062 -78344796 734485853
-902960062 -503179887 -995882446
-14962867 -78344796 -530801296
-14962867 -503179887 617548006
-511435934 520278116 87358514
-511435934 -340979337 243939219
812285582 520278116 195814891
812285582 -340979337 554794188
715635373 970735183 -890699859
715635373 -53236406 505737995
-915585870 970735183 -998822297
-915585870 -53236406 -911423779
664442018 866279130 -912729636
664442018 284928827 -629036242
444503454 866279130 -761199373
444503454 284928827 -994015682
-733816833 980239634 703618467
-733816833 -679725783 349140275
462024636 980239634 517797220
462024636 -679725783 182073121
-139537180 912092019 -232718021
-139537180 529580032 -936417199
818669917 912092019 648441242
818669917 529580032 -925988998
882284998 -878764678 -378209238
882284998 -666545377 365590670
549307798 -878764678 918239118
549307798 -666545377 -540705017
84510316 -749732696 738841208
84510316 461645590 -17491713
-80405776 -749732696 -812376205
-80405776 461645590 -396645137
292470333 348859511 -103395966
292470333 -880087932 -910358191
-578557511 348859511 -906989210
-578557511 -880087932 -520006928
-229211233 -985825986 997585182
-229211233 244581643 855610416
-555691240 -985825986 -686549130
-555691240 244581643 -807874712
778789715 -147536212 525159137
778789715 -448438209 379131875
-567817919 -147536212 483965282
-567817919 -448438209 -336058573
-987358481 -978821721 762649614
-987358481 -917907582 -861766454
234073930 -978821721 580301562
234073930 -917907582 -711127154
215062512 -510273338 -996168594
215062512 950239721 -358632557
-985818060 -510273338 -933165619
-985818060 950239721 -821052323
895976130 943305088 260044020
895976130 267777295 -249199569
-949777891 943305088 -467787121
-949777891 267777295 557077139
332353278 -785286905 -20214446
332353278 -683576487 711815078
360632638 -785286905 -905256651
360632638 -683576487 200583251
-531154371 -898840139 834033809
-531154371 -38694386 791270360
-106177606 -898840139 786213769
-106177606 -38694386 570484819
647321095 -347908785 280660386
647321095 111161860 600699520
546229705 -347908785 -970862821
546229705 111161860 53097904
13424458 -572647772 -737545243
13424458 879807747 -447244974
756609858 -572647772 -276178708
756609858 879807747 951048324
-151450681 116177359 709119315
-151450681 -938579285 744038768
-991914457 116177359 -543457618
-991914457 -938579285 427326553
339677435 -411287727 381379348
339677435 135474887 -712889982
196567867 -411287727 -644313051
196567867 135474887 820156938
-455475801 975146021 -888475602
-455475801 246628191 -979501199
-678278422 975146021 -384751931
-678278422 246628191 -517711324
-856867633 -86152962 250489258
-856867633 930092116 -798718080
799472333 -86152962 -412629971
799472333 930092116 725291419
530351160 95353636 -59131335
530351160 -463605528 -652673906
-925672976 95353636 -495774181
-925672976 -463605528 923961053
475691967 467249925 986357447
475691967 -697200688 831363066
-919710108 467249925 -511600628
-919710108 -697200688 -879595077
-172584611 483647296 898890641
-172584611 -988112217 -930640149
188157407 483647296 -674811201
188157407 -988112217 397756121
603906156 -500231972 619468356
603906156 69921265 -414150093
-67132275 -500231972 648376818
-67132275 69921265 -147993969
-888221036 -968172594 -729531123
-888221036 920415593 -788559634
889774675 -968172594 -98790447
889774675 920415593 -233574872
158453117 -506141031 -349855482
158453117 73210163 191537626
101499268 -506141031 448200386
101499268 73210163 -965760854
-819575683 -399465952 -313463936
-819575683 -511179706 735867271
51498265 -399465952 -857409814
51498265 -511179706 -296312615
-620173129 -33750445 66670605
-620173129 -324229613 860359769
-282910153 -33750445 -301283473
-282910153 -324229613 968160117
344007073 -948597303 852769453
344007073 -272780064 296705970
479682169 -948597303 -67370198
479682169 -272780064 -771276679
960745808 -749056682 891815863
960745808 -102633101 275173394
-591982411 -749056682 -421934158
-591982411 -102633101 583736262
-540286688 435609426 140688454
-540286688 114773070 359698478
617536839 435609426 -444459213
617536839 114773070 -28689730
78414642 32676590 556888330
78414642 -459482497 -583876492
-188075218 32676590 -515805433
-188075218 -459482497 -304867993
261115804 333476036 587302702
261115804 982024095 -492590079
-904755158 333476036 531468047
-904755158 982024095 -978521754
-188850891 -839589312 718431580
-188850891 -158988812 -62472198
-614969241 -839589312 -837869562
-614969241 -158988812 -959483380
-491365865 296891820 776311273
-491365865 -799068232 914858294
863766710 296891820 65713919
863766710 -799068232 -985724948
-663165480 -567856447 290319447
-663165480 810008343 -267398970
-87661272 -567856447 -874507014
-87661272 810008343 73775453
510629832 -874214460 249376926
510629832 -979475468 -631769961
-317238541 -874214460 -60671139
-317238541 -979475468 728165514
-133779707 -435899060 -130909145
-133779707 727433460 724080262
727151515 -435899060 -904847192
727151515 727433460 -924272490
526217344 -77814037 873326646
526217344 873630038 399429980
-466140520 -77814037 696302014
-466140520 873630038 888933867
964617731 185469040 -242835665
964617731 332351644 196787529
-910092985 185469040 -653386235
-910092985 332351644 -939489140
-551574732 -952086587 820491099
-551574732 736821597 -26197036
404125488 -952086587 118639650
404125488 736821597 560496261
26393135 524213991 654718477
26393135 -884371613 797223993
981533188 524213991 -705830375
981533188 -884371613 -463322943
661062642 271730361 926761151
661062642 420253738 -77060077
261324573 271730361 -887761884
261324573 420253738 -387667193
-551715399 -143431750 78748271
-551715399 794760581 -797981975
-3878396 -143431750 -650257404
-3878396 794760581 -878310415
-892506392 927375170 -862387053
-892506392 513167478 267973804
-139019187 927375170 923153596
-139019187 513167478 345474471
677705356 -849905573 -609936566
677705356 212214170 951142164
613477272 -849905573 144336297
613477272 212214170 -277023578
995895733 -672386243 -821584523
995895733 114345802 627773315
39936218 -672386243 -447216919
39936218 114345802 -537140925
-791310866 133578384 369203556
-791310866 361604556 422164961
-949041138 133578384 396684228
-949041138 361604556 -358092996
19535969 -233111431 -959421313
19535969 -905762857 -34697849
-408829149 -233111431 -685381440
-408829149 -905762857 -963707771
867270651 -371630448 458707170
867270651 331511097 908506400
457865732 -371630448 -975951500
457865732 331511097 -343762636
-226193602 -747091117 528162914
-226193602 -889511491 -555214219
-666696955 -747091117 -440462964
-666696955 -889511491 -658156550
-963162218 543774084 -274818167
-963162218 -966884828 -364297720
699265031 543774084 -874923643
699265031 -966884828 42577929
22337987 334952945 -873687065
22337987 -952238578 -71211585
-249812355 334952945 -145626519
-249812355 -952238578 -217533651
418844258 659678338 996734202
418844258 -648459774 -135886628
202095422 659678338 -62150486
202095422 -648459774 -557222200
332437913 334632345 -917671318
332437913 -940860800 56550051
992434990 334632345 531052632
992434990 -940860800 148525284
20462725 -645761024 832466008
20462725 -932814292 477685006
508660323 -645761024 -896758353
508660323 -932814292 -854803608
-512241434 -451980579 -27685923
-512241434 -597504802 -158300073
722963372 -451980579 134512426
722963372 -597504802 -477180690
-285716157 -996627103 -1691467
-285716157 291809508 -727174340
105736193 -996627103 194971979
105736193 291809508 352596599
610563164 -674662593 42859671
610563164 558844578 -866727640
-635407828 -674662593 -287756457
-635407828 558844578 -387351303
453281718 -248019489 -378745566
453281718 244853504 -864386143
453213154 -248019489 -939445593
453213154 244853504 -954687950
24948369 271902415 -305386208
24948369 -653083445 -141063062
870468538 271902415 -915034361
870468538 -653083445 852866515
707575907 -27127879 -361083409
707575907 -176440219 -881610601
-584471814 -27127879 86619744
-584471814 -176440219 -646032942
-508504064 -303032110 756664553
-508504064 -9221323 634255913
104115769 -303032110 -158603474
104115769 -9221323 -353829531
-987496775 476325342 435556402
-987496775 81185971 460935933
236071801 476325342 315251314
236071801 81185971 572431333
97506361 -596507190 79488720
97506361 -976616118 177597482
-954038064 -596507190 -412457827
-954038064 -976616118 175735022
-728878416 600220151 842975810
-728878416 -252133169 945320656
761658495 600220151 -142707207
761658495 -252133169 -869288279
-8367005 330695763 -552060534
-8367005 893698922 320123570
-954395111 330695763 -38068441
-954395111 893698922 556468350
-539118788 -787284693 -18188939
-539118788 -910899924 -35215204
625921864 -787284693 120276622
625921864 -910899924 -117580964
820884829 369333181 -749766719
820884829 -722366983 957709782
-11944490 369333181 -79015531
-11944490 -722366983 363659772
-363710414 -290173101 -998644023
-363710414 290681113 -383595532
972306565 -290173101 781787584
972306565 290681113 -321721091
-350699288 515240834 -264644090
-350699288 -874002169 -904778868
660905751 515240834 -806267889
660905751 -874002169 401051729
297592726 700362332 -904866423
297592726 878018858 -922879526
-63178924 700362332 -337694667
-63178924 878018858 -107047075
350603728 463512696 726631722
350603728 -931621666 -943192025
-407644733 463512696 -565636423
-407644733 -931621666 -677129092
440179178 136317098 -262630581
440179178 -224116503 -784068676
-922410576 136317098 -942453201
-922410576 -224116503 -859632948
-670235544 -996987324 371028041
-670235544 -816791310 698798375
-214718419 -996987324 -753433692
-214718419 -816791310 917074733
733357069 -783871247 -910547940
733357069 -159947832 -396510239
-836207097 -783871247 354476042
-836207097 -159947832 662015424
-324028287 59327692 -35723230
-324028287 362124728 -720342192
-509421266 59327692 70541520
-509421266 362124728 242487307
-233625026 990853802 -96967577
-233625026 436468160 -647103635
-505083729 990853802 579874697
-505083729 436468160 97739576
759258162 366571791 682636240
759258162 -915645924 748370441
690126878 366571791 -908170790
690126878 -915645924 95836024
900539380 664408201 -841214847
900539380 -961603232 466195027
-844577060 664408201 304440943
-844577060 -961603232 353084955
806967402 571581310 -929458280
806967402 -388928928 613278284
753822415 571581310 452602548
753822415 -388928928 55973549
-752119559 -34247203 -9101102
-752119559 -215091831 422066853
16379215 -34247203 288663668
16379215 -215091831 543700207
-766478476 126263910 -650265607
-766478476 170538259 707623432
129216038 126263910 -577467088
129216038 170538259 -36398760
380366925 -57382906 251298929
380366925 -991196955 -541267893
407452597 -57382906 267070200
407452597 -991196955 -917646192
599482583 -952486703 -270127106
599482583 587845380 -519342155
-208971016 -952486703 734613180
-208971016 587845380 -60701290
-856237108 -233138212 867993434
-856237108 -591318023 -817841968
-522299671 -233138212 353630702
-522299671 -591318023 -874288049
-435905236 -588651398 739161070
-435905236 76913287 108712372
-890221056 -588651398 786796173
-890221056 76913287 -509952896
-853329050 -422069990 -954160631
-853329050 -940235175 355949036
347306941 -422069990 -509890299
347306941 -940235175 -606580366
-121520375 394223270 -694200037
-121520375 -864706340 -232461609
-528154514 394223270 -290802799
-528154514 -864706340 -46578002
576572751 703322920 -637302354
576572751 289012025 -933795479
-982923373 703322920 -973566485
-982923373 289012025 -477482364
-937984401 -273673142 -922176431
-937984401 -967698206 -777931586
-899034598 -273673142 -717476202
-899034598 -967698206 -717884031
-870807987 364878200 -218083663
-870807987 -179340380 -866864988
272707491 364878200 223369463
272707491 -179340380 693163222
-952500789 37272388 -643398203
-952500789 87441616 -588742258
-375136921 37272388 -70938658
-375136921 87441616 607585051
-493851535 143964614 569630526
-493851535 -236145804 -209083533
361938697 143964614 -119720173
361938697 -236145804 924789977
-875733040 -725806574 640771297
-875733040 920643872 541679128
-926683740 -725806574 -377998698
-926683740 920643872 370578118
815284209 154903741 -545292106
815284209 -381273813 191908954
881607712 154903741 962031864
881607712 -381273813 -497084720
-467245251 453278783 -183170449
-467245251 -905981437 -847948377
-989040899 453278783 443106241
-989040899 -905981437 421293926
572677607 53753355 212832049
572677607 897261323 437080685
606570452 53753355 929183725
606570452 897261323 183861518
821969524 185796390 101564548
821969524 -322539860 959881382
2427360 185796390 -468984164
2427360 -322539860 -342334176
-930642815 548179659 671427635
-930642815 -13945957 -910900026
781380148 548179659 -961351184
781380148 -13945957 -951068147
998734368 671747158 548757582
998734368 -920597139 -470257570
488832546 671747158 -436825739
488832546 -920597139 716740714
-346625287 580071124 -954086205
-346625287 -405380893 -52071950
313147732 580071124 511016606
313147732 -405380893 -573723486
116673130 -909884919 -952116906
116673130 477287437 699569909
832882547 -909884919 -912717844
832882547 477287437 185070299
-540394690 595505551 323814336
-540394690 418125369 -986776958
855598543 595505551 100420932
855598543 418125369 -610486894
-173234281 202652133 77597943
-173234281 215301034 554033150
-6497311 202652133 -987340093
-6497311 215301034 -817953197
-570670517 -869341136 -72354868
-570670517 -433802405 406177958
581923261 -869341136 -998793667
581923261 -433802405 88112426
-150479807 299297568 -554925028
-150479807 75183912 -906771482
-293976485 299297568 548656942
-293976485 75183912 -125092625
-280493989 -518705479 202843536
-280493989 -754785459 555490355
-486039229 -518705479 -285722435
-486039229 -754785459 432127234
-190126489 691751559 917737600
-190126489 725842654 -968025488
127749739 691751559 947789652
127749739 725842654 25118595
-241084089 -837037590 -418532460
-241084089 143132604 -936446787
-505949046 -837037590 -449520926
-505949046 143132604 528997791
-97349606 -256873637 798995737
-97349606 -50742984 487279301
-746926375 -256873637 -847123896
-746926375 -50742984 -543826575
384643225 609940411 -967088145
384643225 -589468866 -60405867
-967502277 609940411 -871641634
-967502277 -589468866 779501596
138732046 452716974 -327041954
138732046 513235868 -568168654
464097614 452716974 -631182992
464097614 513235868 511738712
544875456 -984189030 -996956992
544875456 162706197 29851860
270635750 -984189030 -908158698
270635750 162706197 35251752
488079446 -13308487 -283110094
488079446 -988892139 796879671
143397048 -13308487 816276062
143397048 -988892139 205374983
242582045 -46232544 798171096
242582045 944961224 -435083011
-926872055 -46232544 -913575364
-926872055 944961224 -137716918
-869672084 -878798258 -551140965
-869672084 -218839331 -140934546
193531753 -878798258 -546892363
193531753 -218839331 -529727858
-258158120 -810606556 256114676
-258158120 957000368 -468632723
746631262 -810606556 59103459
746631262 957000368 -897404369
-992295875 -966214604 614203718
-992295875 -669318123 744063193
-426753011 -966214604 -504322386
-426753011 -669318123 -135681110
-70624080 340400908 -104013231
-70624080 -557079812 746583454
898469871 340400908 -923644176
898469871 -557079812 -985645370
-48744439 599051728 20984427
-48744439 878220488 -545034761
954916385 599051728 275202941
954916385 878220488 -919528385
746680713 -193716684 -607694898
746680713 -948008553 371858676
357625745 -193716684 -929671325
357625745 -948008553 -980026212
691298604 -901152680 -770344560
691298604 748465871 214928076
50287194 -901152680 -195358864
50287194 748465871 725528086
-886838396 346168196 893577957
-886838396 287421889 -633085604
434352543 346168196 -952191662
434352543 287421889 -95218712
700436423 414280876 -369384478
700436423 -456905623 271087652
158441980 414280876 -224403747
158441980 -456905623 521508030
-421939171 -984301771 628655467
-421939171 512132793 428517003
-703206121 -984301771 195298526
-703206121 512132793 -316486014
-998640737 839797091 508598044
-998640737 690499086 -974943967
-939694963 839797091 756248240
-939694963 690499086 459143710
-6018535 -874650956 -125965220
-6018535 -189835881 -509768288
540386783 -874650956 -943157192
540386783 -189835881 -860453654
204198201 -177177730 364476512
204198201 -651384945 178420077
326567197 -177177730 -497530561
326567197 -651384945 861835851
652714732 131037947 752829010
652714732 610341738 947851232
713926083 131037947 963191436
713926083 610341738 -854778218
-706946417 65198894 927699746
-706946417 -773286729 588960940
-739187711 65198894 -618042538
-739187711 -773286729 -684481778
-59756469 -804627449 -699934792
-59756469 -905750089 391291729
215313646 -804627449 977339328
215313646 -905750089 425750003
-565683815 -449420474 275997935
-565683815 7642225 70448749
-799481243 -449420474 -403681281
-799481243 7642225 -581462486
-849729416 209855281 -664714484
-849729416 -312406368 -502845279
-995309086 209855281 659667790
-995309086 -312406368 520004257
27533754 -55351533 847874154
27533754 148068335 748558656
-441662660 -55351533 606254537
-441662660 148068335 -490965019
543587152 -545839436 241210890
543587152 352635581 -630154413
-290552607 -545839436 -102786124
-290552607 352635581 448028287
281790697 -205737643 -109724575
281790697 -671743624 786680234
642329836 -205737643 233488432
642329836 -671743624 -442712962
899589462 -606107966 891073001
899589462 393206451 -77403309
-769116115 -606107966 -952774679
-769116115 393206451 8574933
-209327664 -615996824 -706025483
-209327664 -691925410 789203051
431797060 -615996824 555703011
431797060 -691925410 -464999822
617902228 633723740 -910258622
617902228 -481899316 -886685526
-945130893 633723740 -220552831
-945130893 -481899316 11184318
396954104 707024850 428695880
396954104 -4677913 -899279260
-75496453 707024850 679154858
-75496453 -4677913 -993829821
780339572 961708233 266069881
780339572 946168465 -332587349
-722584041 961708233 535854157
-722584041 946168465 696428154
-826463694 167947464 841506590
-826463694 276940368 52167403
-676870691 167947464 568778581
-676870691 276940368 -918914538
-343611591 -401193729 -508105117
-343611591 -624074234 -948477947
493319678 -401193729 -326808516
493319678 -624074234 451166934
-956649276 726907020 15878736
-956649276 634279469 791157948
-577205130 726907020 634159697
-577205130 634279469 490811057
25382429 -366079217 209457360
25382429 -77472304 784085103
-904289122 -366079217 494298512
-904289122 -77472304 205716197
779564686 -799058647 42616398
779564686 -568692923 -559048211
105964573 -799058647 -786560308
105964573 -568692923 -410056168
-665503770 -639689087 -607442194
-665503770 590696553 325592932
863037748 -639689087 -867519406
863037748 590696553 252605700
-192786665 -906205291 -707088808
-192786665 57351643 -839872795
-508744286 -906205291 877673718
-508744286 57351643 926487464
691784074 731893508 -584709399
691784074 -181333519 -916262150
-882400461 731893508 -899500558
-882400461 -181333519 -788651382
949321993 -957324667 -835256498
949321993 415469304 -693720341
447911236 -957324667 146263528
447911236 415469304 2563080
-726388379 247380826 781782893
-726388379 -286116381 2390679
364251470 247380826 466896473
364251470 -286116381 854747065
-939975991 -288380482 917443660
-939975991 -887820410 -900391336
-277633203 -288380482 -263234333
-277633203 -887820410 939722831
538815056 -290860352 -693428466
538815056 664090218 516862598
-944633892 -290860352 855760907
-944633892 664090218 -70158190
507099760 685393259 386623892
507099760 935488958 675743225
-620221893 685393259 -919349731
-620221893 935488958 718770399
-959676855 -785660659 -171542574
-959676855 -978925987 495398612
-337485910 -785660659 840161303
-337485910 -978925987 587916963
-751529511 -12994863 402749821
-751529511 692699880 236973047
275481972 -12994863 58438241
275481972 692699880 426649693
987613275 276640550 256062354
987613275 27268271 -435145821
255974698 276640550 -642678195
255974698 27268271 -876115506
-51345085 -229732443 88455789
-51345085 -573283949 -804449266
794769018 -229732443 -533148125
794769018 -573283949 -493567227
-931169681 164856352 529487545
-931169681 -305899211 -85958381
-567656381 164856352 214685060
-567656381 -305899211 -945116010
-988377927 -289465558 384599948
-988377927 135044813 -638425503
-583876255 -289465558 -135352990
-583876255 135044813 -405619397
-490520909 -934085773 -75880797
-490520909 -206646879 270834572
-689679517 -934085773 -473086321
-689679517 -206646879 -692770107
76897748 -86877167 -875081912
76897748 -903136849 964268111
-995710839 -86877167 -953977498
-995710839 -903136849 325991086
-978589734 226468683 -939018781
-978589734 995905082 679508060
-371937620 226468683 501733435
-371937620 995905082 957412149
516198123 -896577603 -195131678
516198123 -21422132 916726502
313433860 -896577603 -258445801
313433860 -21422132 852762717
521292786 -77603184 -975932499
521292786 879601672 -674589501
-796644784 -77603184 -726017107
-796644784 879601672 629686737
-677613417 12510982 -995741014
-677613417 634678895 -173967674
-915777093 12510982 -281905250
-915777093 634678895 990579908
955149722 -925304164 -64105463
955149722 -909432595 -686795986
-37133929 -925304164 23169213
-37133929 -909432595 665785583
-931310699 -468838677 -359176903
-931310699 -971412144 -504679161
-341118812 -468838677 -583662001
-341118812 -971412144 -777288835
-793332645 -234094801 52731292
-793332645 197657199 -885495712
628773729 -234094801 561087128
628773729 197657199 422657362
-201729459 185524014 542473100
-201729459 -662880698 693347724
-966350741 185524014 -857492464
-966350741 -662880698 -990882066
559835769 -738206448 -741460180
559835769 -176161221 923507588
487783890 -738206448 -506462537
487783890 -176161221 360516396
264088495 -377602376 -957777958
264088495 -203408664 -122217398
255005884 -377602376 501984540
255005884 -203408664 254984990
555598234 736585910 652577480
555598234 841889011 721098493
302263788 736585910 550467145
302263788 841889011 -440976106
311296818 -995472631 516709354
311296818 -999844637 -122185425
-362794297 -995472631 -372919363
-362794297 -999844637 -892673615
-471410738 -973244378 709088545
-471410738 841088738 231009513
216438716 -973244378 -216699694
216438716 841088738 -419920824
-857300915 693243830 580466472
-857300915 702735004 -898479336
-31743582 693243830 -855968753
-31743582 702735004 -924173695
951430531 81637957 -579916402
951430531 -697401059 -711136390
331165808 81637957 974393397
331165808 -697401059 -381778225
817807798 -454907648 -161081594
817807798 12419753 -456248321
409370875 -454907648 -995890514
409370875 12419753 256991248
711578832 452574916 -915073795
711578832 -905990997 808780736
-932573104 452574916 136400455
-932573104 -905990997 -982810591
-31137395 -823175029 -921292842
-31137395 -984667644 -805287012
-412331131 -823175029 63796107
-412331131 -984667644 790337505
759635882 -843918934 661947788
759635882 -988766235 20180983
-923709335 -843918934 -995353201
-923709335 -988766235 979835081
-641177559 -944973966 -345741728
-641177559 936830466 -909017271
532777287 -944973966 939451553
532777287 936830466 -116626876
230793010 -84793946 -110742034
230793010 -745739526 374036385
-475047984 -84793946 -449904748
-475047984 -745739526 3078980
568487921 53927782 -192901972
568487921 749602437 -668910671
-60888 53927782 -9198908
-60888 749602437 274502641
-760481565 -530033894 91199991
-760481565 -413680248 -892963698
-831769998 -530033894 331311468
-831769998 -413680248 -591222005
147685737 85307058 -314868986
147685737 -593644853 -887020423
385276333 85307058 -857031449
385276333 -593644853 -301426838
-783264604 -540933006 737944348
-783264604 508355630 -168847462
-855399864 -540933006 942722392
-855399864 508355630 -863194734
-781417931 -108182283 -333491836
-781417931 311078853 -865604580
-37966552 -108182283 167976398
-37966552 311078853 -413454730
449991676 -517941550 824533179
449991676 388743100 -815529685
110136799 -517941550 164269950
110136799 388743100 38779283
-15569033 100999556 -931965909
-15569033 477806309 -525884253
-176863246 100999556 763578519
-176863246 477806309 447887219
201796722 -629538193 410708884
201796722 376076250 55031617
67610283 -629538193 676371234
67610283 376076250 -620095977
-949481891 -512642209 142148159
-949481891 915310365 983507010
-174991666 -512642209 719692718
-174991666 915310365 314879072
-617256168 566834912 -451198744
-617256168 948491537 -906463549
74573427 566834912 -530480748
74573427 948491537 792931763
-531811865 242788936 -123696597
-531811865 194102631 15754105
-850517805 242788936 421428320
-850517805 194102631 423197511
-217073162 -366817080 -880925267
-217073162 591734710 -408145262
804032685 -366817080 53655520
804032685 591734710 114073881
-956720234 -615487079 295905334
-956720234 -814637851 97270051
-869396530 -615487079 369042927
-869396530 -814637851 -128014519
-159225035 -975378422 -298427736
-159225035 420644893 623016015
-427270085 -975378422 -762416946
-427270085 420644893 881289995
-947635000 721749241 829030483
-947635000 284554925 -278908822
-422583481 721749241 182006869
-422583481 284554925 -388999902
817495672 298411407 -415055571
817495672 -921811533 -576062965
60558132 298411407 484370769
60558132 -921811533 611210407
-730803456 -355551443 -947738755
-730803456 885142944 56713195
486614038 -355551443 -63023771
486614038 885142944 447419339
750852187 813456117 985797305
750852187 556199624 145870425
255754590 813456117 886836988
255754590 556199624 -576837170
-521383494 224997325 -345627379
-521383494 200451517 955367028
-123083711 224997325 130491957
-123083711 200451517 658312118
749521951 -584809586 -7855253
749521951 -507986175 585697214
-972365562 -584809586 990713622
-972365562 -507986175 -11026383
4183100 881071323 -388909070
4183100 987377046 832041583
434019779 881071323 534482569
434019779 987377046 4012001
-368266539 -785689229 569072945
-368266539 38033601 14878992
-528163858 -785689229 693184917
-528163858 38033601 228828338
743767405 242062163 -131491804
743767405 -907615050 -368728089
-865522072 242062163 -362819676
-865522072 -907615050 -658395412
671715001 -641847899 -144459010
671715001 307407216 -288882615
-352397156 -641847899 484494075
-352397156 307407216 -275933473
79662714 -368689595 -474886151
79662714 -905663214 -230667988
-963370338 -368689595 825061244
-963370338 -905663214 448734038
-85996123 124496369 -360025562
-85996123 -330647371 804955583
622897237 124496369 422766256
622897237 -330647371 -582453130
-425352156 -794494303 114164760
-425352156 58535731 -348082249
-775125127 -794494303 804859464
-775125127 58535731 43408591
-874603978 -986249399 334848365
-874603978 648736921 910857834
-818439614 -986249399 661933056
-818439614 648736921 -965182958
-308335540 811536388 -644187517
-308335540 497946016 669294196
643653370 811536388 -726757978
643653370 497946016 -842438447
120266714 -729627541 343965428
120266714 -166567995 -937253482
792797803 -729627541 203436286
792797803 -166567995 -44291523
-386373160 564330868 798003210
-386373160 -321555879 439375113
-800752251 564330868 727156750
-800752251 -321555879 805364578
-863265615 352202450 -883905720
-863265615 -568427987 766269020
784241217 352202450 -987506987
784241217 -568427987 955293204
722512802 274408162 -870639765
722512802 -499826262 -138572838
-557410165 274408162 215919957
-557410165 -499826262 -253858265
-179181658 405648690 -592696601
-179181658 -917431317 -555007528
-519853979 405648690 -182797423
-519853979 -917431317 -885539159
676884500 -933049664 420683327
676884500 610544738 422439736
-171998618 -933049664 -993684261
-171998618 610544738 -160240460
675906941 938077502 88601456
675906941 -360690253 -391927846
-6225243 938077502 -939492078
-6225243 -360690253 -72131973
-682188339 -854209364 -381230963
-682188339 640254860 450350210
-996747663 -854209364 760195367
-996747663 640254860 427379463
-286832406 -893742345 273077815
-286832406 840947438 -100348318
427304373 -893742345 64379266
427304373 840947438 246995683
-627791628 709868295 -930599585
-627791628 -897014315 -421125563
-802624526 709868295 -863080520
-802624526 -897014315 460504199
-528803615 -904655564 258787553
-528803615 435716354 208074004
-297378663 -904655564 805919075
-297378663 435716354 -94007464
825751137 -426709563 -858953310
825751137 968543869 -455664600
-939037157 -426709563 866262084
-939037157 968543869 -935025935
-438781604 -899020537 -527442774
-438781604 689938879 302890278
96277451 -899020537 -925000145
96277451 689938879 525551375
912527473 797359107 -508171622
912527473 -794935464 -810523186
-169830385 797359107 -854466554
-169830385 -794935464 -461916921
-675142165 405595956 13574591
-675142165 792852697 771697835
21430931 405595956 -686654397
21430931 792852697 -758512040
-970275860 -53701724 716565782
-970275860 -188536268 -322552602
857108204 -53701724 107315813
857108204 -188536268 33262172
434479980 -561713841 103127011
434479980 -419210724 -722308280
575957112 -561713841 -310183470
575957112 -419210724 268265750
-986351057 -764049912 848147874
-986351057 835242164 -306562520
-930303562 -764049912 614439615
-930303562 835242164 457176132
368994907 -865792180 -956439142
368994907 -670062579 402430337
-807061127 -865792180 251875367
-807061127 -670062579 -976813865
-157019554 955908462 912270424
-157019554 -55751671 -1247621
-931807128 955908462 -128407378
-931807128 -55751671 -766612984
-346065756 -739636862 -981023028
-346065756 254301976 -803960264
374405933 -739636862 71781071
374405933 254301976 806269494
589320293 -20236617 -178374036
589320293 -901463789 33087737
-578433837 -20236617 -259117861
-578433837 -901463789 577872049
-945550292 -558452525 33130120
-945550292 -83998389 403431876
-806109860 -558452525 -96304347
-806109860 -83998389 -292447901
-483319796 723142844 -715620733
-483319796 -469453510 698756290
-209074524 723142844 231694232
-209074524 -469453510 62188299
-967222594 549789736 -950893557
-967222594 -890778744 -23846462
192445867 549789736 287708174
192445867 -890778744 719873953
-641749350 -713788101 -952997522
-641749350 -7115358 -268101182
379923740 -713788101 995041175
379923740 -7115358 800982871
430821329 -810913255 -791512965
430821329 -499591732 -538986878
642576194 -810913255 -86060501
642576194 -499591732 -412751290
-803268309 -238658174 -103605202
-803268309 849215513 576898882
-669395197 -238658174 -957987176
-669395197 849215513 -881552003
984318807 281292330 697782397
984318807 35753427 -868744222
762857988 281292330 -452803797
762857988 35753427 752846019
-585413768 -376955692 766924873
-585413768 -380215048 17697264
-988578469 -376955692 -191976597
-988578469 -380215048 683864047
-511605870 706941015 -393435640
-511605870 558951790 305639929
786356183 706941015 -821976280
786356183 558951790 -691867660
992081993 386491121 805806712
992081993 613221811 -994180423
-730947005 386491121 374498306
-730947005 613221811 -953597120
-67324544 -884229039 -17854485
-67324544 633030414 527845888
-732618790 -884229039 432768885
-732618790 633030414 879920651
-868855771 -115535717 -917942388
-868855771 226125061 770345698
320078456 -115535717 -9251297
320078456 226125061 403176390
-969856546 649847703 -920815872
-969856546 608178534 592856411
-128393810 649847703 -660371355
-128393810 608178534 376333189
-118225447 172774622 240626001
-118225447 101079113 -961597507
-857625466 172774622 717605583
-857625466 101079113 92021605
-988237285 -84735905 -6489591
-988237285 -896878915 -960718977
-867746573 -84735905 -999890765
-867746573 -896878915 -124769798
-881099917 486194640 639459782
-881099917 340811173 -785081429
-772422420 486194640 560253306
-772422420 340811173 -23603301
-955284822 150198075 -855708539
-955284822 153874255 694419980
638567411 150198075 -424569990
638567411 153874255 -890428614
-876111112 463976243 336900714
-876111112 -272475970 -637513227
221961151 463976243 768347009
221961151 -272475970 473958471
-836446605 -964226637 -672067966
-836446605 249370981 -529001500
442274691 -964226637 -524385102
442274691 249370981 694405532
697402206 741754627 -828734285
697402206 31464116 3235445
712337971 741754627 133766393
712337971 31464116 -497183327
-818950448 -231091259 -150131187
-818950448 338022027 -343741293
-753438394 -231091259 -637823560
-753438394 338022027 612750106
-332727587 454513600 770869005
-332727587 -528713172 -931024728
359553382 454513600 213143401
359553382 -528713172 731060186
67171446 65780687 -731563740
67171446 -378203704 395291433
-418121631 65780687 -560214910
-418121631 -378203704 211778453
30663314 628358017 -267612097
30663314 856721694 983219801
-270661789 628358017 -613886794
-270661789 856721694 -308674773
855223082 572648671 -926913608
855223082 440430418 -794986561
-645902631 572648671 -235713468
-645902631 440430418 -668977061
215706078 107688852 635000835
215706078 707905596 133534529
-299946888 107688852 398742855
-299946888 707905596 103402658
612474601 89063916 183117559
612474601 -719976984 -798199057
21310150 89063916 743581885
21310150 -719976984 -269020271
-530493596 908091557 907699756
-530493596 870960822 95719404
-193415076 908091557 450861226
-193415076 870960822 597578291
820981789 -741679999 218956605
820981789 590514463 697698081
-679706094 -741679999 -759235456
-679706094 590514463 551251819
-850016718 570161061 -108513325
-850016718 732890558 614622090
382006775 570161061 -841125195
382006775 732890558 -233034156
394421109 -424989677 -782567445
394421109 -622675215 -869179731
-140562250 -424989677 -864005203
-140562250 -622675215 -820097433
939300256 9989669 -887933836
939300256 808818158 -857109283
752564851 9989669 -134032065
752564851 808818158 -201118497
436657398 896396180 266321158
436657398 247482050 -867193156
109279422 896396180 278176154
109279422 247482050 -932444008
-853795485 711992875 68637243
-853795485 -943494017 -93552597
726008426 711992875 210965251
726008426 -943494017 705782886
810159437 -607869801 -766532846
810159437 957361729 -454192739
736579183 -607869801 -943177059
736579183 957361729 -270827883
371765173 555865542 662838689
371765173 745078170 -146996425
-32378529 555865542 -871526459
-32378529 745078170 -616798873
-662642562 -922950554 551658428
-662642562 -923813490 398479388
-250671013 -922950554 384413990
-250671013 -923813490 -414394738
515906142 224623711 247888720
515906142 569479716 -268831805
-783332301 224623711 -772114141
-783332301 569479716 958309698
712629000 -165134704 -942387011
712629000 -798536582 4472367
84211130 -165134704 -472488698
84211130 -798536582 -799004935
-952178885 222959594 634808646
-952178885 127772461 -952748156
-128430391 222959594 241396856
-128430391 127772461 -178808080
582489374 433033166 780143589
582489374 -670019213 -507279550
-762932677 433033166 683982183
-762932677 -670019213 -942476454
-969979433 429178588 609381588
-969979433 -316635521 642608786
455141995 429178588 -645712185
455141995 -316635521 156660620
215349502 993598677 768974216
215349502 187916344 986656832
-736392068 993598677 -656513477
-736392068 187916344 -165710308
-852815634 -958288514 270385364
-852815634 -243493981 725849562
-734005741 -958288514 -977836750
-734005741 -243493981 406065710
952620656 -127379085 47393812
952620656 -696125984 -386003014
943774448 -127379085 -975036112
943774448 -696125984 357227896
-694790802 -775799540 -99944470
-694790802 272952098 285625679
-103067347 -775799540 -262666265
-103067347 272952098 -557523071
-919237224 -870010444 -962510613
-919237224 -152904113 -877500537
-439022535 -870010444 386426853
-439022535 -152904113 638997130
-872342633 -701698669 -70977568
-872342633 54966824 -172763028
-77604170 -701698669 46846226
-77604170 54966824 270254856
685889145 103732735 987391534
685889145 -483464364 -679631414
-16307092 103732735 -744467107
-16307092 -483464364 -811170524
842274672 -913781790 655695167
842274672 498672967 593937776
729092137 -913781790 -976992408
729092137 498672967 -832928199
-508330095 -275801024 483620124
-508330095 761829234 799153334
-910567722 -275801024 -865060022
-910567722 761829234 243549261
-999976870 -489871409 642652185
-999976870 -12761023 -139785039
-435338158 -489871409 49782594
-435338158 -12761023 -968136862
-848042166 -954245400 407064207
-848042166 -552084943 -41475462
-984098384 -954245400 952127367
-984098384 -552084943 30498417
-111802703 940599265 881066067
-111802703 -999693747 110213707
-958609086 940599265 -970932767
-958609086 -999693747 921598366
-407691005 314828442 830064985
-407691005 868958387 895189846
-883632892 314828442 -999818554
-883632892 868958387 719144513
52935016 -451649882 -92090255
52935016 543098153 -980158132
807062744 -451649882 -935482857
807062744 543098153 -84821596
298628318 422006199 -204309757
298628318 -718178846 283559275
-236750477 422006199 517822439
-236750477 -718178846 -807718435
-330790163 -456187291 -196675934
-330790163 -696852057 -880232222
-507962173 -456187291 194192500
-507962173 -696852057 -814682248
-541501174 200431936 467630435
-541501174 -247860192 739712194
-349003608 200431936 -132526184
-349003608 -247860192 -180023751
225702122 868114281 885166545
225702122 -993603551 278976533
-953661496 868114281 -500769291
-953661496 -993603551 51471027
587801697 472725391 78477975
587801697 -38852828 764930790
270379868 472725391 -625679082
270379868 -38852828 -960195187
-317977705 -56164960 707263595
-317977705 96082804 -184975524
-33823780 -56164960 -890548762
-33823780 96082804 -850033560
-356766180 -627317558 -6524988
-356766180 -392293711 441599465
-174844977 -627317558 451571802
-174844977 -392293711 -297238012
-751625752 299668064 729182263
-751625752 -169367471 851925127
-562457705 299668064 -528468038
-562457705 -169367471 197536070
68019442 -310195290 94694634
68019442 762278207 -827963865
85069118 -310195290 200601433
85069118 762278207 -865741695
624426909 -790792347 403655877
624426909 -838802733 -195332547
699116575 -790792347 914173410
699116575 -838802733 -986199780
-980602196 79751567 -838797623
-980602196 -396551600 -261462176
-210075422 79751567 -891003245
-210075422 -396551600 453752255
