2000
742425215 -913755530 807508655
742425215 -757637489 -617247769
-359953185 -913755530 -890552539
-359953185 -757637489 907934908
758758561 176322731 -899927733
758758561 519647987 256153091
-999278176 176322731 269957556
-999278176 519647987 -744483079
-72780220 282617934 18694511
-72780220 621810418 -717810544
81548088 282617934 -920944106
81548088 621810418 412669445
-732070699 -827202657 419373669
-732070699 732913856 -157393149
-963274920 -827202657 -351405753
-963274920 732913856 35118708
-819118325 213641050 -859985375
-819118325 530285042 -266826684
-787723221 213641050 -974955818
-787723221 530285042 237382730
8967378 224698607 974546975
8967378 199003345 774775603
802837018 224698607 308747627
802837018 199003345 -1530569
-497970362 -578845935 473272382
-497970362 -689408179 669437606
428560544 -578845935 -261615472
428560544 -689408179 -92191229
-292996692 -347382675 989213913
-292996692 -665359762 354912787
-492250410 -347382675 -328462585
-492250410 -665359762 -940230922
884589807 459756203 -745916103
884589807 -987386343 -231471038
-539980071 459756203 -163577891
-539980071 -987386343 97284973
329301903 18061399 -376414076
329301903 -862419328 -27203097
472827649 18061399 -587704058
472827649 -862419328 -902358530
225197081 -209315394 591812627
225197081 -877778103 676186110
743486642 -209315394 457788857
743486642 -877778103 473098844
-460542879 892047898 -682013500
-460542879 -913773905 -614840236
-383962605 892047898 -242539076
-383962605 -913773905 35553509
500962422 466121873 866483395
500962422 573756572 524493391
-720693184 466121873 -686907515
-720693184 573756572 779541435
631932081 167328654 623436379
631932081 -949247348 -475148700
271815187 167328654 845660260
271815187 -949247348 -947224821
-596595789 114371804 -892715378
-596595789 -706811601 -216076827
-480403426 114371804 326393495
-480403426 -706811601 810059840
-392954084 821858963 -849659781
-392954084 463034581 -901357771
-402689910 821858963 -561692445
-402689910 463034581 -192537938
950776958 -182520357 396182073
950776958 -360212266 514282802
672108737 -182520357 634494325
672108737 -360212266 -583658454
59816445 10983638 -863623622
59816445 820872317 -463351633
965798847 10983638 271349879
965798847 820872317 -752169321
533066195 -257316038 -681657862
533066195 866251648 -308530475
-308177553 -257316038 258316697
-308177553 866251648 -971669620
766344815 -608105535 971540801
766344815 899128253 -440355266
-934107894 -608105535 343723591
-934107894 899128253 711284816
564558712 21847754 -318723311
564558712 -527120237 372060966
-428911727 21847754 317708455
-428911727 -527120237 -915871173
-875078344 -982667219 -132006284
-875078344 246120672 910781981
-338035020 -982667219 -787291816
-338035020 246120672 196825132
-494181785 -208134841 665428474
-494181785 966764501 165394662
851076647 -208134841 -204498097
851076647 966764501 486790349
46314580 -921187555 -453062424
46314580 732315529 -895187482
-114823113 -921187555 -598034981
-114823113 732315529 -919728068
329920947 -972154781 343083062
329920947 -992342685 952955390
-95746817 -972154781 117585736
-95746817 -992342685 237885000
-264296016 442086366 -945064481
-264296016 163557087 401971374
-949787930 442086366 738939496
-949787930 163557087 529275594
365351422 18568644 -388903997
365351422 -880914507 801463090
-994386482 18568644 -82905148
-994386482 -880914507 -945018964
-302057404 966754169 83667902
-302057404 -880200032 -110084957
505601152 966754169 -398831267
505601152 -880200032 -53233245
237549218 995174173 218287755
237549218 -208878456 -544068763
-300948092 995174173 -531206061
-300948092 -208878456 644422843
-723979477 -919849761 -940320224
-723979477 360556112 815496318
-923445475 -919849761 744660219
-923445475 360556112 993591826
808372469 -441157925 690011037
808372469 1109933 -436514535
-929313173 -441157925 388585987
-929313173 1109933 297259675
225432842 -964549014 896722968
225432842 271438076 797936980
-929508253 -964549014 512327820
-929508253 271438076 -21370664
587538730 -792199434 183488997
587538730 676091781 -351964331
-464183020 -792199434 292543548
-464183020 676091781 347128214
-208213907 -53810330 -519673262
-208213907 -864584067 750006558
482563346 -53810330 746148348
482563346 -864584067 -903800674
480785465 -879817770 290179888
480785465 844998811 -906268776
556512835 -879817770 749952885
556512835 844998811 84636513
-462196125 713787410 -186643119
-462196125 -696090928 -396393644
48443123 713787410 305305410
48443123 -696090928 -363335694
910965723 886774541 291289621
910965723 -735743882 367800775
-192215164 886774541 363350958
-192215164 -735743882 -472056715
-114342800 -250257229 -9502823
-114342800 -571325525 -952614253
-783689181 -250257229 374523735
-783689181 -571325525 704878173
849881715 5920204 955085930
849881715 -710117537 -305505736
-233213061 5920204 -533276629
-233213061 -710117537 -864583309
-581615795 570754305 -224731965
-581615795 -914627314 -748567967
-647671626 570754305 475188580
-647671626 -914627314 -177183167
691382882 330195636 441458046
691382882 -46102410 -990393202
-614181118 330195636 -537567320
-614181118 -46102410 650264529
-422651656 -691332247 760241323
-422651656 758924943 857147623
318812053 -691332247 615911883
318812053 758924943 -472358985
-435168999 701873229 -633367493
-435168999 -719410819 -590679116
293301387 701873229 -793177074
293301387 -719410819 -161335955
199215732 785013748 -993985392
199215732 -442310956 768407313
-351983328 785013748 -134540915
-351983328 -442310956 -992451805
-475161538 -942637779 -340910151
-475161538 -230630150 -157918971
-254468395 -942637779 -849673575
-254468395 -230630150 330520271
-368273497 -559338580 849596253
-368273497 105085726 -212366864
-267202525 -559338580 -600250831
-267202525 105085726 996789475
412522582 -23200420 -603652559
412522582 -309731146 -34117815
859104202 -23200420 75460312
859104202 -309731146 -467443608
-463257047 -162234202 80570593
-463257047 421283822 42741322
59191337 -162234202 -550374257
59191337 421283822 -816337785
367412689 107216637 -325418967
367412689 -377447954 412384921
-662270312 107216637 -12914129
-662270312 -377447954 -498703712
992026552 -21638671 216350918
992026552 257668331 690919348
-627723487 -21638671 331287261
-627723487 257668331 778763606
-850671540 514639940 -934812524
-850671540 795555203 57188915
-654103197 514639940 250774293
-654103197 795555203 -286761728
955410495 -214241523 692111202
955410495 509204698 -974646316
-966344479 -214241523 -614705303
-966344479 509204698 -619620518
-247084158 -977171655 179754499
-247084158 -225136316 -913714688
84478424 -977171655 -539757444
84478424 -225136316 865536276
355316007 -435552182 -166748472
355316007 -479810396 586881381
-932272785 -435552182 -857502235
-932272785 -479810396 59646075
234577874 -968654902 -880960485
234577874 540109668 786329108
-215452539 -968654902 -973072576
-215452539 540109668 -178129107
869638724 -585200472 -933336133
869638724 -974256877 670647577
525315410 -585200472 -812708157
525315410 -974256877 -106617337
121991240 483028337 -688333286
121991240 773554814 -795413567
97909659 483028337 314777244
97909659 773554814 -911614753
40837325 -24954710 -743167342
40837325 142677006 -905982988
-939347310 -24954710 420773392
-939347310 142677006 -675396807
-236970371 188193858 -897152556
-236970371 293597384 450100497
-253367279 188193858 472493936
-253367279 293597384 -88223429
-525194145 -189859275 -949450599
-525194145 -794149893 124861943
233427709 -189859275 819044321
233427709 -794149893 646501583
-636112840 695225633 546201694
-636112840 483828000 -418213351
-71677126 695225633 -506079008
-71677126 483828000 2868538
518688566 -783819499 -746559541
518688566 465126685 -690609221
-921377116 -783819499 327463483
-921377116 465126685 437443548
844610501 -366564767 920006786
844610501 143674461 67126041
940247357 -366564767 -381502884
940247357 143674461 174063499
-861819744 504638834 830003746
-861819744 -213361133 268604568
-497176527 504638834 -381328603
-497176527 -213361133 47832366
191162052 620579455 1992652
191162052 684721012 -39903829
469904156 620579455 -862988314
469904156 684721012 -412684089
687804836 -430233882 -120091134
687804836 495860325 -746272612
970965994 -430233882 -756704495
970965994 495860325 887337975
416482702 688461205 739669937
416482702 400403555 570146533
-885917103 688461205 730387129
-885917103 400403555 3223866
-294185 300086042 727857584
-294185 -150820268 909168702
-483932967 300086042 -301787593
-483932967 -150820268 388639433
689624803 -339648947 -413639943
689624803 22674176 -441118485
16402257 -339648947 189116922
16402257 22674176 367583178
536426212 -146012342 -184568200
536426212 682617517 96163750
507025723 -146012342 -607718939
507025723 682617517 904134885
-348974798 68724187 -912153704
-348974798 173700271 -417294290
-735106195 68724187 -334798453
-735106195 173700271 -64322706
-155293540 -1474369 847516473
-155293540 1875705 586360790
876710765 -1474369 759703797
876710765 1875705 836773150
426076684 998246366 -46723273
426076684 409311889 621010138
-317984295 998246366 788501458
-317984295 409311889 -818775100
222339706 762519998 226630537
222339706 -42261216 -720811972
557632974 762519998 500883891
557632974 -42261216 -23120024
402052485 -355673743 -955336801
402052485 -91081936 -889070316
-346539775 -355673743 581558851
-346539775 -91081936 -455223107
555186282 -955766449 -912923587
555186282 741030747 -36798489
-911393670 -955766449 453645694
-911393670 741030747 -709261621
-779922792 599742715 971855639
-779922792 -165619221 539558048
-832004656 599742715 164820686
-832004656 -165619221 -767625752
475590439 -252061443 -301060571
475590439 -338377008 -798167664
-367871677 -252061443 -171004178
-367871677 -338377008 453335945
-951326725 -857173604 -518550112
-951326725 -862663348 397242801
720500137 -857173604 -594796868
720500137 -862663348 -423741030
-557653915 417622596 -201751037
-557653915 -863774260 483480874
-73904297 417622596 -188610787
-73904297 -863774260 301945133
414753303 186452932 -76493069
414753303 51776847 -572526138
-231672104 186452932 733816933
-231672104 51776847 -745379062
-677212228 481987431 479825491
-677212228 -372887574 -951798764
419433503 481987431 316073043
419433503 -372887574 -940027647
-705181714 -166440137 -248882461
-705181714 -112603693 -439863745
659875606 -166440137 -576763165
659875606 -112603693 -608506254
258789738 -887764123 149267340
258789738 -824367631 -785838593
797023435 -887764123 -381506502
797023435 -824367631 750478627
782407797 964182487 484995313
782407797 464786620 -953617567
-254122776 964182487 -970412426
-254122776 464786620 -885031729
785452110 290775738 -408985658
785452110 -983683740 155636290
205696414 290775738 -596619998
205696414 -983683740 751696525
-987199046 -740929200 -711985240
-987199046 870499004 -994748617
-328747906 -740929200 1358780
-328747906 870499004 -510492865
-979332054 292333943 -348255935
-979332054 45466239 574688232
-175335848 292333943 613925253
-175335848 45466239 434783402
-541335299 26037244 530697590
-541335299 366416528 -766836384
-712652510 26037244 739407836
-712652510 366416528 -377087679
368893182 -801661592 142893224
368893182 -930983715 -616656936
195107337 -801661592 971145135
195107337 -930983715 892688583
-438642783 14787477 -923419357
-438642783 256850971 537176257
923652891 14787477 242213958
923652891 256850971 -992456930
934848525 -396978442 -243658207
934848525 -259079419 745953821
-57757919 -396978442 -913342681
-57757919 -259079419 -733692441
166459815 -860049441 605489064
166459815 121002771 -213831928
-310162370 -860049441 198219576
-310162370 121002771 -921510246
-64270302 -56438001 -977462732
-64270302 680222033 227147744
331468749 -56438001 61391922
331468749 680222033 978080886
-811681193 178857501 182514178
-811681193 945324820 -495548411
137948340 178857501 -902161015
137948340 945324820 786883667
164836111 799729994 -401474845
164836111 830362003 -621316137
293026534 799729994 657843044
293026534 830362003 -26611106
-365404720 -156926415 -227976439
-365404720 -376968415 438909732
523851631 -156926415 -97362217
523851631 -376968415 65778978
55512448 -384145099 143318108
55512448 5475297 -463182989
-947441922 -384145099 911230976
-947441922 5475297 -450589007
-661351289 -94110822 50496658
-661351289 531395069 -682473638
580185522 -94110822 253732458
580185522 531395069 -367265142
-998293415 -797671647 -702646799
-998293415 -30799391 -21368351
-859125047 -797671647 -859300238
-859125047 -30799391 -628595042
229780450 243912402 -500181316
229780450 100001277 -626374928
-609513896 243912402 -139568307
-609513896 100001277 -277325242
-777054236 -853811744 -973847522
-777054236 -131697303 -997345366
205461 -853811744 303418838
205461 -131697303 21604003
153630708 -2544671 331954818
153630708 -55879329 952461021
-831069 -2544671 667230872
-831069 -55879329 -950055024
854977882 -635136942 -483951682
854977882 -678706294 -764777503
340957247 -635136942 -898664709
340957247 -678706294 -4184952
317803475 -489240189 -769372876
317803475 991968385 520022967
-981308629 -489240189 616690996
-981308629 991968385 -109944668
-918683160 235405899 564298905
-918683160 -363898117 -598553830
650660436 235405899 309892341
650660436 -363898117 -931447756
-87152096 -907303734 -258310173
-87152096 -413052997 750592044
-758196748 -907303734 -911899973
-758196748 -413052997 -44571850
-959816496 -568719006 -712331717
-959816496 253687653 188356020
126902087 -568719006 -974768073
126902087 253687653 664732675
-675981159 -516883578 -462422937
-675981159 -411224900 228171419
722318871 -516883578 889548284
722318871 -411224900 999939934
-208369776 746605692 -241633452
-208369776 -827723055 947150722
122729461 746605692 -946599946
122729461 -827723055 -991005272
642681953 -26614180 -146354979
642681953 -733983689 -767215065
-79101574 -26614180 -528526576
-79101574 -733983689 -971914487
-872406916 -833902428 -322814199
-872406916 -91353910 209858992
680638112 -833902428 395905779
680638112 -91353910 542535968
758985870 -978131782 270434498
758985870 702958573 -327029451
220548494 -978131782 -891039010
220548494 702958573 -538903623
-481090749 -96301829 238999904
-481090749 327869545 205642054
-378905871 -96301829 -118945761
-378905871 327869545 834558479
836651123 874344362 -914836602
836651123 -910007169 -793711619
-486030437 874344362 -355867028
-486030437 -910007169 -299152226
694263898 -776879188 439319003
694263898 801924383 -254958500
-344447468 -776879188 -978365994
-344447468 801924383 78078343
932899526 235819179 331507000
932899526 461298939 751898912
-72414430 235819179 -631843669
-72414430 461298939 446550933
124547448 -138763354 -803151138
124547448 71712213 265814242
189982598 -138763354 522906234
189982598 71712213 496651269
-896014371 58464573 -721368936
-896014371 -292817079 237430020
-809925829 58464573 -964045151
-809925829 -292817079 488597344
-525940467 464010307 891496354
-525940467 -684614949 -680215209
-613163994 464010307 -888844521
-613163994 -684614949 -990227697
-896469960 -488031369 508357083
-896469960 -912330106 139417753
-306466831 -488031369 416975683
-306466831 -912330106 625688522
-987321622 333706801 881873815
-987321622 -639474016 38938906
971181675 333706801 -989175387
971181675 -639474016 -946021610
-266064174 20424941 945195515
-266064174 -443773941 435934344
-353931961 20424941 27784269
-353931961 -443773941 -916818592
496170038 589913395 269880432
496170038 591843834 -856671539
-160728375 589913395 914176704
-160728375 591843834 -174600252
-177385170 137290405 -910344875
-177385170 -593809682 7391264
401314441 137290405 -177534747
401314441 -593809682 -787771027
-4733531 567408487 -957483204
-4733531 -902690088 -890212678
255229018 567408487 392364319
255229018 -902690088 88133280
799632001 -622904915 596145963
799632001 445094442 -234980412
887682140 -622904915 -367813063
887682140 445094442 -203769285
293859941 -806937294 -353936775
293859941 -39310876 -124785038
750446960 -806937294 550253717
750446960 -39310876 -351536716
97493569 -121377425 967937212
97493569 606026141 70393994
-28019286 -121377425 336427192
-28019286 606026141 -528616411
769556662 -288030264 387913265
769556662 -220679204 -614069362
-411451477 -288030264 32827721
-411451477 -220679204 869577871
830864247 660532372 434463890
830864247 -48467758 -405600132
751559465 660532372 219585576
751559465 -48467758 611068793
463189303 -323893382 -816509315
463189303 -242467100 -345788845
237610779 -323893382 -18570981
237610779 -242467100 -913031057
-79430693 497859246 -180434864
-79430693 526308407 893256474
-878685 497859246 215567072
-878685 526308407 -204251790
80869094 -801510799 -4419624
80869094 352100674 -623062945
-595211108 -801510799 143409750
-595211108 352100674 617140638
-492827572 -941722097 -849486922
-492827572 -63481825 653626992
-450362544 -941722097 -734275776
-450362544 -63481825 645874378
984037219 -107522009 -152214845
984037219 -929632463 -750725870
803555478 -107522009 -113583831
803555478 -929632463 -155672777
259250033 -678417749 -137186352
259250033 -605575344 204784413
111941485 -678417749 167210559
111941485 -605575344 -459142593
493391876 751832675 565861235
493391876 -801008772 -630997911
988236568 751832675 432709766
988236568 -801008772 -2753487
-661276173 -92810789 -885028448
-661276173 252615223 -996582216
-877939324 -92810789 624271432
-877939324 252615223 -27124228
-364815521 -465766757 -477195652
-364815521 -467715599 673217729
432798732 -465766757 -929630110
432798732 -467715599 -306711485
-349002387 791443665 326956434
-349002387 -950753177 -346313041
-939551533 791443665 -785067674
-939551533 -950753177 29369847
328858773 -981201430 -987871311
328858773 -150543399 -126231862
803983433 -981201430 115658793
803983433 -150543399 480060583
-767904148 306761766 183030633
-767904148 -946622338 716688018
-486822926 306761766 -461599966
-486822926 -946622338 -724543393
-576797033 -204555942 -436989839
-576797033 -728937988 574466180
374708262 -204555942 -901805129
374708262 -728937988 558664910
200801230 -276616575 -515531712
200801230 -251826649 -273735554
516984366 -276616575 662085668
516984366 -251826649 134458995
-154425093 848634332 -330869837
-154425093 -806388715 -733133491
441721073 848634332 -775149313
441721073 -806388715 -259070872
-66334348 658165852 -296373051
-66334348 -874837915 197639472
197195173 658165852 -842744985
197195173 -874837915 997825061
620304268 914914208 -337907985
620304268 89106794 451767677
706046812 914914208 -423717551
706046812 89106794 -704643225
543821092 26052119 -608016386
543821092 -240530356 -469426541
-25384347 26052119 -952703162
-25384347 -240530356 97630713
51106374 -860661135 -176277869
51106374 -189639468 -516484889
-351282250 -860661135 266501696
-351282250 -189639468 748037156
-423822668 -851744635 883103228
-423822668 230392558 122869580
-365954721 -851744635 -540285980
-365954721 230392558 705437326
-954065400 11053041 397398070
-954065400 -252975939 -93650355
-866417711 11053041 -432139680
-866417711 -252975939 679383345
-884126377 -108392950 681317
-884126377 -406288468 132708768
605131430 -108392950 -922485549
605131430 -406288468 209507325
493923154 42469721 71742278
493923154 -962426081 -411355516
-5117635 42469721 868513494
-5117635 -962426081 771837194
925042188 -72129752 757871107
925042188 -726779704 193541765
-438712329 -72129752 875613049
-438712329 -726779704 -898153960
-135899573 -77993792 285109800
-135899573 177815178 816831046
438275946 -77993792 677358767
438275946 177815178 -127501322
409401971 -837979502 -952873082
409401971 -39352276 132027155
-428813811 -837979502 -86521593
-428813811 -39352276 199136680
196208106 341246988 -420027492
196208106 627460493 7288741
-581589466 341246988 636112168
-581589466 627460493 -960743656
-544225199 -410061639 -931567784
-544225199 -939981908 -866916483
730953743 -410061639 -767297151
730953743 -939981908 -847384839
-570767036 758274347 -888079458
-570767036 880416840 703178393
-58188488 758274347 -423445065
-58188488 880416840 158942191
523685564 -223430117 -540856534
523685564 37213251 914637141
-28736713 -223430117 210416482
-28736713 37213251 754923560
-826075129 737227067 101927288
-826075129 -337627625 -792187900
399100430 737227067 -572710741
399100430 -337627625 -942678070
896701880 447964589 -863778970
896701880 -621386454 792464416
817097840 447964589 789048483
817097840 -621386454 -867147675
912711181 -515106159 -246548510
912711181 -926926225 -888813565
-989189232 -515106159 799797371
-989189232 -926926225 655978066
521654143 596752087 -500340893
521654143 -283379831 469954713
646932779 596752087 607051656
646932779 -283379831 -430217464
-886287660 52483833 -993635425
-886287660 652899741 916298685
456741778 52483833 71423239
456741778 652899741 526018359
-146476478 -272330388 -839086713
-146476478 -875125829 -853598328
584916440 -272330388 704492435
584916440 -875125829 -646498973
-4869606 -396507958 -749890308
-4869606 109541384 191587300
325226578 -396507958 420338253
325226578 109541384 391178623
580356121 -650671111 904234063
580356121 252699093 815278515
-226144858 -650671111 204541591
-226144858 252699093 -267074022
-76331883 129005548 -906693112
-76331883 703646582 575650876
-597456109 129005548 -612286575
-597456109 703646582 -994568494
-363309989 210340781 685980358
-363309989 86519625 -855878079
409893159 210340781 -889905823
409893159 86519625 -348336612
-884990850 -990511753 217642069
-884990850 -15580171 -162358792
208585187 -990511753 574669290
208585187 -15580171 971542171
-569866746 335413999 -368695502
-569866746 465236720 -162921795
-898969146 335413999 -226559415
-898969146 465236720 610826276
870933615 -907253806 535494359
870933615 -636203101 413045478
-725994616 -907253806 582194582
-725994616 -636203101 944194524
116392397 -217348772 233031972
116392397 739711139 -728325154
856679517 -217348772 -994911166
856679517 739711139 215472789
-207916179 359425894 38526393
-207916179 761801078 -184759042
-862221347 359425894 -390895685
-862221347 761801078 613992713
790427038 804410883 861909546
790427038 -777508214 861913618
-331981133 804410883 256777145
-331981133 -777508214 61180520
-894579699 -872020515 -9340506
-894579699 162810445 375656543
-433884153 -872020515 856815294
-433884153 162810445 -878685962
-840961700 -487322167 -844873220
-840961700 437380182 335209761
311569239 -487322167 -951719075
311569239 437380182 503770464
142867265 4259087 -697440523
142867265 476947176 416560688
-397293374 4259087 -955084009
-397293374 476947176 -765194900
137874751 681795785 470691725
137874751 -480346332 -34215129
126468050 681795785 -199306096
126468050 -480346332 325995033
-448711319 -931134345 81355047
-448711319 -575623248 -500956295
653400037 -931134345 -966259592
653400037 -575623248 770395740
-314035746 274345630 -942937233
-314035746 -934565790 -553391619
-89016518 274345630 494292832
-89016518 -934565790 -154803415
-814788375 -789282708 -482899950
-814788375 -586358344 -986114319
-545712510 -789282708 142026029
-545712510 -586358344 360315278
882259372 -609973974 -393635634
882259372 -885080662 -22278872
356075557 -609973974 -274771503
356075557 -885080662 -906168081
665625321 -162636358 -874418114
665625321 -587842348 581885366
-511009440 -162636358 -957615063
-511009440 -587842348 250094601
708907606 725425729 -868650039
708907606 -948051065 -974910113
500473633 725425729 -503070107
500473633 -948051065 -119547759
-988819106 -525791028 -580279171
-988819106 60811979 -192434911
-285111240 -525791028 -238828371
-285111240 60811979 -742341589
-999558133 -638728020 187200879
-999558133 -155917230 780236108
-26081037 -638728020 504794775
-26081037 -155917230 -266793535
996612785 916471975 -943378852
996612785 528807437 190964629
-758409067 916471975 -267898449
-758409067 528807437 -8943733
-368012489 -404049785 -675168805
-368012489 557783847 169137331
-383364980 -404049785 -928898712
-383364980 557783847 644020561
-442384711 -786918952 663950293
-442384711 87330786 -870355423
-641348984 -786918952 -794120311
-641348984 87330786 -546813955
-274982353 -67873892 -622527198
-274982353 353421788 3407574
857977058 -67873892 -470411579
857977058 353421788 568618771
-707752050 -66780533 -923051256
-707752050 -224773460 682999580
-401634685 -66780533 148679542
-401634685 -224773460 -342394814
-959883497 456270159 802719085
-959883497 -125447565 568555582
361779126 456270159 961282956
361779126 -125447565 -146624949
724177208 642388512 169071738
724177208 5992947 745234475
-843968694 642388512 46888261
-843968694 5992947 -776831719
-128539997 893666990 -616285083
-128539997 235325656 320928570
-301034474 893666990 -525664378
-301034474 235325656 -825177931
-427859516 473899332 -676892507
-427859516 754331453 -120641527
-176068558 473899332 560524013
-176068558 754331453 789453077
53646644 341942113 -767012410
53646644 612863980 -144895656
866350870 341942113 -924764316
866350870 612863980 -112467524
267421308 -286239054 149102092
267421308 -80045532 928368769
-595575869 -286239054 98035760
-595575869 -80045532 206992040
476427718 -66855422 -437874353
476427718 549689342 -888475919
-258714721 -66855422 346070609
-258714721 549689342 -96448643
422941818 773304604 -133885096
422941818 387442135 431392892
66905357 773304604 905356783
66905357 387442135 -741430775
-797837564 -898582631 -430499673
-797837564 -938057571 796766938
938758778 -898582631 -712863573
938758778 -938057571 275350572
195757639 -270493662 758838071
195757639 -544206217 -254972280
788792039 -270493662 -928535839
788792039 -544206217 -401642716
-991453341 -780066234 482945528
-991453341 951790425 -304660876
-302094045 -780066234 374545027
-302094045 951790425 -113458120
-300755257 -233738041 844442575
-300755257 706890506 -791488839
-202319757 -233738041 -596310958
-202319757 706890506 -164154517
-83335676 -634221723 -307755014
-83335676 -677064824 449175088
637834348 -634221723 -691180236
637834348 -677064824 739265829
979592610 -694632112 -914460108
979592610 78983665 939591406
-518086629 -694632112 64614928
-518086629 78983665 -901580200
-793730664 -519368924 185198063
-793730664 -309595206 969094533
-776239731 -519368924 -49720766
-776239731 -309595206 -871718577
110586465 -985592959 72606340
110586465 -133127798 189885373
625156567 -985592959 288982941
625156567 -133127798 -800619477
-950510511 484055420 477348004
-950510511 98154700 -340023293
-587743343 484055420 -82400737
-587743343 98154700 -929614140
-536357048 -963685377 731850712
-536357048 -468067174 -49797661
-30541093 -963685377 733858218
-30541093 -468067174 -59476914
404366460 -994009091 -236092292
404366460 57445605 -131915566
79584589 -994009091 -964733062
79584589 57445605 -117512210
-810021907 -260589748 -782954635
-810021907 -966709395 193709663
632354966 -260589748 266469515
632354966 -966709395 53122173
-503619756 382740439 771714540
-503619756 2849500 474578460
216969433 382740439 125197811
216969433 2849500 658741183
683500486 395859852 127170861
683500486 378410582 742450655
342727527 395859852 829327912
342727527 378410582 267618902
200275094 -308246038 -305902989
200275094 -606037841 260752953
-874114672 -308246038 522017882
-874114672 -606037841 -712611610
-602301147 -217212705 -648330271
-602301147 -974848923 -633065771
304054035 -217212705 281924534
304054035 -974848923 25349343
545601061 624671100 -591567253
545601061 -991645436 494663919
895313223 624671100 824678150
895313223 -991645436 983936130
114086924 -999713309 -774396236
114086924 121790267 -894563098
818057655 -999713309 -981437788
818057655 121790267 -244521014
585330753 -747292003 700510231
585330753 278528597 -471921409
-50627819 -747292003 466140649
-50627819 278528597 -181308132
-949548729 275072394 -996745124
-949548729 -157762908 -427426041
-58787877 275072394 -82781662
-58787877 -157762908 -78273695
-120586991 981135157 -620995636
-120586991 -237012577 782170900
-122289555 981135157 -771917418
-122289555 -237012577 236891871
199337515 762433754 305575549
199337515 569307838 734715972
820882292 762433754 -177004817
820882292 569307838 -656403328
734031269 -889418336 -183668991
734031269 14816796 756021517
528922019 -889418336 512857304
528922019 14816796 701476840
-698612633 891644951 -915698967
-698612633 -410337447 -85243561
-177614563 891644951 384599331
-177614563 -410337447 468132762
-723926412 595597624 402670182
-723926412 321721041 211466956
-119061662 595597624 81843610
-119061662 321721041 937428257
188466300 -515984871 -939571094
188466300 796531320 127534968
523613336 -515984871 -662593364
523613336 796531320 356316544
688935047 -729129816 -685072138
688935047 -935748416 478801363
536990440 -729129816 -466912121
536990440 -935748416 -200933749
754385927 963540276 -797816252
754385927 835688274 -769198416
-544375357 963540276 457179206
-544375357 835688274 -888486964
-617023205 -749823981 -161384854
-617023205 796253101 -940511390
-492333976 -749823981 400355145
-492333976 796253101 304510141
608846559 978110335 965672581
608846559 -627007294 -939133258
435644485 978110335 355228950
435644485 -627007294 383710243
403594044 -938322717 -904439186
403594044 -679434957 24837286
18447366 -938322717 -297365282
18447366 -679434957 -950045378
824750820 -723219829 -624041897
824750820 913490277 7952797
-338197234 -723219829 -508821411
-338197234 913490277 979785515
853107107 182946620 853132157
853107107 178913303 -88843133
318264248 182946620 -470563106
318264248 178913303 -505297797
939902501 -125573226 -250037030
939902501 800327597 561819456
111811989 -125573226 302076728
111811989 800327597 454882932
-50497234 441970451 599963052
-50497234 -98386515 69527500
556587047 441970451 629072336
556587047 -98386515 721160427
488634929 -225969922 844298082
488634929 354308086 -904226503
-932549834 -225969922 698712068
-932549834 354308086 206331551
-623620930 792121398 -800361022
-623620930 -830763693 45114080
602591346 792121398 277307386
602591346 -830763693 -553969014
-860742569 -456851591 411661391
-860742569 -351458921 -719518602
22778841 -456851591 139878765
22778841 -351458921 -925813514
-740564540 -230367201 -79186950
-740564540 -171311627 -225852945
183862863 -230367201 -395676539
183862863 -171311627 -602976459
571895202 347968968 715196008
571895202 -73944172 -421180323
858870280 347968968 -697667730
858870280 -73944172 -141333295
-411203470 463970402 228772353
-411203470 408107526 -948352642
-831144085 463970402 80233248
-831144085 408107526 -640717575
251339728 -975397670 544581656
251339728 -950500786 -299730247
-50668561 -975397670 532388001
-50668561 -950500786 -556704277
559663470 76853619 826572928
559663470 420223721 453835747
-992464440 76853619 -302752881
-992464440 420223721 -632608919
-513137034 604152310 406419908
-513137034 -590640148 -798966903
-861361448 604152310 -60063333
-861361448 -590640148 623676159
487934061 -697405711 -876411804
487934061 172270281 -115979386
293989697 -697405711 817034883
293989697 172270281 726882299
-953204138 -808024810 122036877
-953204138 108358938 -923937398
-608456415 -808024810 -906993472
-608456415 108358938 867259871
166124660 654850270 237106413
166124660 452974798 875134188
-929913879 654850270 -108783379
-929913879 452974798 -603531673
807408841 -771916155 -977685718
807408841 -260435766 175026317
290567083 -771916155 -64774449
290567083 -260435766 -876362346
504284903 -782710985 846157946
504284903 237577226 -18248974
724406385 -782710985 345777536
724406385 237577226 946781783
-985160200 -971513906 857599082
-985160200 -563239528 -9134321
56648739 -971513906 610226555
56648739 -563239528 713213835
-424793931 581181352 489926672
-424793931 -837629745 -133387551
904914493 581181352 157442408
904914493 -837629745 -452878964
562414063 593485979 175311339
562414063 687061838 340648054
729267967 593485979 977069237
729267967 687061838 467887130
995797114 211933532 929454755
995797114 -493698061 -925631321
-19602792 211933532 123128069
-19602792 -493698061 324289207
544684270 71118846 -417356812
544684270 -766525990 621149308
-718355544 71118846 -862305737
-718355544 -766525990 -860217947
976920426 912470602 164290217
976920426 47185233 183958637
621190845 912470602 805852374
621190845 47185233 342439229
-867071727 194015745 -964633745
-867071727 -925648896 741920501
-220637193 194015745 -965033730
-220637193 -925648896 -544252213
856172954 487498707 393808664
856172954 591148801 390829000
-509583076 487498707 -5631934
-509583076 591148801 -190940855
-776066457 -703427524 -914075177
-776066457 351075180 -220011159
2314758 -703427524 722881219
2314758 351075180 -978995921
456297834 -640159692 51770847
456297834 -392526137 -535942235
-603895744 -640159692 -438050848
-603895744 -392526137 702708377
-694551796 -108954178 -54301622
-694551796 676238941 -849196650
-35018924 -108954178 -976840864
-35018924 676238941 -535028770
-882860958 -204481601 -810903576
-882860958 -27208021 683975727
118740620 -204481601 700513295
118740620 -27208021 -74819506
-420058232 689920384 -893158349
-420058232 -438759195 226898438
901615254 689920384 877406795
901615254 -438759195 692117607
299089189 -918642810 -834768323
299089189 -761800077 180772198
-933650189 -918642810 -716046815
-933650189 -761800077 -909242511
-908163576 -663033416 25530105
-908163576 930905429 651239537
-939126935 -663033416 -601017767
-939126935 930905429 -262088379
141052939 195075138 -954359414
141052939 -542505070 -328298785
138145096 195075138 40127893
138145096 -542505070 -51705532
-673191891 972048293 145999904
-673191891 835402261 376024840
-174529800 972048293 70881393
-174529800 835402261 -952695087
-660563186 883903895 55998074
-660563186 -879488758 301069583
970024456 883903895 -517678259
970024456 -879488758 524062743
-278426242 -842686698 101490947
-278426242 181023494 977812308
582941168 -842686698 112040353
582941168 181023494 -710110738
-848160734 694457365 -694150060
-848160734 -557222521 -146343176
-74803998 694457365 98848813
-74803998 -557222521 -823447877
-35888889 601049993 -966701511
-35888889 -972466794 708345988
492101657 601049993 -34296079
492101657 -972466794 -836987057
302087409 909829520 -311439419
302087409 6522971 -123112761
-489858427 909829520 386341719
-489858427 6522971 528179106
-591443465 258385729 -725410188
-591443465 291738134 -424974009
-195461158 258385729 -927652654
-195461158 291738134 736884901
568841054 -77469158 -910977960
568841054 -237254336 440950136
943102364 -77469158 1858664
943102364 -237254336 -83139197
210865342 -476716342 -114281488
210865342 427906532 264299669
300604796 -476716342 14261916
300604796 427906532 889008678
-9077735 -667192870 979363208
-9077735 184946680 246706542
-998329542 -667192870 494929215
-998329542 184946680 323992036
-352007567 -986505687 779292814
-352007567 -959110936 -259746521
-535847076 -986505687 377295243
-535847076 -959110936 198236794
-539016942 -913537862 -92637062
-539016942 -823459634 -354014533
448073626 -913537862 879716477
448073626 -823459634 153790317
752349446 434956253 -649186476
752349446 -19585962 -980591127
70240463 434956253 -276958569
70240463 -19585962 240984556
-475112427 497194721 -325559325
-475112427 255861751 -952958765
506622431 497194721 -983655531
506622431 255861751 -303334421
385769110 -13652232 -8472532
385769110 993267728 503749788
-968825290 -13652232 163411958
-968825290 993267728 -282727761
18863366 -560154663 336486974
18863366 653713635 940505111
862800989 -560154663 -677119720
862800989 653713635 -320382064
205501450 -226932022 -527869448
205501450 228767060 -969219384
-882025625 -226932022 -561484704
-882025625 228767060 430074112
-770820727 -855989483 -351425914
-770820727 727535793 503818906
-532052146 -855989483 -241017965
-532052146 727535793 -508127328
-713455486 -196340594 696167731
-713455486 345965200 -986128428
432593417 -196340594 652040911
432593417 345965200 673650604
335895628 -80779496 966541559
335895628 279336292 -979307361
253199280 -80779496 292842306
253199280 279336292 412094754
-261275934 571628106 -936423223
-261275934 -163611726 565099466
624280485 571628106 -335637879
624280485 -163611726 -829334326
-15461519 -809920842 -169362622
-15461519 507080352 154406703
-495110953 -809920842 176859280
-495110953 507080352 -455062640
-657319701 -866074583 384088155
-657319701 851766523 -65881725
176054560 -866074583 -428164587
176054560 851766523 444665358
-12702921 351126174 -778391389
-12702921 -559683393 14570206
-938724296 351126174 479787970
-938724296 -559683393 -177847604
-31437849 -568564582 680248922
-31437849 -307508990 145467935
-899490248 -568564582 -371287003
-899490248 -307508990 464334425
-211683646 -923796720 927861495
-211683646 -515044071 -994281393
-645314423 -923796720 53575117
-645314423 -515044071 860386957
-330965260 -24130160 -917793496
-330965260 -234763690 -257411586
-767635648 -24130160 -475364355
-767635648 -234763690 -726727279
-485538107 -21852005 851616205
-485538107 919366695 -327269102
-606129792 -21852005 -87872888
-606129792 919366695 -906814344
470780491 36153293 843193533
470780491 435639241 -652846130
181961908 36153293 -861096426
181961908 435639241 -332121832
-73665003 170274005 -234779715
-73665003 -913696641 711381971
987642968 170274005 31634853
987642968 -913696641 -263488087
-647508065 -55451272 -887049788
-647508065 -483777112 621508818
-390557148 -55451272 560615773
-390557148 -483777112 -535847788
574368828 726543339 -958233120
574368828 -876260461 -493026256
-140948108 726543339 -706755636
-140948108 -876260461 -967466308
243805836 125564719 -250300258
243805836 -822371084 -879869151
591206656 125564719 533658320
591206656 -822371084 397092483
-923713716 -352807515 -668479224
-923713716 968214105 -795824357
-904735593 -352807515 -191523276
-904735593 968214105 952010569
-26774591 974440047 -917863294
-26774591 -168170681 -583862222
-460099551 974440047 -838159925
-460099551 -168170681 852347798
-120417414 -929915942 -903721486
-120417414 -907588027 331088636
197658419 -929915942 585815375
197658419 -907588027 -389496216
-464407003 -898554333 59938725
-464407003 719599446 241829277
-205012432 -898554333 275569887
-205012432 719599446 315571759
-577965049 126427738 -830853479
-577965049 -37406200 -836728628
-305825972 126427738 31461591
-305825972 -37406200 489602179
-802644986 319322286 945638892
-802644986 961875302 994231049
135093300 319322286 676330681
135093300 961875302 272913690
533794129 -119124273 -871335243
533794129 -353354395 -957381197
-155043024 -119124273 -288606109
-155043024 -353354395 667442791
988112436 -785373500 537136375
988112436 -242631117 -954367786
-279286468 -785373500 136566239
-279286468 -242631117 -492975879
938275029 -326843045 964551484
938275029 727951530 -908426671
-527356235 -326843045 -380278431
-527356235 727951530 183630254
916880947 343252982 -457412044
916880947 -399297458 907974197
807292052 343252982 -927898958
807292052 -399297458 -670675139
726638836 -557815688 -990142543
726638836 -721514015 -681615764
-75116128 -557815688 402960090
-75116128 -721514015 -585303335
501694129 371954544 2630300
501694129 -449037883 425330237
-551762279 371954544 -159152170
-551762279 -449037883 175718892
-989720020 458521364 753872558
-989720020 -234327999 971228124
-111775014 458521364 -504586026
-111775014 -234327999 681903341
239859524 223003130 -514303716
239859524 -291423686 -421440884
923227748 223003130 156313303
923227748 -291423686 -487053187
-852948446 -570865895 -934674934
-852948446 337067390 -715580456
-884796094 -570865895 893669264
-884796094 337067390 -122331932
569281131 32051634 -966382299
569281131 -256802855 -892293874
-62394663 32051634 -776746617
-62394663 -256802855 -877994567
591369153 635125829 -634875321
591369153 -943142385 721894252
-375379111 635125829 175177916
-375379111 -943142385 623973213
-418986095 -166725059 -75685930
-418986095 -173651821 3967691
577444348 -166725059 -32172198
577444348 -173651821 -151636162
-918185483 -898679786 723025613
-918185483 -463047426 -137679321
-865792746 -898679786 -13667968
-865792746 -463047426 119764151
230328731 -431850451 435260575
230328731 -267903184 -228929280
-995647956 -431850451 -706277046
-995647956 -267903184 -882995432
-660950534 -216159160 591331429
-660950534 -732808839 52701517
740586149 -216159160 -928262669
740586149 -732808839 568211842
-917465375 -953753256 840532347
-917465375 140728508 -244948538
-201349452 -953753256 633917644
-201349452 140728508 252729524
375985116 248008307 660660708
375985116 -206527943 -346101905
815432017 248008307 181074084
815432017 -206527943 672653594
-424802474 -98552208 852882005
-424802474 614415902 -249285360
345122137 -98552208 -355265540
345122137 614415902 -598646240
379038885 48513394 -306217355
379038885 400323298 -862227033
912260843 48513394 -776206144
912260843 400323298 310280639
212096874 203337004 -300682878
212096874 -931253167 243867129
378766303 203337004 -208440296
378766303 -931253167 -366809701
-332330415 713614525 297182783
-332330415 -245883453 -481607292
254986087 713614525 -441681584
254986087 -245883453 378878006
768519103 -901152005 -634025211
768519103 -222668898 -99098135
-858187953 -901152005 -380769288
-858187953 -222668898 -144264537
-42510813 67955829 -420062701
-42510813 -971170848 871288015
792542154 67955829 389077299
792542154 -971170848 7547063
448303863 223235776 990122002
448303863 -551013591 -483790796
-868162391 223235776 63191681
-868162391 -551013591 -955897462
-138091204 75593006 444094701
-138091204 -219373310 540258544
688855385 75593006 -991946138
688855385 -219373310 49794306
-322395905 -129576762 175577324
-322395905 -298435618 -899876360
-19835613 -129576762 -858967058
-19835613 -298435618 125967353
958544925 -557532581 -72148089
958544925 -77373627 481594898
913906072 -557532581 -292108462
913906072 -77373627 474220276
-872391576 223398744 -942382238
-872391576 575284841 -840321164
717316211 223398744 917850002
717316211 575284841 -568994115
-47073224 964010298 -157388589
-47073224 24846787 -140346992
-534539941 964010298 39783200
-534539941 24846787 -690810888
-372959392 442242567 926054139
-372959392 887049734 518462588
-990632818 442242567 -841114199
-990632818 887049734 -991563716
460060509 563399164 -291952598
460060509 360142325 -332714909
-431490625 563399164 236465172
-431490625 360142325 -970577464
-934427971 877454049 343085076
-934427971 -297334746 -233102732
-837740795 877454049 60273085
-837740795 -297334746 23442646
-69677918 667944034 523849248
-69677918 -492278493 -689737800
560903821 667944034 -728416445
560903821 -492278493 478148802
-886549470 -967812881 369389409
-886549470 331958083 473198980
-110632335 -967812881 -486784802
-110632335 331958083 102290640
-544371597 -78751589 -531688354
-544371597 -439473777 -767512936
-599586458 -78751589 -117956313
-599586458 -439473777 -651771798
-565813501 -955842754 -868590186
-565813501 -936954856 -159969980
-937467312 -955842754 845741896
-937467312 -936954856 613870289
199477718 -325874537 350869944
199477718 -714900477 -241378283
915611752 -325874537 -806627415
915611752 -714900477 -761922834
-228616708 846358885 40856403
-228616708 148686387 200618813
-247234236 846358885 792133695
-247234236 148686387 858710158
505662115 639422685 605834310
505662115 -456690848 693606447
-597413655 639422685 -757154663
-597413655 -456690848 -964106884
501221391 239433753 598032604
501221391 -74099818 -437780020
431021314 239433753 -22550501
431021314 -74099818 -785104384
-958485542 -42573197 -913602463
-958485542 697380884 -642795321
129737548 -42573197 -978817449
129737548 697380884 -658610110
-857852657 699742032 -405689080
-857852657 -330150291 198199434
-299601840 699742032 -67065483
-299601840 -330150291 -802570462
658320408 -32847561 770537749
658320408 628823549 710898556
21736997 -32847561 -34095097
21736997 628823549 -108938570
154359749 114994961 377346824
154359749 -693368850 288228693
-708155701 114994961 -552615572
-708155701 -693368850 -337995526
436298824 -388464130 598877466
436298824 -645783017 -550850988
602532041 -388464130 138458019
602532041 -645783017 -81413406
-861843586 -206470775 33697869
-861843586 359356965 161157734
774898204 -206470775 228524865
774898204 359356965 986032649
167778396 323397593 267340195
167778396 -896633449 33011886
-703224371 323397593 886555693
-703224371 -896633449 -661175299
-979661441 -930410110 661538507
-979661441 287084146 -920717855
757618933 -930410110 65495678
757618933 287084146 267237920
622667819 -391088442 -206698330
622667819 256835639 386830519
-975869433 -391088442 -994492168
-975869433 256835639 654801187
5373653 327730658 215407971
5373653 -544245326 -324341590
783859484 327730658 -861067944
783859484 -544245326 227166876
50772703 750483986 -697408773
50772703 -845346939 294793756
352354525 750483986 298232631
352354525 -845346939 -442623656
-540682144 488896174 712775861
-540682144 36091668 -666375785
-689034514 488896174 941553307
-689034514 36091668 340830383
798073294 -500328664 767668601
798073294 45344355 -134829060
-869276410 -500328664 -227863398
-869276410 45344355 119074422
-996820122 -965324255 -282202518
-996820122 324128731 582539893
-952420605 -965324255 -280776680
-952420605 324128731 768640108
-370178911 -140751053 414882512
-370178911 363831878 -352717455
-804837591 -140751053 520818483
-804837591 363831878 477462835
-956397571 -594341243 -660962517
-956397571 -606775650 -168864688
-332144560 -594341243 818007087
-332144560 -606775650 -203341241
-859743381 314322624 259481884
-859743381 -929233553 669779022
-908504384 314322624 -169899185
-908504384 -929233553 -779639446
367236524 959622577 825824338
367236524 -319570109 893123759
-468086864 959622577 -697702685
-468086864 -319570109 -869191482
134923900 -326261040 408767908
134923900 -667108898 -103580893
-341813452 -326261040 -184913492
-341813452 -667108898 770306062
-259448771 -363061719 -872923619
-259448771 -793616211 -672642449
801154372 -363061719 423915860
801154372 -793616211 -638818452
-886337574 -925335207 -984284982
-886337574 305776669 608801691
904776891 -925335207 -5863875
904776891 305776669 -280028984
572259202 -774219112 131311344
572259202 279637545 -695342085
243119586 -774219112 -905572900
243119586 279637545 805618943
213644863 -226476362 -572972044
213644863 -980936129 544088423
-443829149 -226476362 -249495779
-443829149 -980936129 742696003
-742909831 -578109843 347030161
-742909831 -861203950 -658873889
-87462312 -578109843 -742660819
-87462312 -861203950 -184138735
-464948895 -352699340 253470859
-464948895 -205510697 93617266
-489074366 -352699340 800297241
-489074366 -205510697 157338497
670114146 -495960596 487831755
670114146 977150223 341300323
573238658 -495960596 -951865064
573238658 977150223 353527596
-696829312 -959035090 -34912558
-696829312 358601733 -935846635
961685212 -959035090 720926870
961685212 358601733 933471069
704126952 625574826 258131450
704126952 -775084033 515187664
625018122 625574826 814410943
625018122 -775084033 298892123
-721338840 -973954501 -194263960
-721338840 -937483334 227588386
-606567969 -973954501 -605723806
-606567969 -937483334 700225046
393878095 572712187 -21542706
393878095 938454258 -723701683
-608194116 572712187 887753141
-608194116 938454258 -494288037
-339087809 789172371 -626912152
-339087809 -598351037 -749554297
-581721186 789172371 281984184
-581721186 -598351037 -193779814
721488212 928812760 -366233669
721488212 292822470 762360418
184008100 928812760 -86263576
184008100 292822470 787909193
-94872476 452349825 20184241
-94872476 -72121474 -335142556
865911214 452349825 -984598679
865911214 -72121474 -316494432
25056181 124239090 714807022
25056181 854352074 -352302220
261532363 124239090 -488682923
261532363 854352074 -739194209
-784872872 574151075 -420016696
-784872872 27140810 601454678
-344281319 574151075 -163802978
-344281319 27140810 606927730
-985561644 -878611976 -183897037
-985561644 -436360630 -520254303
836502329 -878611976 765923000
836502329 -436360630 -294751464
-309494573 -529615883 -914127600
-309494573 -833680670 450089881
-960617753 -529615883 -353173905
-960617753 -833680670 805682020
-592167765 -862850703 298332375
-592167765 -8704940 599570794
-871324390 -862850703 -430948323
-871324390 -8704940 416708944
-436415905 -279042133 -167119889
-436415905 -750004045 -608704502
64175730 -279042133 -936024373
64175730 -750004045 436452730
991427559 -972731831 203095759
991427559 -21553506 -105640443
715657165 -972731831 494399474
715657165 -21553506 -436853466
-682605657 -310795640 -588734448
-682605657 692419256 -259333939
-691262363 -310795640 -805708062
-691262363 692419256 523265451
-631858668 -497248060 911034171
-631858668 -969169188 -100910733
990273035 -497248060 -13982623
990273035 -969169188 -219025905
-367862413 -825255819 545608508
-367862413 -568430334 471933596
-413016559 -825255819 -308366421
-413016559 -568430334 62557526
-906870870 837351601 136502065
-906870870 283556197 869901944
-670286061 837351601 268701959
-670286061 283556197 -113676040
503496209 727119943 237974259
503496209 -610852019 847295609
-636819229 727119943 646962689
-636819229 -610852019 419450031
-138804166 182995094 -409293993
-138804166 667947587 -694758042
545010332 182995094 -635774164
545010332 667947587 216515345
873480746 -842347462 931082540
873480746 851107046 -737643652
600140465 -842347462 -302943959
600140465 851107046 63929717
-991049403 219057607 -931366173
-991049403 495197104 281455772
776514449 219057607 -990508433
776514449 495197104 -733485598
-871021514 910767059 779687134
-871021514 227400427 -914685484
-569188303 910767059 -937534767
-569188303 227400427 -519102061
635988180 219951597 -664603544
635988180 -830419586 821304782
711470776 219951597 357873454
711470776 -830419586 -71672876
921907020 -535399688 959362806
921907020 -699423539 740328933
169752946 -535399688 939987011
169752946 -699423539 81714527
-313536081 -265361484 -951050813
-313536081 540690279 676343420
841399685 -265361484 -695933129
841399685 540690279 -847159094
-809345790 44947488 -989921842
-809345790 -794158635 466599439
-917206435 44947488 -675338581
-917206435 -794158635 -157919110
40960947 981680149 595104429
40960947 -254474377 -704817459
-17605803 981680149 -177900158
-17605803 -254474377 66151078
632360353 -919273860 448962651
632360353 896296799 828807688
-912316032 -919273860 -69269668
-912316032 896296799 -523263023
-25968634 45776392 397267739
-25968634 722209303 140657388
921673837 45776392 648366533
921673837 722209303 -959207849
-76498424 40208495 -342861441
-76498424 122805248 -353254180
818313262 40208495 -955161616
818313262 122805248 432746791
-728793185 833160089 239866839
-728793185 714628113 996100838
-152500565 833160089 -213283730
-152500565 714628113 52014918
-204499374 -383682802 981359768
-204499374 459775887 -318158486
669295195 -383682802 410588779
669295195 459775887 -278890255
711381190 -990142913 284031213
711381190 999223355 496116243
-238184941 -990142913 503813231
-238184941 999223355 379162774
-265992197 -261634959 -895377923
-265992197 781068792 38810542
-922243887 -261634959 101810884
-922243887 781068792 28119834
165862226 -342305531 577952143
165862226 -524294386 -96642194
-863046303 -342305531 -453020816
-863046303 -524294386 794051387
616096720 520581919 330590735
616096720 -567075706 -915634074
161353166 520581919 482338127
161353166 -567075706 -782793213
-700400635 -451535301 742127961
-700400635 -969592895 953415021
-824577103 -451535301 -903139741
-824577103 -969592895 -588626033
929161485 148816035 -361774304
929161485 269413156 -206496440
-852550405 148816035 -575851205
-852550405 269413156 959878053
403084659 -881162585 -988643517
403084659 16747730 -63342588
-268917529 -881162585 726404198
-268917529 16747730 93951275
-512881485 -529928651 288885061
-512881485 -642420590 -686750247
-627719847 -529928651 -452260316
-627719847 -642420590 -470509337
824427918 262116512 236527289
824427918 -665555615 18896192
-945365329 262116512 604632739
-945365329 -665555615 -819764006
-361091740 -917724349 247984156
-361091740 -663857557 84730487
63104735 -917724349 45700497
63104735 -663857557 288042893
-405533870 -369240632 602287207
-405533870 -93822692 -862578577
-674326107 -369240632 -961826535
-674326107 -93822692 -839636399
218974901 -516244232 -948221574
218974901 -994955744 343024880
857244353 -516244232 -585863256
857244353 -994955744 -104370789
-814866771 998618461 -803007925
-814866771 -846046200 -508454042
-570973624 998618461 -784497755
-570973624 -846046200 -61400785
674064194 -136655194 636129443
674064194 670470448 341977218
713274024 -136655194 199034727
713274024 670470448 259272148
765180726 263837000 311755628
765180726 -593920611 -119089854
158859428 263837000 -573643383
158859428 -593920611 -756186729
-995899739 686947642 521122298
-995899739 -285973200 -744966486
-419849559 686947642 470059730
-419849559 -285973200 391963996
-351756214 -150288050 251520408
-351756214 303210338 151738180
-594654934 -150288050 766525516
-594654934 303210338 -479310029
486531650 405480523 -312134613
486531650 -991082409 -986629652
303806287 405480523 313785494
303806287 -991082409 -876237084
366912979 816592594 539802905
366912979 -902809548 639275496
-734297799 816592594 -528183650
-734297799 -902809548 -677205916
-871632117 -913265911 627636536
-871632117 -717286502 -77925039
-321175838 -913265911 -983681690
-321175838 -717286502 130545176
-235979521 -6711431 828351592
-235979521 -663297632 -178448114
-711033223 -6711431 722245116
-711033223 -663297632 218990671
-91681289 -699243515 -517571867
-91681289 -368880647 -190202655
-308497864 -699243515 -294171392
-308497864 -368880647 -917467168
-588695739 129389132 -922651405
-588695739 -161465646 -579119486
647450622 129389132 -793734190
647450622 -161465646 -704423524
-486236941 415924007 -358365298
-486236941 -528451115 585997584
-30209627 415924007 664020634
-30209627 -528451115 -524326134
-864967501 -378248746 336792996
-864967501 -328263646 -957907128
-840330300 -378248746 761846141
-840330300 -328263646 -459667624
-615878037 -134918314 -153993986
-615878037 -942837346 667757583
805291897 -134918314 967349869
805291897 -942837346 506873016
358252992 455447638 -22931428
358252992 813670644 944368152
-527299615 455447638 -100213024
-527299615 813670644 953227543
690031481 130449507 -829273222
690031481 822138491 600245737
887930542 130449507 46482600
887930542 822138491 785062821
-593640061 193833620 800706802
-593640061 -982258788 921465246
-237581118 193833620 485067182
-237581118 -982258788 -169573434
-510265133 553828819 847323804
-510265133 -394514301 984911993
-777496895 553828819 380968815
-777496895 -394514301 -860108027
-278120828 921517720 -201674866
-278120828 748525617 782137532
-371792006 921517720 205996559
-371792006 748525617 -363228590
-492007529 -912337952 -177673220
-492007529 166921143 744309595
378859793 -912337952 -991593903
378859793 166921143 19728510
-765802823 -753040805 -98722389
-765802823 709828241 223078422
-590003810 -753040805 172632143
-590003810 709828241 -995947316
980134924 76032166 -975933713
980134924 -551931687 284212797
375701284 76032166 560418844
375701284 -551931687 -638867577
419500494 848870899 -829795487
419500494 892804029 502328746
972539300 848870899 -438373563
972539300 892804029 -197770761
-456173414 -108867425 101827259
-456173414 -681326932 152468930
738177864 -108867425 -911931842
738177864 -681326932 340837001
-89457317 -737007058 -549694580
-89457317 -418156019 -290357618
311595084 -737007058 -705376796
311595084 -418156019 -38842332
-936635748 501722186 790361744
-936635748 -329953902 -328797562
112514255 501722186 25202486
112514255 -329953902 -35360817
649731765 -371661307 -793198351
649731765 214730590 -50958368
-945834948 -371661307 354523199
-945834948 214730590 -425018802
-597173100 -554654556 -368464027
-597173100 442031009 278528321
540983780 -554654556 168882903
540983780 442031009 -836775821
807636012 -905087502 829603943
807636012 -132525292 197731343
-55939480 -905087502 -382701781
-55939480 -132525292 -473096047
615754321 -897327099 -731806257
615754321 -609977195 -806687032
-173824355 -897327099 -498939514
-173824355 -609977195 -862665689
993328949 955627281 -939475591
993328949 336260243 -808187695
243908487 955627281 353278261
243908487 336260243 -8050923
-667583759 704796623 -345457590
-667583759 301192827 704585526
-486636830 704796623 919364864
-486636830 301192827 -448705669
-747529294 494693483 972409580
-747529294 418181044 -932849508
917650446 494693483 472087323
917650446 418181044 -752075544
13554409 182891665 -504333847
13554409 238808349 956941677
460289748 182891665 -851959046
460289748 238808349 614590800
225259085 733090922 -816123749
225259085 751132805 200059070
895535584 733090922 -595495057
895535584 751132805 -779437143
111186339 -809794568 -100756437
111186339 -886282856 -981826347
-269524346 -809794568 -305216607
-269524346 -886282856 107246667
840660939 636178326 -414414662
840660939 -150684994 -155421139
516293796 636178326 -950040078
516293796 -150684994 -691620777
-417078504 -566034766 -836568942
-417078504 987778393 -933924481
-264987783 -566034766 654832611
-264987783 987778393 785519430
990457500 853219973 61982270
990457500 -599944932 -971906020
568217241 853219973 966628003
568217241 -599944932 -958073528
-854298798 66929523 -417999959
-854298798 -777484347 806406989
-737954260 66929523 -631783252
-737954260 -777484347 -585979233
-474680404 724292336 -139393179
-474680404 -910043949 -843218934
-432420751 724292336 -963722230
-432420751 -910043949 -586107984
-755599766 882221827 -89544693
-755599766 -564340 685333697
-265781600 882221827 30068284
-265781600 -564340 -358972305
398352102 829907513 659070279
398352102 -242282179 367531493
737624946 829907513 745619236
737624946 -242282179 945058745
-922640972 -61132449 -351089081
-922640972 625797499 315850768
904755428 -61132449 126076913
904755428 625797499 667121663
-967399586 -818965500 -753365958
-967399586 355051686 -983704434
615996539 -818965500 429827877
615996539 355051686 48040590
-135503107 944956456 -449068536
-135503107 -874817462 666679866
627942090 944956456 421487986
627942090 -874817462 190773384
217846146 -340988582 -885584648
217846146 -222202092 194118127
964795681 -340988582 -233769911
964795681 -222202092 -193221323
-326659119 135907895 -424788565
-326659119 -994257554 992768592
523133383 135907895 -961293044
523133383 -994257554 421420385
-873936886 -550156053 211651364
-873936886 -203625135 -306601501
64100545 -550156053 116843423
64100545 -203625135 371271849
-739600159 -190998436 -387564025
-739600159 974592547 -557971204
-741181459 -190998436 -978374751
-741181459 974592547 152577502
-945274737 593061348 986071082
-945274737 -188853377 -990341936
347447170 593061348 -533112095
347447170 -188853377 339290266
-182380336 416937635 136880129
-182380336 179154229 439847295
-30966861 416937635 -984762976
-30966861 179154229 800136511
-162668461 -988455642 -702246606
-162668461 427731535 358917878
191726967 -988455642 -522670394
191726967 427731535 289692391
-733604187 -174650625 618697802
-733604187 -678488893 647815168
471940152 -174650625 -327241573
471940152 -678488893 -119968361
-23819828 -908282827 -893076541
-23819828 -775452177 -197635869
474115097 -908282827 -188903257
474115097 -775452177 -78128055
455775515 228491303 -79595574
455775515 -825934675 -945298511
-960179275 228491303 -650018482
-960179275 -825934675 -918069903
936731997 73679366 -863810085
936731997 -771077560 466662130
132185229 73679366 376825320
132185229 -771077560 -449364213
397149467 154336971 138388490
397149467 672066027 -730687448
-542434260 154336971 -705872441
-542434260 672066027 -573908240
177940343 -893747089 353638451
177940343 -20808926 -517834768
-168506146 -893747089 522076605
-168506146 -20808926 -337429990
-255373952 633980446 -592674896
-255373952 -120512246 -551758336
-175934487 633980446 186099733
-175934487 -120512246 -680613941
-759167416 -45580878 -967388971
-759167416 837654910 256923298
804894648 -45580878 -89333585
804894648 837654910 961369179
195331837 -85640912 412553515
195331837 310530372 -546631522
-337999646 -85640912 -440479395
-337999646 310530372 -968485396
-880799619 -919928739 -934888055
-880799619 -548022982 -586449208
363216984 -919928739 374897544
363216984 -548022982 -436672990
605015578 -751746030 -866912654
605015578 88984468 -906513854
29098043 -751746030 -254524617
29098043 88984468 -254602374
861088621 -358597293 486692739
861088621 219663996 800882368
418623040 -358597293 -741330906
418623040 219663996 -334801820
-641636185 -931049044 732898014
-641636185 -969626388 477082025
-159126352 -931049044 -890080798
-159126352 -969626388 476217405
-301068199 435910794 -729057302
-301068199 59135702 940017784
-327031669 435910794 -975066955
-327031669 59135702 -555976427
624486010 -459848436 -823213466
624486010 795325592 54556912
-319126723 -459848436 66410351
-319126723 795325592 678953340
991382735 -892116989 -450065879
991382735 -953806750 -732889179
492277264 -892116989 -850368052
492277264 -953806750 341845336
-204544452 -968176911 491701910
-204544452 -97887453 -830026485
-733834772 -968176911 409397942
-733834772 -97887453 225950025
-928260426 -780192851 275149190
-928260426 -120471038 82355743
724915086 -780192851 -311020504
724915086 -120471038 64414974
-152327445 -942237581 -135482434
-152327445 821629374 -112773813
-794654515 -942237581 33409798
-794654515 821629374 -149092949
-69060032 -446494804 244538651
-69060032 -979975695 616415040
549357650 -446494804 100865292
549357650 -979975695 -374606343
789175375 -715330313 -271041863
789175375 47890408 -711685978
-457363806 -715330313 349126599
-457363806 47890408 -729953443
-10670993 918110109 162671994
-10670993 -662586880 893702973
396440528 918110109 839568948
396440528 -662586880 -965061936
-176416084 -515893398 966592569
-176416084 -991128640 -669406565
807877426 -515893398 775593172
807877426 -991128640 170470481
-527388735 -427618436 -770569864
-527388735 994200808 647619939
-949907632 -427618436 356218316
-949907632 994200808 -925915330
-314679102 112426609 81952094
-314679102 362959939 -628501916
173768875 112426609 268141845
173768875 362959939 42096587
-7374074 568746758 262963699
-7374074 611374658 173875231
-224334567 568746758 194887941
-224334567 611374658 670005846
-976677608 883099624 290082681
-976677608 -65161507 57332334
-206697168 883099624 -892390407
-206697168 -65161507 232716463
-401727262 151221035 -456414964
-401727262 -249685277 105242781
-557462041 151221035 -736733747
-557462041 -249685277 121416274
937799333 -961015549 365625417
937799333 278571023 -523436748
-280744731 -961015549 -466521611
-280744731 278571023 -956679587
42944047 433314245 545571012
42944047 677447300 -775680984
-964630449 433314245 388594939
-964630449 677447300 -76883853
