2000
606481993 392216380 -948731759
606481993 -252361914 -934714511
-404434507 392216380 576766384
-404434507 -252361914 -78755056
-817090544 -548612027 54978386
-817090544 786740050 931071982
881096559 -548612027 537504845
881096559 786740050 590260335
862582814 -961616879 -456167556
862582814 -1596840 -219797208
-923305373 -961616879 -242662208
-923305373 -1596840 104051433
-24185024 371965893 -756544797
-24185024 -997950085 -979502109
-807969038 371965893 -592329943
-807969038 -997950085 231042075
517865587 -859282582 -777178752
517865587 92559649 -685261410
-959788071 -859282582 -655950102
-959788071 92559649 105071525
479018377 -943062746 -125535391
479018377 -934479383 918859173
196212620 -943062746 -65270455
196212620 -934479383 447077247
-983720836 -152172206 -949465252
-983720836 785349338 471909927
-603679443 -152172206 912674378
-603679443 785349338 818294570
-465400326 -181170079 -996938555
-465400326 -55625346 -785764529
-949111703 -181170079 -249899
-949111703 -55625346 662618056
119743372 -557852635 -999954875
119743372 -932596423 460343802
-498376394 -557852635 152212700
-498376394 -932596423 241571478
-196979999 855260589 156256107
-196979999 225041142 164244430
-45285220 855260589 885569224
-45285220 225041142 -443386197
-120204453 780923778 293987903
-120204453 -561431943 625704658
91877591 780923778 701545333
91877591 -561431943 -365348432
-956413267 -555953006 -336199
-956413267 -312330588 206049351
-798703198 -555953006 185683050
-798703198 -312330588 829024851
-901108289 495443598 646986610
-901108289 67758799 531980131
-952509479 495443598 -193724534
-952509479 67758799 630881755
260650813 -894255796 296020905
260650813 297925099 -297487022
-906981360 -894255796 -518930940
-906981360 297925099 -183101074
-917030666 -119991921 136814803
-917030666 282689337 899607741
-442458144 -119991921 -947151200
-442458144 282689337 -941445494
193211577 -870122491 -671438541
193211577 -790174272 -904757901
345423783 -870122491 740332279
345423783 -790174272 -727124204
-268096553 -470421795 387677324
-268096553 316939894 308081077
-665136990 -470421795 -176703629
-665136990 316939894 378808868
-191286082 -630315428 -259566357
-191286082 -393616885 161991462
-806854158 -630315428 187760115
-806854158 -393616885 -768224895
-833679571 490905059 -987738166
-833679571 -192808601 -749030732
117159804 490905059 -575964620
117159804 -192808601 -691589515
211771090 -308046721 592866820
211771090 310822096 -504568516
631303580 -308046721 841156880
631303580 310822096 23628688
529468238 -431385871 -576570089
529468238 -897867404 936980253
-593231909 -431385871 -198301490
-593231909 -897867404 665984882
541177174 -149172963 64729897
541177174 649928355 475895311
-305522263 -149172963 -924551543
-305522263 649928355 794955857
-402588176 205632258 -206469896
-402588176 435937321 507557035
-416053485 205632258 -463229160
-416053485 435937321 154527326
115578226 -898422449 -213098795
115578226 -903471534 697011045
520170432 -898422449 531097572
520170432 -903471534 -299189906
-512391301 -271620840 631854748
-512391301 -506625481 291821516
397923545 -271620840 -115004059
397923545 -506625481 430093821
817359011 426288189 565476392
817359011 -476679677 848483303
396999242 426288189 -426977624
396999242 -476679677 242446460
-69703428 -426056313 149953594
-69703428 -620529197 -359041445
277176140 -426056313 146094956
277176140 -620529197 -170806561
-175855470 -801253514 263455301
-175855470 -978391132 -564006929
-34708505 -801253514 -169616418
-34708505 -978391132 554536900
-407662753 775084241 832749869
-407662753 -202651022 -307003974
-712262565 775084241 -482991345
-712262565 -202651022 620021954
-704817042 -140315149 -122114758
-704817042 574524502 369142499
-572548979 -140315149 162587007
-572548979 574524502 -871990404
182214990 -899449172 -297627974
182214990 747624227 439389674
-881518797 -899449172 415486579
-881518797 747624227 -582683046
489317369 628713934 -140263496
489317369 -880270905 -868263349
-852672891 628713934 700081028
-852672891 -880270905 -963640027
-8081562 -191346281 -869822488
-8081562 878965627 -808903809
382309682 -191346281 872696375
382309682 878965627 -271895028
-951486955 462078429 -677520403
-951486955 238590685 906834210
319425786 462078429 -359787778
319425786 238590685 -586145742
-639518126 924619701 -873573992
-639518126 767610006 456154347
-877792911 924619701 -505407208
-877792911 767610006 -877674493
-293007425 251755127 785826970
-293007425 -900159219 -761320020
193980095 251755127 -960745281
193980095 -900159219 -724658388
-84860483 -888534330 -559798402
-84860483 35620172 11958341
-342496524 -888534330 410259891
-342496524 35620172 784963082
836006291 -289674014 -493226988
836006291 470723759 -350599195
578313405 -289674014 924999403
578313405 470723759 7324100
-160596490 614980282 -231601825
-160596490 624717726 750269500
766956120 614980282 779664094
766956120 624717726 -916466074
480363600 -322206968 574200798
480363600 -899321209 -945166240
-938869059 -322206968 659603034
-938869059 -899321209 -688799404
679890644 33979930 -994300581
679890644 -875882887 -528492372
-407410615 33979930 -466024782
-407410615 -875882887 -946208080
-283208714 -754135307 -476260646
-283208714 -499572414 536795796
-141861673 -754135307 499075814
-141861673 -499572414 -966410342
-861746306 642212231 -11251364
-861746306 -531207794 -881763335
-431860371 642212231 -289067837
-431860371 -531207794 -285222044
611111038 81487412 593299475
611111038 -218470182 629916174
-14988923 81487412 932608287
-14988923 -218470182 -763742733
-65892070 435325967 -800983756
-65892070 345915927 -977235241
-847063023 435325967 658043886
-847063023 345915927 864665843
-781150285 -807197489 -471662616
-781150285 747345002 143503727
539273195 -807197489 715053198
539273195 747345002 447802982
-202585705 -992859608 -857502872
-202585705 -55400098 89711948
-308948735 -992859608 -249361204
-308948735 -55400098 795541517
-478137109 -866830924 78263255
-478137109 -930781806 -845769712
-678445644 -866830924 -357089277
-678445644 -930781806 -161274493
-375707645 -916177719 -139686180
-375707645 529536726 150502831
386166133 -916177719 -863891932
386166133 529536726 -464558994
-442400219 42384162 920592139
-442400219 -978352840 39392321
924876525 42384162 -377990559
924876525 -978352840 560181529
788961426 337397462 -415111470
788961426 -366069779 -964832429
-118772324 337397462 460585862
-118772324 -366069779 -759351125
-372112223 -305216274 736359253
-372112223 584013715 -859969939
-99462645 -305216274 329199878
-99462645 584013715 230935693
37507090 -442822714 635713207
37507090 985549193 304913355
-88494879 -442822714 758833375
-88494879 985549193 -85807725
946037697 318200379 900199448
946037697 267917762 585447672
-558162091 318200379 646747521
-558162091 267917762 642337510
-749599369 -13579216 935577695
-749599369 -954642765 -581075163
184484928 -13579216 -561413312
184484928 -954642765 -917807053
763854099 839773552 -456035375
763854099 -944467967 819328891
330814643 839773552 876674501
330814643 -944467967 26165626
988406233 487693026 -123826643
988406233 -71580880 937639423
720228376 487693026 552150710
720228376 -71580880 987401452
-206095914 624305707 -768403545
-206095914 -272436875 -808857292
-16966558 624305707 -991052545
-16966558 -272436875 -520732999
30706268 714219977 -600965860
30706268 -555622635 -269807257
-541291726 714219977 -328194891
-541291726 -555622635 -907531105
-382230383 939847012 14275904
-382230383 424195833 -151769279
-172635528 939847012 476481514
-172635528 424195833 451463018
207389742 -171259664 67319777
207389742 -923750425 -837719760
930899347 -171259664 515526025
930899347 -923750425 -925094388
-685491699 792569555 380349454
-685491699 335236017 827017741
-28539074 792569555 -385599564
-28539074 335236017 279652348
585555253 -973072422 -42151752
585555253 -253974064 23946125
492914747 -973072422 -507247071
492914747 -253974064 145797287
-124568220 -440819443 -196877529
-124568220 -861740354 569708845
53338355 -440819443 114286353
53338355 -861740354 166542017
404613740 -546992694 952917176
404613740 958419545 -628351101
-878299105 -546992694 -946401823
-878299105 958419545 -138646008
730149294 -839789074 -862321955
730149294 826270060 -426890435
672192710 -839789074 826848014
672192710 826270060 777987017
188686579 124731585 163725793
188686579 -248464580 -698883347
-354574213 124731585 284741394
-354574213 -248464580 -874358515
-128972787 823408283 839530643
-128972787 -212458226 -460515519
333995405 823408283 -912555022
333995405 -212458226 -100198409
850247124 -484663689 284453966
850247124 -7219375 -425505039
730620081 -484663689 -803624401
730620081 -7219375 462752137
-816438710 574195895 -559788162
-816438710 536985606 -308949592
-496063772 574195895 -619357623
-496063772 536985606 578892066
-231194901 -452309179 65557948
-231194901 -817650550 -333889227
612624010 -452309179 291378431
612624010 -817650550 -918843728
-183306117 -759805756 590395063
-183306117 -818418825 -64868914
-847541408 -759805756 -429261589
-847541408 -818418825 220198249
-951614124 -129133044 -474888104
-951614124 946769079 250446
-92196797 -129133044 -224444418
-92196797 946769079 -650508487
-318464430 619933389 232975367
-318464430 426659082 466974226
-498597271 619933389 553006205
-498597271 426659082 -391043607
124627372 -840482787 -138078326
124627372 962488707 -100649846
-288358008 -840482787 -300977485
-288358008 962488707 -861077479
-605288336 -906728512 -832432976
-605288336 -406275670 -185058647
-980827869 -906728512 694579192
-980827869 -406275670 -572321491
325542241 -490082782 937173502
325542241 207417737 389754202
43218404 -490082782 783493380
43218404 207417737 822263148
-11550166 -186094135 13832734
-11550166 -493974550 167847275
605548081 -186094135 782829079
605548081 -493974550 511481290
698279791 42136184 -41891690
698279791 -881076787 -812709475
-662155827 42136184 740420530
-662155827 -881076787 -420403574
-443308529 823467735 403450707
-443308529 637457068 -946634066
-831556853 823467735 -779887264
-831556853 637457068 223118684
-598956013 -987619288 757620589
-598956013 840300081 923333423
253068702 -987619288 322762580
253068702 840300081 -380078577
224165561 -833981182 -250949046
224165561 417480551 -311674429
-965099269 -833981182 -975829806
-965099269 417480551 903316278
-952245579 668304190 -73445894
-952245579 737242323 750430365
486315966 668304190 -912845603
486315966 737242323 427391153
-91272814 457014561 -132032212
-91272814 -163216582 314495404
368875980 457014561 524179713
368875980 -163216582 -459782937
-584500212 -946222960 566723545
-584500212 -234145020 -83846636
-107052635 -946222960 457960201
-107052635 -234145020 -882061323
580978567 354995984 718305647
580978567 674465777 992259284
362758500 354995984 54391845
362758500 674465777 339511193
-989535576 9480179 -870673880
-989535576 -121074251 163228756
-53493104 9480179 -407287803
-53493104 -121074251 687601184
-970488177 410812210 -956293760
-970488177 -485593213 -965104814
716777269 410812210 -549529334
716777269 -485593213 -139943748
59941325 -601889027 125446841
59941325 -906493749 -215646421
-353888789 -601889027 701315848
-353888789 -906493749 -396042188
-263407796 -47016581 -724018462
-263407796 469155719 -332810080
633687007 -47016581 -175255305
633687007 469155719 715246665
-497750143 -450817596 632346263
-497750143 210323135 -927083553
-985297868 -450817596 763537347
-985297868 210323135 671704802
290796885 390683763 -982674522
290796885 346308972 582780283
785060923 390683763 -190145636
785060923 346308972 -639047538
549095144 -744873983 -963063901
549095144 -683564315 857214186
560601246 -744873983 910915263
560601246 -683564315 983680787
-526479388 -489604578 -921893202
-526479388 -205975696 -817621356
-899810358 -489604578 427098649
-899810358 -205975696 -834485436
805675115 -721072621 -686323450
805675115 905963932 47176387
281178419 -721072621 961683868
281178419 905963932 942856735
-799365545 22420022 280082433
-799365545 -481816536 226403596
-28434567 22420022 140283852
-28434567 -481816536 -915264007
643243452 -582979283 189899977
643243452 -843550248 -284177325
-476345412 -582979283 -874127184
-476345412 -843550248 528368421
-106981456 111066662 -982282198
-106981456 507958493 -151660794
-104756125 111066662 164517128
-104756125 507958493 -964903226
-420177499 -925668473 -886133478
-420177499 -462745362 94180660
567781520 -925668473 -603190698
567781520 -462745362 209185193
539962177 912766205 -733010441
539962177 -926216169 -990380945
-590158408 912766205 639048862
-590158408 -926216169 150073609
629288925 -710474098 -96965282
629288925 860832462 977128210
340764381 -710474098 -690151239
340764381 860832462 713658249
-246349689 651771284 -300352835
-246349689 -723411889 993613156
429505368 651771284 670692922
429505368 -723411889 895016707
-173460546 -908244015 886562227
-173460546 619473764 -299882606
-466543046 -908244015 -81651478
-466543046 619473764 -74827633
-116191967 764238743 -427250527
-116191967 -213783315 -924849052
-387198370 764238743 530959527
-387198370 -213783315 762257826
676055084 -213180901 -215266258
676055084 -154137020 -455376878
-799271691 -213180901 -598213635
-799271691 -154137020 401185360
952004284 706045472 -537154008
952004284 -192726562 232141408
-845152809 706045472 997226362
-845152809 -192726562 -196903951
958548480 -349773411 244358323
958548480 -351556778 -992361739
-989701715 -349773411 -52057160
-989701715 -351556778 422075245
878633457 -575751202 -452702595
878633457 -76528867 -925167349
-923528761 -575751202 -179264540
-923528761 -76528867 -42389490
-859445843 504672497 -119978513
-859445843 -519289138 -557012735
-384543954 504672497 -920291497
-384543954 -519289138 623365779
-764291547 514764581 775893869
-764291547 -765688939 -738175012
-150263318 514764581 -420894720
-150263318 -765688939 374088466
646115310 768602377 732742569
646115310 699581132 -513941136
536748076 768602377 -15661950
536748076 699581132 -694151166
508399423 937433568 675003000
508399423 615349431 962129705
367716961 937433568 705074709
367716961 615349431 715143243
-940995023 868436103 -656559089
-940995023 -11833726 -959109034
-509235122 868436103 -505100548
-509235122 -11833726 -548936245
911746728 659527967 -18376300
911746728 -989733957 572458182
-722595469 659527967 -206446703
-722595469 -989733957 -268508376
-999332677 -76879568 -572723660
-999332677 -337394051 -391408953
947670678 -76879568 -309309299
947670678 -337394051 -532728710
-84163392 537222402 236274446
-84163392 -883099737 -943418773
-790079843 537222402 -920928573
-790079843 -883099737 -910604116
-514016285 339241980 -856360788
-514016285 -381033261 -609648960
-805009400 339241980 -966496781
-805009400 -381033261 -971617399
734178756 -633705228 390832026
734178756 -885640487 612162520
-749863771 -633705228 605514615
-749863771 -885640487 689763080
82192279 500281607 830912483
82192279 379213646 676069070
-214451776 500281607 376772264
-214451776 379213646 410410848
-374760652 -270547658 -1932106
-374760652 -193156509 222865427
-713834786 -270547658 -254365058
-713834786 -193156509 857073348
638363551 -374528456 513173735
638363551 664841845 -965416421
877948556 -374528456 698474225
877948556 664841845 405554323
510962153 -685902626 -980632230
510962153 737681868 -925245849
502102630 -685902626 -214942158
502102630 737681868 -561016868
-595863809 -521689042 126147623
-595863809 526916983 59985349
-690080242 -521689042 749703419
-690080242 526916983 -253453369
-558228840 -377713123 298889960
-558228840 413225883 418475861
-884772251 -377713123 -986303132
-884772251 413225883 783784846
942138055 -62636902 -154011231
942138055 -369407766 128942698
-622255997 -62636902 303436495
-622255997 -369407766 -480287370
-194164670 992100579 311715138
-194164670 -465420212 -131830591
-800462909 992100579 -218361333
-800462909 -465420212 622265359
-143583148 -756558618 -34534278
-143583148 -815051909 -890421658
-190208888 -756558618 759182599
-190208888 -815051909 215519665
-915137909 -677502247 482974454
-915137909 -243913334 468611423
588808914 -677502247 743998156
588808914 -243913334 -569063700
902612969 179373978 433403025
902612969 208473049 -172614628
919222870 179373978 -789492241
919222870 208473049 455396857
771155232 479066892 853505243
771155232 778411748 787375357
155530358 479066892 583432774
155530358 778411748 904577937
-930430203 -585679299 -317347976
-930430203 -54186227 984064130
745290860 -585679299 -955332510
745290860 -54186227 766538176
-473944667 -874180070 -244787004
-473944667 -299550529 -503093762
56352132 -874180070 -203656657
56352132 -299550529 -6788795
727707093 -260604712 157884496
727707093 -123716878 165011498
421466634 -260604712 -517579886
421466634 -123716878 701309490
-821504342 -236094155 -890382621
-821504342 -550267882 -929448727
288855377 -236094155 -872015922
288855377 -550267882 -739054545
825670828 -910351722 -698240580
825670828 579784389 921496707
-936469702 -910351722 696380844
-936469702 579784389 -566178207
-815161037 -752574260 84440283
-815161037 674391437 943448114
160027986 -752574260 892528928
160027986 674391437 462882817
477221030 -274004313 187816786
477221030 729079156 -906073221
660596929 -274004313 -404582691
660596929 729079156 396776885
924576357 707379545 -391216342
924576357 583522538 -644793819
922509282 707379545 43671453
922509282 583522538 301527176
-927118881 -396954120 -106725910
-927118881 308787730 -760567651
291435617 -396954120 204687861
291435617 308787730 -204115412
210902639 -44190666 193471530
210902639 707091084 880754632
293412721 -44190666 -77828746
293412721 707091084 -208751918
598287064 -177309020 -300664787
598287064 -748132076 433863924
324866290 -177309020 -910782076
324866290 -748132076 750640532
633231891 -625321236 380498136
633231891 719133034 -759654590
-333785909 -625321236 562242517
-333785909 719133034 -967604999
87879005 48666851 777109829
87879005 -452756584 -277426854
668494572 48666851 606327955
668494572 -452756584 905026533
-291695061 -951957618 -664045391
-291695061 519979166 293154658
-833203934 -951957618 -513933525
-833203934 519979166 -112529826
-292265250 854232915 -370640225
-292265250 -805873294 -342105689
-230500911 854232915 -105675333
-230500911 -805873294 692225683
108302034 -912987920 -839494866
108302034 -927689483 397672541
-493128775 -912987920 -939273089
-493128775 -927689483 393312257
-468417960 292580762 587290960
-468417960 501809500 185646237
521737925 292580762 -933102382
521737925 501809500 -555008978
-196345795 68748381 779129161
-196345795 -31762325 -938423874
-105363413 68748381 -108653145
-105363413 -31762325 59383082
574562878 336894420 661964889
574562878 879498385 663976031
540284611 336894420 -888533498
540284611 879498385 -692886583
-835252864 206164611 -310456796
-835252864 -874391653 782350560
-968194039 206164611 -576585154
-968194039 -874391653 -743114820
-376616623 -231629879 290357581
-376616623 797069573 645452747
-396954450 -231629879 315680228
-396954450 797069573 700476764
-640368170 886740674 -957379863
-640368170 93215704 -107032387
862625436 886740674 907722551
862625436 93215704 233902855
-204413157 -20527406 57182917
-204413157 -383811773 541596521
778645203 -20527406 -148823929
778645203 -383811773 -70108089
-478315149 760628986 113230126
-478315149 -293383242 907331775
-104281357 760628986 -911535337
-104281357 -293383242 -87474567
791031330 -872975231 479112488
791031330 363779007 828229272
-940956213 -872975231 554646622
-940956213 363779007 -201038757
-886365019 -291921195 923436769
-886365019 -986146383 -868284914
-33202088 -291921195 326822474
-33202088 -986146383 -313207923
-468586735 -453628996 953990853
-468586735 765903283 -836642153
-298610077 -453628996 -78848382
-298610077 765903283 22558945
-570244546 -179860107 399964581
-570244546 -944331972 433831942
-229563328 -179860107 -989797756
-229563328 -944331972 -920893389
-555347696 584139701 320993514
-555347696 949003888 610452672
-855471755 584139701 -748106059
-855471755 949003888 -362856420
-991131390 570419795 -53273599
-991131390 761911787 -928801123
432094759 570419795 -429646629
432094759 761911787 -583344951
194731119 -746811750 848643922
194731119 806633898 110520161
351651496 -746811750 356833827
351651496 806633898 215077179
-417596681 -690231934 -952206034
-417596681 361963332 777653531
-728702940 -690231934 -244474354
-728702940 361963332 501955110
157668573 972547105 -627854240
157668573 -524086266 -871640772
288604107 972547105 -306635985
288604107 -524086266 -882804037
-313867357 747125273 -187780808
-313867357 -715501856 84175493
-229809357 747125273 -545261403
-229809357 -715501856 -848865893
541468173 362429039 730531567
541468173 -372163927 -29878118
414643989 362429039 964773199
414643989 -372163927 -458620449
-498406285 -797153135 9135317
-498406285 -349897499 -109945004
105972089 -797153135 664906123
105972089 -349897499 -835237083
-840951559 -495956503 -806897553
-840951559 535335126 756477416
-158065397 -495956503 -259421850
-158065397 535335126 29156243
-897015665 689928039 861827817
-897015665 -387089324 -656669808
473068623 689928039 -976661453
473068623 -387089324 -448833917
-510153653 -803064175 -541823685
-510153653 270328002 721079332
-903271668 -803064175 268642118
-903271668 270328002 -843892461
512121520 -989886443 481583197
512121520 -851900283 -15275396
-341377048 -989886443 -880206397
-341377048 -851900283 -813776320
-628828237 258092867 869950531
-628828237 -309702111 -28421940
161442297 258092867 -425872562
161442297 -309702111 98563397
307306261 264789636 663801129
307306261 -885487546 541760797
976602093 264789636 649961609
976602093 -885487546 288735523
-825776302 -907580797 602070528
-825776302 830678645 881475478
-785082854 -907580797 -204211776
-785082854 830678645 -525534305
498920079 -186955937 865517255
498920079 -58351264 125794057
-894370045 -186955937 620513324
-894370045 -58351264 -724375542
-102325343 -867507268 874472986
-102325343 72069504 -77040470
-917414950 -867507268 631464570
-917414950 72069504 -142444565
447142322 -56267924 907545037
447142322 200707279 -409742787
-476524582 -56267924 -386648246
-476524582 200707279 144462816
-938356494 -488428311 -702863901
-938356494 687887832 -87982832
922839932 -488428311 -993562707
922839932 687887832 -309711804
-965908648 -651960255 831205031
-965908648 448747154 409549180
-946451074 -651960255 965514795
-946451074 448747154 602528684
-909817626 -992099306 -621321755
-909817626 -965408518 548739333
-921745233 -992099306 951820119
-921745233 -965408518 782297538
-986357151 364866620 180760740
-986357151 951778054 -935977070
-539550532 364866620 335829907
-539550532 951778054 145332627
213068202 -350258597 7183395
213068202 -737230503 -668918696
-389093228 -350258597 -300082980
-389093228 -737230503 454059497
-997467808 986743163 -185755853
-997467808 10386202 591847002
-525457360 986743163 186774626
-525457360 10386202 589676025
532541447 -702648211 -896859716
532541447 -148598883 374566310
387861066 -702648211 719852016
387861066 -148598883 -310727287
930103596 334760416 129898762
930103596 891172666 -424715201
702170572 334760416 121637159
702170572 891172666 384132044
-883159196 -73709771 -423625586
-883159196 -878474163 92657266
385039872 -73709771 188928574
385039872 -878474163 -281764783
25321949 -657347502 449875268
25321949 -808569053 48091615
-572435491 -657347502 -170325692
-572435491 -808569053 -797946675
-616689293 958095657 411370735
-616689293 702929736 -595951693
-351465795 958095657 -397935457
-351465795 702929736 -860960220
-114688831 -362699626 -850188096
-114688831 -511385792 117722872
170926509 -362699626 -351744268
170926509 -511385792 -601013567
439894744 298358587 -770302436
439894744 -262089346 194570145
-979748667 298358587 623281577
-979748667 -262089346 268132788
-56481677 -871353687 846797341
-56481677 66312816 513901300
-936682255 -871353687 412602443
-936682255 66312816 -59440489
-404852705 912939925 845104472
-404852705 799794078 -4950926
-701254602 912939925 501078578
-701254602 799794078 427617091
-354174673 -909796422 -824469300
-354174673 -374004154 850554834
870276071 -909796422 -968318888
870276071 -374004154 551388243
-972283630 486197153 -957292340
-972283630 963192868 293810601
596629774 486197153 841376749
596629774 963192868 -154830754
-902999565 -542575101 -905869496
-902999565 931971611 -925252188
-529678883 -542575101 -918084374
-529678883 931971611 594137118
-599746509 421889378 -112096973
-599746509 841079122 -747313117
312719530 421889378 -787148217
312719530 841079122 -168719321
-432995259 591693123 -855477940
-432995259 -787901193 -447308513
642895764 591693123 -768818996
642895764 -787901193 -741925442
579972622 906730517 -599539200
579972622 781138651 -836270098
894754219 906730517 8005021
894754219 781138651 207432518
-75184783 -454587848 -872982489
-75184783 -107389761 926142485
890154277 -454587848 546467445
890154277 -107389761 -896931650
649959592 -509243622 -295816454
649959592 -887781183 583576750
-208708118 -509243622 304775241
-208708118 -887781183 -939780642
925964756 -295639007 825493522
925964756 -64788007 -854818088
-101215671 -295639007 -181481117
-101215671 -64788007 -256825671
-740513817 824158930 656226307
-740513817 -514240973 -328145568
-577814000 824158930 -375386184
-577814000 -514240973 -656921440
-787025438 -529671753 -911355713
-787025438 355865188 875164238
-631870843 -529671753 -452513754
-631870843 355865188 -61074798
-829165577 -346183607 614070847
-829165577 518554052 -617173491
493001779 -346183607 -376905728
493001779 518554052 -12862487
-660657036 -925736608 -410462484
-660657036 579922525 637570395
-902702520 -925736608 -259108657
-902702520 579922525 83730098
872718198 -925308648 -254996263
872718198 857786294 -917803426
560291329 -925308648 261244986
560291329 857786294 -992477766
92075994 -247655771 354225835
92075994 315711847 -405738535
789473078 -247655771 667599390
789473078 315711847 288613234
132324502 72433832 -700392915
132324502 16775325 -871493229
-405391854 72433832 -10584569
-405391854 16775325 880249263
191757835 -511365887 151566690
191757835 230852095 -950531448
534807932 -511365887 -260065729
534807932 230852095 -192314336
-94567801 459108881 260418120
-94567801 -462632793 -475000477
172858584 459108881 -335842409
172858584 -462632793 -260621940
435531619 61427451 -891115826
435531619 812898908 34312871
-970871621 61427451 919028654
-970871621 812898908 621433105
39649625 553348822 -816323569
39649625 588834660 -609676233
422921848 553348822 -914153548
422921848 588834660 475574221
586865699 -442539055 997219494
586865699 633505626 -469409085
-265766269 -442539055 594174307
-265766269 633505626 -806030832
-52038316 -734726579 104553888
-52038316 603039027 -287345894
-68895247 -734726579 -293731907
-68895247 603039027 -3004080
-315483382 860299591 774664085
-315483382 -483993369 487695631
913958789 860299591 -632720544
913958789 -483993369 662872109
805683236 571246860 -642573203
805683236 -87142384 -684380842
714912871 571246860 752581897
714912871 -87142384 -416103170
-923460248 -130135852 -597821869
-923460248 -125475633 -447684853
-693194255 -130135852 -578402982
-693194255 -125475633 -854577852
-937941452 179993521 -961728463
-937941452 534183841 905288373
-908110996 179993521 76058863
-908110996 534183841 851558700
-910654829 -147011730 -926422335
-910654829 562407845 425842867
885671219 -147011730 -623851664
885671219 562407845 214277804
359861674 -693209451 -243240747
359861674 350309298 -988198298
752376836 -693209451 -936649804
752376836 350309298 -587001329
111846491 -724207008 -557984632
111846491 -650747056 421351274
158577312 -724207008 918516497
158577312 -650747056 -353402678
-893862202 927514608 987854481
-893862202 -563352916 -55079962
-745515957 927514608 489410260
-745515957 -563352916 -681248029
554959757 504870812 621638885
554959757 108770191 984759352
-43755520 504870812 774127431
-43755520 108770191 -437634025
-789812414 564502287 417863123
-789812414 -296713749 846546282
519979837 564502287 -578145124
519979837 -296713749 -903404167
187982861 285995423 -918867193
187982861 149618581 400409458
-527466435 285995423 -926503664
-527466435 149618581 611987288
452071822 670452575 990097324
452071822 212468968 349477578
623996042 670452575 -983257990
623996042 212468968 408679419
559454322 403422716 -851742654
559454322 -572259146 -223827593
528928178 403422716 504360944
528928178 -572259146 -72419888
592329654 232311221 339002082
592329654 572375956 724368345
-868031034 232311221 169313582
-868031034 572375956 906467787
-827867330 -728357883 667128040
-827867330 -991660931 501568108
-316086308 -728357883 -105841763
-316086308 -991660931 257201463
-159890022 715169991 -329997870
-159890022 2824489 871941912
-834071223 715169991 32777015
-834071223 2824489 -227909411
-222713791 356738428 242724631
-222713791 340739147 189171365
-972953155 356738428 332387313
-972953155 340739147 697710785
564679647 667400697 -43497119
564679647 561727005 883103618
-844070990 667400697 685195134
-844070990 561727005 451300236
-596555404 253461386 -588923813
-596555404 -329167867 -534150300
-624559996 253461386 -705794414
-624559996 -329167867 -866934119
-189721454 -290886369 -483526263
-189721454 532751923 -519068485
214707066 -290886369 648397504
214707066 532751923 -774372651
-48031933 -966356239 -864854735
-48031933 -859369422 11494424
849781894 -966356239 888875296
849781894 -859369422 -323514915
4906943 -352474243 -788609032
4906943 492892005 -68936335
992918549 -352474243 616246392
992918549 492892005 -563382813
-46159952 -595522000 287557384
-46159952 -157762587 -167423695
30917836 -595522000 -647320769
30917836 -157762587 982980699
-284071863 -699415576 221451692
-284071863 389295165 -185627627
-310102623 -699415576 983096124
-310102623 389295165 -939911062
-986951824 -657017327 735188385
-986951824 -958064064 191326184
-951360160 -657017327 192535155
-951360160 -958064064 -840286533
537213159 -382912525 379061778
537213159 863528625 -201742725
-213923629 -382912525 -876607250
-213923629 863528625 -555251526
871603061 -574088863 824757757
871603061 -333316888 -537005365
457188142 -574088863 47799454
457188142 -333316888 -171553695
-622265571 353064122 -995116253
-622265571 -693993165 951408294
267547410 353064122 -568296901
267547410 -693993165 -523942260
573950421 27554503 -588905420
573950421 -171268496 694054211
219493557 27554503 62835019
219493557 -171268496 -713439667
-223751098 -350535420 -637973787
-223751098 475471346 864698975
-289486528 -350535420 -839072737
-289486528 475471346 587396123
122647328 -239087217 -954644392
122647328 -966562606 249449872
635905618 -239087217 -336755972
635905618 -966562606 225548028
-737563537 -15723949 855065979
-737563537 -924183422 618603703
756985360 -15723949 775572030
756985360 -924183422 -225833116
-447830570 -151636441 -95804927
-447830570 140241353 -172241835
507525309 -151636441 910612700
507525309 140241353 -824915280
-13277691 -680187171 119193894
-13277691 -85332376 243987145
899907798 -680187171 333305399
899907798 -85332376 -699477352
-722138051 279152386 407600927
-722138051 -983824693 -387741803
375602153 279152386 50957811
375602153 -983824693 -583769743
-957162583 -700455748 712532981
-957162583 -506253522 819514179
-934360129 -700455748 903709465
-934360129 -506253522 707524269
399205366 -307655901 -472965074
399205366 -862007424 -554557269
-353901935 -307655901 -274921330
-353901935 -862007424 489599683
785736605 -50060131 -84510739
785736605 -863702208 -994621086
-510192152 -50060131 419498824
-510192152 -863702208 440415137
-105166403 -428590651 -654643443
-105166403 419997476 -871215355
-901282626 -428590651 182509028
-901282626 419997476 977433260
814129077 322412450 -796322723
814129077 257075872 -332464704
505270422 322412450 654021769
505270422 257075872 -230856603
430387434 974646572 260550224
430387434 -992261462 -725949293
285933046 974646572 822378826
285933046 -992261462 69165790
425392040 760826541 -615605324
425392040 722853609 938600314
-354771961 760826541 538955068
-354771961 722853609 -934393180
588477246 -666445994 -777962750
588477246 -236306915 -168822939
-676658492 -666445994 -17201972
-676658492 -236306915 -541334280
-999409419 70065933 -928685304
-999409419 -758552230 -844355035
161875999 70065933 646698372
161875999 -758552230 635702345
-856247961 -84147444 -55281172
-856247961 305167717 -687742192
830007640 -84147444 308992931
830007640 305167717 753080261
151259410 -962428290 -247801881
151259410 -187691794 -51470768
824085434 -962428290 517267953
824085434 -187691794 -598717790
-956447357 -806683246 632601519
-956447357 -922429888 853600191
503842487 -806683246 -437675960
503842487 -922429888 308152091
65072334 -177492210 -201143075
65072334 -377363249 207474220
675890517 -177492210 86947229
675890517 -377363249 -564042574
-88369058 402231521 884294443
-88369058 -147894297 -804774799
61775391 402231521 -465875793
61775391 -147894297 -307380314
-205098939 263667987 186626465
-205098939 -597795773 -636853579
946501192 263667987 751701198
946501192 -597795773 -850541720
506744823 -173685615 -566490335
506744823 665792672 503466651
-922001057 -173685615 30057266
-922001057 665792672 134647830
552324562 -578452640 -900303853
552324562 -178806937 -904403017
654645381 -578452640 -893560188
654645381 -178806937 -314985658
-961479664 -838840782 901429712
-961479664 -469026861 880824815
477904181 -838840782 899151840
477904181 -469026861 821049835
-423344850 85175126 47991659
-423344850 -551173489 -710600292
531055190 85175126 897901638
531055190 -551173489 423467597
581152960 -655986399 -292747241
581152960 -189310457 295678374
-202631537 -655986399 639093904
-202631537 -189310457 827671835
-732398749 -82063248 144847778
-732398749 -751353298 -754208980
19814948 -82063248 90114787
19814948 -751353298 -227327633
-515621400 -139308608 245475025
-515621400 -770978798 -570522555
-948757602 -139308608 -170020268
-948757602 -770978798 278105373
-164441151 163280977 252313852
-164441151 9930740 936805805
682235635 163280977 -611991193
682235635 9930740 342682606
-944425312 318698009 -279703563
-944425312 -828001237 -39771838
616126097 318698009 -25256237
616126097 -828001237 -954308842
-653637148 -493816533 -30836448
-653637148 -187546407 -453561985
-886295919 -493816533 708694160
-886295919 -187546407 43101607
-68056871 -28737308 346134024
-68056871 779324559 173573698
587573605 -28737308 860450839
587573605 779324559 -909523294
-49994771 -840981787 -865403693
-49994771 -863299137 -74962919
371888086 -840981787 -443607199
371888086 -863299137 665341804
796687174 452775174 689803838
796687174 -923845161 491765350
499819675 452775174 729331994
499819675 -923845161 523123821
139873146 561288190 -475541952
139873146 -359729645 -13499309
-856952821 561288190 -111802532
-856952821 -359729645 -902386143
-321275444 -806246338 -354312870
-321275444 929859240 -89449234
-971360622 -806246338 -230028197
-971360622 929859240 164850763
122849386 -488362575 -908931314
122849386 342317289 860660781
-189888976 -488362575 963561641
-189888976 342317289 64603481
-914382740 -487252757 549357998
-914382740 277436988 -967315562
373363447 -487252757 987977541
373363447 277436988 -331038497
217889378 872488352 -866970044
217889378 -283208214 -792757785
-632422866 872488352 -838920331
-632422866 -283208214 -642723130
414497122 -924459762 82337563
414497122 160097901 -413940244
-980294529 -924459762 -673738369
-980294529 160097901 -843728218
33899235 442856423 -833250319
33899235 -731365182 -113042860
-178720103 442856423 795756601
-178720103 -731365182 -917502170
-900928279 781822832 192225333
-900928279 903239181 967770072
-340181259 781822832 -842494860
-340181259 903239181 349475125
-7814896 -36682392 -474066429
-7814896 -160855580 -595132639
-939094698 -36682392 -710879995
-939094698 -160855580 315883540
56430544 -509796728 -651589207
56430544 592268700 236567174
677146425 -509796728 -303480047
677146425 592268700 -914557452
-334410994 -650840591 -993731224
-334410994 -879425007 669259034
-925062184 -650840591 805346470
-925062184 -879425007 -924387234
699438017 -261333537 -352664095
699438017 899878311 147545441
907011586 -261333537 382725886
907011586 899878311 381887237
706265421 608237361 435891250
706265421 -758546353 -4650400
344291230 608237361 -539341533
344291230 -758546353 -733506098
778498602 272371478 -309319268
778498602 -918627685 964084463
-914699152 272371478 -191965137
-914699152 -918627685 -414995424
226509323 841217805 75410064
226509323 853922519 -950689449
398997130 841217805 -951550350
398997130 853922519 485143583
-326426090 -319984836 -510314946
-326426090 432129702 -783487701
369140883 -319984836 -647941399
369140883 432129702 -996734867
-48640322 -799501956 511827238
-48640322 689868486 -473545358
434530158 -799501956 -912278146
434530158 689868486 -623727348
-440465641 -602625276 -556195224
-440465641 882909329 -774728917
282006581 -602625276 -872106672
282006581 882909329 -20567486
-922362457 -959455560 854552142
-922362457 158301593 -898507623
-931851479 -959455560 -903239742
-931851479 158301593 234794538
-189820797 -726325724 -972898858
-189820797 509324082 400016486
-326039301 -726325724 78536219
-326039301 509324082 -449954586
970043693 -418482107 862798857
970043693 963056617 -931746550
-954751647 -418482107 882091674
-954751647 963056617 237378812
595589970 415879408 -513767388
595589970 607723579 973612199
107809423 415879408 121183205
107809423 607723579 -283246844
-910083221 -534815054 830179521
-910083221 345124307 -137842649
-558763945 -534815054 -688694820
-558763945 345124307 970542442
-857613232 66156829 -861267769
-857613232 946096816 -348095695
377660680 66156829 -879480948
377660680 946096816 491858197
735889240 667590548 941692901
735889240 885851007 -111052682
-386497794 667590548 454583890
-386497794 885851007 -164983485
939544687 772349255 122789150
939544687 167067809 -933414355
-478874158 772349255 -463142956
-478874158 167067809 -138903178
-760749834 896260727 716739337
-760749834 -141798874 596949275
684038142 896260727 117119811
684038142 -141798874 -242189591
341790470 832361743 -310385138
341790470 668027376 -78747235
-412151767 832361743 617230178
-412151767 668027376 33589686
-924128918 565523683 693170621
-924128918 -262227980 -206918794
-939834058 565523683 -779075848
-939834058 -262227980 -536640528
822031702 513638440 -310123629
822031702 169821520 299723327
771411169 513638440 154527779
771411169 169821520 -104614622
-814347138 108132694 -835028327
-814347138 -510723179 142342478
866593707 108132694 -962530992
866593707 -510723179 20479125
-907512541 -901953753 -755195696
-907512541 -343127551 982793767
266762457 -901953753 -494173065
266762457 -343127551 488278417
-192324741 198523130 -6612740
-192324741 1904257 -95299912
5019971 198523130 386439345
5019971 1904257 -783006354
-946722643 -445533538 290249385
-946722643 -644892546 365702643
682157680 -445533538 655586371
682157680 -644892546 417554702
652955303 -894261811 132331596
652955303 -872775061 -888608417
-11812533 -894261811 814998657
-11812533 -872775061 -938018337
869492442 -315959533 919583637
869492442 -880953096 -870108223
473265680 -315959533 -770100583
473265680 -880953096 905144542
504518437 342247141 -907629918
504518437 271328782 971748976
-885207828 342247141 324621050
-885207828 271328782 -906809991
-274539352 721726387 -581498143
-274539352 -717177839 -61289130
-550399751 721726387 517749115
-550399751 -717177839 838633758
-651181578 384354751 -962729765
-651181578 -928734030 -999756312
478006316 384354751 -650939301
478006316 -928734030 -9336965
-21348447 397292462 921788720
-21348447 291293128 -408250308
-965421352 397292462 907462033
-965421352 291293128 93474264
493827377 -850572163 749662847
493827377 -968517947 480018378
608334925 -850572163 -4002665
608334925 -968517947 -112322120
-7845540 157742525 348171455
-7845540 -782376398 203803261
851114352 157742525 -87092963
851114352 -782376398 672901272
-668320990 9105756 -200687722
-668320990 422091102 -53582405
-353169066 9105756 -510668585
-353169066 422091102 270368794
808921493 175496892 -149261620
808921493 172644087 470954834
813674681 175496892 529176265
813674681 172644087 -79164283
860839532 -914919035 -851946126
860839532 615204019 -753998179
688115528 -914919035 -27693543
688115528 615204019 721298046
-640847958 -596825956 321660511
-640847958 -976303434 912148395
793499118 -596825956 -327141295
793499118 -976303434 498390184
825116869 140720657 743021393
825116869 -132357260 757773179
840300694 140720657 839058150
840300694 -132357260 443087295
538384260 435838778 840194924
538384260 106762427 -442874151
-822121482 435838778 -827423255
-822121482 106762427 745881292
566064600 761351147 -866870351
566064600 -976102365 204222727
523549532 761351147 730562832
523549532 -976102365 -917766221
734005078 -338822905 -99894307
734005078 304083843 888684639
837091742 -338822905 -590100080
837091742 304083843 219441271
-629701267 639128025 -27126028
-629701267 600443109 -185181940
-355333307 639128025 622745942
-355333307 600443109 420476424
391766340 -971349205 -381142915
391766340 -844548762 -53142292
966007997 -971349205 657261499
966007997 -844548762 -51710583
-402065301 576221613 64993369
-402065301 91782403 -966199536
716054136 576221613 -744632747
716054136 91782403 674235556
24518614 -63160182 -500567463
24518614 857902966 -124409652
195212256 -63160182 125209955
195212256 857902966 599611591
-792050305 -985765234 907559492
-792050305 -594746979 698098905
98193750 -985765234 -299091209
98193750 -594746979 799183119
492216590 420256612 520197058
492216590 262506728 916064081
-279376831 420256612 -740052958
-279376831 262506728 640790322
969002147 944373720 939150726
969002147 198570895 -910788392
787259891 944373720 -37223955
787259891 198570895 896289663
-864436665 868527507 -510070400
-864436665 -435633778 -903331844
365504097 868527507 74247890
365504097 -435633778 -467563117
551559971 -966773557 -805683338
551559971 38545700 286846044
-861859658 -966773557 -359168856
-861859658 38545700 -896335857
-319207670 456172683 743405048
-319207670 -814616880 -667644617
-228261349 456172683 823414264
-228261349 -814616880 -968669596
-671585571 -877872976 -587612032
-671585571 -774078502 568124626
-685154285 -877872976 -401641882
-685154285 -774078502 -250403802
-75741779 -848917300 -614966730
-75741779 21540125 327210633
672983595 -848917300 493547331
672983595 21540125 -382937182
-903776741 694555123 -738621308
-903776741 651147071 -584579404
17936345 694555123 992212624
17936345 651147071 -674232366
989606312 -224133169 -632444152
989606312 -983054088 -542173607
-681771149 -224133169 464798370
-681771149 -983054088 -55498379
141229248 847189070 315904516
141229248 -953545074 -921440054
524083337 847189070 -554146048
524083337 -953545074 -364609325
252042589 360207500 -698822988
252042589 40367932 119251551
768506772 360207500 737948855
768506772 40367932 -167392532
-605275770 974265762 -907511000
-605275770 651082526 -151878265
237181038 974265762 -895279859
237181038 651082526 -243214253
950146925 -258406616 73775048
950146925 -967132815 151149443
-908385199 -258406616 308695547
-908385199 -967132815 -412660405
16583465 697857083 888050806
16583465 277445581 616578378
-733727037 697857083 307317352
-733727037 277445581 7543109
812624299 89574730 160823471
812624299 -108202487 615169324
-395296304 89574730 -376551605
-395296304 -108202487 485923894
-787980304 484044455 -622538001
-787980304 -967978398 30681758
-699283853 484044455 -988699975
-699283853 -967978398 769449904
701278445 358097114 928706036
701278445 -283230620 -970084168
-794805246 358097114 -144402494
-794805246 -283230620 -957975996
-388733296 -459875430 -498475256
-388733296 -992823980 -919175998
989598228 -459875430 -961368956
989598228 -992823980 -891683573
187209368 25336403 -667684124
187209368 -212613162 796006515
-941564632 25336403 269558779
-941564632 -212613162 -517028241
-22330185 -450831095 578804127
-22330185 -443594324 -869842477
567218935 -450831095 663852935
567218935 -443594324 -749623617
802956726 -94492311 -482031466
802956726 -389724768 861054158
808563334 -94492311 -924575535
808563334 -389724768 -636705872
384320977 70504036 422010674
384320977 208498992 990013945
-476632994 70504036 274422946
-476632994 208498992 855854040
-815491544 -926437554 -431563384
-815491544 751749508 101714529
561887240 -926437554 -197042506
561887240 751749508 -666001876
952084227 -515372088 -128603018
952084227 -373641957 -608774047
994466234 -515372088 -979599672
994466234 -373641957 -296147235
439926961 -265992808 848576781
439926961 673097344 -526012820
966301267 -265992808 -478243383
966301267 673097344 535773863
307155453 -408620567 444381310
307155453 -491396121 225250842
-509405463 -408620567 38715610
-509405463 -491396121 -326165818
810233609 644481101 -884671644
810233609 -502760536 -244100872
-960325716 644481101 -654863464
-960325716 -502760536 791890836
-784029939 -897802643 -883427920
-784029939 379548690 588072412
658049772 -897802643 244490781
658049772 379548690 -125717577
-897884430 -577874020 -993892607
-897884430 -421626555 -542902133
224068080 -577874020 -859109805
224068080 -421626555 606480996
-950708216 145949557 644236787
-950708216 363814952 566649091
771794147 145949557 935100198
771794147 363814952 -999078513
-398426129 -81859899 -298026497
-398426129 979836191 627203192
105320554 -81859899 105753108
105320554 979836191 -248964089
757849078 -670064516 204298449
757849078 3681314 419458552
801344747 -670064516 -22442181
801344747 3681314 285951151
-472682949 972841078 -955477807
-472682949 568038927 160449146
-565320140 972841078 -158600619
-565320140 568038927 -933546721
-943316710 -594651056 747111829
-943316710 899911484 -598803761
-484994326 -594651056 -904392517
-484994326 899911484 426040226
-518238439 199468494 803033869
-518238439 307782643 -102546824
107074648 199468494 439861565
107074648 307782643 308092606
81619651 985653382 292283945
81619651 963695691 928343647
291846938 985653382 18641102
291846938 963695691 -54097813
958405213 -514587862 -119101332
958405213 368063109 -987602574
924281784 -514587862 916320697
924281784 368063109 71390245
300872766 732184771 1279942
300872766 -317826442 -139361729
-119695097 732184771 -529030567
-119695097 -317826442 956786736
501444905 513564334 801643554
501444905 -503485953 -939959530
916313821 513564334 -76132617
916313821 -503485953 159470860
326348722 37738885 -473071298
326348722 -883433760 -602503948
905050416 37738885 -901390585
905050416 -883433760 -820647645
-912263706 -258449155 -856383600
-912263706 -160531265 -26623907
309098534 -258449155 -135050613
309098534 -160531265 693305215
-99519437 724430090 -325435814
-99519437 -270408956 540297238
184529270 724430090 505180083
184529270 -270408956 109000994
551871379 -968457780 -520089934
551871379 -211300104 -629577450
-3151914 -968457780 261774550
-3151914 -211300104 224220194
818484576 286072644 237921043
818484576 593249133 -937560320
-819550667 286072644 214021694
-819550667 593249133 431084592
-526719582 865953833 25393769
-526719582 -458962628 130063181
98710705 865953833 -385679987
98710705 -458962628 342206170
-358645030 -953551440 -268940816
-358645030 57171186 -572433228
-94345067 -953551440 -881472216
-94345067 57171186 -469943592
-64200100 915016051 528875396
-64200100 -222751848 496024035
473317656 915016051 642221117
473317656 -222751848 785101435
-628789178 -511611757 832917254
-628789178 996048300 144460249
406921357 -511611757 -826365267
406921357 996048300 592245159
-316780932 260257951 -478438447
-316780932 296582919 -672046152
-996188719 260257951 -463067545
-996188719 296582919 -949400507
-805518994 -307045239 908971963
-805518994 -59146702 -818494585
-275356187 -307045239 -873138843
-275356187 -59146702 -898687860
-23075191 -105535332 164023092
-23075191 262571168 551811036
960973113 -105535332 423916415
960973113 262571168 -371929349
243708338 -24343011 902639236
243708338 -147287543 821099068
764965138 -24343011 -680691583
764965138 -147287543 -797051287
-189315858 -122752346 -897557428
-189315858 907648883 829928628
532155923 -122752346 -872194537
532155923 907648883 890003095
313710859 480204060 -80666555
313710859 954265217 -101204689
-612719164 480204060 -788058320
-612719164 954265217 -364540354
-686823174 -651669093 -318073352
-686823174 474378259 692784412
-887241772 -651669093 402442496
-887241772 474378259 -893735823
489046747 -885403164 810544871
489046747 -674009438 -231903865
-713031735 -885403164 529295634
-713031735 -674009438 -787678740
409533859 687321609 -401339234
409533859 542479989 -45659525
-879142353 687321609 -347329038
-879142353 542479989 -209503283
-164812998 -279131967 -929658353
-164812998 164473243 283975294
22890820 -279131967 -503238949
22890820 164473243 431749185
-367479753 -492451248 888330169
-367479753 -90262682 -564170852
252764085 -492451248 -773428445
252764085 -90262682 687574874
118378898 207659892 169064227
118378898 -644779404 -912907585
575709921 207659892 798504402
575709921 -644779404 744234164
311921858 -908389941 914365815
311921858 -498279184 -724252632
-724862359 -908389941 -28596437
-724862359 -498279184 -896114447
123969390 299790781 187875281
123969390 -122894015 -88896315
220612204 299790781 777096596
220612204 -122894015 -765979597
-66413367 711064685 -699134918
-66413367 -561493825 388584033
-865012692 711064685 -708852048
-865012692 -561493825 -371643277
251838705 568283026 95817290
251838705 95648454 626341155
-260637284 568283026 -950549793
-260637284 95648454 -446305605
-295684994 -799486673 247865975
-295684994 -574011488 -455891377
-122430500 -799486673 593528822
-122430500 -574011488 -833063464
-847382492 472261639 -43786478
-847382492 612325018 -431145344
834090435 472261639 528188343
834090435 612325018 757726006
-879236258 343639950 -971186801
-879236258 5284169 -825428427
184331956 343639950 -244408960
184331956 5284169 946409372
-158156612 -334562187 956184200
-158156612 -644716070 715296771
-482554471 -334562187 -953328714
-482554471 -644716070 -92554661
558564096 -856320944 -228421394
558564096 -917686267 694925574
-936906086 -856320944 -927267924
-936906086 -917686267 -488935324
-697289441 -671059020 -431947660
-697289441 -231633592 568474787
771504078 -671059020 201151386
771504078 -231633592 561524613
-334995577 -882015292 -502558869
-334995577 496154883 -954987025
-825588484 -882015292 -143708064
-825588484 496154883 -956488419
486477162 -427426594 348440006
486477162 604681952 -872465522
-58095750 -427426594 -445491860
-58095750 604681952 157105593
589019299 623507954 -425659034
589019299 279739044 491465999
167994245 623507954 -201742659
167994245 279739044 906256187
-599957638 -730608744 -795591447
-599957638 373309794 -120722060
291869493 -730608744 -790019154
291869493 373309794 -999852186
128828349 -771135861 189421973
128828349 -736626592 118431842
904999625 -771135861 871046876
904999625 -736626592 -41214055
478828943 731307708 685001035
478828943 -940984812 -535117606
-559060788 731307708 29063421
-559060788 -940984812 199696091
763820716 -412595059 -581266444
763820716 137840772 -389401021
804976168 -412595059 -213730907
804976168 137840772 -895241948
645730075 849084668 -239222433
645730075 -139012415 692124880
-414278773 849084668 604742172
-414278773 -139012415 288449886
-995602671 -4628558 929023402
-995602671 -782591043 924177140
-58799577 -4628558 944796969
-58799577 -782591043 -557196864
422044657 -348330490 -202479725
422044657 382553804 -899660278
-373847632 -348330490 598342059
-373847632 382553804 -640076798
700789911 -827372378 -100980675
700789911 191030282 859635270
-171896396 -827372378 732106706
-171896396 191030282 -914480383
-917223352 -915273943 -195604504
-917223352 -20319518 -878191559
-343468005 -915273943 831426263
-343468005 -20319518 -84842176
-373008490 373854517 711099088
-373008490 -927622100 930795189
-292841860 373854517 747056895
-292841860 -927622100 -302927368
601285932 -61502926 -185422789
601285932 582491259 -507195684
265389245 -61502926 74123833
265389245 582491259 485981727
-360791710 900645704 653846325
-360791710 -68142847 991763715
-883492720 900645704 -300165491
-883492720 -68142847 -454791080
-117089908 576578430 -634867316
-117089908 -625683303 -793068753
83083204 576578430 -972916597
83083204 -625683303 -268038065
-861228368 545915429 -203859491
-861228368 807060734 -9009608
53038315 545915429 -494939348
53038315 807060734 -4918081
-693629836 46911850 -647273194
-693629836 -889398871 -509440063
-902017893 46911850 -881163015
-902017893 -889398871 -291586385
-620694269 393150364 960954318
-620694269 281692863 101178715
-425865654 393150364 953450245
-425865654 281692863 -983523535
-74517173 -480075321 836394548
-74517173 -720695082 -965093199
389218719 -480075321 -726059717
389218719 -720695082 -867709095
187569162 414727608 -330246311
187569162 168819723 -554842499
-321208530 414727608 771301831
-321208530 168819723 190526241
947555632 -879078881 336290146
947555632 271806671 -898015371
385008874 -879078881 -889548321
385008874 271806671 -333191841
-277574464 317655685 -106727513
-277574464 741723408 551992006
573459829 317655685 -918178384
573459829 741723408 -982151816
898226983 687371604 -881638476
898226983 877094032 -325995640
55749865 687371604 -321649536
55749865 877094032 887465988
-766065701 -719352158 -686839922
-766065701 304482666 -297522566
25503266 -719352158 671801820
25503266 304482666 -215292904
-828230911 -439121455 931779616
-828230911 -47708565 -154801038
-138805349 -439121455 -948259817
-138805349 -47708565 -347190985
901022944 -401004660 -913758808
901022944 -326351971 -488378238
110827360 -401004660 172086217
110827360 -326351971 -340022085
100192644 -72055611 -461542046
100192644 -977421383 -904397493
-909058406 -72055611 -900957179
-909058406 -977421383 -646301089
-231010654 227667245 -102960347
-231010654 -994015509 -895345388
-758320510 227667245 631987670
-758320510 -994015509 652718776
-766401958 17475732 420785440
-766401958 712959894 -703355413
22520858 17475732 668009450
22520858 712959894 199670388
-872173462 -775343371 265521193
-872173462 787200336 403058036
-882794639 -775343371 909833790
-882794639 787200336 408105155
-823817339 -549032296 -957567223
-823817339 -904190063 -360509902
-954933183 -549032296 -43568279
-954933183 -904190063 -942875687
861368092 904146618 727167593
861368092 764415801 -886937217
489549181 904146618 -616195072
489549181 764415801 -447858040
-872281665 -700429481 -932043264
-872281665 -836992215 219166330
635357925 -700429481 -824410090
635357925 -836992215 -432998969
-550963591 -734714365 -684841282
-550963591 -756260187 -750075523
74783199 -734714365 -731222580
74783199 -756260187 -29192510
491702978 205716321 206541563
491702978 134333193 754965173
-645168104 205716321 608074112
-645168104 134333193 -395718705
-672402583 945298240 -22488499
-672402583 947646813 -933992721
441394690 945298240 -203908962
441394690 947646813 -909123101
-235944495 -21475081 381131608
-235944495 697037287 451140615
238237855 -21475081 -940095356
238237855 697037287 637112253
-594008681 -876413126 -437433933
-594008681 784847486 651094691
170368114 -876413126 812626307
170368114 784847486 702817908
-744647197 498499292 -25486344
-744647197 951966118 -250501817
-887688301 498499292 176377383
-887688301 951966118 979650809
-436161772 -922197411 220071670
-436161772 -917138952 -900775923
986693322 -922197411 -544723083
986693322 -917138952 886509583
-582545789 -903213905 -594872166
-582545789 -27741572 -576653499
659053578 -903213905 197704142
659053578 -27741572 -971999363
-660493697 523943984 -51775632
-660493697 -322202365 324411724
-741185836 523943984 51601298
-741185836 -322202365 -98909093
-874354688 873425886 -115162823
-874354688 -873461671 -539771261
-959218392 873425886 154323599
-959218392 -873461671 44369052
571235007 111620857 456779401
571235007 -512230460 -389737015
-385874652 111620857 -102206707
-385874652 -512230460 283990094
-904095216 -113399438 -663335556
-904095216 -819003514 -293513280
-224617837 -113399438 -573933959
-224617837 -819003514 -834744476
676853090 -111898506 296500217
676853090 -256799225 -942313812
-438026377 -111898506 -789026480
-438026377 -256799225 -96618715
334799331 -832338351 724551596
334799331 808628102 -735060321
39996966 -832338351 34898088
39996966 808628102 -514573231
-93656137 435423632 -934042589
-93656137 -299601696 702796868
805367785 435423632 791684545
805367785 -299601696 242245448
-590310728 -920779280 91251141
-590310728 101835784 893277195
257418114 -920779280 505462750
257418114 101835784 739365587
-937210446 682958533 -925232863
-937210446 348283051 -637585173
777336453 682958533 -611059443
777336453 348283051 512112219
-204417585 -933633119 -246917346
-204417585 36431151 732871235
787808338 -933633119 -30389462
787808338 36431151 -858730864
75526473 645836515 -114631233
75526473 252657191 -920875531
-66027843 645836515 -201176388
-66027843 252657191 -444139037
-670427149 321504856 271366284
-670427149 807429311 -978293985
-844752874 321504856 675051051
-844752874 807429311 145377989
288321487 -14050104 772743233
288321487 72683157 633526989
794749619 -14050104 -573578011
794749619 72683157 977900421
831307758 -959902017 -613376506
831307758 471224031 -354785206
20978603 -959902017 4151939
20978603 471224031 -255806723
-297445923 -180185427 652195592
-297445923 208088688 -75823403
-75610498 -180185427 475140971
-75610498 208088688 -989722206
-155414310 466520424 -148010952
-155414310 213010083 -6425155
-250404422 466520424 129066066
-250404422 213010083 -801350717
149060819 212129512 945741221
149060819 -842989065 -17891984
-785410660 212129512 193511940
-785410660 -842989065 986462851
-359765337 737594232 -289977701
-359765337 -734901354 -912429525
-666105408 737594232 311622017
-666105408 -734901354 794810953
472406716 -657243116 -897188420
472406716 -101150988 -743261275
677974893 -657243116 687474587
677974893 -101150988 -959165613
-769283170 -747896849 860529703
-769283170 -913229987 -154571580
543568184 -747896849 -859878668
543568184 -913229987 816310761
641531297 -206378567 739987409
641531297 841707574 -312840704
-876867515 -206378567 554055867
-876867515 841707574 -591229482
-505561659 350877 371294510
-505561659 -99329518 -214467016
564956793 350877 -67552034
564956793 -99329518 953303676
962065739 -296123122 378365471
962065739 -944025886 -205782886
911108016 -296123122 -617282262
911108016 -944025886 384038916
451530401 -437875150 695019262
451530401 -774905013 841017480
-492843650 -437875150 -624285991
-492843650 -774905013 -32938091
-666906945 -643771516 470791493
-666906945 122361803 -349994127
916394163 -643771516 -21260896
916394163 122361803 -191870929
-929347544 -919401552 -170235902
-929347544 543711063 -412688991
679941550 -919401552 -573697693
679941550 543711063 -957006354
878500410 -768105203 -777087523
878500410 -349435359 -222053353
267420400 -768105203 51876038
267420400 -349435359 300893729
4996426 418850493 722466506
4996426 -834262607 837110799
-737334851 418850493 -961824608
-737334851 -834262607 919493090
-470800913 -903509418 848916425
-470800913 -321166875 -497418898
385849620 -903509418 -959908171
385849620 -321166875 -820451604
22499056 -979329929 -505039292
22499056 -872964010 -864712964
852126983 -979329929 -901141593
852126983 -872964010 454411205
299041501 319376244 832135168
299041501 230606263 897069880
320924402 319376244 655812403
320924402 230606263 -639792787
171249688 -876960759 -380565742
171249688 -27796932 563109864
-449045817 -876960759 -749064613
-449045817 -27796932 74005312
-917366018 -81330183 663822568
-917366018 -196053218 861231308
-81362539 -81330183 -929072067
-81362539 -196053218 -825419261
-910448425 -944795839 -509261462
-910448425 -900349307 -923914982
-141502917 -944795839 25622999
-141502917 -900349307 -938807601
518920519 241210233 921263781
518920519 -201166745 -931989066
-970472767 241210233 -567300141
-970472767 -201166745 -984093657
374747791 410357829 -895441251
374747791 -297525445 -113118015
520737264 410357829 -844605206
520737264 -297525445 729854792
-883155108 668178693 765043624
-883155108 287418600 864038743
645490742 668178693 -859747228
645490742 287418600 778982437
54523153 573870235 685212233
54523153 611969004 -508350980
-580240753 573870235 162756591
-580240753 611969004 -970512200
496929671 186621249 52187552
496929671 203412158 661671806
877376372 186621249 377942078
877376372 203412158 412149739
281055286 -990966045 4753086
281055286 -402939087 -642986675
-967858234 -990966045 -899208132
-967858234 -402939087 727298918
988516132 862700105 167129370
988516132 958776384 -903396809
79731164 862700105 -140485214
79731164 958776384 -604532588
827229827 936705488 68378593
827229827 966375037 -510457862
909969737 936705488 -97604615
909969737 966375037 512129560
-901875199 -46478406 127972735
-901875199 579003472 -977767963
-863055962 -46478406 328923226
-863055962 579003472 697946379
997655951 161328904 106994080
997655951 301636073 -953872324
-384821163 161328904 -798244251
-384821163 301636073 -914819999
168648720 713341912 354926873
168648720 -370830779 583889846
-887303479 713341912 368816919
-887303479 -370830779 104133081
-652340908 -648324185 -162681330
-652340908 413940545 -614051390
539408193 -648324185 428398403
539408193 413940545 -909661463
-546341714 -18608032 758403671
-546341714 -298975759 -978063084
-194944570 -18608032 -378448072
-194944570 -298975759 -954037119
932276539 122020096 -218418280
932276539 105187969 259701612
-675510929 122020096 520752152
-675510929 105187969 -73360419
-926461643 -382971353 715627974
-926461643 -860738913 -690710411
-947385736 -382971353 943109940
-947385736 -860738913 249359975
139987619 400184690 -784800421
139987619 -358566716 -362159441
667814889 400184690 -406783185
667814889 -358566716 956209423
-320363751 -289455970 30305940
-320363751 -476838362 -440560230
305282965 -289455970 -931300716
305282965 -476838362 906667459
509636250 -914624009 -414722920
509636250 -910881649 -443417842
930431961 -914624009 809503139
930431961 -910881649 717121505
-268356933 -989221954 -147129946
-268356933 -979267623 -286744166
-608398341 -989221954 -268743533
-608398341 -979267623 -482140397
-946455522 -769639340 -180931282
-946455522 253619921 850268431
674248354 -769639340 575509239
674248354 253619921 937067917
-871095312 332785734 -356054844
-871095312 50282919 527936883
-304634704 332785734 859660199
-304634704 50282919 805080659
13728005 -11354073 -854236464
13728005 -50896783 -617408584
306674184 -11354073 -565205970
306674184 -50896783 190835563
-954445512 555384190 -854576006
-954445512 -701424513 -671291808
770444858 555384190 -584891954
770444858 -701424513 276945866
