2000
-467689921 -868716149 -219811992
-138592478 43446661 -867260093
107784491 -117370344 -895942615
-452337728 -190724948 -947367475
-3779074 -531210537 709871422
-400224605 463111972 -246136861
94032899 177520008 345783037
699682674 -914584679 -853859488
656655453 -386742599 625127321
-163989889 305126403 454864368
-6120461 64586910 -168161774
70405834 314794153 -626126753
-97276550 -368542790 -977862897
-412312365 909106078 -882835115
632306662 959845757 -910871719
-741038384 -907995310 -496733193
-809502392 -125356674 -927344730
-979495111 -581313372 332144955
294506770 488677443 156505071
385640333 327777272 845524701
-300575104 -644144230 846805424
-628150113 495984212 433451385
-799076017 -834494626 -768060183
-223050088 440153005 365672429
707437820 688606262 866605205
399768690 -487536669 874280926
-325417997 412845481 -805325937
-981124024 339332197 -432432360
727361933 774763316 -441224615
-621610154 872834197 -911826847
667734553 853563116 437224862
229499548 -253790050 880303838
-750127647 -489425661 -391859540
865581273 737489619 -241401933
270067200 426027157 -159254119
137729481 975728559 405073264
-240782696 -817268223 496017185
-991782390 364559712 427400773
-634512861 -144323736 713365057
851410865 -447831337 762846645
-71700751 624420162 -561918947
-935022552 -44693740 -78233843
897223059 560812667 -719242973
702470692 55280317 -296407990
-254685727 -582663940 -922757968
920527295 -564126714 -906908511
238089748 884871065 295963721
702342680 554203044 -896093601
941268445 -876108707 -423821442
844093081 435236015 -548021993
-910032384 -916796327 -683044986
-604829361 -286125605 -323214645
704482630 -124308380 751828331
-926894869 -662062890 -227347534
576055081 38622406 -517289019
338614602 -860388671 -722639652
97720232 -215298331 -920020703
901959307 -22501526 605393097
826219976 -477594027 796951727
952585825 12490939 -233951826
822133090 893111023 965598301
-469981190 -987955776 -854827316
610906272 164952467 59146834
-612393131 522708558 723193159
-80609294 931702900 671110191
-330193239 -390915569 129090103
478373449 -982757517 -630065227
44644099 -534982582 112614156
857457777 645956460 -279699165
-633961142 -339973949 -745913788
665133399 520780383 699405923
-533090151 394500069 70756012
786300544 -319679672 971807503
27868460 507087917 -851887635
459946506 -774924202 609956059
-914114721 980111305 442638979
-879189412 484446246 -742556409
-980033556 864311577 -61872764
931294094 -75087240 -610983601
-95913722 -362786055 691630812
496982428 227103231 815601602
-953005080 848435253 547406785
-821769415 -569327147 804549641
463895552 55991425 -887762778
-900296727 -531836118 -694710794
-721895795 -118495759 -993152717
355658919 -324904694 -925736886
-110649899 -858011780 258981196
373197086 170136145 506943864
-498982328 312261625 -655533552
-662930069 -284389119 21284233
834501029 -422117192 566880382
198575427 222581664 -312104157
771620340 864270241 -969774064
-856382881 -521356252 -507779741
667143672 484250502 611009110
-998834213 728763985 -639338375
-956486137 181555215 -799361582
468786148 -122773541 910917780
473620001 -788064947 -965357783
948923033 -987230422 948041832
48824573 -95739981 -71596272
585090465 966766813 284663178
-896919925 -827071072 -798323302
-217672105 551095785 -859959458
-933589313 -869578273 -500944309
-755238183 -889916809 -263004745
933419314 962581519 613254600
-438433082 -532172085 -385939347
701412210 913133073 557328163
255518920 785118070 -332921968
-149992235 -940115728 750702429
467529927 640609660 -357202013
948333385 -258613189 -205192023
642170543 -70825044 13706822
-291186418 63280405 580909848
714469909 -262116080 -522601022
-630309551 890816240 -91691274
938860556 828488072 638384286
-110275545 624564614 -671139974
-828210117 224285206 250974567
188540398 -927243517 -911688055
-630722622 835154078 -593408562
400935924 590277434 -852898244
-985755460 754331757 -275856528
-885012986 -335177504 108230487
770023257 -282618358 -395101964
-483789968 -950092519 880029814
837878006 132969186 -203188004
322670248 562767516 223563643
-974648672 -17802293 -218165137
897898368 461893113 -808431436
-266599116 527913925 388031725
-920778094 -880110096 -845560877
-950182947 -593715200 -178484183
294967892 -40559536 -624379312
-933008056 620476224 -620617972
-251739273 922471856 82173852
726571648 233062547 891324458
-376899991 -96400328 -387759583
415559580 -769463154 -472202991
-296228859 586993698 261761459
879147724 498089247 -76077502
296990875 -606592924 -696762048
-460980042 752883830 575353962
-754408072 991874670 565479093
-859609793 -856113452 263647551
199399721 581177506 -825112459
-644843840 -299858601 712888073
-926125066 -461581880 -569078044
825795800 243582410 188963697
863075347 72500691 127558982
809860613 -854162460 -457023924
-434523493 -910047441 -12270674
138572512 382381423 -447015032
-634942143 586247138 -673943400
-967468291 111903649 -12918763
-969844234 589580990 838478604
-934774143 660566729 -107683611
452407507 258459327 -598340503
90455552 4073716 884251152
-742591991 -131737823 937645100
-529935900 -132401137 -394318382
-599094469 -37187389 -580971646
638649611 184163461 -255031603
-121258596 160828377 542472097
104066141 -952768988 -987423852
-745133865 -871626783 907143202
-279779981 -91199105 -599897698
-932856722 363642168 659058421
-774569162 608123152 -228935539
753469207 -633957962 -542764242
-975195388 -810037398 586171287
-409762119 -70861507 930429804
-480442481 -975276353 846949198
-30969868 323369205 -468214226
-943382330 -199534568 395678514
-144911685 420511395 -280850463
-938344761 -523782166 -271717360
681944603 312968882 866958665
477488161 -926222436 738865279
285050624 372272082 -950520948
-698448897 -627480712 151725081
-84974807 100920926 -583943071
670187470 126912373 -962354888
37114133 665316753 981323480
423514942 -958330755 518606804
33863139 393456256 865760878
-799647753 752428736 -924193274
-788850638 953654868 -371343401
925716286 576017816 -462184547
-517907509 -940835324 -291418626
-711274669 -795290307 537335266
828068408 -902701113 816318036
742346942 888646454 -181709251
246005081 873336281 584838617
200497923 -860865123 -981942702
-263871098 -377102666 -625030023
426182806 -372556972 187884463
-862697991 623854818 -876093848
376010246 -461064004 -629006222
-11126629 482830970 689832500
-896120914 806198609 689273591
-357223987 -81410118 -689734138
-562036471 772027875 -879366710
-292558551 -680298533 482025480
-380608698 -908847900 158383529
-86538220 674789863 202315805
-890267288 -409353077 -413983209
-715769897 -491043639 699112092
212888290 703510069 -573009690
-859248980 222952374 762982385
388624983 124400764 -545132803
-624666758 962243064 537489203
-769053135 -720573679 797832715
92661805 573762603 -10992737
-106890697 -882444410 113292409
-794479959 875558364 -266057448
203558755 -897908153 854429905
687462147 831471211 -17074484
544252411 265602375 90670251
-606868616 -320943911 -904841412
-303856757 -609242533 -114533667
109607667 -970199362 455984755
-937701755 -874447800 -234728772
749200104 750621545 801001243
-38432778 647710669 -926725891
-215189763 542410588 611562179
458217993 168234102 -81079229
-329264492 -290966777 -628765759
-306844678 -480570658 525876345
-235119606 133289743 341849851
536366129 -431638493 742294854
965090565 69166232 -95758496
-741656676 361116727 -785777048
8578112 465204427 -986383880
-646852919 -650642082 -903072277
142615531 609831584 287462502
-190475639 49103452 72272808
632344755 -702524467 889577983
-780389496 -504949263 637608518
-657765870 -878945577 895083511
698777985 -176934820 10838821
126764180 450031469 -224502608
698736538 -181369766 859531110
-530514185 -718388251 -913932125
767109127 -983847081 -999250370
-336131537 121310422 705644255
-414714348 531475990 743010149
-502389845 702872891 -850843726
-889146584 201074435 -529596208
-927618861 896296647 -479617158
-881677281 189631977 702081427
428561051 -822359890 374223686
153972357 727797258 -583785317
-608039130 783045610 -991770717
-97445587 -566126199 244147957
-602693476 642725608 -123368985
248240467 -307020573 195347841
443986843 958111396 -462132314
140299729 -492218257 318820499
290552872 -450072853 -719546429
-363389139 614849654 211767092
170998594 113297885 633605772
871624830 -140670187 -812545704
-226169998 163789092 -969113028
429889813 380078153 -716821799
721105161 -396994364 -47903061
515607905 -915876386 -195271398
860107291 718461839 -641356040
109662469 367238011 -932417380
129811022 30295791 410628196
937736346 -236247701 167228239
91070817 973594091 -983992809
87516172 -848159428 -605062003
226629040 792464394 939844939
875633714 855596264 603963451
370859841 -530280206 -928165184
433839200 61053777 -430841437
-423932336 -766571218 -93780312
-579077510 393564836 662840366
571018907 -83335330 575964832
-76445853 -20206961 596130169
62795789 807061512 452219609
-677915675 -997030897 401774496
-718212075 -480149007 420615662
958740794 172304330 4866693
609846083 -125984704 346567124
-179932791 753478403 -177111429
272359644 730965719 -111881998
275356967 200053617 694592737
618088323 -937272552 500745058
133641840 710046296 934289396
-118129491 800935137 305893879
-970942605 475336515 304547382
-371521069 -330405491 -838739071
-96945728 557005234 -659527938
-224201082 -600282488 -576459435
-654890809 -684271373 -840875054
105772476 -586156065 -855044297
479912877 -897546978 -970637635
-887747644 -816967526 191718284
-615333066 -486493793 480262574
188230673 -562337853 -845764070
893300573 -952400187 10457096
629130107 651103506 -782239386
976419343 -32860639 67941926
-996532048 -280629564 -453209074
620649810 -139687830 -581271393
-47493772 -670039289 393606595
618113256 81045857 324334820
446334982 386923162 8114332
-510442261 577338554 -943174629
-786046421 -210487427 -707597468
847536728 88131839 -62432349
-887482667 -105308668 135505188
-171343733 -908505536 484273326
772048105 232099563 959768460
702815405 45627794 766280457
772277519 -295946000 -50632633
-338738306 -601383008 215847753
-35238008 207042297 492286311
384887454 463085374 -315395995
-664084315 -749943372 -459273802
-952184517 125581456 -394774656
894042934 -510539120 129641244
-957723426 -742017563 -76578815
-614978953 607400338 108631189
-769151299 -661934992 322966930
-661768015 -650251646 -903741803
-396036548 -74391219 -185307491
321184125 -520091343 -309133571
-531656489 -764063372 -960296184
-643136632 106800353 -913602415
-874025041 579865793 196481605
984953073 -768519071 133981412
-526639710 905867157 -778296989
-671283542 -923691574 788723620
-837423624 539142432 -110437275
155667588 514528519 -741857840
-565249864 -247141032 -381655434
411394496 555322390 -406056873
-272130440 -898830603 741245840
564111607 -162323017 612090829
-831886309 -772958410 -250462789
-901587481 -382674328 -857659292
-164377043 -176436739 -982206752
611966164 282413314 -893132469
471126195 660586263 -781307651
366725219 329305210 -918531349
-509357431 -619136209 923049195
880517564 -828038234 292913858
-372638264 51552446 6133372
331614950 -267932570 -501026618
-245678876 723207471 -152878897
-193850145 144947655 609292990
-974170461 -155217268 -230194035
-392187362 -975113101 675280392
568504575 973103683 18443621
-544306020 733930200 -803504501
115868061 -891377402 -757745176
624020777 493765729 -956319238
-572028951 896243301 -839948639
263671211 800355514 -252812085
-472764666 844134977 -871947894
-907448695 567389189 961937030
-564366922 -388690694 -759244178
-554460786 612597383 -931553656
146648191 -453236566 -985130209
-709947628 621166839 -814561063
-85219694 727797009 789005280
451939970 -884703690 -212527656
428624070 676109274 -502632404
-732385770 526082710 564267888
494442016 -600444223 52965563
-458812363 346613279 -477684103
-142413846 -859665520 -674506679
588816156 -780488987 417994844
399349626 685370784 772674256
-68498323 34625348 55899193
947475890 -442325330 -724823138
270943152 756369490 47499497
704995209 241503939 -207405828
-980487433 -878163871 341551546
396065033 992946771 -479925805
464826450 419211897 -905941836
680159579 -920399630 724890815
369519389 -629168736 -928520516
-883139051 71143600 912122965
54925362 -898488423 147115304
-823341797 913006106 -979785882
254864878 -261494457 -218944610
306632383 -273005146 -909749185
815559355 -413451600 231360937
-214924338 709530004 -969436669
-939824308 453529240 -976681469
585258169 169936794 -576257785
-208084871 138863113 763998570
501308573 841068417 -644785112
-56337240 581297836 -858805612
-939697272 -328326522 -556235962
-900458915 -968129944 220444337
342079668 -178620393 248729945
-910735220 -154431217 -846392998
-834679708 -610151853 400457581
323035363 896361499 584376059
903157889 -492379168 -267567477
942785310 71957602 245492289
-467468555 -407376223 -910738877
-334616025 944223210 -123514771
413150147 427529259 759419704
212958562 -322357740 -822577192
-476940860 -66799371 -881216816
-897072027 -799920401 -317863786
-277317619 718503436 887263196
281948830 -1440611 965528332
311408398 644454026 753938020
-452567851 -452398582 286937839
-583687980 554537397 44173744
-307289223 -69502462 437977163
-408207231 -936350916 -322710697
-887156660 169742422 -659645246
-906391056 499336940 -576077900
811197781 643671054 -107057756
-879576341 919434542 -48354434
349652457 471557299 -591338558
-611231431 -778149040 637868958
144400697 -356082612 -870609555
-975502398 590828885 -874293133
-756929392 119238757 28509403
317034270 -147416478 -464577537
-370610152 546641278 508712128
-176876401 994330315 401510406
785643361 13200993 -72032585
901311146 -75151536 -583621696
961631095 291815793 -914669246
556793124 -884530419 326940331
-316795191 -998498331 -718973210
-374457347 224701441 -861592281
-538411573 -223746747 -343819390
-901488253 -598950097 643231732
-854453909 55930008 621850193
27250591 233746771 177027321
-111271649 -31826610 662454782
-324789538 -503126131 82293177
-915677802 -124266939 563885927
412608131 333896926 770207501
-142235485 943238108 -920060774
849177280 -656885142 -389256293
548576104 -347830422 -599510186
-487775136 48088772 -305328597
280607587 849265253 680284465
836708211 -936327644 6939301
-941791818 -954324568 -414010207
284246059 147606792 -177541632
566636736 -948609168 751722934
-877446574 -251892358 671202711
993867495 625981895 826409841
-834828880 586973598 -914412595
203425414 806493477 -972262058
343802422 -581325576 172815152
-529900170 525169760 563276415
-944531408 -813054194 386757706
-108150151 -237670098 -295596918
698791255 -726208893 816411739
-454440911 143458712 -570836858
569933354 243636739 -359184892
-69741499 103660255 -595684441
-969813389 396100562 600424028
258713364 868946575 -283244253
411443777 -245213609 -845004227
-410480690 -354767065 -692435522
-715749249 150304697 107707599
587968408 -355930502 827234687
293841475 82563807 534403804
-9795316 -984723890 -591637710
205166995 -703975489 226656284
98996018 -951289296 -1081065
-4429482 106714838 683979570
-60234834 -835288335 909734729
-379796875 857157309 -484882616
430554186 224302212 180610405
234352204 -811720618 -165142096
730924078 -23165644 486212440
-224206970 -233803983 -752350026
-220735102 281904907 -115551793
-749347522 -598816177 -869617665
229612249 866359405 146120988
-937895054 -361767226 470169497
-320326685 -249509038 -503316934
-595449837 561352126 622034254
632529229 -220926700 -377245237
-220526183 -411068725 447672237
191406698 907818018 757152092
526858202 -306681524 554227882
-896183537 664581432 76887621
35561437 -198230441 488899974
576359456 926686299 -595877998
544931081 -92873218 -137300214
-949090065 809789827 899232262
114102443 967531578 -225277851
-801287105 -313729650 -885186857
624814491 -509205074 161870173
-390400604 760488983 -270582601
-766205802 615697281 -969934228
-171688553 -274734758 -719888958
-635932155 -338014964 -239670098
-894406150 684871961 -881215792
-796199457 152513576 601443487
-326606048 873116468 284979267
-448522116 -518048737 334767214
-454942314 822549633 839915154
428942565 557381069 554466539
-560432299 152575275 900526214
918251533 -323121583 383139192
-447175759 806928923 127294300
-896322168 178507854 -963979985
105515835 813788155 -18153309
-160507725 -566050681 -684632732
151661769 957221860 803872396
-578627591 -480481632 -927955163
816373141 -428879774 495105099
-845858807 -511710142 592865686
42878617 -169724994 376419905
-921192300 -736140421 677884553
-949296880 790463397 68419759
441127586 -898288692 -131883277
250617502 168111996 613576044
236676078 -613252548 -14575864
-247175447 -907130651 -292549610
-509700604 -989925166 -294113369
-621072253 506428668 813034446
408861898 209489077 914068082
268275612 384167181 793881612
-966741081 437730192 -692471236
195640815 -140773477 -100713264
601830798 -877828141 -895164774
-4958005 211579523 -691740079
108047146 -723220497 -898262307
475460728 247428316 -609144482
968263630 203671294 -268883973
34974735 21204314 -630392781
418990602 -884535940 -922935227
-311250645 105947631 -957239378
796964433 -628927644 691082688
-970979079 501799275 -433531399
-860807047 -24737359 338463082
-71884244 -686646999 -991980667
805591963 22952717 673828450
-692331826 754457036 -511673324
565997324 62456827 -234963601
-347319639 -421903702 -41633895
154470392 751064191 -488922768
-625542644 546967464 400840688
-841937722 -702326458 617531107
-475677539 524081208 350459454
895112627 372718191 396334557
297142265 -897320575 -891206322
-897172935 -600358177 -764008311
787586334 640719554 -88827817
-917296377 169635587 98989435
-946355770 -72923832 -492139788
974209062 -501212394 183518551
-225430115 -511773900 567689729
196167117 -995742658 -534928250
-627552236 -719075310 876046558
783331116 932955706 -658174237
-913898515 926818679 -990158862
-999204462 122507891 -799944302
-769135952 -339970584 423789311
630904285 -873564041 -813402608
-691738719 30249617 -31282177
169311399 -868715296 73884411
939403540 -553286023 366378334
-135692529 -424914543 -767033648
79415127 700519157 -589535521
-605735373 -887541601 -264303063
-344682320 11217611 -196417741
401777930 -380660492 -870958530
-512441885 -893714082 76267653
-371319406 977112606 673380101
-936394405 -622545522 91840034
-92179096 -921448153 627815021
-524636308 -656318803 -885624971
-4519082 -770051562 -880144125
-684008013 -516493743 -981207831
872447841 936743425 491357159
338832321 313619366 -464037040
-362915166 677418901 -761187204
-389191159 -610160633 -61896531
-705932579 335344952 -862170503
-926266410 -35955927 -279999960
836352040 341424621 -187238343
782913532 -499596099 855576768
791083753 55697978 878189454
505573554 -406116475 -77454033
-840057909 -196210423 -181685567
-511718496 648849407 -239523530
-442961975 -388442163 -787847637
-960592696 745181280 428318773
382601690 -96765124 -606176431
-943642302 191876945 209244899
37339301 912969420 -550455541
-535586367 433391716 -976857292
244189535 91672417 -180987151
-448237297 523313654 -561181114
-517634206 -811746104 -267144476
253889123 179225671 391617
-764820726 -910057704 -952291228
-999790467 269420332 -222844386
-726208896 -287666510 568378020
-185987054 -605678077 -785734563
-897904295 105391146 181567492
-947939114 -418410516 -111693872
152860327 -256461822 146517195
-4568145 -216021646 927589244
-544254367 -284029744 -530271609
-51229118 -865329485 -394102365
948105698 258017611 -456939558
604022651 -170164041 -265187044
-895072880 968115573 -584102888
854307348 -122876721 -232448101
-782655927 -157126367 -351082404
580031166 657398406 -99725090
-113068410 -870887908 -744685883
-388158507 -755187682 -969353416
239947414 -379322446 -920387820
-859196743 694165595 55839193
929281301 537468950 -454594002
-296865905 -203486428 -713188745
-255392245 331664248 -867715380
-887484062 -781803235 534938548
-596871203 -967565090 92294047
247661558 344529273 498783904
306423578 725006973 -984436732
-194581301 300377152 825498721
804578396 450845697 -907424108
-132981297 259625261 517378527
-34384936 -264153881 128751741
824831856 -485191691 39661994
-406033878 560171139 -929844923
-889217494 162071189 215755091
-165324124 -192547291 -356676536
-256192681 -617568448 -728115978
13471475 692850141 -826705542
-996535833 -595839462 -301869
-843061992 -392058178 -347943975
412777307 -824430904 -854866145
-801108501 -749185700 315295185
-53914221 732964434 -724346056
-232824797 245583049 915283545
-524623140 -934332795 474217204
-773133445 554044121 358499470
-317011232 -842440689 -231608388
-635711704 815866060 73118504
-175245600 114428470 490487546
246675906 855448735 -340321872
326651144 593703397 -640154520
674845096 -900307132 560828060
-318140216 378925471 262502643
-383458626 -69616061 -585937529
988591631 -702990602 131703533
-155452147 -124104418 235143600
-296792049 -532923070 228847964
-909607639 809001612 -976880946
-747058221 -423828610 551479308
-718367195 950182186 -524133961
546829464 15503204 -918313576
-988953807 -580582662 421342845
496541950 964155990 262122484
-991594567 -762417482 245661853
868701497 -722725867 697372454
885126505 685292637 -99573874
-270850191 990706039 -957429924
855015588 -73449277 -227906867
-528051906 42594417 61794802
635737690 -481949975 -485556180
-366613355 876874568 203249818
50156178 325676263 -166780618
461695713 611923219 394705135
673495139 822289454 700160881
-371520792 871710249 -254676026
-550707275 684002299 -147390402
827264030 -165109897 141562846
-949519158 69531731 -576067882
240516828 502056187 344667313
2663020 -562293374 946814808
-206771763 518972419 -573470764
-857273500 -881822240 -996061327
-918764743 -503013180 -592166229
-258284939 628558344 540817755
216195645 902919053 -949677255
967344049 -720460293 249828174
609315085 -432588530 -868894334
-935134006 -495834493 703914298
813635184 -27232858 764243050
-322194087 594190796 -963768993
339267002 427490563 -72355810
251288185 683264136 211634207
-575782101 511154939 -486687070
552194321 109723475 622041231
258403492 -160485308 515293331
-181864088 -9899087 615298951
-969732192 442652895 -734440827
-456830211 -620032396 -727901865
-342301550 -963644339 -732753069
-558305708 -247661123 516878621
346579381 -132059339 -132180616
-848469894 -857778632 43990930
626055341 517326730 -880533665
782499525 -544511616 723819726
69865848 -995114661 828929370
212610690 346405510 913469799
-408106550 -893891553 972459146
-340793955 867444379 -861737342
-57137840 -302172575 275991718
-43872988 167906188 954540706
243782823 798502393 523101161
-177525276 -417136560 720276223
912195381 -979759884 -653279329
247798612 284785044 775855959
-977845857 -569868888 768113130
812232651 842561923 -689923754
-921715201 129592059 -107723037
-654844698 562132976 -241168852
-787150148 948606105 78836670
18536346 -618708279 -81782976
728130389 549788421 -777297541
-288389114 849044239 434774471
-49652212 -272508155 924131321
-68206012 366986089 -129427639
641144511 -661606132 -47367420
772135640 -366893081 480178819
-972006056 -134038255 -185799431
-981791224 470645950 572394998
147132782 -420951975 998061218
553421697 -632834891 -962154552
-310751640 -489917290 672589757
494993634 -487959084 858886603
659940889 913366185 329741005
650069212 -571805405 -405678708
-61228342 729155915 -416286553
571902538 997088064 -897405429
558764650 797970890 121553271
379380979 342634043 966005506
-986691785 71933509 869265571
-693949514 877492191 783048733
-863598808 139731041 870158172
-801028004 -883687742 -50798125
41669786 23637655 867045344
410834078 -125666904 643079136
254856516 -800860727 -760262084
213184995 -398372682 355888393
-408662494 -159154143 -917968443
-323815558 -211979552 738112286
-231883401 246701642 -971745293
-710936962 -545528309 -651711271
-491928251 -892078828 -582987474
-603737528 -861239106 -565721906
-491063930 -482114052 324731558
-344622167 -184007669 859555385
-662791211 -974037460 80375714
335549682 -967005074 619084997
-826950769 -200115111 473609459
176265881 296689526 -340652834
844606003 599329346 266159914
-550522341 170235031 -359946680
-789501572 -550174498 -924782891
-994484743 -945291674 290850746
-75650040 -340862153 -868817594
-919437262 -334687272 229832870
-538419189 -349928910 -277690357
-346962563 -58359560 757093727
559962622 268211748 -91420438
-132764354 -56139544 -985725355
27313684 561699356 325370102
946305183 462234296 -887929682
922343861 517121175 691088822
-385276407 817770745 630766759
-676309636 -989232385 -745866169
466132350 -155762677 462932956
237554737 737024416 482040980
-776002283 -985479722 897619563
973882614 -640950956 -926759932
-611449688 -28516877 313809971
-612259124 -441032767 -849008610
-493898746 164715954 -251133793
443662931 -863241366 72521423
-630696704 745917865 280794326
-9539304 -542441240 -854320538
-603453295 986444713 703813610
-693427250 712757828 -283957910
185747728 -44282144 -340592348
983254143 -960396639 -328561798
-973635476 137465584 808882003
927227169 209561173 844633418
-797087616 166673024 -335723872
-942625311 667460260 -454823825
176757229 -961671323 512673811
-899512961 214543593 -992412614
778914027 158300346 259260841
549377979 -858166234 -514875920
549929096 -312282745 -523160081
620356206 454093736 -672616525
445602399 -698207234 -814650214
-735112337 -934716240 -792109190
-835437559 741724190 667443590
903739808 -440945562 528298249
540994402 267991970 606175274
-302600479 -578162718 -924663222
-942512388 -667571426 564245314
659521189 839372131 -513144237
-664384187 396005368 -924125689
793036937 -115632559 267507844
-750673200 -522193915 179564066
456412822 886292164 -619592761
-339961880 -237965491 966574706
-87819599 -183618697 -197572297
-89843609 -698955033 842190079
-780365557 -886047756 987244306
-273204193 -493010052 10100819
-639279115 -651927803 -901179181
-821608337 289782402 -493869959
-944154779 492897342 -857088134
-413963871 -44060800 599211235
564901175 -679078437 -923534006
322934773 685557825 357102874
854004382 -873078791 -816600306
-928083832 -989257712 18099972
-293275197 -374834812 287256520
451294023 -382600590 -691399971
-236899434 444568793 -379551171
-435257971 287390937 453685107
-881564129 -475284716 -262870203
-504339337 -528489321 197239810
36072174 290420631 975769689
-448127439 830475009 439208410
-339830188 -858693518 179057721
284140707 -693458757 -797014602
611476378 -837795185 -625147309
-34620318 185156237 -841078193
-667704649 312654163 -412115369
323817143 135417366 -827294349
586858785 109603250 -165481724
971365348 -978901362 537976045
710461850 -391336406 -946216857
-924569518 -611040407 975247645
-644814806 -869763936 -53360622
474824795 667263586 550188002
-497679217 -110356139 -295232612
-139071619 -141606182 538530046
95663116 815928925 -983136102
-5367108 -703688213 579690326
-266794216 620720251 980619036
-517322989 137394997 -275357834
124667708 -949050318 650826643
811445150 -804027497 -369200083
-697836684 -300495671 873060991
126803946 978398612 -316512992
-872903999 153881541 -830994187
448367220 -913969394 778357684
635892620 -947571502 -334772180
460945140 418043895 -400680978
-580731751 -161629828 -874677269
-984578583 -786862125 -153130288
-956399424 251131926 449737986
50494871 71649234 -857442896
388846847 757194599 -874240902
-539173151 -906027808 628158396
-198409914 -981358975 937609983
-889146969 440339006 -102087157
-657494017 78963764 -367821601
856608707 705808270 615484432
555588310 849553763 118838317
-957082173 -142157385 -717681582
806515254 944877664 -371776771
-819861855 370444908 -911772815
-636908146 -73862104 -435162232
-958025983 263992270 -876577826
-464839137 754903026 -288893539
827301353 561720018 187866607
-246076446 -925481773 -550288238
-576912187 762225858 -802967016
807397122 -684374857 -24991406
-43729131 -467018304 -990808685
-6028376 579149672 -675037590
-453087483 -930632461 -552289295
-887055660 -929658589 202909056
-377557281 656766002 -637028948
783115153 931456188 -677759464
652051418 731092825 499435689
-430369994 -522331642 252299025
631644534 -646732348 -858738515
-890219388 23999994 -325523978
-56214400 -152244145 25361431
-143348702 550477081 -416621922
545705234 -913481770 400142423
-993871751 550007621 557878963
88628028 -874327748 517786642
811994004 740119039 -224783830
390402333 -543630074 -69161777
769031141 123032383 495537446
-935806249 -874086313 -852816921
44832958 -734930123 -959826373
-247296306 -134022049 -393043291
-384295955 543021323 -868100637
257751880 -956859243 990527083
491016283 -983128899 112438793
-926764430 -963467589 -936841005
-547859407 -64037594 389041099
-950810576 -958063143 -824493290
-693079151 560028816 723708327
-717817277 -999452965 11987709
93353384 212098482 398350799
-56179920 -112103490 -931306537
-928540840 433903479 -311757785
106497961 -759241330 787801487
486820582 -432194158 397744440
-618016917 429105286 948922802
-287811976 261964238 853850228
533974091 -140503260 -269003085
617126321 -529161767 808305663
-692392944 836004355 492956439
135823776 -323700674 360230057
969112832 -940009358 -883666842
-958935827 -263430443 962700242
660264036 -453228671 -840910813
-453029185 117178111 717034488
43446317 -205377455 705436504
-179756612 3133638 -311708450
968529956 -807212318 382103177
-720265094 -243041158 -13473144
241501945 -177122468 -754206284
-75791525 339904816 202426605
-505646271 -666680100 -419807849
-777179281 196045969 -299049888
-121527677 -997909452 -944118550
-687890048 145818775 -416802600
826239029 57961868 -666321578
785822870 28549732 837815123
-857473933 411939990 817211801
-246314764 246696872 648356403
450242151 851157221 -447314838
49055927 412843634 757835590
-778510486 -933662196 375063154
-860030985 -654469271 419808967
-777274967 -756321712 -517071373
-126523594 988263542 808301709
-813129727 -682265086 -849351643
-306551811 843925085 916284864
-485499292 603846261 456147750
-184078479 -131284788 22717998
929317236 -775088891 -181936205
-738889302 -805127292 147815009
-875468955 -362836339 859420515
-945234249 372197108 -349399748
-572449050 -607741875 542251636
19177207 -130081638 980975813
720307885 750087288 366536618
548754035 -735903981 230147608
-464030543 332916431 280434874
160817346 385629036 -208943330
-213456045 -715590321 -701303223
-410175701 268525484 173698990
644056493 -973803854 -962537718
808109427 -665493387 -664214059
603394641 619607929 87502805
-543390552 993771897 -734368630
-45836927 328047988 296840053
21672703 941705193 -460408319
606595379 -421534368 767170807
-822733004 -897153582 220583080
-658464000 370406718 772596283
-908751566 -776766963 -854204440
-33563575 -915159770 -932478669
480755167 -586166001 -752117200
256277376 -612103290 221463398
352238575 941219511 -160740983
715680943 983557859 764559409
677536333 -387423026 -640763360
-185106095 -465936575 111639839
701125742 -943246513 -934016836
-110359508 -915103543 -625310111
-891339721 403046831 307848115
224878030 -974929822 -960536416
-374611785 -886907723 -931811612
605696593 -160135896 -49010390
899335705 43530609 -475092766
214432747 864439163 217311505
227149970 -844836509 283881660
-35190682 -890051728 -958517109
-663614443 -109477441 -953032353
518014916 539038089 -125634143
-854767423 -345166592 269193191
687594087 -701971458 332341764
350009524 -763112680 -985486850
-523070216 570972879 -158013391
-405044596 677251183 749707676
847248185 -43908302 72932170
-863299921 653377220 679965779
-195922791 -566067507 -711083412
-986773169 -645284562 -972181013
345138662 -120111049 -810236839
-707467573 4249206 -937500744
58972303 -936372957 -820675692
-183745406 -348750731 48487705
-332067159 -791045934 -454861260
476889208 537214201 -853775758
233829292 592957677 -511955042
730440989 -715820152 -402362440
-990256294 -829241094 -586061718
-251156349 -12568307 741767329
-223267676 -870975589 -236988738
-934060925 525972280 200919723
-843277469 260666673 -796991264
-131086295 243881647 747561068
-9338446 -863951636 953830498
480292095 -888968673 -590843935
-349698753 470074308 -448583293
-241380381 -13311630 -218098102
-349570 948989100 882150119
-163789769 22510263 -217981937
-992346640 -226929407 -33532053
-577214983 -310038188 -25333542
-540890512 -946572785 -61866953
-856150782 807151346 -515999431
987987326 678116670 -675186186
-775303439 668625055 -807723332
-565457708 54805403 -875262222
483224680 -298764369 718840440
49488757 616558983 394729522
-509548907 -10769526 959486666
685281709 53067886 113858386
499517469 -280602676 -855116789
493717185 -963286320 987529185
434345927 231969516 422825409
956253987 610054077 882847507
135787835 117504322 -951957684
-703102884 -998286909 11972839
-511180745 977894645 -428222831
-7452922 549140101 402307035
106194730 -235805249 -714581072
64757645 464144192 -825197999
731987414 72176433 -836002236
647807970 -681179663 504389773
-685979122 -606868019 -132652500
-854753517 566300260 -763536403
428351137 21241999 -940453853
531814378 454345566 -485399428
-831795925 314676683 4487856
239676792 -232772374 -693536265
725952275 -943183607 539861586
-398611764 355666588 230826037
390301507 -673406268 619312020
601489790 -516538615 475539614
-53946075 132940179 269083856
216968931 -310820271 -851188936
851452217 715714904 59726979
-55661561 583024242 -902424262
232608158 -971260165 -978047360
-94738889 -176081339 -814968338
-371959380 -919192274 -260265690
-901392529 386499696 298740798
-366806989 711219291 201441041
-461055916 -97721731 398696257
-518836805 316579764 -84594421
-222696072 571425350 -882925677
-785644899 710107036 704271486
-918077056 -320924890 -191717180
647267697 994563307 250601353
288120839 178731459 111595784
-437708790 -974610089 261474629
-821646055 -117295913 -768825135
-257821914 684333750 897064565
-907997399 158479983 -293222505
-799371067 357569527 331892518
-455422696 603500729 313236639
389122360 -450099884 842786256
-591268576 626014676 -431626044
-620013590 -894860647 61503432
-441321380 -47723706 932506839
-19971133 -546883454 960839828
-545910016 -409546111 991091720
-734912564 -899196968 -885443158
-538325209 -182295628 -502708333
-988019497 212587897 -409143402
347841599 -480874162 983614392
-212466050 966340165 -485691131
-648843450 626091160 723432759
962148905 86192328 -739100273
185154524 -251160002 447754320
493863109 -448648568 -694958934
121984055 478094819 554617390
-203392342 -585021558 -91987869
706589907 -26996083 -272103675
-133097258 -901335176 -734985963
-131407177 389105605 277526176
-980302050 -364688864 683632344
870809427 -95276535 355205547
827410665 -93429609 210445366
-21625037 562310146 859862670
48490200 713708563 305833299
820933850 975130378 444262802
-204797824 362926816 -746746614
-977531000 -673995095 -728144861
-109872658 -782150028 12950631
882064605 409334678 -586345665
-927286 444096253 -804344118
-711481242 309007425 119425526
-676313216 762805024 -238911779
-478379787 -134749538 879239904
-611430326 -189051404 -854451073
265569050 -658464898 486286186
363646204 -293097353 -965128721
618143146 656672025 -800641622
-865140878 343808810 49963834
467878607 -690780136 98729128
-944540364 120579449 917419708
658409019 -855192780 154458704
64983057 25057082 904304767
-344587566 -401325162 -394145840
873975607 314822951 495035067
-29439895 726447507 -150748734
-114722391 474404484 -215506767
-88092553 656152543 456117616
-182052656 -890891313 -674350556
719101900 761497403 -253686885
733560986 -120581903 -134373752
12700391 -826993403 -293250049
-255240648 941668103 -646527120
521121398 -863045554 577284384
-904858372 -956101581 458687363
652568695 174953006 123486955
189979018 -263762142 654779183
129430331 874766531 790666842
-664569859 -930621009 -419170970
419941997 21747115 -632659589
535059876 886685910 877635100
-726276605 -999741209 791917304
786267598 -828633618 -870820758
639109525 -849928572 885491702
855629514 -297014568 -558767151
44199715 219383350 179195240
-960003452 -516012725 -138366151
-750954584 885384302 803194444
864275292 812923710 -18116235
-966042325 -858594186 -520774213
419077918 976219837 924077275
-517993849 919636588 96768910
-397558270 -992430289 -496400244
983631874 632626263 273386721
676747138 -989703425 809037509
-12147020 -684722059 85519776
-707603426 135625953 -980526327
-181871802 -200261154 -742936318
103044542 168796910 -758959756
657641708 47587619 -6351765
282988839 452954041 -942874462
702968800 -54971048 -856841709
-369220648 873474068 659098601
-111717398 969043300 564612675
554984200 -988393022 118704356
-859669259 -257447760 -678394642
-671709590 -415559819 139610213
-718300573 886201608 180230972
747174814 579172821 -514540232
-306139632 422116294 -237082358
908686232 -723774982 -572798116
-34333349 -484588592 -996944157
188468637 55403389 -759021888
-893262502 170769126 -984570373
-289563312 -868216177 569796287
402167383 -537318256 -509864540
-892065854 98924553 748496836
-480837787 -510004013 -598132296
243670968 537239893 890794711
-345176080 -889174037 -891893592
-214743339 390005541 -752026395
-628121697 756067924 -454148956
19931503 891313770 111492087
307537968 -812457806 630981773
193840811 -998108675 714755438
-998768702 398826921 471216275
-947399228 738393772 -50770209
560663967 433965211 -405359840
-178756067 -403667077 -17729062
574996144 -44909585 -909855852
918568242 -36078666 -26738637
-179522723 -192346321 948475273
-437421344 384910798 -637284574
-928812104 243867827 74679735
-852323903 690011938 -302294637
-960555992 19301492 966692427
251955574 -841780931 -713830815
-571867460 522507613 -57363582
-316236935 -790724827 695713085
600031762 -228078617 761780703
-111225502 -78623723 -922019742
871249456 355507680 926985667
-983566094 -848572555 791760214
900426864 -959703603 69311582
969390987 -901686603 -118514141
374952949 -836536635 -919314161
790991600 941414669 570211211
-459476293 -982048260 -900420222
-663671074 723420764 -640450886
787118824 98237181 736174434
-407248114 -909159021 -980166059
-269260965 681115602 -554410732
279253521 -311631857 -219156160
178532355 -300779068 -892978757
243549473 -642595658 -732753181
69801675 -120143647 -723517667
-320979536 -186566141 -817306885
-963793754 -649340224 -866180540
-798316196 935653243 -39640828
113621846 -381364949 -169434440
578387527 -866088891 -288946847
-889841524 -877950868 -910525408
-135432345 -995064838 -212741401
-139682325 -468709796 -576730484
-644502436 -252321715 868624151
543900985 146797118 52316706
515506750 -991225763 288973079
-951688156 -257647826 576718500
-159655300 -852097236 -200152550
964785843 157169126 351597639
172792964 564806478 324679996
-956451452 -595373621 122306652
-101722396 101429152 -181324482
29988399 -232373523 563115830
875720555 -237210502 -227575449
115331839 882754270 151525263
403315494 215696343 980250220
543287864 -767956401 -314481846
-940236927 80118756 -879995794
434585773 -407586393 -132966397
-475635533 -693363787 343554531
920049321 -920200108 682767640
410653615 925594124 -71064033
769934688 709211944 -385888724
-986393546 102987658 -692226044
-629622652 629351333 853416492
-597394953 699512204 98144565
-419589134 180238440 -45212058
-110243156 -3265568 794820203
460217159 922797642 -858710174
-822926790 25379155 -35841017
-301081076 -889561752 -556191122
-137116391 -522888473 -695692650
-277409587 -246500958 -547660558
567407099 -354849417 698963901
-685610786 -940147137 416271122
-884287368 604202446 628886156
742972083 -25192578 -93690493
-366374143 -117105108 -389785458
416823921 -812626825 -74878815
44336162 171431023 238628325
228932450 642491441 650754248
704108049 -679446346 -876200540
-691991910 -949135394 -509173155
-234313450 -509256225 116277039
-620688892 -383431263 138816543
-949933252 -461191180 -176542293
-915668057 -992058873 -356716060
-26814974 -115101744 404595638
750168692 -525392632 -984289301
572346591 396597003 944092160
-936032201 -470694439 183855437
-933372637 -252322035 663972783
-136285215 -422439564 771408838
-826479950 466865065 9958192
-711061547 -973563674 -946465359
-772532715 -138509113 725502370
-992373664 -880004897 -378138323
-564802453 739726423 -891472498
-389116511 -955069789 -508889699
-2777945 434102332 -390337545
-308556811 60137446 617353053
629245539 -62081834 506442538
-884599078 935284344 109658013
487403248 -286654993 -557472407
828573849 561499748 236676254
-869990128 -924651364 -670503943
807035866 -857578706 -405561225
-8688419 81265641 -962783567
-492569054 -805140503 475241629
-6103632 -775136663 485489420
403386471 972519787 -550675866
565072666 726065015 487187405
-67860030 160447016 -664830157
-860815167 178856038 -809714969
379628451 557402323 -983092031
-844716632 709492957 -950057993
261384142 -484254509 741904920
-528444428 -411673314 636412098
848732093 -140599137 -944566720
-360094742 -675170500 -45770937
471269050 -68887023 -181982716
630378177 378377168 465798687
-921901923 -359820714 -859973901
-857959183 -263035146 -355556065
308384467 921125761 -48142281
-103526603 318572093 481818272
-303749110 -57140601 752830766
-39716345 -42973419 -717862941
-619337335 -939948022 416569344
529470248 -568196767 -642078317
105039005 803655785 -824359066
-321452376 -901000286 -936709285
-250437281 12541873 -975064897
-565651426 4317600 -355120411
-217511425 -931376455 615596179
176238491 154389237 179140491
-358917615 190443545 930280042
-185068321 178736601 -967849536
995875717 -80055606 245545983
579467414 -797548171 -870693911
860533948 -928532258 -228219523
508774294 -682996634 -298314715
-826218690 -672341915 883187352
84511275 634914809 193413310
-483200756 -773019969 978885344
-202371259 -996607939 728872442
-395682118 599346609 258617201
-467009166 -954710794 -95082057
-640048118 -943528022 547244800
-872790941 -12410200 159150971
-594560076 -588925274 -284580338
193500114 328238305 -757647143
-555917364 688707693 364939387
-931161646 402395152 -474513023
-332620282 -646291342 519265235
-161673890 -649466222 988192297
454774492 -816019028 -531733642
495679577 136372847 918575093
624252088 -688925574 -855653671
-301169783 -848461394 -949936773
-626552099 890604580 501948833
-359719979 501986885 816228433
-649126990 -684034772 -7191803
-269949806 57611813 205202385
-981710550 -236869058 -761130091
406184221 670495633 4962083
-424707972 881054238 645529623
-109855871 790607029 -649572076
-410830274 -360768512 755601202
-742221461 288351404 -577151355
-872093817 -995987620 858295127
984736273 45344219 -638083343
773124206 -966550590 318653735
399509549 -465564273 -354019844
-887998992 55310172 135182067
-331855338 551043675 -644272134
-813725872 -721297326 904488165
-355618604 -608881829 -883879124
274404142 -417454925 -944929305
244572159 -620702814 372814068
590709102 235989792 795495871
3168392 -336348388 -91427228
-907847679 -173481590 -833807423
992545675 -762803116 144046767
-370849 820397808 202677572
54528152 -516481988 -407488410
858632922 -766443561 417416316
-922259788 -592096850 342030714
486817533 763420577 959932041
-896579836 352904309 -983024048
801435480 369802972 203442157
-55532107 371827512 665593195
-891140776 -664723801 456440220
76720709 -243465316 128052547
268236799 916944881 794852807
339487050 -340470462 -643943803
69532589 -191280047 111550849
-199059830 -413910608 -948459086
-686651615 267721747 -969904562
342797658 400196846 248184867
244036721 -486213613 358877432
867735516 -428883307 -780236722
260165840 -979770599 -510151938
-327043621 22833523 558451911
-634470147 270069293 -174684007
254551935 -866198984 -433995559
-307931175 -442171833 -338739021
-16440793 -538958021 -632403247
-739951627 -38665484 -27929558
-981519948 -367870381 -399774391
384531696 163356778 337091639
213900419 429328733 -466522409
-335307979 453142536 -369957483
-477812464 826710090 -399109933
-891792620 -516518082 119613707
108938196 -891426630 295053866
343949386 -726367566 -204578394
-896596837 -191452912 28001032
-280740557 -805870218 -21903469
-553163115 446743460 515135899
-386016661 -385245161 -101119109
-539577259 -974131158 252229950
963888872 962430411 115170176
624087972 -254141259 -168984506
402939299 -476264790 162001244
-116059886 101255817 -961222437
-293222747 135564005 -201135566
-368018353 -974543955 -13777327
-969516418 868295918 -363261507
-900561573 -898253581 243108854
735661324 -706854502 -301655587
-926745811 -91645940 209462720
7247659 398524845 68851732
-894726628 -540455720 129669090
-962273938 -589081104 -499343138
495478273 808326568 567145052
-895074142 157715327 -649229460
-405027698 -174421408 524310755
761014698 75470414 764002348
904840396 839038052 303745867
577629504 330336935 -70525010
518097108 372139661 -855979347
268758277 -825154086 -966499245
-33903489 -201944932 639305771
655155305 -873791099 899622346
324047982 7857934 -776904739
329382390 -899048930 -495533866
274086534 -58590674 323674793
949901087 -514672339 -336104370
-891356470 389362503 -121839647
253716178 -494669386 309610627
-852129773 702288149 -408668134
-579890035 868642637 161439908
377405135 -151244908 308429146
535852852 -685786352 -491929704
204566208 -995740071 -973717085
-193115051 -463784851 -620227023
-880117861 31915633 -878298411
-851303800 -781889414 931476045
660203893 -947940369 946065867
-492665798 385064769 -344622911
-421455385 -92320279 337380028
-360292920 810805689 845032729
-666813195 -909232253 986785597
642386262 -172396728 -931772773
-56242081 912850585 -883870788
371846280 695359044 377116958
-315223983 980544361 805207962
610711881 -436147069 319786285
274770388 -79790812 193395437
813607942 914722575 -594661184
498147800 290742298 259652386
-767979365 -750766857 -392578266
96290571 -875929089 -944870238
-731820040 -961901490 -83017795
-195394700 -345356607 529365381
738866830 -483003180 -259039472
-16759298 -319647807 -689432954
-323064263 877468721 957135811
-963933302 -848113478 -746207406
492032818 297493645 906302317
827731764 57343316 280517554
-524166101 -55839344 396893710
-141554300 364762794 75971782
-100175954 707162403 -411410370
-679175381 -113392764 350677003
245326130 70755777 778498929
-193959659 -578815236 -864645413
564781169 833910506 556602876
-960123923 -338362053 799653772
-289092266 -426057278 -749122512
-926523759 -872728525 -339369317
-879124308 -670596602 684329509
-623643432 -215523221 824633301
-997235768 -670646344 237013759
605641877 354449923 864344223
664547117 418230103 903039608
-808328959 -501193881 984324877
-754874527 -944594298 -226362683
-462346681 -882908881 688242987
-703369552 -342916825 -398419174
-918359456 -563365914 -53181676
-661321639 278540776 297871814
900700499 -933854436 732074416
-357549276 -993427553 -893253383
-896385006 -459937546 321741404
515869979 706787060 -917270339
-477170760 324429946 -654851478
67706520 -21824206 37112833
-237181251 -55734032 613818477
822552120 -95273005 350994689
609382664 -266822734 -44402042
-60721706 -814628379 -186247797
286583025 638028219 -608756166
278022888 -977892714 318282186
796996790 -591393624 -140055511
637527936 413630612 815222363
257297544 -633164772 707192179
228904652 577527270 76462862
-591981400 35991275 -896028742
-795523829 -994496525 149980015
534076255 -423771778 -620028411
493453576 -301777520 474199370
752590691 330191655 933590349
-923567656 -955075358 105781203
-923788922 -374904430 -526821372
-986285196 -776088236 -929917173
-973193762 -403764332 -541342645
-156690362 908576118 -310200086
-905236760 -945817808 -651635234
-241078072 -254922159 949761166
-695109913 84839007 -35556604
-24484297 -622841999 287948777
687487674 -322051963 498093952
980597586 -936914558 -784523763
305651575 881871774 -338876193
179445159 -325284749 994143175
-513395014 4757715 -454850629
-212813568 768368734 -736994916
-195979690 -218298809 329208317
-508037879 960815260 -868157899
636288925 -518879794 -370790010
94449459 -777639296 -891023118
-38401011 -145823169 -928151551
339676543 -930761052 -223053021
208280221 -637106430 610305441
-321807114 -856345906 -795332235
994192850 174139773 -993672775
-898613742 902545439 662315049
277093901 -71210685 651519156
498778040 -8948060 4191150
-433607958 -586867878 -174830577
670732205 964321965 -931100585
-442010535 765025806 39581716
665386901 -863843825 -702382161
-449577702 -541227546 -988460439
-948283866 -260052509 -520872630
-216194183 99953002 524432917
-445069634 23110484 103836556
231610842 -348643153 -961088364
850460181 710869283 855513375
-320988099 -938269267 -329794752
319306084 -362487479 -375450254
-584385502 -440063658 909123437
834967832 -942892023 -257592579
31669941 5176760 -237729994
255677065 -856352634 -896433077
-902916978 220648135 -765515695
242507499 -897168164 860294037
-72592740 431141941 -213451254
581584563 -977479305 -919971975
-352708628 -874868577 34644570
-23588651 697018146 -619814169
-705112976 974253958 704280537
-21194865 964007228 605424402
-859648665 395374873 -970237023
820967794 596529926 -146090653
898940119 992712604 241577904
-161443948 206200116 634919306
570194670 -927130502 -55208651
497895716 -879962793 -368735201
-654062597 -281754759 -10394924
273099171 441123832 -887509886
911457129 115988427 -59994166
759062724 680511502 444473761
-13541999 -107350819 911876245
-40482906 -485967895 -362577335
-894005928 -238362645 -679670833
-646919891 -8687822 887252164
-589619036 553523008 -946648942
-676180072 -240818029 -980466808
531611010 -175364322 -601366957
-690178181 89362592 -898165583
-490401500 -104058965 878312016
223994701 938281216 -796256720
-374349453 -6652194 -753054986
163908924 946893363 305862878
946087603 -18501046 286467358
777488204 -973207559 -827653946
-360057031 -857877965 348552299
-36149532 -833898753 -876925099
208691413 -976281872 922635903
-12979744 987459430 -184093473
-368442480 270936431 -485075657
145541027 445153237 -207016041
-73812772 526484599 -888448806
-946969078 161149563 -228455387
563039778 209579297 -940374276
-380046176 -974613931 195823675
420416944 164198547 957506361
-667765044 -665731888 -426418375
-507785910 -894162796 933038222
-480465418 279489863 975835779
-966458558 -606975468 -635958568
-960353582 314579715 -160708620
-936538804 992081211 -491896021
998624293 -222566247 -231976979
762859777 125642508 -591565972
-187389212 721028998 235274663
187171525 856276085 -933659474
585771142 265320359 -743027723
936668553 242371059 -904450738
-706546772 -89937210 -341744398
32038228 60747070 246560862
-493885438 -364536605 879267575
-11559596 -918538284 -715976710
245703103 -510696396 -967785833
23711200 566758752 -701762125
202989169 787635489 395611336
-39812215 998818000 552312917
-337182523 -698205942 -501169547
-284590710 581264347 653246437
964625004 -394937301 -716694957
-977661660 568944592 -539839254
1688676 722871716 -938711264
541769684 32250144 652583159
-983145308 -431336457 -318928175
228083565 215241414 -178001485
-950500426 -441895342 -284838671
-1217334 123668053 -764470728
358439501 458567130 -585448844
-413288482 512850565 -41778299
-862806098 49240937 -122503205
666994380 451056402 -745526792
99323540 732855088 -982198631
-766593864 633064027 273756553
718914345 872645531 -367109371
706811715 -876354229 -420569113
-468358524 598325373 -528900663
-194407686 673852793 790365845
717730613 -242393211 105581420
-536070103 -983541714 407871473
-940066757 -88153951 -489729903
734315740 463939764 938449082
-909851216 407030539 337355274
883043772 -525445490 209102852
956037338 912414136 804801157
-412973638 805964947 47358703
844793879 271164867 875862888
866911332 478710427 616168498
219152781 -138596314 321053358
778199410 -398445496 -945843760
-842760033 -88181090 -857980193
377094267 -258863469 -430588166
-483438458 826759024 -460878830
153396240 91284981 -884235238
521441912 -955622424 -270695905
-272369656 125593035 74473032
666653372 411276304 412768828
941363549 -919238660 -431133112
-218955919 -163370080 -835328248
213262852 722154211 551717510
193993835 -887104856 103257328
950448229 887818070 -185911549
448615468 910215578 96078314
230514766 -941880897 -789868135
468816672 773194219 -931810097
-15001660 372382326 -995257865
-426209045 463547206 -105084404
-599205216 937836759 -897899081
559503337 -902807778 -414621816
-987049176 -808324042 778095893
993187710 606134536 -700372672
702956554 163222547 -918866608
-377730800 155543736 -411392561
282314646 261534231 920475422
-20398478 901006108 -527394467
-700600033 -296052412 575309396
326056133 -809591216 -566433677
75407256 652121503 -82110477
-43651406 -573591048 -92267620
836373064 660476403 -642764892
-746491576 893305492 190535745
929350428 -292138930 -704836363
-633138518 558812302 -10984174
168668826 251659664 -510067269
811761108 253414973 -662067489
-883666171 898621098 620439962
525651860 -467786909 862201773
-11962239 -386870475 -798264500
-759559342 191531556 -862583555
292218629 532771837 -918442003
438471780 599999860 130378422
684191670 653074645 433208526
-893645420 -737557092 -965191654
416695754 -787359345 966275735
546738569 -576108090 698601286
347041554 -692908467 -976670386
405353839 -877115185 98161869
816223727 245628840 387427301
-370885552 884172937 250847092
-968626228 409328352 -638816069
-884216118 932938935 256355337
-124321932 -605055634 -914178189
462037955 -279534105 -572424952
276835262 -959436389 -591901953
153026214 -388650080 -378083880
326598941 772984306 -628959279
-75957369 -279602310 543956939
-686318168 -326770779 721599227
152103116 -990831036 -341652269
728753284 -647827512 -475281247
812447352 -212971630 -652009588
255216885 -210162652 -631659551
-520706355 461321173 465718514
84276864 -880141834 813682546
175703748 -416791720 332664290
-337317201 -267361178 -729906538
-386168049 -923191818 -543117330
-618067291 -188206072 331071187
474409323 879696458 -285348776
-463856646 -775407953 -886420372
-479179040 -893555630 -356574575
661962927 946157443 74599439
149853519 363038040 -88091281
666374393 -965198985 987552313
-961767293 -120588334 -692820205
488041201 644332860 186364553
-829244586 -587877542 -163218838
100325829 -432071441 -860997731
528646752 927625322 466095620
478100142 -398113824 219612893
-941996635 -632202541 676084631
549773448 211279659 664901458
-291112990 -49000594 45823805
-684097904 -678993195 444654942
831278721 -369330196 -771554115
707038065 35803575 234213987
573550201 -719944574 900631802
981963986 -564719401 294039079
-658363289 -102077349 -986139989
-286314075 89338908 129243811
4655063 990657626 -503591768
582870006 -931307407 452219598
736988319 112045663 -137798129
-778213489 -872871825 -503493727
55567667 -392001957 -164916505
-676830494 510701373 -445108794
-614865482 -375929887 247386300
-970571742 -482073403 -1665400
-717298001 283831927 697489458
-592190856 366707833 336393957
-717259887 -677307395 -99285649
-478933124 348241236 -477976314
-913170784 800715436 -421687040
67511272 907408594 -30994274
-128707136 -62539302 -399846642
-869099648 -872630726 215799
690817974 582234225 3065334
649409792 880012918 -357952215
255418005 851878589 -604408134
264674436 93309630 -622807588
-434400207 -875362197 -388882063
-78814911 -998809449 547096317
876803932 -614239866 -273461474
555405369 -157678003 -257546196
-41543113 -597241115 502033735
968336349 -904089106 855746490
963265978 622455745 -874791045
635646160 -955793127 -890261467
-787982513 -870628603 -912239719
-83191457 933431562 -887130196
895557214 292508105 -661484437
199146330 -808704778 107919125
-710644276 425638778 -566659752
909987265 -169881965 567577442
622515510 749027653 -998991272
971415032 -18316744 960628953
-953411931 869395151 16480565
-580851865 -674258015 -192408103
898264330 98242891 767905206
478421012 -788352883 278837127
-174974340 -951867461 721219432
5667873 732585840 -946733775
296423662 -395894001 796868847
-861051083 -557291076 542507307
495967649 593609109 442802617
-185061788 864773580 -738769245
-436517150 859552048 491848568
-693180427 -823345462 844216888
-993638635 -3036214 -256140494
722791963 235852421 234482859
39227814 617420070 -457515679
-886104587 453551969 484310226
-41456956 -307227868 -897185319
-998386583 -986818588 561358945
-162804217 897961506 504575111
451141664 919376349 -207865313
-140344785 626482575 -913856213
-139165705 78241537 716649158
840208739 417231869 -650492731
736495185 -434428222 -598711176
133866120 -838216918 -186748416
108133935 20570448 -847668604
596892387 858144852 422747239
-30577488 745413170 770483796
446117416 -1827109 889432801
-318722969 302596755 -679593581
-360565689 -185325584 573780816
110976212 475465985 -971257086
-996948870 472490485 -685744330
-858100386 -595520571 -915491542
491816004 -602010585 93438694
74459998 419868867 -746554560
-175620556 -398693355 -643623404
122394296 -985519827 -802093347
786085592 -229815065 267059493
-884561718 268331314 -863570118
-35214707 -989299220 -856886544
-433705063 -960286596 128474685
-432859544 336357480 708164479
-990958536 946087551 30891639
-921754618 -986648695 -87232838
-475154857 498902551 -943546702
-2074537 -7549920 -891260305
101262314 806767069 -899656846
-15586264 -107176020 -669556322
-135385427 710464284 -625686881
-925177461 -820836971 -799845272
499692598 -687918023 -488480313
149866673 -692752713 -278745530
9715809 -518592999 -697232654
218798309 -103603468 523348862
-807208438 -331155289 -406062703
750484202 674664082 -921485071
-333223693 -707523583 -957925565
-174421605 84809692 622979240
-728404349 -884096070 -790048535
5676289 -905213449 87036137
-321793284 -479537040 -26365781
502200140 -302537307 915393696
-136192564 -956422808 603409114
238346841 -941359651 -595200963
-840485424 392677705 61669697
-875178645 379848244 -671216825
-223578556 -484556268 452620701
-914423336 -518699710 -415249397
577731138 -232771036 -427942459
-398880510 974133122 -822644013
237237744 403360032 -564534926
619622805 243946168 780910223
-870261411 610943878 -888874407
-923163461 89241185 61638797
-121804749 -265280512 -27758396
-507335267 -399115328 -763530659
-383402177 -868890390 520956076
-146418169 -321713524 59120965
606552349 462865831 352756862
-84098484 529557552 -174244273
4774513 -919154087 -484417986
468023392 -449072341 -98770069
-910209224 54448036 400145940
204813783 -406790588 -768227535
-37274771 100995013 851308929
789213254 -907797050 -934193697
212036410 -19924831 899111841
-375233506 -545549393 -913380941
-579150124 -152244553 -649418373
902255800 804905371 180368388
-425205802 330564977 174117831
-517769387 332842751 -110609958
-608113413 -611132654 -804615887
-937327447 -400003131 277322865
-587161605 -933400763 558923737
-907178766 -529984868 323264508
825500566 -798851573 -184288228
-438809892 -266386384 676066998
467967428 497087905 226691570
132279803 575364463 -204807473
152888894 371324693 -368045338
-615947863 558780222 -6193044
-579609772 -739978667 -396078754
-209159622 977004925 519628278
-682343533 -634509722 677941187
332560378 -269975869 658245197
610358208 -341779124 554579719
-493275828 572597497 -236902545
153757634 -352787115 -725659630
432292617 -473257258 358744423
-836841399 373937671 -745072807
-477985955 -264180447 321452148
-578008018 244995934 -975676992
-886793818 -759082147 88953737
-160756683 -716949452 926444307
222555071 993869876 50028670
-485533924 -587351604 -228207396
-253731886 -707583568 -785382194
-522755231 -728565684 -9577086
443778859 -815758532 -972445884
-429478554 -683962526 59736478
-759954307 -117705811 631701794
-922269793 -890036489 -9291315
353545328 216520067 -809340407
-889586652 -277004032 -356470095
791631935 -419725575 -903512534
87725854 -335609379 -728908387
-645235883 92581589 -868280514
-316019694 -883406194 450174992
120378146 -725495803 -299461702
913676893 646023930 -998582814
-814191713 -456183953 407224468
-341059364 -121428006 -473498996
-272840728 647914026 -78263554
369800673 441590767 495518014
37186968 -658031655 -546111525
-649222207 733722052 43969879
56969021 -44138795 723308604
-629096339 -166318164 -945099941
149717490 -866608745 -279464592
-368423802 -611765460 -622411043
540068877 377253688 -524106691
-620320183 326681704 -614902044
-253687682 -825505051 -257337065
367533709 -127392400 -245856540
-113883923 45824653 -86571707
294176636 -765201749 -462343412
-178105969 -953022015 -688115579
-60525300 -639422358 984823511
490454204 275292158 -74833675
-543896335 -38370267 -235244202
941927767 -853000899 808471522
817796187 -368301793 -249791452
-967537616 -872812524 -206806872
-866382916 -134734189 904829322
-933202404 -524404373 -909885919
382902352 -487093944 -682696471
756389109 -20185287 -212058348
-977264768 170455689 222784167
937475157 -786204468 -392098865
632485166 -323373454 -900524723
259179526 -631682892 153483957
32510883 818946329 881296712
-429912264 968452409 -928688613
-624579525 -507095080 693588234
-376251663 -992497435 -886249411
10504386 615474156 215859208
-961801149 -261448158 828218585
890771234 492202971 -615260612
-272749006 -230227405 108633851
127464083 -863085105 -995086688
-404561394 785827952 373601301
-235429933 -3924177 -828383993
274788470 216050269 871366580
150718041 -954175867 451147562
305294542 -792240967 595287862
-249322863 528074082 815578050
993458670 -148906259 -764675084
-498937692 573093873 -919215797
-882797698 -706361059 -257231660
535360165 -243608537 446599716
969366405 -779791938 -333894851
-664730029 266197758 858399576
-928370482 -146552562 101052344
913679098 -653977397 344466166
301534246 916382419 235651358
-529467773 -204312121 -993100472
-250308505 -121470775 605832365
-793089952 -51635465 -867050216
-617069111 901862164 -669695361
-311394546 -494917642 434481667
668224077 17956582 -132711353
989804359 -235312608 -813516705
-995489079 -274226791 172850918
457892232 -844094849 -266513176
-204483695 252447530 -342021032
22365779 -223241705 -224707092
-541522258 27114734 -101870266
-395152492 -70841844 -236116497
-133495389 977952511 812425172
-924449619 740294740 -636116796
-42799282 91868964 -542413530
-95618807 841693680 -48331607
767446497 -794076410 -310393999
-126774322 193965178 -534468095
531197848 -596555787 -479885472
-967468979 127670901 571841187
760450930 259109073 -399004525
985497683 648852616 -886760405
-903839460 -851031727 418901571
-373837471 -414393762 -9138804
-398956737 360913584 664461780
843405782 -940597562 -900994931
340082323 -286730689 -584288551
705245185 -948941881 987125737
-865678494 632222901 -750229633
-208355323 -372122278 -931894793
822257439 971302884 784223524
925752317 488142649 284591942
982403809 -890059988 721483772
74630575 451832202 87159855
-343241525 97539977 120405438
-431982506 522752426 -990946185
-571972490 -969654566 -431706800
46586484 -484573897 467689989
674337450 -78389708 -982531675
-53926248 -632892961 -621222807
692077152 978190883 648115348
901452479 292168097 -753013022
696645392 -843050520 -157364537
-80258610 424776992 232540392
-918511851 245185892 -442981275
-911122353 -39404107 869131743
