2000
-857694017 -265709069 379836982
-92044153 390359225 -958176485
882418639 -630539775 510887987
-862014059 462730210 -36462020
-337893884 -982880128 -883044266
-603636045 -554944356 -968647085
428098639 -410287299 317675103
-21338075 151904505 65745626
-846662323 325529657 795983278
-668115820 -694918156 -876484055
-908295431 -728383113 -3142755
-844970851 286100915 136118440
-825054198 30423398 -856659340
924128900 -748216371 620162801
189662973 -408561560 -953990469
-792080589 248302473 -872249191
-604913397 225221767 400676817
-977103800 68570573 57065368
-609426470 -317467658 48354749
-854447769 -654111260 689896506
534030975 -457124527 -770032654
-522917440 336132926 -872735048
-568731884 -505014248 758720268
135040577 754244739 981271510
-173194172 -659186364 -172894714
-905286385 290339449 700838551
501188395 381872996 25885493
665505190 -757758780 862815667
-432350972 -134748415 -461030688
432760284 825063300 -963681848
188891536 -487162097 -708649654
728746692 -953175335 -19880529
-782773503 -252641709 814382375
-803498225 -48204303 -64882964
161300714 -276792453 129090905
511714818 -939359839 -977920290
-225503299 201609041 -517354024
856544665 474190247 528008750
879924286 390291445 580128596
-813329560 449096594 -459120392
-894820516 -44251779 -867988853
-660889083 -224915979 -230930591
880860508 929009428 906046046
249515860 -302784091 -917945717
-902872252 348859746 523083425
-445434625 999149148 425051761
462379388 167963432 -812659299
858212299 -739553049 697309635
962433920 -935198442 -485959179
530218946 302934467 -790703925
237204981 585205039 -759408017
21364894 -637954449 -74775219
-105138628 -236638138 205270244
420302197 -508807095 -651748274
53042669 546283632 191030996
880215792 926797935 -753493000
-167754375 -960206946 293346521
665571614 173999933 396234902
28023896 -768848338 49224672
333923631 -672201167 -980515086
-292412188 157185848 -192036797
278801894 217444226 -942561017
48140206 637747139 797255041
84169526 -791104779 -361257765
-518012394 -524031073 999874790
-942184821 -984132125 246220519
-189929034 -702808219 233406305
-865529714 4624067 -176400415
179701002 -270704721 -329847650
-61962022 -605227891 -262720637
958996490 -834909996 -608568498
-916633762 -982088426 -683527147
625032950 553083700 850261755
-314682245 -894014376 981790122
-946283192 -632818312 -227526793
-877196939 -995812035 738604278
634198526 -207420179 896641398
740764659 665261664 -955677642
-121475496 -932753482 441291602
183613158 -956883083 395921384
646605087 646313364 -800081377
-667120370 -527922339 -683432042
387682667 340368692 302665496
37599014 636500531 -718645499
125127182 881639 -145032550
-663718366 818283422 -746580606
-92011982 142199661 309188418
219240603 361184174 -796994557
908800296 939354886 -894503851
-924486634 -388129129 -943800173
-431502713 -827802955 595229833
774054358 -486601119 947103231
-903718828 -211021393 -568945706
-951795575 608383419 630152862
458489804 -883171794 -787161928
-855179778 155185314 135034213
-79741025 118932904 -770937375
-37466348 -444425857 -883339475
-610990543 -88940573 -255694557
-146179614 348615844 502623579
251968836 -185014863 21653290
-432167534 743747347 -31404230
408403538 -570083706 -918564666
-495941497 -13325912 -483229246
-288462401 -451255671 854172038
-329653249 -934665436 -163520316
488473650 -724017730 429169633
-617440774 778067500 488985784
893299042 782612695 31270985
-414804681 963128372 489299701
-592350306 -440157582 -956463492
-17037948 -904894216 587516551
-958373909 818742050 396805686
-546683586 -642132447 -908043465
-411892688 -870526337 133381446
-825001713 159259298 644938624
-700250231 598324454 327912566
715490936 748637933 577411582
-694819755 378187715 -317772341
-122239550 -239903707 -969258693
-663330604 1839030 293608501
103488401 -145174818 289673779
919132539 481719898 279250008
590538397 95617081 415211323
-770503770 -501628575 174724470
868101452 -359197332 -281994855
743835734 -875387450 405940443
164549353 -637612223 -425347380
-926308641 -264888298 791948170
-303081419 -2955839 -890642968
-232012459 -645991825 624723114
781754535 -994819994 92301580
-954682444 726750323 -461072621
-274432441 615834823 -872335174
15855687 579160394 -878704170
774346352 908744238 -400162161
-384654647 -752984414 -365121853
-308453832 256276430 950622470
273248366 -252676084 205784199
815881729 -657034280 -931998182
803455011 -999679030 573515459
803332375 -214904132 -231023787
237770931 668360577 -301619203
263896038 -261154810 -874020371
97749739 -550132104 755764495
364794054 567113440 155362629
-128091867 -910633086 -924780942
-334356750 -147766791 -861633699
-618332943 -970554555 136377174
649765840 237632126 662727772
257429460 -367303586 207332757
-143174983 -251997745 798059641
-983904887 912439292 757659578
142870713 -878959094 43387757
-802239093 304225006 -333083897
-610126317 729529837 420902824
-29079354 -392123182 -839753904
-632780280 -90673831 61962449
-957919790 -164452809 -607877191
-140786778 -179450154 -547357573
-105997344 -616853600 -917405257
-958256805 626174611 896418692
635894232 -402403394 -133404441
247314733 -816202043 -301084798
60479855 -229819882 -989492071
-561551938 -460143852 176397554
-703173400 522302617 -120326016
675676372 166875266 -132697696
199798082 797111911 178357347
-900438709 91511300 533320906
974556932 377577918 -123574905
-930628059 781017211 919858193
-124087316 56726133 401907987
-984300838 431985902 -778693715
-540543224 946481144 968405907
-515152632 813965165 988746535
967943440 430054109 -28163270
-632239097 -487778945 440535704
839421498 734503976 -875548035
-600945397 657473994 -3568415
-640450447 -880072177 566101801
610811549 736947930 -790320914
460291853 84421692 -155933918
737046297 -624545043 -770563812
893073924 -998654867 292171346
-191530204 46029633 846992795
-342403465 -371423338 262814324
-880983586 -11973794 287186498
-590069431 495701766 -485652
-456353673 243643105 -937576448
-133858002 -103905465 655175489
164413487 -256381326 -733443344
818021859 983198253 99285270
-344568854 8890783 652246930
178265518 888710113 -650455298
797360717 -728889302 -384830206
439204131 486083001 -650759102
6813217 695616736 383789905
532182112 87116073 -118263452
-284556248 -868629038 -2310145
889226386 -959983753 -262924783
772462140 415198680 -461273788
928158190 304054121 812228213
378319526 -898115674 491638584
-599263886 -701342517 -875857487
-390166651 -860674961 -555691034
-264536979 335296048 70207985
983929828 215945293 -60331664
-570216038 -16607022 -36757157
527160210 -554550114 440714520
218256087 -710348534 -945091234
-570953826 -517736019 -372423613
-182715390 -846651860 -328396626
679066867 693790282 251970767
372980555 673112706 -360787379
-785094750 -619377791 -406970002
113269219 -457485123 -890653441
455092721 -985303796 -23216469
904813703 -946051223 -917770552
297463389 -367945063 435860393
-526787810 725120102 769763637
31375725 -718751797 355640764
-145535270 -944868959 -427465752
-23416668 824823382 391561767
106354802 771520802 -276933299
-320664404 -163836589 -974220996
-562932546 396338532 -539837326
-848013671 -740644860 -225098389
986720584 955028454 -963262426
152410087 520947195 50912001
-974710352 838144517 -975658263
218312282 -100737422 -932930225
768657606 -670745505 -498807060
-705654661 150507924 536051377
-935371431 -749488907 -333605226
-275257446 478467169 -413105841
-161877994 534042905 223563841
180896328 -706990710 739192419
-966129709 -409003044 -207633418
-950048427 -768621622 -810969144
101546239 -242948872 -764069738
-308677737 303906001 889215258
671885607 876229962 -72685662
716618924 -414556598 286082172
-708986079 14684999 550170760
-939862787 -69451290 279341211
-881727361 451814678 -372319544
919144701 -106435947 752243832
-853030999 -928061562 752526877
612289134 406950852 558391446
-55166930 464546486 14261590
8385945 -659698751 280103574
748015222 692508045 848785664
442840956 907656258 525341944
750818891 504341693 -148705379
-387506857 316057340 -327980498
342339759 563767861 -807201638
795592465 562199408 109559186
181923323 342423295 -898909849
450667497 -344285617 -920946408
511210228 12836327 450513961
-272423368 -281738387 -679538456
617091675 -681724342 249342804
-985328569 -462452222 -410876425
536583912 766817302 -345618458
73714177 -79854559 399777581
-512876297 -682416656 -725051710
-939418848 -381941526 470810579
-330362398 294906677 116150435
671052766 -918999020 -951792679
523850674 -46256213 675504709
-910464215 858674115 285776855
151181532 -98633001 -938604246
674112751 -450480874 -2921066
-871940065 -652171512 534096436
191330509 -728024118 -914981809
-843046534 -996711515 927398354
-881537710 -239604457 420797885
-463243650 37533562 169854696
223833915 -57003738 -44257557
-463790297 416810493 12656648
108741433 -395052620 -422896546
306714715 880088191 440093016
-716885642 71696197 995757141
-507078965 -821871841 -865226206
411933154 -761043271 -482836332
956263517 343014808 -335473259
-65031959 788174967 -61317558
-403758328 993216693 922966180
-334078471 -945043514 362151156
-124285545 88864375 -470544053
545669557 -909434529 589683570
-656182112 369432915 -847194816
63812617 -968301991 -347695671
429148390 646025575 786014653
-85866349 -507646606 769195157
892513208 749201593 -929900496
328442414 -910570557 -408842755
-38483408 -835680 -523637835
784343098 655808987 251942006
260892146 -950114527 504865808
895848163 -989674912 28591882
261458475 -861943143 928114059
-888223414 -963178922 -905278238
371432668 -256043772 -19482185
-539343410 -944019387 171168587
-249859289 -646912912 43915578
-815412607 215455594 -993709499
721035392 -737492211 -560498998
-954429695 824382582 -747584934
-256280538 983114851 418105423
33251962 -857166147 169594283
-682362911 2603730 -928833953
114022271 -78033207 -934559086
-578620296 -163078027 939207010
235986992 212925555 615249355
837535887 -286189840 -942708480
121417077 -948973864 -278608079
-342205580 875574510 -245687273
457010760 -913115527 135604266
-646300353 -848326976 -122452971
533213997 825882603 355192871
-57386137 -840863747 659326101
859499772 687972117 70758684
-802581218 34222760 -968216935
-266244429 -978398951 -759805758
-559564103 -919011073 -844641153
386179010 -927001374 819150742
227231449 275516215 847382139
-532105975 661621246 126785173
97846047 421285495 -493862515
-574224357 888824839 142291718
747480615 -642542289 181722410
893534796 970120236 -716359401
-369520153 -526206598 -85583961
-233621229 643097374 302366062
-66610243 611852450 743095527
-246457858 -991360150 861257368
-914565325 -859162831 714530562
-51500788 -475241763 -905358629
-167363157 433980909 57617423
-453531550 689149604 375229251
-903846774 475364874 -415748146
-570301623 232652579 385350991
-535457257 500543409 -117408660
-885489800 645061883 103982639
70525929 -672697724 762933153
798587867 -911539611 -258380907
-945545348 -976195834 -203000809
-603182225 -165705142 -718969222
-962920367 693079082 96030435
-357589284 787538029 555797859
97056381 -828421827 398771100
641323209 -906653517 -291237346
21857657 -858858090 163504580
190393174 -400393024 -967492176
-930143036 685345790 -871391867
251829441 -301252098 -680956724
-991164217 -571603703 658531386
-544502200 -329801559 -293746077
236930794 562884974 38974577
-282404996 -101643789 -691598787
-861219258 922433475 897308770
-947822594 59372335 801278669
-906801903 -280394990 478330381
-984954096 -184911895 -303011552
-248197699 755826869 -923652085
-661798940 877079102 -874309960
574655510 -394277035 753969215
774922075 -957305257 -707025638
-569292225 -877703967 -840797256
-874637935 417461529 -334581469
-491517091 642389217 750650461
-21536323 -298812959 -988338078
967142755 93531307 493115283
-891982045 -978456573 -684002067
358246662 349977428 400109716
-894365799 -793260951 -249492811
-298863641 310864244 26186880
-277945757 632569708 473991740
258672175 -593308428 884655839
958227650 -878067332 61246598
813205869 270321569 20499946
70520750 -901400011 734202673
782964083 -497549671 297958992
-374505776 -847157461 -805439805
-218315806 -979494960 -954862212
120303998 711578755 507006954
-888562569 -602137229 -396479274
712231314 726036658 -496465361
-278322634 752721432 -637924066
-151513756 143709105 101361890
-16369321 990796757 -282969137
-994643512 -988966240 -77525981
-419379808 872678776 -217611327
958143848 -941429742 -175776095
-234003915 -123015290 282852176
-393823033 -484231714 48796116
-997060540 511803872 779992999
768756351 327068063 417873801
853847105 -531151515 -891008108
-531047943 642799730 -452834441
-24209851 508120698 919429235
145262493 -422300857 -283440327
985661433 340387837 446300873
222211638 21610884 134887666
731115189 -623289553 -512907485
699914553 694090907 181445668
529030096 -621581159 -936719094
-902802538 -580048924 171010922
-122889927 -832692142 -308550609
693410607 687515110 -482657128
-52248017 -140671671 -86487221
84614078 -220310253 -584777574
-543441378 449518473 -509414676
352515426 803696324 -911727905
536393560 -635521627 -881904416
190403607 882288882 414814280
577023666 -646023539 558460098
-888059722 -713170726 -391026710
528674619 977094956 281596954
463244750 151505648 -873328725
-189942583 159529650 -503206141
-997088621 781655854 -568163789
887243393 -661453319 673691138
-491953014 -369780638 -306132269
510298021 -689814534 -913010471
909169583 192393476 367741778
-524755950 124369737 -603173964
-20816741 -832646465 -133016869
652885461 -108728666 -548208629
779314363 644534210 600810926
-427931459 -521684455 775198164
-164269642 -990739362 -235902722
-999150705 -857323235 451817118
322502143 -42858985 659065646
182829866 386051712 -775571976
813069149 590575169 771422791
866199913 473674589 420495493
220478595 322163815 -268143005
-195691994 -120067096 852884914
420793736 564452506 -894637576
488510933 778556476 712730050
-322469876 -539708993 163194591
-222436166 -743873642 409610819
269247517 298524434 66110195
-252672563 96121868 -797802257
111292737 -899784863 -253158966
-349461031 -945933212 802138631
-20097419 295898390 218198691
-301091823 125392646 -36971113
-820065944 -50783093 -498052308
491265664 998358593 -858368772
-903805018 228681717 897423361
-288560549 -61991737 -649579257
498927283 -882392281 -552778857
256368318 -605167950 513900182
603654014 -332629718 655711664
-452884522 -51839179 -350807310
-318950410 -330061913 69120569
645071038 308783748 -960419951
-869882980 -410307346 464399083
233631477 -73160847 224821711
-530737870 -507529293 947514441
885467932 -660088920 156180464
524534686 460395774 496758005
449970297 -708902180 111020256
372390347 -199107087 877172893
133052072 -712767216 -964371427
520950968 -469349734 -385536496
300142133 38819753 -411707282
-422092252 -114161528 -24413516
-139748783 873020173 -488355052
-579065114 759531409 188157532
-564444748 -172544484 -875308487
807406483 538675357 -359185055
-509568543 643537141 494352380
549824351 662117487 304395425
-28682261 -886321720 65869441
171044186 297838887 -523033337
276209270 -887795320 270153615
-151555270 768608719 289682044
986832033 -662448867 319134729
-220292498 711808736 -267179457
-747145293 -651002970 -849851173
934263484 656492695 -360992444
-887030005 -639597595 933420496
202995716 -896139886 -883167692
698159560 -377409306 -706273436
591818066 -262999383 -738116816
663606315 173282529 323424010
356902325 896565601 -570658004
-411565362 -666287201 -464674870
-12339126 44746713 -700667988
-919320810 324638891 640326468
-97412561 946919272 227830108
-600613352 -310469994 122081237
448463922 809695352 -239722609
626107862 388362678 -369931478
-929103862 -945190556 -244447311
511343638 139471791 187757160
477428870 287786823 6291099
459953523 -109546612 -940608912
74358016 734899563 -429720784
-727239935 -928636967 -140299528
-817549445 979085029 -417556057
184243795 -921581309 -362028053
839115378 -483347464 -43217749
146758525 -285831982 -914859293
159898949 383087579 945712276
-641348715 -290397076 -325596750
-994878359 -495698522 -946348965
344879276 631095067 -713039781
75689960 -273042598 734421325
-158837258 -669614407 -484346694
-764450543 -36788533 -894879667
100482640 974791098 -241900967
-988241549 -487765715 -170699534
-354164 -636612556 598558269
-424447806 226008219 934586158
-162403280 -528480058 323870142
957199990 -794807303 -590438272
-39483768 552445377 -921946316
-329935271 474225415 -969577964
104649407 -980636603 -370037997
525311646 -649371369 -832876664
-959915414 728478137 -921762480
966396283 -112389325 653607361
-118334515 -884580838 41467656
491384449 -883496304 601520643
-655375553 -907490613 -268200880
469552328 -970541546 770396701
555516740 -709048646 -598934620
450099544 -619875439 327300085
-727380246 317587804 -544598130
-252097954 314374841 455119437
-653803683 840698366 842611775
28054569 -886918959 -266158950
-424201733 709624376 841287804
19975588 -897977950 -372792904
-6642760 -48186935 597074646
671724686 -713946755 -206893313
-240122062 -730049199 -430628364
529675072 277412431 -570759092
-767213171 397763303 -485884016
-625280143 -224709482 -450618474
-897483146 -418548321 -318336990
-420603992 -819967658 -512012264
-665731851 661554419 -921907956
-293596302 584697761 278334893
939060922 266608363 -630710077
336911495 -130821829 -607479146
647253390 -5711065 -580946808
-583848849 875241789 624516784
-751438015 -890136588 -106221783
59369879 234033671 -265908924
-860888637 -139074906 534508389
628453793 -626102967 940718183
234663451 -374010857 -943859163
618864755 49327897 -970856111
-792833340 931435277 923375534
-614989779 197142717 448857560
585536232 99614095 799195156
46692102 579371833 263508366
-888038704 683037201 -60286390
-927981291 -212973591 -936419221
-814487028 -755859571 532628168
-915983080 9030480 407035099
972414471 471569337 148528441
-656096080 -895474007 793683681
665756465 404255546 -948164381
-544477456 -682968033 -907865654
568953433 680970778 -211656879
-503949618 955668178 -89933387
45797427 716700551 -991358590
-417474894 348209962 -103830892
-927983283 -166060483 -488787142
-150817358 40915629 478494656
462436119 836334464 1699561
202292434 805683411 -356338108
-840313623 516421269 -587225445
759857459 231973487 22404109
-537866859 -359765696 -389102271
-154206791 980243551 -332962124
-454105583 -923650605 -30046296
-564389934 -405602849 -988440028
-571264407 -672176570 -815925868
-877382004 -316965641 902180644
-349038000 374898685 -154849937
-217549718 55711904 736655024
-763340014 666294717 -971268203
201822652 112086756 97229564
-813389283 37721756 883809059
-458254011 402416872 -292344635
-336454953 -327253319 -472794478
85657277 -530784360 -680367965
602364471 -308256633 -294935761
177082576 8999930 348194607
-657397039 -863745236 10205375
142103204 683684015 479691450
114523942 -58604425 637446405
535357198 390299401 501191808
-178135594 -716106979 -946601057
892062291 14555825 458019347
192885018 -589333403 317175398
-9027422 -32060565 -186460606
-592801240 -859370780 822749824
-811336963 432041793 897143824
-602789085 326265042 776636205
-770921692 -151524957 -345536319
803026982 655192994 -648228902
-931439065 -556088516 -529668313
270282118 -91476718 958623320
763951443 -183675324 -866235436
752591823 -930505742 -962620550
-532715345 -953044511 261546885
104158975 -231778229 -733001686
273184496 -313071801 -270413031
263880108 707674254 437944113
-669088733 -989852043 -259826910
-981444645 938856712 -465154758
-890819664 -951721609 -545990705
-414459734 324745075 251166531
-378189291 815942932 -241684976
702275794 -848698813 -82685077
384767925 -989323853 -518774612
305131847 -984909348 -523045848
780443157 -68243477 940715939
623285032 -676409699 -933480232
87819299 230279034 663849817
647715938 -480853047 -278459615
548040987 534353156 821140643
-830499849 -682162989 -290243659
-909237597 -818393240 -150080765
-861142245 -932842422 -251521776
908685379 468852239 839579666
-942102064 969720783 -82550512
987812237 838113999 290018126
505932392 501900798 224503212
238331903 805577919 -271937600
-283445482 -904995641 -982730676
354392306 -890385031 -498152062
392615049 575591352 709815279
-972779498 -705845282 -571012758
662366380 245917034 -366258466
588300483 237278910 339147672
-368602897 -217066749 -701732090
59987993 957965754 -172848783
-674189750 -193615161 877788709
-37893747 -563746359 476998460
-733444081 543664729 -256751334
-897192738 334759218 570534294
787235594 -782226476 -138090294
-984584333 170764072 791275023
-957406113 -978877396 -979772585
-344050251 -101367157 -972514826
317580326 898117995 225432885
-5519470 -995248771 -295207095
230898113 -267263648 367576196
-448733911 871936923 -183545311
190631191 102386693 879981013
-484279820 180584579 -542883130
-174737063 651899357 -567617071
809394862 8070388 -916153153
-408629052 747525359 604733413
-944710524 946510416 352872193
-511838559 299525124 -861566958
-70382802 586259392 -767266442
-872071990 18572947 51361695
599927685 -320372026 -727018640
-104298043 -338284296 -823069409
-758514497 -993397922 -48463288
-873810820 235195979 -706156968
-979792507 -909682238 -845502583
-941901400 844017143 445224312
-982406202 567121872 -330766932
907499325 479589049 -890282858
371812974 241008115 785749972
-341992186 712638200 -749293570
-929240200 528229115 284998457
-90048764 -81004389 -431596495
719912864 -242800520 -180278809
-804109175 496653590 771789756
984913630 -389790494 399752977
-978035236 463290783 945216919
393180418 894523739 -869326025
762559317 -983550403 882957989
911774558 -48145059 -278926661
409163249 -905961369 212178450
935863355 -489744334 -86719190
502665394 -757298818 -648661447
-891414544 657059604 301474185
998677298 917575841 -897223746
-665808826 833665406 -904074325
371208712 -734583363 -26286935
447139720 -588196303 587422029
-883424063 -823217260 -983908442
72036946 -699395831 -878924328
-735186938 765821336 -590357890
-821722790 190705415 -868897986
16330025 -969276351 -37873226
-477219175 -341390589 -999901715
180651413 -921406308 -834338418
782769705 -162762119 883672747
-905569369 -367628635 854210416
732572397 -951682597 176587275
110833085 60961823 -217227203
-967559716 146734500 342314710
-585181068 -870383221 457809669
273069274 -803089722 -279237450
-121570408 -987829508 -102950932
-693798795 -567001117 642303572
-504066037 973124225 373545229
-420197808 -953385137 -778108703
-989917255 960004438 378147394
438272766 416575307 -725903416
-402232597 -621583750 618295887
350243766 -108129494 -877606632
386390835 237004688 -527041862
-572020193 -494109762 514110628
-671024017 703448818 -878230000
817663039 -46770150 -204730105
556583005 795555719 901207407
-3973568 -605972762 -931146910
-46376451 5443743 985310327
-874686007 -710591917 10394350
-975234248 -694737620 -140166559
337057203 -726489288 -111664971
289746034 -679690661 476137018
803911338 -463294931 468955254
-37610805 127636076 -902423618
142662456 -600290653 -679901965
612018688 551924318 860454551
-411952408 777099632 -222799612
-834333257 -883067424 955162253
-600074723 -415434018 416067902
-923728825 -749078008 -921210115
898223499 885532844 -356536198
-68135318 -224140427 652887489
-838172365 322267971 -689174218
456163432 -440774611 183647926
-497338223 516383823 111730216
-243096112 -798263830 -850519042
-342104798 155172097 -175274631
-602644307 -224594758 -972245417
-614227532 -14490392 169471625
221797865 476078917 -323622515
-570086220 407317987 54514306
59128678 -462854165 -652952465
-399195400 253948018 849442415
732706603 444899952 -994428065
328975354 -826643356 426657805
-424397257 -316334790 896703539
-331107774 -479282947 515547606
-124317492 -904843183 3493102
-619465892 184787879 319388069
-943396228 -556109950 565464323
-875901753 977307730 621308981
43251297 936328677 -792910847
-17099165 203843172 -269433753
795809853 768553954 -817608758
487539242 801876746 569245715
-296679130 108932920 857666832
563000865 47207848 711339998
-822600667 -152137714 715432069
444670590 -991606915 -945323131
-686679665 292849168 -434170539
-24455160 -119901347 122118308
-827972595 674881079 496368287
-465311379 -791294726 -857750266
-19501291 411089533 461606674
458412413 406738066 -27896635
105425540 276136432 -389724377
-463984866 528623142 -876275548
930208402 775893725 -772639225
-898221933 -946908163 -48513135
893003381 -226373290 -36580958
646123692 883619566 -663444264
825831382 723468757 -382693436
679274081 550563423 -650934068
127004014 840175653 669400350
-319876977 154212882 -438158094
-450527333 -823407040 -998514481
530233794 775550782 -535366897
475660164 -135888001 809264275
169078483 -199522582 399108530
319227962 744551655 -655395036
-143907449 90842496 -540245175
-38075969 563883838 812777466
203705414 446313668 -684049253
-663783076 -11769495 430963967
-470456915 -951657931 887348108
866797970 -83527071 993871351
-773095331 857114136 174293573
-230097467 -99510259 -908115892
-73216556 459507280 -929060665
-920172823 -939639701 935443918
-804808483 420109814 451530246
809826340 809655499 626797893
-865884766 -660870898 -232416125
344638708 654237555 996644332
-999465175 196068294 -405987111
38136572 579007386 912822631
-535807062 -250009955 -760587345
-877826340 1481621 106472712
-816341574 -978811154 98897343
802716382 -236935843 -175763821
-393401514 366198346 985997845
-902333363 894289661 678263420
938713729 -986263055 267165509
-951931718 -564486067 -527228868
-901499773 641489129 -613868964
228334152 -390684983 -177966788
654212471 -653536051 -701224894
-531255946 -999095056 -112479591
-10014546 625044206 450659828
-890123005 -495136368 -863807192
-495486837 -8266777 -543992906
217619437 103716060 -203005323
-26461342 -471826279 469271837
-950455255 -981567058 -655460249
110977729 179031391 -787770326
343276043 167814647 -325575179
-439620503 -107020394 -116462157
274722328 973521516 73529876
-396775443 -942297145 -664345924
533329183 422023650 393800587
572627412 84369725 245115274
-265224984 998824449 -488503547
-636364071 763283662 845593742
-653634940 62924586 -710706453
-741142461 -355066988 -630767985
-258043381 568601885 -907584561
-723154451 36415658 84611745
-149476719 126765120 -860017970
289879284 872318812 170471360
-985387022 -517245956 693220891
-351823555 -334969594 177103315
-374733151 -699089240 -224114059
-896873473 -835438332 863040642
-902551487 884924350 978605122
-264174897 330246986 892406699
689118518 -967290051 510532524
34612730 -279026004 848514523
-191941963 389071846 248178770
219908417 154268262 537776004
-189174518 -697298637 -2215124
817004509 350068732 -72765113
338532813 -402148006 -505622874
-856650798 532989420 -744550919
266408017 -460658380 442088683
17510391 -857666481 -473327103
-936108157 744966051 836227256
-179093771 -444636189 -24728005
96467514 -276029262 -377644670
-893351582 315436794 -600260962
-561205178 -985884656 -922595510
327502281 614956310 -758259927
-180303571 486566425 396648796
943136530 -802891074 538506181
-434943513 153479397 64660728
-946574464 -762337540 -652901332
-176716974 540604812 1292964
-879900349 -571732827 -769973310
-822092214 -370038006 -963811491
-581536035 603544548 541607903
-188418662 750385821 44741770
409161168 -949732444 -560380102
-418621152 38844541 229662871
-916222922 430393380 -370203496
359206123 -60024333 937668563
589205665 361810654 650674663
-25345558 -412496851 903342240
693182002 -525293840 392830249
36811393 655827643 -69922649
905951979 4754111 349803747
820965408 -868830162 -652904674
656002674 514364818 -888808972
-859990430 -768121371 -610456859
-224727443 -549479749 -956525559
864143835 -555128763 -478754462
-157234790 -760113675 -95665216
454647169 697474684 -479843791
-237300124 -957248734 -824392820
510513100 -782887418 -709579806
548622497 -516779877 270042396
419235108 -327606808 868279502
260753978 932010837 456649964
-229159667 -701266036 -236254115
998310333 -102625910 413302671
-8131196 -956816903 800082880
-379752724 988149894 305488436
-628504671 274151527 -322592388
814630287 -229217551 -112910167
-393019037 633802663 -649226351
-393018120 418801965 165053310
-638512073 -134212824 -865348719
-491421087 800777495 350613606
325477120 -328513888 990360848
688933681 526069323 -71989720
-802408621 -189320996 -587814474
-296727223 -49806 -373603314
251079650 -958071965 -301243906
-662649959 616360484 485633071
-465208120 926048898 -136171221
-862791680 -474414796 488540481
11053658 124815715 -547014443
-703452675 -867200401 -135238150
340796251 842432615 -436398732
-971195857 120621497 -29223820
422444063 -501264140 179359682
-574680587 -535012946 953544544
-354003989 540276566 816600860
-633887494 634273627 -939321823
-13869547 250076260 689818157
-687754253 -180298824 -290294135
637849645 -698606845 58236688
-736993808 -961597948 -768998576
229120632 -906098918 -273237394
-743949319 -922165008 -874606781
162308624 968667603 -21971311
-639978728 -472665076 -935868132
-533533171 984647484 -333516531
-581357525 -623638420 485716891
-739335333 118377615 -711564875
-848076976 -424223259 -33387733
-484122075 505948503 357958589
-67156851 -586485275 418375817
-548780784 799191655 257677143
-837007871 -643970166 855100499
552169281 965241727 -23719753
-774517199 703941846 -308989038
-749663508 -908701331 164788074
-414309763 -163340017 626152671
285911869 821296709 475223207
138482433 479095740 -706885378
-498160609 250052123 -859604980
511247325 -142553778 -574255707
-677587686 40131253 671924324
-44229789 -366933824 -414274846
931308419 -433788732 -916567789
-768225030 -65132841 43728328
-644385205 -649479861 -991962397
-696423030 404098858 -798317694
501539285 -737654878 -364758263
-793646996 -711898572 812395126
-156930105 -344914306 -318050147
-125644939 147944023 995635227
-822804622 196710981 813923049
-965820819 332657736 346029328
904879656 305576485 943403562
-452758241 -897477115 810409788
85554608 -977384575 -276876865
-117805501 905153152 911455473
-184204451 536982264 -881073660
853763539 -415350618 972502626
5875746 -440531410 680844762
851244585 -497986078 922649706
-722923603 -761646249 -535384498
-259688062 -811966917 657923152
-630859646 -333166818 -921941104
829936653 386699350 -514842462
436111977 -921565326 252133169
-263281438 39545657 602940996
811854725 234200966 -892151461
-736831984 -944427766 692644559
-939936078 -331866092 -247364489
962920416 -989852646 -889839823
890692489 -425839010 -372785169
-977700415 381653914 -832661233
-50278781 -168226245 788848001
589670211 -855866607 -281262200
-877240513 -184590808 798031247
-336718842 -291407769 -787832820
712469795 -619556728 424048241
383435678 404394876 839713428
50731293 291189983 -736847158
-39086218 183689765 139508034
620310219 -925577461 974022188
107296290 -463124900 -866646011
901797918 -959699252 468517139
-877690684 -514666182 -936454911
-356661451 -455226231 896792353
823916768 547538411 -86933176
-994358750 -887507789 207714479
531089632 205706487 -992743140
614833025 -432228489 -837742432
-623167105 -186936510 -928664699
-968142469 879417528 -894736534
189162794 -966216358 -306607407
340302446 315606404 934464097
796512754 514087919 712435989
-225090861 -763481868 -910252927
523592392 -865310424 -501032202
-141748064 700104485 -563146302
729361976 739617302 -785651709
785350621 -20518606 -445115338
-587903010 -509414712 230408553
-891084074 418887696 -219838340
-429704590 -796024334 446801719
145194366 -974442635 -992708459
-169517092 800451466 -658899180
-557127313 316833459 -887116937
-230890714 813176808 201678875
-508451079 -154882933 -911937554
445883606 -476552672 846132226
-722786261 -564624500 131208677
262417882 -617394961 490075991
420184653 253373602 535585556
-737994784 990612102 304124383
515207375 -895457784 520077736
24349141 293931473 -639717067
-336799109 -199193767 568809275
515133184 -234009208 -966557522
75590075 179370119 -790372074
481060566 107923210 -665047719
-751104962 641655411 317056389
-250426038 -350434909 -600102596
667965443 100376766 -165615300
-466433861 -382324562 -987785321
-967276449 -489424806 -972087857
-16377611 743376744 524188474
-39974028 634194167 -353238314
779716399 -315230766 -826383112
585768803 -400444037 397031306
-947108937 309228244 116065802
584723649 -80302223 593586361
441144499 924363920 -931513412
-290929859 384190308 -478388616
59777719 -823272066 -603974066
-74792164 -625414319 -148638725
-917600910 784036275 -979381866
-333581229 -663975623 -440721840
67346122 -90062831 -757225061
14064265 -906727455 -31861922
-107119467 -379968864 -912087351
-622957606 323072984 499141378
833040791 695682942 217174535
344529111 -886123878 -908348392
-179617395 235467665 -457554766
-380547154 -971190745 380577811
-469062409 -869013996 -226231161
471906451 -356989919 -865029199
471793373 97122061 -483891718
639877616 42316966 431510490
-236282455 332765758 -172453920
-269942113 373128025 -263155253
-549342927 -397662647 -505205782
806154238 -30830286 -572272703
541581650 -434668929 -527096601
-921252497 -488567485 -533589103
744780162 -868977304 -540942654
224939787 582258076 454234160
-547966379 457212264 -672301542
788087336 -133436493 -745356191
-402110400 -121532638 -416238781
-113354195 969874654 962990619
-217541883 961074827 -867102996
895437756 303025709 -581089117
-189218409 116318502 121869487
-317420608 -432578158 -73432477
-704553370 779736425 196894669
-289484157 -417670168 868750119
-167015770 -990524576 -951292963
-215738966 844139694 691302443
934635798 764683353 929830501
-993159824 244493406 727940621
-519768282 480737217 -332340073
875244315 218662001 954609350
-833609706 -880363640 -119713762
-966410097 40053178 -641260384
-474692150 261107632 339099561
335773873 824919558 293456261
692317538 -519398457 7807644
598934858 -940846688 -798779153
-737935548 107067370 -412056621
-901196824 529668677 -638850234
786667897 -155985783 984019057
886912731 -769305238 30253137
-490903651 572292796 724867858
-987398231 53784641 -770193665
355258357 699124764 -620961283
315049008 10924469 -292688732
-865600982 -585970896 -264150115
-472976944 -280083983 -935033744
116264324 631856705 -407166945
224050792 937343340 902400037
696196006 691704242 840896165
-496524387 96459441 -960902377
-902425169 -366936421 537961093
-942934874 -106371757 -892416343
-30692421 -889952007 -795523429
-88708038 541352690 -908651032
-563185850 -853372619 765485102
-960826798 -923426317 122281399
358123023 -509890209 -877812222
106279687 -804281821 169059023
-31634726 -990261562 -362681579
-995975684 241304507 -961003966
865066990 509698191 -856776009
-876166813 -575809735 946071896
-283019800 -526504228 -359385467
243772195 -254107650 333984104
-22449829 -259897120 621038353
-501491684 -442823588 473902280
-938193699 -659378116 -522159981
-254918723 714555516 -433381272
77899384 505182224 -603204083
296315838 -815011153 713150462
-290570769 -868294171 -334087155
-48318346 -532068276 -866175909
-955525588 -345891295 -471788729
-194166307 994977582 867080051
-500820699 540548665 658235326
221798040 -878877691 -921194870
573988128 89232356 513402754
406155694 960937027 219566276
-950662718 -54029994 -185262703
-972984981 964255522 -628931321
-117871638 -334802916 -203386897
-674908282 -33232742 160307029
793461510 611120494 990549595
-620430380 -367504794 -130085573
-998728623 136284239 -884933771
-944673754 -888749866 -21839884
177776318 295757507 716149224
-307723018 342361046 249721816
17264440 660984486 631580090
450415297 -911136257 41557046
-233594956 -716083653 993767495
239961414 775839799 -982686769
-732921443 -685669610 -673592922
-862671358 -396850577 502178560
-880882079 -124789344 961672801
-405485119 800639098 -789118108
631296428 663420505 -987340419
-702659289 113390447 -998148335
-446151424 386910990 -241010236
-989992145 -560630840 915098963
850639952 -961324235 -904150603
-447682589 -437158596 746256262
-692757654 909676087 641481844
527997175 160077012 -412907930
636708567 -85252178 -493826810
446793565 -154581541 740914787
492949600 187857410 913495932
619990420 -985044084 858633961
259956742 -286627077 -255382447
6108058 -344528881 982196850
405281749 220324752 744715190
165477076 856909754 559629355
-892578683 686952398 -790441914
-319526360 -303648218 118322793
-413667711 -879135679 80598793
430944556 -535458874 -501849046
253478126 749419604 809603634
124710113 -762549597 -438344652
-419452441 -742317878 188728162
-615356310 -390665665 -979563038
-135467055 -832296095 559903631
746707098 568942751 -929914560
376708067 -657541759 293218945
-979667604 719460141 -891669284
-758934972 272650948 25096452
558000843 684934640 -995127243
-902475320 73857398 20205190
572042863 604123250 -318011640
-253373099 208740738 -58674929
-184491094 829342408 -480372679
-992584309 -528916158 334282073
-953839880 -805258824 -459508177
-511619320 752180122 -737438396
251299010 -756568975 715393080
199526228 402150365 -813211649
861295694 168757290 -605950503
-342365056 357734896 307490612
-428585187 -517521932 996562671
325270032 -883842607 178633153
-217678450 706068469 886730680
284551861 440421164 159247812
799946653 832809462 116295609
516995446 936540588 656661205
-513664456 538975218 583143506
-657456817 -173695611 -903344276
-939161760 300908279 -179146487
584062799 -698127743 -822447254
-536236049 -863596634 -984973016
89452472 -63004152 954955270
913733215 817966715 -900281182
-313379324 83012367 -757942170
-318956833 319095640 -370838597
-372117533 -860872602 366792485
-999794561 12432873 199821142
-61322660 31332655 -41886800
-701506009 -66815621 821546796
100549171 820432484 -983503469
277624211 -754814295 148266052
27303203 -872254314 106746137
-167729350 561911892 498600322
-953901779 -282558372 -752615351
-478623907 854660437 -638298793
-611341176 -902028133 876562833
443611444 -746001102 -28377723
740279896 -33139723 -76597902
352018231 -983741710 189613807
-449778212 -970474874 242714469
528649742 -575647430 -68266545
317627804 -799444043 -621561904
-951507513 -518521462 -355170027
-551176236 -538287664 -409040183
-879243622 846847869 251472780
-647405788 118531770 -744873585
84918058 -16150707 117018079
-765890885 -844866328 -280050952
-905493818 536619168 -419377735
-136804000 -463930177 -185424848
-183495591 640072364 708584966
375752313 447844062 -99719978
-198374935 -329148512 787430002
154554712 -431875556 -234997727
251417210 332647345 137598308
-984308414 -934519032 -77347156
629582742 316540319 -285432935
153624597 -474568219 -491945271
-510124776 -743638555 -974108877
-182947770 -301202657 -481526867
937331955 -633895714 484824189
-701495578 14472322 -118007459
-163613642 254618450 -267514599
-648054758 914216183 313949478
-779682420 56015086 -731656804
-750388274 948478286 -913188590
514203577 349666088 -891044500
310930564 -866025495 615180187
664808006 13363281 710996594
852778076 975627051 -998335993
-461030748 309156307 557479989
250349852 711413939 -225434130
-40066960 748053755 -838567466
-932548131 -359444900 -696312300
-608306137 -84129669 878597601
781226459 -896324577 137352746
651290175 -698460586 369468189
-913402916 470623941 241505043
251439657 319399625 -262615259
-262397092 -703847726 56988259
-242703539 -283981239 990940028
696599803 11308643 527078550
40678081 280481249 802398783
98623618 -975191301 -25550405
-300894608 -206504606 -110763945
906941776 -457883566 -325309531
459246546 -656899506 -1086874
784871382 -952672315 -465919251
-152906072 223802515 -289206687
132000573 347734976 936106168
792491546 548859647 -491982963
-813664972 54942814 -106518905
-221467980 344646589 110979654
-753865555 -455902160 -903901871
695183242 107056301 466526142
-490861540 -278602628 884570088
924438988 489495361 860102898
120777973 764672200 530212866
348862179 -378200421 -586170246
-437387668 92702613 -935615397
-868524065 -540001123 909362887
-896200259 -903407236 -93270459
-888738893 -517942433 -420409772
-959683034 -214840879 736510284
-904959095 -751793424 64710678
-745336112 310085279 122446318
710439235 -412573305 711265905
-616743191 346481314 -196838660
-388072845 431022281 961886840
-163963836 -993055708 41961902
774895687 -227233314 267411234
925536111 -428920414 -772037420
938470990 26466564 -691850512
739523927 493100297 466277686
778049965 802384220 -786563551
399370436 -936486622 557796193
-538857632 558794321 -308183759
497224951 -922165657 -388331737
764616270 244337115 -85098926
36097405 -628147652 860452157
244999977 -907190900 -153962710
-813760518 -599348609 510353701
83396772 -822823024 -29189278
-980493275 -710658210 389663504
6984644 -633111334 -994455838
-192818056 -756062140 3651868
-567394822 549630423 -379905242
698526583 -940795614 817613478
-533141736 -748465809 684433641
-174970957 -362241918 213367590
-914516951 -512176167 -305685827
-678456023 722074970 -338113251
599544671 -437431000 333209690
470723647 -687823042 -28071632
766859293 -736753143 920518996
-865498110 -905327899 940586278
504848309 -220986413 777849783
-511332620 871160496 -67590957
294509531 611053151 -845142995
440140519 -193370877 -262371985
972393493 -188251808 455612552
-342194363 333179134 -672474919
-716044692 -860144841 335774612
-907399363 634052871 840544934
-767297738 17948237 456574528
640588575 682338366 901473246
-996409258 -225816471 509902812
-258505778 531294601 468542248
-343731902 766838977 655939923
572441448 -613484837 -413976362
-713891004 -576325244 297876067
-810092532 490007926 -727346775
-316650104 800816913 -625405331
941023000 802712414 -66274534
28921081 751107918 -372895416
-113884308 -903648890 -712936767
467193979 -982735898 145692790
970183073 101703203 -478906082
-969671876 -485473168 -76717762
-1962770 25862665 899246552
-54181594 -118039923 -411441189
-330846298 848897714 -26092809
-419675002 -724723380 -414007865
157410416 -945204956 627958439
684800517 749745788 -137657301
-988899624 -900833693 -941372628
-973357842 617974488 -978223699
-484231065 745537930 -602206715
-658281331 918227713 -162485592
-79691124 344525296 -949374329
-624508285 940201958 829080125
63490315 573995161 442653369
692478089 -847029853 601958930
-640473940 -803578139 59324497
-965145568 -308130869 389190242
-367563497 -860882474 328793021
-598312408 -696246087 -809886028
-942682555 -76464802 605298363
-690610736 -609193207 -293692246
586069907 -987232322 693678650
-571675475 71039265 802020385
-686753610 -928118192 -849086849
-319074105 -926628768 -796182911
7556930 624836764 842832992
-649007264 -447605730 357562497
-697757496 552023833 512718356
25954238 964957628 465955627
-457513610 -206482787 -745532972
-886511221 -538291107 531633836
-855160395 309610601 388050274
-181229876 -598693572 258902832
770220320 24473352 -591100298
-439289570 502792291 349718922
237966083 -117665011 166132935
960439563 -938887945 582300401
575820191 267137719 782309077
275892685 896357282 -506985946
65160448 -424902497 17642990
-973736927 742089882 -982026499
151070782 392731309 -775197559
-496641070 97821050 -570777808
-668361733 -425852548 768543383
878269413 -236935103 -993715619
963679566 341941066 47011052
-480687516 -381147724 -83147405
-442309662 -106875260 230025926
-368594047 -991906237 964530102
559210620 -306502805 577223212
-194836908 -558747657 342301408
-86930731 -956458146 747304305
-62668217 -818116399 -860750086
492809617 163170632 -396902110
212088757 -78001300 -20973347
-842033972 722220313 -948993306
945507798 978285530 747280113
-175695706 -343610862 586414652
944251422 -9178559 -939545595
388722775 752122110 -397104524
-970368847 400795631 848588210
792341740 439701235 -680545175
-712795630 -995290892 626263422
-217711620 499497175 -210826679
-843982047 -88913749 -255693718
-592853908 -625922233 -119458631
646771870 843176867 206049581
775536102 -404353864 -711884113
993395244 981971521 -957764644
-604766390 -17572234 -108618151
699695672 -781975841 170938572
-115891728 15163229 -788041828
-861959509 -666350241 -972059252
-86911935 135908462 -348052489
-201672654 -853930104 -150199959
902160298 -139195940 -984007299
271215151 -912632678 861391427
-963401445 -936915589 -145756182
-361643172 -275741561 788344191
697851703 878527634 -318036716
773152784 -897822171 -855029497
-126444472 -879724689 528123776
730546124 42596494 566821581
392918501 -403406538 945701276
-264486591 -875885466 -656689357
140619133 841674605 489649087
-101227922 410488395 456342216
-982961927 -919402609 712906282
272482579 -768825313 -804199697
-568505856 600320203 166488347
-352690581 -907611079 824511954
-459104543 -916526006 787126814
-753950685 -640777391 -199439414
-991464565 -685561165 -851797307
-904544652 -285280442 596830374
-556901838 964581761 -781039426
537844370 847441800 -170823380
69877464 -760192861 703824908
-874609945 -988832618 874521066
-936975004 -242068362 45395504
-108041687 -629651138 -370824264
-736493195 -139059981 -114113931
733269962 -59564434 -892933572
30015697 549152027 123768774
745151745 -913220720 338952367
585319157 -574613521 -885398704
865126957 -207972746 -911689570
-513240053 3520272 -957184326
214776969 -255643598 80718155
982815602 468842105 -606507571
988791766 -695232074 67409443
-586876810 -888626310 -970871386
450719357 -856119734 -918647969
-958921129 -305683115 712633128
131747745 218083526 306266402
153027493 214237057 -299721500
58217561 -830828982 -136366241
-818243223 -906822988 -654863937
121252808 44346690 -177322893
194228799 256862199 -884592925
-86462441 -914992344 -606113537
715210300 171590167 -962032174
-796980873 -701694907 -167098839
-870643818 621164942 904240077
281266948 -184516571 -502467996
287551963 -480174988 531244560
208155054 40654731 398332234
-375430005 -11930058 585760799
343740973 -921517421 -401094322
324050394 63205133 207893100
-934563550 949454613 -662938984
582676112 -594304431 -495974940
703644498 686521629 -338308265
-656735591 -217774740 350662001
-982160127 971033689 -574395437
368253884 563746647 643753245
-987293236 -604297382 -101413459
750752701 653771644 -583832075
-832009842 -265774548 -174386460
831684622 -961821620 877769409
240423205 -646321434 612478498
308736009 -480633017 389732050
-809979048 -479705265 -67456656
-545727239 -612469456 -683635274
358936062 33040652 -926763796
792762583 185746703 387189524
-755424822 -942229958 -496602489
887080782 871870746 -256272129
67979199 -760834617 -557607022
747544202 950270927 -958584158
-626406396 -338784990 -698965659
331954871 -510356231 -361497308
-957603261 -593184808 761721667
789259780 -464837175 952347988
654037779 813474547 -262432157
-522751835 -767437469 -738414214
-352990420 430952983 198902946
-461115886 -989385791 526925675
154910261 -917854449 630160686
-381224808 634523754 -466395706
-473660669 810752920 -564021825
155674421 345979386 -555536716
-992493924 186595272 -770106411
-487933634 -268094137 -946932978
-48952460 -910146736 -841117750
72242329 -937794642 -35012819
79031401 -902129065 -142432033
-953400586 -329697668 474572765
-139015416 658248467 565158012
-447186384 -825047658 896048088
903905476 -926561304 -500471642
157844753 -570492655 -151154710
-451865287 -888060983 -616004291
334297289 334831714 165842533
-35578372 146374365 -696713305
-479853489 -946183969 792676283
-443799995 -772422803 816384583
16394835 -897394004 957712389
585695276 255910399 100787967
-892566814 -287520356 -182477907
-579393662 -336885338 -892413023
211228357 899114857 749590749
-601953358 523652544 -663591422
466808034 -12984747 -507810404
-220965942 -124790490 -892936869
917866683 -35854566 331553849
647398054 627276527 366591379
854258261 214911609 975523966
110263126 428454028 -851738261
50250669 -609863858 899062036
-905082870 618974346 11800163
-725787148 -390994547 -946642433
747122924 906463797 -789271814
-84760595 433333426 -630932683
-669789662 -753097562 358103341
319212860 -991148746 271809812
-285703768 -666685703 93974277
-466739500 -380075557 803374923
974472687 17819705 753977801
414599814 -331896099 402603505
-426791925 995067007 494885198
-345159660 -111776332 -702122504
159320185 -851196542 930425023
-47803358 978480345 581491274
-778559820 -109912406 560184517
-559620717 -254768299 291985377
-563024931 -472468026 -278320759
942915775 -461186230 142959185
-872814004 -213756413 -490362042
-785521126 -110344212 644157920
-796060771 -286423835 -558330691
136723484 -212661803 593883927
-798196495 -672557866 505135222
931331899 -540167151 390980190
584202253 6311080 -954720483
-363252444 801656196 -920756324
-191404649 -866429416 -978845297
68369157 -490219156 293425679
-730780135 451243843 -843658053
737303212 -410783118 -934752179
-836866350 -815317799 -261690976
-83326736 -897523561 785322044
85591627 322401641 509708919
466122569 165036155 -65540238
998911443 119055937 -390116457
-624048920 161876541 -981782308
-29809019 298070575 -551972999
461991138 308588516 -712178700
-3384604 -674454224 -848707029
-655485347 -647935166 427322714
746482955 -777649718 -574533797
998142622 -339168007 -725705152
238884467 -715793869 612277387
-62505002 -735670115 -879578381
584849335 -137081252 -966429030
86259880 50231030 -62171482
-149275268 -966819813 -96888425
599930326 -210140082 -84804718
919406239 -805089128 -293796065
-632956282 -917011539 29012495
-625886711 -954742297 -311763068
-834132576 -728814680 -989196221
329997931 -918317430 -879410607
-245967473 925679011 526031074
625726153 923026710 -731721780
-510912387 672621544 -934325475
-796360559 -723976727 -24665038
-935741057 578243782 471032871
-591553228 -51615069 -492693551
542855953 118447226 475301706
-841782669 -508249911 -956675301
-826642351 -452629692 956337312
336147366 -66698719 -428713213
-102615164 -41157534 128389686
-967706378 494059255 973054403
329278789 -410156081 -649363651
477538 -315150192 -913371252
-798219447 -961997711 -721670952
671918000 364470455 179305285
88340167 161928694 864683909
-308526020 229230192 772278435
-530518557 -335515493 -362079124
879357018 418349501 -672913939
-569125668 860237983 720264233
-740502452 -584942978 974243078
277454216 -906491591 -814481347
-333586742 -876696706 -819326666
591399353 -354679543 777490947
-301773184 -959333698 184957768
-984616325 960119121 244521066
398295584 936214664 -488628499
-495128029 996380780 -125694872
378322855 975465719 -773667741
660884840 877941169 534571810
817055061 922613798 -982231179
-589253407 -124318110 -51241291
-991109418 448409142 118217047
-503324596 918236384 997545972
-569994093 443933718 56044834
-695844037 303387113 -151987877
995566546 -247577302 441510107
-902461922 272676872 -342234317
-842902288 157088766 184954102
30384435 -67986966 741514747
18731718 -232515387 -556759538
372504614 -991351501 -75776755
70716578 -549252692 -795744481
-449921613 863307475 586586148
-593278757 748600148 678229018
987109441 -663704286 294849097
-810858141 -887433257 936839246
479857047 570245185 618218247
14562136 140036043 -734620080
-823032807 130777674 626281401
835261130 941515487 537710402
63670987 71176942 -71744496
211313025 720209155 -890473932
976630687 -960237513 -365396036
342658733 -996207256 -219522466
-232416545 134400029 456517075
535008460 -971930775 487923467
745970542 683405727 51440716
744674588 -864337687 -752093004
-126397680 458100028 -760846327
378905494 -775782954 49319263
20910857 -602932522 -566142125
297396622 -722958982 -922076218
477824622 -708923154 -43462891
575295021 -377658250 161799268
-916862954 617971397 -414566605
263130056 -734853463 -521099092
907860001 -941287145 -313452505
-535309961 13646483 303118301
-644827143 554883370 602984458
-224042084 -76003131 -889784251
-264259685 567312202 -304833400
-133383385 993219420 371310524
-80358054 142503528 -780115042
752922703 168078871 748973916
508522197 632556128 747686319
495669374 -217658178 127153474
-872198578 833700548 820233477
-939185981 146488178 -807970224
-929544646 414465568 -974678821
829120455 -448756702 791837399
218635173 500884332 130744856
129498022 -325675299 282799942
-885242199 576033535 117253145
-119138240 311689363 624905607
-968932029 636674193 405328717
-957356510 736199895 -14248721
504904953 -84323556 862958138
303847951 -18124004 -627990811
-907133553 -189096565 123999705
765171762 816615359 866872605
216837373 570735429 421216229
722873193 88197569 -384143985
330271627 308448680 -71299692
535096550 671436329 -972515492
-611876848 -725890847 -413376301
395748627 -596155914 -460181497
814212747 305501290 370501820
-12416050 955565285 838160479
-473722713 -153749874 210072679
-461386137 -708197229 648231644
-386209620 725804175 -90564324
-895518790 -322361252 -117156367
-549709606 102672763 -139540025
-63818049 97350324 -13607553
-323115070 -154807318 -68435683
181188012 -902472382 -984195191
849154453 819347086 625408734
500313268 -364154967 781347654
430883524 -432776659 -912691702
197261561 681797830 902265210
298972993 -992778708 -446565021
-193895044 397297578 -761560908
274610289 -441926057 510636103
933586731 -949201114 -633237604
-908664239 -536498890 131609439
-748298020 -252636775 -873229692
-192772644 -153748162 607999773
982090179 -984936527 -330474392
787321113 817799203 333492041
-435653552 -970037876 -389723863
282611495 411132067 -428043270
-674059882 -72853469 169924161
-68112789 596959784 -509951718
-426197306 989418364 302493954
-945669420 -133521574 -892647701
845603666 -965178415 -894239196
-533460179 -950387321 -279967517
-496213178 -91442685 -795753295
-361574387 766466166 61918774
-918862279 597043340 -294210656
198395414 -898135970 -854095154
108997250 660858852 -316345851
-955142839 -9295138 -162248010
760740840 833871890 -340784424
587810225 -876449818 -23657864
-920259903 997912729 46438362
928450324 -384466261 252053342
604276886 498618751 56711930
-402796368 595121293 -742976402
-638906856 -43447381 -505234496
971152207 -825777662 -65778421
233978160 991157259 -980199036
81420463 -578751849 -262228299
-70864021 585915386 630285948
188975776 190166446 884065684
-193088020 -145958994 55769512
698978392 465771653 -404934086
570613803 -924396966 -525785897
-324080035 719728284 -866628655
630121007 -164834451 699856834
-898081143 290004051 -962610466
-641766561 578130745 -461743389
-204561214 -602616997 -562731179
-20068695 -488609338 -210235542
160403334 -72056641 557507318
836613326 95554402 -975167400
566998434 -299889631 -537559159
-815068333 -449772737 -634050681
245077913 -987365619 683727077
-849234952 -997055614 602822501
808348639 -708149291 27187775
417155223 -208104357 34593357
641148321 -953625827 325112005
-869190922 929404037 -724512653
-216402635 -606203496 614986633
95824132 -823627308 -764013515
-884043440 -390244709 501497544
-59791711 -675789073 627822338
613521098 453291520 834016336
-917258746 -415130567 124648661
-433964066 949962032 401174121
-777969577 -47340483 -595105374
949461598 75668994 -429193368
364766902 537196468 627794986
840622636 -516394872 590901284
695275118 -522967106 -102613819
739462636 -403585869 -370069043
-12291285 974022797 735507828
799005006 -333518719 -712327964
962602752 660161576 -527542053
-19108214 202315017 303308302
324095068 346241118 593825853
-841812027 776514859 -435708224
244438620 -315299667 -911167327
401807422 427058845 -941467930
336293211 192675434 -662879060
-803921214 153459092 -482370951
462024391 -960639231 -183483104
-9818433 303479513 59062986
194753410 -782886133 -164971783
-278005923 -4321303 -853855233
-875562078 -893734375 -883209112
884135402 157941601 -937325088
-160622992 -152013299 -993042445
-521607021 -824357904 95443478
434324675 108636106 -888827157
533118904 -102677509 474247709
-237186648 379181835 -182317636
708365845 -964482861 -938435700
-12511781 743202328 517720360
371106378 -724123533 -141599226
-602801565 -617025933 -926015548
883783749 218344528 -860576070
362293310 157616935 188028991
-331478016 -846803762 -705840649
-798437101 781373873 -700413126
293088540 -499273170 -147042917
-995080176 361697173 812823034
202829976 92585272 423828337
-851822978 922177010 818482686
-861587153 -851197784 2413828
307767842 -648231134 74705132
621273603 363755127 -952829988
-377583156 638488455 335110942
-811564455 63443402 -874804786
291145678 970664596 256887052
305788757 -598428077 424554266
-553683150 -986597366 -900152763
-680264129 -939560955 -38220237
-173486154 -313000517 445513919
163048247 409970316 -950902717
-458940462 -990577723 -613797602
-34255886 816043837 596160739
-644552031 -57220933 -318442973
-753295154 -618958420 683929325
846333342 -688418054 -535230015
-467264682 735169966 -239933800
-137350198 887121828 -466223290
-619550313 877281108 691026056
-42667928 -193589077 -465737099
659161973 -329311489 203772224
-457233619 -945677101 222579038
418963385 -960275864 -811106460
-814270882 -974907506 -320656147
-480915635 -621123418 -761922548
-579842894 -927005256 82640809
-618854089 369217155 486747624
-811767057 69510763 -842296836
52852066 -976082845 -828387017
390936096 300285752 442331897
342901242 106658029 -406605348
-610049747 -128560200 -919312931
-121674204 420068277 -970363441
-182623977 -63230325 -909026982
-512299119 907302405 104140370
428535111 -970345499 355906319
752192926 343996134 170325247
617093962 815336622 252719673
-977973461 -533638093 -717342936
640530731 -949214521 -233830310
852969893 -23189657 727057111
-921362419 -69128636 -800883183
-778277188 -369754855 626613058
-243021323 -79241540 892706813
-963851213 -943416453 -944435924
607209082 -989537038 213096050
-390609100 -234942244 -28509694
-875623549 157430792 -471755495
-44016919 625989895 764837357
-554021475 -853056642 468341738
647186309 -974221849 881531194
-723697248 99378925 -383756945
-151431357 668186940 -424867691
771173558 -883194248 557408578
758019442 -235758718 -685168206
-970157971 -532583766 70949460
-904598053 930671739 198279795
-854807559 -880336713 -947147377
805945052 39895542 510955820
716148926 560907809 -932159199
774746511 820252304 106512170
329285035 862036324 734220939
-327920337 84051523 69419796
348039086 -989068343 36110125
957300027 -770638386 528449193
622767824 -863391990 -777361166
275204679 -97205023 755974361
-706004127 -918653946 154287892
-745077909 -874501994 -376089983
296792925 -64228414 665437079
-966368590 468450442 -398189508
504376811 412319494 194905657
248348609 256048639 432212275
-415381902 625968066 472843244
863501560 -922660424 -518141789
265564548 827416999 987995163
-173232715 394537907 592843056
857964069 287122417 -791415514
-196845406 -415535505 -404555532
-778322694 16075406 954488875
457423811 -493643741 -402456467
591654258 -891336235 -888365594
-522686355 -124872400 -914853580
-153635177 256237037 -411277703
804079943 357400689 488568769
645450350 434720175 151153453
-993619723 413423027 -259351384
244933512 705253602 -740755093
843224352 -148989080 -504626595
-121517342 -118746664 -416322161
-175776327 -593909231 -754779213
368066575 -806437801 -8120754
804826383 403007823 433807415
-961002530 -335045413 -492165689
439512703 925775324 59837304
276760597 -298799386 -665297268
-480491271 -452023774 574877354
79314709 -200214562 372394157
-98869209 -961019750 111857850
-727433465 -967371153 832570936
362772974 483164382 249385232
-241944624 -405448612 -268909925
-700495286 -425048287 -998425458
-205168602 -862145205 443782606
-690474289 -675338729 -423606359
-421264636 -441659063 670861693
-359996880 520366705 296483598
-922470794 322869767 -309935233
-118188303 -232091454 -333025649
-672904314 -67973646 796964393
904585009 116008815 -750140619
-589859539 161462388 9311301
370837134 -552253732 -94015772
721133243 -575804465 94562222
309837306 -633406568 -936972183
-246917318 787178806 635049475
366885046 482332507 -313144656
-877457482 647432827 -719114604
856509826 319618964 -387989171
54029755 -711902739 368157486
528129838 153859184 544469698
-125366444 320951309 949620146
314458963 516871582 664360672
353458456 -307176196 448572992
-111488338 -873792416 -232410462
125931719 -36102422 -918834020
-705132513 -172190816 -153756385
-855599560 465478885 389144801
962936149 144743077 409438518
-794685858 -718419820 522348505
-27608073 -687705949 565575625
180079240 -157559113 -376060496
-524010029 -354109312 -623742515
75164485 799433080 648662303
463395 -161043495 -742172206
-677825686 -394428618 -157772074
-988984008 -103561147 254771186
-859859065 -958056184 -543207185
-163113965 829698619 -41142135
225286621 -952135612 -634795465
-427089713 624159568 418130634
236849209 865564733 -631309858
-304517556 -431764292 -802760018
628352121 -842427069 319307236
-635751253 -689950362 255366542
-240891862 -917557954 -821179197
-640861398 701925128 -632812852
-218178806 515661753 889889878
-249120079 -876581406 -106469820
-221823356 -872368537 846393000
703725486 -318819742 -467590846
756699663 -531875758 28543386
-531647289 -807946481 64121004
-167136871 53865083 -115841805
-804209472 -634961317 787176152
135699664 988822551 177668878
-218143636 691000799 204113263
-958524420 -844818618 -949881688
-147795669 878645222 169715351
417714168 261762550 871004874
99376794 628438404 694251575
-219099790 -985207351 -883497833
218204139 87315092 103890620
74462340 -893082870 -945198500
364461543 -318151397 -173720571
60779437 641148566 251730212
148807941 -773821191 225210166
-818627907 331422021 799355638
-247816742 -954158054 -415368186
-694863188 -83947020 595319934
294376914 -474856783 -439111568
-676450502 781153224 -667556428
-736616529 -932878627 -803431076
115645107 -722828817 -861269657
-397403339 -892708792 268452524
219667582 -683681559 189530433
-662110168 -925670570 -339106061
-988983779 701661236 -608139995
-732545579 597527968 -398765127
540895463 425986699 54984685
-341582832 12517668 -362235986
-302730455 649969753 129455581
536688881 229570963 -686921547
703512582 -439766187 -648925109
141722879 -962998530 980253868
809583198 -854698997 -249593273
887508531 897048468 -655089302
581642118 -204922842 436244446
157426046 -59573410 -976974679
554552975 127024194 87563906
-865665532 -934876644 782253370
-559242993 354756442 -235056910
702648970 796447775 -489884012
403547198 -823906328 -138273060
485114042 -253876804 -626467151
161575733 257661577 -527406756
158536801 374423814 -288078018
-992087018 294292812 653787618
102675351 -391592751 486521302
-409309746 -964463401 108024276
658026731 808809888 635772258
148870323 -918861847 466146055
249767152 -893251349 -906711963
-362533933 957914066 -640008868
481573696 -420509602 549740380
-781597538 -764611250 174665901
-241988728 802887941 35249547
-959538263 -112102341 949017305
-275706190 832971954 712599219
168982734 364426718 -159515247
384036435 -590534175 966565797
-173890135 -997131860 -112263922
-774873808 132971650 -557372003
903707094 440157808 -334991435
623098455 -795608979 397752441
713904201 268988264 -249730413
30856012 603909899 -326901180
148812730 954668594 -775746613
-988996864 -889809913 921133827
228660125 -635481267 -241743795
853001960 -608121458 -484919987
