2000
-580361292 744960939 24750183
-983963193 -81001913 100695638
736477447 -857043217 530880606
478115352 801515188 -314454741
-215428826 965315797 -215870894
276054359 979191185 -252138354
-442629927 -867030281 137261942
-481776430 554965854 -854432575
-942852074 -950917623 -912661379
-121618998 -901818922 -657840421
203898913 -630148397 -964098132
-700466618 -624086842 -847108947
-939267557 222066850 198986602
729722387 -241900865 819386211
377711147 -262227932 -9861567
932926620 -61857065 -117570733
273567121 182851796 -283065754
-388546784 -378231004 256889399
-508496437 200608004 -63855182
-436946434 -752591610 993391482
-899404943 55338965 103247689
-661041820 229405509 704778686
-215706896 515821577 -52538539
-997580812 622285116 -258119060
-660972192 -999750033 447995449
983941014 -951143224 169348662
-963160558 379789567 -912983806
-37272150 90194849 -300518301
876750187 -510880523 34255703
-85793689 -687623693 742888587
804296201 450831823 -449592206
353082381 385001913 -794113827
19668254 641883537 -946025793
78512282 275255889 -956291387
270532772 936326523 604070414
376669015 120957836 -326555724
279219243 374454187 -780008122
-158930661 740203607 635206297
748520676 778844022 537231044
-890561850 -41828293 796898432
-182673354 -787880593 -217449063
445073334 -272125332 235450373
-905271183 -730648310 68758151
389584131 -145905381 -533336774
927810869 -124680685 167798331
177112564 -358427698 -84560
-687408537 134296674 -856479041
-257700205 770652828 30163358
800998621 -184586845 908969640
322041482 667285132 53033425
634861102 261152476 807247284
756950957 755727566 -103371152
-111696788 413319456 584575983
-499880947 -258114243 301118621
574537438 731849164 117483560
304983457 -746120597 -939218422
-954710495 -892146964 786171793
-637498086 -917917270 271298076
542626703 -827347966 777184791
-346595254 -243461250 -444414990
-522546584 -231983845 -301685523
133350424 -631522461 -271504267
532091821 599686908 -198537212
468771425 -48593439 289936933
-245438684 -746449024 -979969212
-902214300 262054378 850194030
719409369 -622566765 -970524899
-512125439 -195069914 -643259303
-882511234 -899151819 -967764576
-169160531 42398454 197151720
549587783 -864858193 559442807
-771986899 -202752230 -457022317
-840934640 -460270829 -374361924
-222804137 96549402 801624488
-347317798 -981080631 769546818
-913886606 995078208 413239259
706158728 1760797 695847793
929224701 894222020 -223358095
592003035 -192822269 -10633613
180520476 231993709 624173745
129057743 -835700841 -877168208
97713405 -594259479 767280981
-381210233 -991189030 -603585076
-781088687 -82523550 954121716
-37957052 626938532 -892097821
734290702 19107167 27728733
32316663 -707712103 -363812927
409386787 -140484834 752358523
-192327702 -544841622 -907969824
485517339 -68964758 580554509
-24271530 854550337 -151534195
958714750 -503620792 -270310701
-913095638 -907375496 -522712409
-684130936 -435808677 313539842
-937984430 426263276 -668174029
-933436780 522560824 -101365204
831699485 915986262 -928108511
-299129230 655450542 -468170446
-872167577 -649651344 751617405
-543364130 367231535 470859178
166236237 471313093 104863559
-836609440 -411071680 643357749
-943459010 293061344 79975488
-722613097 811073928 903509783
-573382027 -837650033 859443638
996009088 -568875995 -961823407
664119287 918044378 -991624452
359442005 -249381132 625016772
-452392250 -780634028 -381268758
-683921705 -247044784 191794036
-915818830 -717064878 595983496
883229618 -189700174 -866325465
-983538598 69984042 40276887
334349753 -774077874 -94619305
338351857 -889367786 -412366628
-342690392 -310515324 -759654359
-785966725 479313145 746541928
-315591483 -941857131 -495240562
-905953322 518357348 727727279
-857300497 -567523534 -665674939
-517118017 950057608 -840714525
-585107706 -544152822 -742730389
-965470481 -910609189 -368859139
-735568239 358041268 228505608
52584338 374571568 -899978714
-873335440 -125976271 81494591
181370044 -926691837 852649560
-597194935 873633737 -896019734
307511145 439388902 718480872
-618441159 -598538663 636976313
-972155215 151729669 704420506
-151744493 61167062 -471836410
689893950 -753671252 17446613
-999089602 -521963770 -584820002
-327464520 -25309260 -930870563
-78953271 764929859 -40807005
-798280554 -4190816 -586076969
-689342051 -942061032 576233468
-662218136 690120597 710670121
223455571 -548306376 642420670
602115637 -824628454 847082285
478341284 -902928679 -26573513
-43618388 -949607253 468501273
216227625 -518013689 101800874
-82472376 31368366 -576220094
376910083 -136349603 75448794
-996112672 57764912 333317894
-272242905 -86575252 -936863195
8504197 547859591 871893845
8282622 951124026 391391934
-878579610 -587056508 425826139
-384326625 -857542377 -97134186
-405231233 911945507 473559925
370482264 -417761706 -217705943
-492470098 -554818710 850767333
505690821 577421895 -951352028
336771661 252781788 491244614
603614968 419495120 534143228
759099680 700782867 -518780519
-388704432 143137068 -923577613
-798624527 -562908663 -717789857
-917075902 -222624736 95915426
-46895450 -34971316 405099866
-877393106 -912652256 307779536
429660833 248417796 688719977
-652230734 -210741632 -591358549
271209007 403145807 -191737412
-897423683 -162890466 82227607
31567637 -946121502 142131834
409048344 13222611 -4499187
-571637539 783554951 -216891501
-172480931 -974386491 -125133361
-133542511 -115962681 313967837
-694132017 807605338 190783330
435339310 -275905975 -653346056
-248488293 -791733417 815929001
288689409 -131459684 -719920207
-295400090 -983374153 -219870756
-167639517 791001103 -33126945
82890925 582259460 757484640
216062451 -827173075 -297239997
-938215187 -916799091 -736038967
-9853717 -892451462 -611854255
529200517 861923530 -334763967
931996672 37007651 -44205526
23246744 -811599932 745092710
-57753291 -876917169 -831743228
469310537 284250232 -89245082
-889377836 591240885 684053180
116893 -648200778 -746443767
18723476 831102601 946790537
21751479 166024405 -992933482
-965223981 -641526811 -134124250
-346838120 675510710 98542494
-828895815 -433915552 -107349469
949375196 112183972 -752313547
-890645504 -864466989 -473355386
766602136 -873809973 -111058528
-496311037 526281257 -946300203
34173505 879775247 -936869343
-500755793 -924095160 -510976154
-476994911 739831141 545480544
678959523 -129510059 510347824
-366910694 -570322419 -617266956
453895664 -992787337 469010103
348044814 -361962 442563713
-950896443 68336549 770098797
783385156 -523148542 -693184054
-349186418 31787571 -597375514
83663968 -867261651 536282620
514091955 -931103447 168545928
263825001 -943620907 -953505505
811880364 -428846965 53883809
562417340 897127951 575507491
158072112 992056847 -833175797
-998564774 -887684343 -494098376
-65045871 -853934310 -937599014
63899845 659212451 -741538009
647281139 -861872568 -488398469
-409831595 -254798267 -982562785
485289980 -113494697 -777718457
65892135 23824704 553542192
687372136 -806661722 -419905316
-916838533 439604094 -570375155
-314364780 926116466 908392789
72631816 185381247 340536241
674070592 -868645496 620922856
-488424147 13845147 -264613921
865854472 -529824172 359332312
475639332 -607390683 -743137953
387437284 144365364 837603662
867980476 -276433949 -716448616
-882086519 -651987161 870557504
-973275767 484339575 -335541194
-300584519 -569661223 168639269
-503817303 232453662 -857590190
-403979083 300240088 -868039941
-926330922 -180296521 -297601257
-247997912 597265263 -553336926
419897316 741929589 -956306963
494884474 -682664841 881228709
-272171135 -752157855 869947942
-89608892 -43728686 -370190602
-357788078 -664290020 -44272008
-860445189 85446118 -949053235
14208682 642527215 159574679
-957129387 586138934 -802139044
-865646527 872849204 560770507
-869613982 85175910 -620082992
-981980902 488545016 718677876
-300597212 150022782 943494407
294361629 197343520 -813471909
-726925418 380583360 -316996017
337008953 -910874390 -121976053
-888357000 -55493077 425829737
767329776 802954305 600587403
259417490 -625551229 -115114809
-356877372 -643281705 -478976689
-457460458 261349006 -756381254
-707631759 933566875 562906662
-148095687 -173837038 -338934576
70539464 -650614396 789697824
868354259 -960105416 -139606199
-130569815 -500370686 -995420028
-693130462 -230109959 410630153
679220909 -945278215 210336846
509012220 -686618526 378919652
917274835 -397042747 -880515113
118954678 610717066 774804687
994268563 300417727 731400211
-539828946 164115705 227431168
510953126 -915043196 814514246
-783446454 718903736 -917252675
-285882515 778000297 55240753
-743354000 -978549532 -117248767
-811656682 -877155640 -739246179
335848289 -400832805 144980505
422216756 944214141 -213504952
-378078574 -323259471 -309361284
197442309 677496640 -467830699
-121275149 -746458231 -476503786
698697264 -991916259 -10897219
-399956036 -80513280 883399913
-484907702 -499730113 432965164
279178207 -874094714 -973185492
164409146 624615863 423209080
-154861799 84738880 -735883831
-382767146 -893839555 -949295606
59403284 -81115431 -414972904
27885991 -341654031 -951394227
842374534 735738072 192336895
607820459 -841291354 -857684345
-390323213 949317032 -147017596
-890414813 -198841697 -969879640
170399491 541249535 470826733
229235346 -155798137 631063199
946253027 298351836 -845758253
614469902 -871978353 -706828369
488021703 -228854927 -434252478
30840984 -628749186 -943779567
756159014 -961249457 -522270360
-906172510 425175406 603703237
-277927914 837414945 -804601384
283954092 -260468831 640721986
36263636 -862987644 407679420
-697091061 214819300 -996710608
2226153 -427155379 945999510
-647325104 -176853269 940194339
296099114 -566385840 320114734
160549616 -339329935 99138818
-50715938 274402034 -964357460
-431107807 -4120713 -543009900
-339769739 -805437760 -846563364
-44142748 -930001788 -342052905
-76490204 786255946 -976701968
-767909406 31923221 507108836
918472044 -713238125 733813214
-268670498 787166323 -885096637
-212950272 -252538423 -770094233
402886954 335968532 271297756
-749698364 270885273 325081735
-962885959 -447582121 -208489842
926326890 51005306 -274185317
563659897 -335109951 784700571
434016871 -902265757 -481821776
287746022 93013731 -428090986
-106376903 -791985938 -361043625
-982614168 -867864722 591791438
983482411 -581069845 373951691
262271496 345783877 -985835999
-724714047 -368310467 -678254554
-601379448 -613443839 588955604
-36193223 736799647 389236926
-36046502 -586414635 -864313132
-489998366 -389006651 -526385028
-654784148 830600114 -402224403
389143915 262064343 -836968374
-163309216 -317352973 -906784321
-955655484 -654095617 767356243
-363672817 178608158 -865495132
-972762169 -492421418 3258638
906221380 260095791 807136875
744057958 825962846 623272580
453841341 -454338156 -894357674
-939581936 -194336043 -363219381
-304118897 141943153 -917628688
-446769297 -834230247 -210914394
583191308 900613750 216467309
-87003679 -703141536 -435080808
-56177246 345783600 -412691328
-903757171 866367953 -606765163
263456321 -163816708 720521602
-25075815 898771061 -955614767
920116416 373578517 -571953570
660520028 414494234 492569054
-867522128 368005316 841628733
74934467 -85289145 421665391
-152192318 -750679990 806788385
-284861013 203062647 -308521891
275839347 -304182043 -873939130
-57327567 -10250754 -913478530
-687958316 39042288 -387512127
222542379 -415411928 -985524052
-530745477 446777700 -135622659
762301355 221406024 689038786
-847715317 -119692864 -947283162
-887634666 -187396699 565102538
-270105825 -172355912 736555184
-613278206 125737458 -608349595
-119776619 -525744903 -161869266
958650054 -286538031 655957800
-698858109 -422819180 943974449
897082122 117667053 -732090973
510960973 837272591 -948063632
-962348491 206707407 -224689779
-929094743 -582391474 590768195
-905437407 -884223198 123117993
-177305406 668578236 763211142
-431647620 -726237789 998977127
-802534928 -211977759 -61394369
-691555937 825229571 501412715
-15339904 -621841997 701524338
-275791366 -830227460 369366192
176756135 -922730175 -530484774
99971882 302289379 747099477
-861758079 -836491010 933724000
-983420575 758250901 -434536591
454615536 -396491768 179950651
-696532094 535967451 -206868372
967329546 -877324557 -121390391
860598893 -930743964 -525977027
-861333575 80742495 -504014912
-972102457 -925334090 -165730615
-450408724 155348834 -871894816
241265618 854687292 694888519
275282337 80828499 -254318276
-392621495 650044447 -101739577
118851018 -956121069 332703490
750780782 -937712346 -140382923
351676329 -918064983 -823596610
-812960291 -171311663 451622692
784775734 376966815 -100629558
184668388 103337203 -650623673
739171216 46269474 291919798
597450600 31484797 77438459
-770829169 -587841989 -61708156
-657931363 -433756794 758726767
294512902 124714173 -401382567
-827773327 873752932 -943028527
994575920 -462273434 -855364133
290475898 -291987291 451967745
-120394151 -535275695 997911039
89457722 -519243010 539553080
-716349007 562957828 594089577
37933823 -416657244 -277062076
-282910239 582761276 -697403711
782380825 -877497111 -620219508
488242945 276252708 777306067
314052648 -143091669 -202779461
-565383724 -206856470 -199889541
-731943131 -845099561 657464802
675885984 628659355 -307298664
228093731 241006128 289064312
-786995894 -20816374 -514637394
-253232831 -255960820 434163977
322513634 -324947022 505550415
-71168438 -448231362 -92676246
150679202 -606559228 -473828563
695687516 158809087 655711369
-377798239 685101355 -39160018
-692677688 -793218933 899548973
-788115811 -172761637 -25303187
146877912 -945249127 450856116
-183751490 -412477660 -877104409
221769708 -93464198 280325099
-356103189 -957796754 -617544928
514706142 541414705 -679285810
80103781 622009060 809302704
246447248 -942651972 787482303
270760401 -161088109 -212690026
267739148 190631091 -161913442
-724579913 -101565677 -813754212
354144166 -435507511 -250768871
194977757 871896670 -879723962
-294334737 255710907 -267586245
-940838931 -950314065 346700106
42331661 695281491 58119736
-294266704 609311155 32751463
821541475 -951664883 -946183843
-500075502 -314893003 -888125709
-375147225 -914406597 558945833
-498245455 215803477 269481636
-281224643 247405664 -965249851
-771811429 -752908554 -251265860
-272465649 -444568090 -987269542
-659806956 65734566 -952851207
-207118847 758485616 -767824098
-486920046 159726021 501514333
901529634 529232871 605886284
508219885 -624745055 -879812751
762835295 -154675480 -868223189
-978702040 -261802157 692638120
-103261604 -4565136 497174461
399127650 -779575382 380529249
542194701 -435342175 773075363
-953709360 -888640471 -348270651
-28453518 -533198841 -980289346
-915947612 679260311 355650571
197104727 225335239 37257642
-469316238 -142431569 -846911527
145508549 276983639 935458248
-144747215 -575907746 -90217378
163403375 -53702728 610183088
-758213065 -85440861 -599683088
-382485274 496875224 44646694
-967860470 193770303 -982543182
161641735 -800220421 -862844580
-40468088 526268168 -939933125
-945072725 -876680816 -56671501
190715813 -969607982 240259777
798296082 -667699516 -741952
-900574295 76001683 747118734
-719468471 -996161986 -223138042
-811622417 731993329 -911625577
335515777 498325949 119634391
521141562 -630673582 301912467
-510714109 -765221698 713601181
-517299033 428927655 431617357
955978020 113542984 727055192
-944347910 -62397195 -791723468
-29287897 -948356830 9843236
246749136 561757769 -532439762
704851272 404506502 828279593
-26878442 600842696 -826491876
677634823 -578668772 -846169284
-817831805 -628712561 -703717628
660182884 653492430 -697248462
-190471799 -994693351 392001591
31694470 -979930000 -366995411
585209102 499872644 -773709297
514198415 653403997 91139578
918140785 48593160 426203781
735205654 211639796 390739507
-955470904 -484117082 248247915
-530961198 -254928949 -615705185
-199712346 241546217 -569456874
-969237508 -933375766 838497919
-637127136 355344795 -213538989
-88036910 615973222 399406306
267933886 -951122425 -957301503
-193827111 -570552566 -269950666
719408231 -40839343 -852203141
463839016 850728658 660699018
83852234 -3565389 -970825720
247794595 10005668 -839156144
230761971 -156926572 -151581295
-900399238 513015034 -145997745
247841931 551919472 268649044
-950127950 -302193940 580029479
504607434 491290295 -334031526
914901342 113684855 543837573
439945992 440475995 -291956542
475963583 -290302011 732788985
503635626 -290532084 -516503841
-922593418 409345700 799931606
455593008 648187230 -891592345
664246523 493370536 -355935490
-85116383 203640777 -951313778
629231675 -840928773 -368993615
990610085 -113794303 337384183
833889865 522685715 -578744464
-399724044 637859522 396004603
357858338 852750443 320049261
-389609656 602448288 -144769044
-746292331 286970913 -847329430
283794405 -100951070 -311685165
619105911 -905152725 -519513363
-965725424 70993145 -705544877
492954403 653960847 -68970401
-439741428 413318115 -286062485
-625677298 762753970 -875883102
88015694 390829393 739073708
937309562 -936285452 768353298
635159872 413598789 544290316
-888859267 -631294592 -748421840
756802390 -869200973 629532312
-401382434 -754128495 841912066
851411802 214943162 324095864
-749927194 -385907043 616788226
-883551394 557789516 -617648900
249070875 967345699 997600759
-232069653 -357677833 101667339
-665763750 50862815 241906481
44290518 -220870444 -115765806
524907572 -950189025 306405477
240983196 938265466 -79060969
-319133669 -545369778 -583669145
-886424328 -762747583 -698735229
287122146 701923894 -37139579
-824157745 372551331 -886834680
-149507579 -625065351 422449448
919616402 564699503 -907716413
-649040615 -331933938 -492057873
274529821 650894328 314814484
354047246 887187287 728114277
956312456 995714305 -702054313
-490510207 257708553 -640349520
928077735 -962977164 -852215845
467052900 630347079 -464555794
915576002 207115267 -301821710
-732332053 -180134438 60274035
-708796296 -202261242 401520443
920818661 -887311900 -166923087
-48519257 264580903 75153240
667472811 -906681973 -643257083
-713639109 807558825 -198811011
-439476558 356059409 767461678
-876908249 356584385 770668034
338157673 442790824 26966489
-377925896 -964896755 400753776
-921778487 -513714805 -555552859
-69741746 236932737 -962449761
479706897 -693766560 997002736
906339255 870361995 -365843827
839743193 -301152609 40387462
334544544 -127209203 -969966018
357352179 293433672 -924758592
-792723726 -14213597 -44172250
-881715242 618929563 972854073
-586306067 165736741 -162811951
973018390 -253485592 955009928
-968229230 21954659 542636240
-981505965 537372531 986315515
582782971 -892263694 45425151
-376335171 -902446649 776048217
-855415280 -46997612 -543538030
-475618424 683254243 -153387294
-799815066 364379783 -587739330
3717006 -582512949 -868482768
103764174 481510090 -945685350
-564457164 -909404050 -991160674
-198624574 343454843 742097116
470075506 518904474 -925146008
774924284 -561486586 983748618
-727025644 181412147 373589655
-725297852 876764271 -276147454
-812597858 -13999692 767457819
878135215 -192548373 -950719801
462934673 -688036229 -523268380
-516170191 -510911518 -625354320
593659586 -748781580 873073068
834975457 208813087 -561838111
405198848 -853245225 -96178778
-43323570 528487974 991563550
-452875496 194883626 161596104
733683301 -926810554 -986541667
-353037205 826291735 -179322313
904819899 650234579 -919781641
-253965791 531013391 -271598448
-285765592 147318627 168386357
-224643178 -778750380 514788462
62079454 611664789 276528306
984391937 -786716215 -982836296
676335319 420966465 234247789
-141736541 -107960816 975899334
-890003611 81711397 -878296916
114698424 188686060 -496230543
-891788008 965918969 -785093751
473456229 -973727444 500967647
-606060701 -165109767 583342558
869515827 890674955 -885992490
-448017754 -942247324 -5107287
-885499831 523946956 -114261303
543525191 67193427 -869923951
-380859761 -869942343 -174800109
545006956 -858477788 182387076
697553982 -675915331 -207114633
-785785546 723664721 -511470387
-925119323 -760368593 -848480678
-926519482 -899145203 -782942035
496645189 149516227 433004254
-579390202 -863683276 947535255
-604732506 -494846098 -923633686
617586912 -261056067 -384684754
750833966 799384033 -908864272
157994022 -723689746 -115641994
-726083379 -112735544 -473116486
-269440701 957781791 651819064
-564178915 520115541 -817300656
-632263110 -759680266 -51459540
877261210 194190143 -543231456
510912885 -883711570 -469042968
194481810 735103680 551338766
-713632016 630109485 -355429981
-866392348 342473311 -974467235
-369725043 351434049 277850542
676838829 366083717 -958786310
-427830562 -9861369 -294206907
527490293 -688051916 -654474548
594115707 -690379243 668606090
-531774930 963752980 820527083
-668834860 872780546 360830189
-554294653 -417613833 -894567143
-642667355 287511873 110808107
-958624739 564106869 -107783498
-304590771 -418224036 692902789
624047773 -913553374 -201794393
-335895366 -921473465 -297804106
-474873652 -854774216 -687541685
-984463381 -32934263 -231373710
183798445 -587086679 302592201
-415621865 944186199 197391682
-209375810 -966488517 969747057
-917413491 133158525 -847840155
-285242097 -517038433 -692398083
28507399 630844463 -440500320
457456891 638324199 -521472412
869760408 735930086 205122636
221927242 -113792188 -846529737
7467752 373615704 -795804340
-992893167 440105549 -852068890
688895689 -666112777 146003019
281683332 745444665 337820626
674911552 -928784749 66348001
831758219 -608018073 942138955
-136023307 -33088942 -880826385
494157419 800678860 764997477
463949162 -437811863 -948856622
-704411986 135150364 -7887076
390836416 -383676661 252469911
-477456558 -909259462 -242664500
-168657084 92658040 -196383801
-868526632 -857050061 -598096157
206575470 -984814427 206320651
-986993297 -528625563 -580209065
881174005 -138844943 -456948781
738014459 -19845441 178877504
14526724 -618599942 -378305052
-573422175 -512587228 231593623
-202941680 613759803 790325993
459835528 551896874 -935590820
302251342 -396068456 795638945
-957409418 -846344805 -999026879
-922149889 -358923499 201443529
972709160 -302873791 848745976
821042045 -427271714 641260378
360300230 490551258 -571417534
-377682540 580210050 432480222
159176180 -722895504 -945871392
249896933 372734393 -894408050
846753585 -226205489 -975659665
461893185 331548382 910796430
866119352 -825686230 -609565624
-921878207 -772696363 -205772020
-634302282 -461540022 -487534082
-880786029 553747757 -287262651
-249922917 968594050 838617616
-769464694 32515751 -939656151
-183420122 -532906083 -693199448
137262790 -795499684 -425475318
-776126591 -213350527 -923887439
877940716 -24639528 147785996
-112910149 446674795 598423402
845341282 657945097 834338693
-676196342 732555229 948432643
106224916 -452235707 977939166
-858967400 792358372 -300773080
285618983 801714336 -709393285
-456745755 -936545255 -742836131
-19793293 -713323238 269852956
-631779948 -969038855 984390540
535166626 112000896 -684341030
863693489 -404073686 -72253414
-326376247 -891542379 807861438
-32298379 935768117 -561117216
-547412899 894197241 596018814
-198009780 2467122 -423775992
781032880 -303323464 345097400
471146854 -595388943 803119613
434030241 -953736247 117204961
-214572185 -43532238 193018642
-299734107 148002176 -494176301
817864278 -910875102 518922982
-222017195 -430566571 -830090411
818605827 -307629894 86795387
608427225 832495544 -409308314
-979507936 -817348286 -72484711
-521489912 -874670422 324262310
701410523 570071245 -79477555
819302902 -251195086 -492173282
-842186757 693861815 474841568
-963354174 755497261 220034578
986824219 -184419372 539400212
-184700083 -436827665 -934601465
662836990 844519134 -921539662
-878604443 608823140 317860021
619642770 -975638252 616527909
569125473 882147395 -116094830
-242802881 129304910 -871581175
-298564084 -197091595 -620463226
-946277034 860431253 972575648
178801361 -98191576 -773538427
-346823379 -921181300 31213435
414558873 395401779 -952301868
-417358295 597990047 -90805926
639466213 -649238216 74614223
212526846 645603756 -385794847
-145062604 -409677123 359299420
-849444872 833947071 983006310
-138221120 109057497 -413205597
-535671858 -462711553 -682281196
-628846794 -482561975 5992110
-421159960 -177883001 -580569216
442226291 -585130903 -661840841
952506572 840756027 -24720003
-622928463 32929874 -538722324
279421343 509234153 922010355
393767571 588247666 436553976
-134922542 333600363 92394945
-268457058 847946550 -864325931
-951590629 -575271847 -681182241
65805268 -728679498 799116293
-197108981 -207909895 -85899243
-542988843 -394003617 -242532074
636824832 695568316 -882793567
541909926 489766223 380020991
192845696 445264337 660131049
826010758 -871265088 74010104
-530167469 23142928 310687352
511389562 -681831289 407009077
566618043 483666104 220419118
195586486 703288366 -51830482
329789778 823641473 -223900548
343099340 -181584251 -698049185
-966296544 948333484 773152787
367205083 667330196 921173992
-939930948 -995567077 -897510019
-371348629 -946391948 696234371
-765266460 -123044896 550847017
-314037752 554967662 244641742
-951027585 530121462 -456080757
731738486 684045116 945127954
-208903739 936165670 763418759
168180225 -911748044 405150337
706001172 884741222 419169492
441338166 -917689545 268457667
-907923997 -665695677 522304221
-437000166 -367790884 568340574
-775827346 759704881 -939210604
-793886173 574057025 -317417027
-348319904 -50350271 -327227587
55434996 -896290693 277672446
-537166806 -715672610 771348097
-284536072 636048208 866267132
-18505648 92790568 -272582602
-83164869 472718337 -94186158
-906121877 -36575966 484728052
-879645674 384564872 -223381405
198103176 -280774975 -863545075
-822119906 972119600 426901708
-50310096 934676595 671890740
-417753248 400914946 815208751
-885945184 -49743511 151602109
-743563046 -999701846 -169605089
-815123399 918291207 -96851105
-928099515 -759906519 385764743
-669512520 -76101556 502776853
593385332 -373527832 39990890
756063551 468483310 455019000
-161489351 -63646942 659181163
76197599 -859414603 -110841561
-952088605 348248166 -40531686
-57578551 -737063651 303993363
-25530456 477223901 293352159
937345776 176212282 179593891
650048167 -732851786 -804290300
576003758 -559182608 -477316892
-271063789 905787165 -877985205
-918368043 163768360 -377315708
-114495138 790358960 -542508275
-778031819 87415517 243378140
15816755 93923539 -857715327
715594104 866477152 60655473
-865724230 405024400 -295873914
-770445316 -686484130 -507808075
201767447 214771991 -697430041
-962957460 754803959 936966890
302633823 544226158 -82973515
297783331 936007642 -739479073
600794988 310506647 509311661
-804194695 -524574706 -998248842
-682601454 -870711947 -455849441
200196761 553094686 322451767
833229064 139368610 -649014297
-778896972 807254773 -166029014
674479487 555011340 630881302
-532428481 -563442629 229306823
-559215675 635367421 -363047720
863429013 -61892264 -163081415
-975845283 -31578742 178298912
-298160665 691901072 739070230
-242868488 -297641138 -862982291
765240795 -248858153 -816991290
-995495855 -240982140 912531387
-201699191 435188393 -642222796
-478205862 798219446 809051093
-482335543 -90849192 -80265492
-206942377 147067355 694450757
-984191969 596552210 -919823774
612878408 -785836119 -183460438
568581174 526004666 102128168
-655232551 -927719141 621527766
-384960493 493321545 -720102751
534360137 528476894 3186303
229506030 -553021405 -305514519
371639771 563596738 19952843
-155190795 -561257974 -954341858
705511395 -803520412 -902334313
-323600788 -551594672 -993352156
-903060462 -755705288 70399492
89847801 733257577 624203424
548210503 -147183809 -224739197
-749973813 827916334 -9831239
904675308 176172282 -929669841
155958943 -584893635 880311395
-185557967 27096220 -945163877
-877283408 -181608836 859721161
487311917 273491165 851749178
-834228180 720065996 724598844
-131585561 -860722648 -251350498
480899705 -914555096 370733628
611911500 -679516965 -29654419
-660503691 243661562 -252160923
576813 -574234594 307327828
-125538657 532927686 -698881450
-178939785 -62042103 -951666255
777132499 963037088 -781356823
-921845819 -169492418 46904046
914004330 -822615647 603088926
144633205 -467281554 622771598
462732875 784528068 -459490575
-386300644 -116192971 24136539
-759351825 925277778 -714069062
-747494441 776473251 798694880
-429585515 -484914014 768172000
-956564406 711715383 747272078
712804639 27587671 -899136438
-437594305 -318425990 81033094
640888482 944371265 780285653
77732855 -388231133 383660232
-953752457 -960659654 -978779344
1937835 -903525475 238079624
-454516401 -161863878 301830340
-89720638 502639360 170999175
-876824656 268730914 374035793
-422732735 493376122 517164667
-105630561 -944152729 -82541257
-20558468 -939402855 -444872759
713702317 261520991 17333243
508085371 143223976 731975260
-230939789 755146631 -875873600
802707852 310950421 -168237990
116428662 3560820 981096335
767126893 541579822 296421481
-877244401 -865267744 -869692383
-724976085 -289959120 196279221
681773424 139548624 636584427
318794147 -92389214 509908176
781007699 328888752 283005282
216485 857248842 -554631164
380858162 84278399 884282895
-761386070 -72059763 71119164
166994594 -196843091 895224340
-515131646 -589614293 -328527280
-81233890 699424956 -730582599
-191882394 88879238 871275315
-18471670 999207077 933643234
889776394 407163064 -696437865
445952080 -899476893 922498741
-155160145 535098094 -760776972
150573839 862474273 868353623
894772265 -689886811 507330033
-835742935 551131185 507803802
274814842 657508680 313934364
25569342 135355899 -514511842
653268759 -656279617 19861326
-973862439 71266556 -944113171
-619650899 -197593757 89225787
96986260 -4190361 162141191
341031681 630768149 416399002
-670713425 -915470497 -654587072
269743350 -318358723 206193786
-326275409 504341522 -457950051
-205285677 121314257 955345752
-941815584 -166868694 -137030247
120214701 661654660 399952875
706170895 867962315 -132503121
121166069 498274177 198242565
-415752703 506072148 -421797690
-576379400 -741411853 -898782692
447539517 -416284015 -318183755
-695011975 -55484444 975364992
897458782 -504102319 685486133
59943904 -995989059 410763763
-893246932 229118390 548742888
331275003 -553557511 929684483
800338783 914276032 -711458173
461655439 -416716871 -802487660
336724829 -117296735 891348320
148100007 537454316 -270239285
27835173 -935142760 -871830631
-465540218 -6214153 -642746832
744115832 14542662 -158780487
811356495 356449462 906855190
602499158 -249586363 970194760
439265035 938464150 -961142306
-405846446 158060893 563838823
-669868947 -611847876 -116419120
86319608 37030053 -395862976
-472755276 722721937 860658878
-936198890 -829583510 475604794
-942871602 872769948 -814452388
372091885 -718682172 520353544
-556757892 156367540 -382421597
160884141 -582291893 784137929
-337154591 293112298 580995255
558303403 744210279 -554217244
567953528 481810899 119891395
-893143453 -207816405 936298032
-299861182 36287890 802860413
-857586747 -675456328 476145016
256826165 -589590716 75397312
-691924952 713438576 897366095
904681458 -840379789 -743345497
-83481261 -488378344 67743131
100728259 735943412 -222760016
391552405 -304212311 687716126
-609517580 -783910555 735896602
-988906212 138808962 55177909
-317080957 898857646 -910248246
99652712 -674362353 360614593
-674645431 201698380 619856633
614062254 765255109 -617892038
804473916 683627817 -135575405
-493148569 16308695 -222901962
254282876 485580224 -937119504
140753252 -505071072 -16230015
-23459849 -136245049 -248405167
-168372822 693584931 140769291
455591742 -630583892 -796915867
-606438935 -373328124 -59779146
411877141 -346452681 -988780478
698943867 679957935 352118645
-690678947 -947703264 -623249420
-907420043 591875335 -11741114
-805872477 -303758510 643849381
882396647 -897972059 288053931
-898847758 436285526 128352415
94916020 -403416332 -890785697
279395600 122238427 369447950
777970176 -500360616 401495716
-998689409 753264707 652609245
113766373 -546454887 -198329544
-678660430 587559776 992456117
718568123 -467010260 838482675
-896593481 -171621434 -209093218
936927322 -389446890 338381960
740691890 -562562823 679330896
-730036041 -433935765 -535705010
571483465 -311286107 -961303678
417112706 432253378 138351595
-750169806 -682135664 469380188
-419756842 918295696 -135600891
-859681417 275724566 -977942373
543927146 -807875905 -21537086
413042552 64885140 924109908
-103655148 -452805702 -695192494
783205042 -829024447 -330089967
223549933 713366584 -680459062
-871334315 862465900 -781483681
-992057996 105734918 193196360
439015117 -107468493 721778245
939267041 -32204808 764908500
-834184528 -880771687 -34782541
-863023887 -266433555 376889316
-894737739 -663639800 115858310
-357219303 694123749 78965725
992535967 -114424468 -550435579
-226022589 -348369964 760385050
-460207406 830182858 -10837003
-982612291 -760683043 -890116939
600175425 -572645071 -468649149
158668332 -102112156 -275719821
-828568245 632240236 -900754581
966162391 -88802655 -32270518
705427544 242788830 337692190
-107896743 -781650367 -113490976
771995388 354399609 921585202
-40611477 908272426 -331102274
486220205 -915103688 681662600
918466677 -900163978 -397575473
536024661 838305159 -310915644
-152136592 917028700 -623198838
259089336 112770104 -537854982
-287949386 -893172458 -691614830
-404809547 -821477585 -419389676
-403817497 -45865964 -52616947
-895187509 -822763475 889312071
5331378 -713933316 562617019
-694900458 729045703 -710986133
783088665 -649281328 -702720978
-478726652 -760968675 905193056
-440202263 -875949805 -882620524
-433524017 611503505 358183375
-619981322 -212954587 333935827
475735150 351743347 -922281793
652563178 -707974928 -276218528
-51117750 410712138 -428126297
-608107156 -575258590 -194506983
219380304 -969640474 -251436313
335619411 -883194633 -110376102
-733154202 -797358260 183642557
878358723 297046401 -920283103
435115325 -99635283 339587763
-591768680 -441594106 -109149375
-48625234 847338355 560315033
-284675743 -904862719 -419797382
609800923 2343396 -845285820
46555019 -746462299 -896824078
390933180 -890065395 -14535375
-654695464 -414584807 -759619009
-997204236 -863730322 200441862
-766307051 347032157 375649852
769804665 274944461 974757975
-974988254 -99580062 722760790
-815116729 753634758 375940697
-983365063 -670613253 -789852343
-951822924 520523448 -942516341
-177131862 -163540159 988725553
-23562329 -971908721 -929416638
690660283 926694611 -461785755
-507738227 -6753098 749599988
-979374909 147430293 -496104238
46338716 460912849 -773693896
-264133104 972700311 413671314
60683502 386556234 761375002
747545765 -511989802 483347572
715867367 236073816 88787482
928643522 365244705 -946881282
-461911952 658284239 -902945305
711640979 532418802 -239814894
347050478 623661468 129347665
-549789649 907247977 214210839
907830971 -986300478 467002334
-783885003 -315617200 -757581486
-947946391 -341737109 -948376279
195866984 -540424035 -708670640
-417060210 -909511039 -604986893
693938316 -911531036 -557031319
-517442264 200737053 -832206447
-490544143 -932983971 733935706
-199871727 912825928 571766434
-985874878 348046398 431806696
914881094 95857690 -883168580
-488689694 -843375417 -922313637
-418106447 -941996031 -946879691
489190643 -643153444 -273686021
930207307 623244473 -162764478
-608533995 -979492843 254164750
-315302757 -567456112 584569704
-120100313 583387230 -958517076
-919352894 -990231824 -122912677
170762897 234232389 -306957190
-688207733 -222285868 -665421614
-293754831 -28993508 862031872
212834222 385312633 -939947325
-379541422 306335700 222651282
-257754409 -630673134 932267378
-435483348 -480058336 -417686262
-630554982 -287909007 61175893
537119285 14516948 -910479519
-183476274 664716139 653288466
987180107 -979316113 -557243148
-188795559 975483067 -986915680
-725068222 -690829423 655271451
131809018 -410146673 543962786
-33093009 -968206277 -262622787
-141435154 -302334144 -563816838
-5286388 826380607 967531339
701698852 -728961243 808196471
104846106 778253177 -519772289
142432765 -951150182 119587877
521779312 -958449522 -647988615
-121022766 -797076718 -110430489
-948500751 761509453 909483716
-884104823 -33635412 849777971
834635563 -306492330 -986847340
-683609672 -168650393 553156107
-992404892 -380198289 -477425675
-978031039 714146756 896703760
201238272 -616076193 875825840
715000507 -341058864 848207277
-720245055 705007374 -742996160
-661174876 -540728599 -868426706
-91017951 245532265 -473759267
-662027240 -171330929 896850917
482893296 531490303 -587868520
611244837 837500786 -267086532
-283977408 -929422452 891168794
765914800 -570964262 -829217776
670096044 705185536 797241196
-268208486 394627859 388642133
-363801530 -300802103 -953075362
377213375 934855868 834531909
-619300523 -170997009 977304852
987492738 -989972188 606141605
-712091393 664742734 991242814
-881948629 -937014825 4757686
-314538182 994677765 43807283
-819873035 -431638527 -2879940
359325984 -316004831 -271098356
934802252 393416754 473511121
-54524621 -99575650 -410517196
-772703985 468795815 -120321654
272950143 -590962862 -922511919
-944008127 44943886 -31049
-481578537 -520789264 -565473169
144008885 216900878 -913575032
686763318 -950772166 -947833508
19925279 -771295164 242003153
847580494 839998598 -508155840
-369707128 -906450035 -775169466
-122435111 -382251083 326240971
-554485156 -704344385 -445878123
-413802518 935763814 581149494
342392376 -874039921 -794309631
858507335 164237563 727679031
-873893388 507970987 477320957
14666683 -505671458 -960923699
-11181594 168598023 -144735901
-897627427 -1197891 -933758830
973727490 574786998 -537761209
917843962 -859766545 323096201
-997891218 -949792852 -862357205
941323460 978122688 -405606057
380641561 -26612328 -307666487
-651633801 -817469556 -662925000
761190667 891924607 796050205
362798696 -200537872 204372375
552303605 -776466152 407665773
-58578359 318775230 893064380
912459109 -167094297 -41488498
-879984388 -45027001 114226005
739684284 335239463 -221980489
-918680481 -698124361 -990540658
-827132780 -758815141 113596279
-963410890 -445124191 678060329
359899603 417614637 -628691352
820894465 728309131 -341437212
843899637 660213233 -620317087
-398469959 692177386 -177103238
824672640 -592713493 -304443714
-443942415 -754209133 554295139
666181418 -416359848 -799123935
-612820805 937781720 -577292513
-414215650 687873542 -796087441
-20333722 -306527525 409397998
-636250199 12796718 -938184123
-338639264 -867428706 356382408
540210651 -631801926 348254566
606515671 -882578604 187709958
-422666008 -930692418 144202125
-972239920 -110302130 914101683
804903161 -934389024 608989239
881222506 -643924686 -935483363
734899392 132665082 246803763
431815849 -983723778 534002451
-949017846 489167406 -482646722
-500760507 -727886871 395630740
-943917287 -150597954 -623085249
-966304037 -903684482 -519754677
668845442 637335789 -590423886
-154278987 541255439 -637910830
-225866102 -974592015 -734265332
-367226502 -15354007 -432497321
156199841 360773912 556412892
-620015463 557594778 -288904879
316394453 -78244853 -494799182
-525145039 281074651 -549665675
-631844413 922412096 -877632391
90031485 -916282873 -338906435
455018842 551845683 364481332
162547663 -746971977 938206146
259791824 -233439754 22645840
731929273 -576873962 -16583535
-123969876 -911133165 -428567186
245923402 346192194 760935695
-698949198 46810362 384162759
-323699299 104047504 -166024350
-684631317 -298712198 -854322246
647759409 -44082434 -84213700
-664106491 84580620 -934058983
635968561 445331352 75286476
-86677190 -157434001 -873418155
353648347 -346975683 269919280
-907915549 -258601195 612413199
-196255820 655787231 -803671178
-597224150 217218107 851326860
-241422674 173869774 248477846
-395307237 -637032686 -188037138
939921975 -415973607 -611110928
474496664 536189969 206006147
-644030748 377804277 -307714566
743045120 837234959 984115888
677339904 429374972 -40898328
894023890 -425496810 676150265
150218177 -780954804 519533143
-169998911 545676580 40014162
516279448 209689402 887335927
-481438307 -336806170 -331232351
289045789 833199677 -375834965
705493523 705852098 833678590
-911321292 975908791 235782132
-741320456 17235895 71244981
-918848702 -358267608 -858958220
246963351 704845753 -180071816
-12389759 969826466 866102336
396347170 -938391204 -347574709
930366022 194324772 363877673
590124580 -952759076 -232689719
381840294 965331729 -887611895
-366894056 101698730 156876585
-671591438 -605114300 586509714
-575617604 -491532847 126147456
868749712 -37889927 78830975
-995021782 -952988013 -349806306
-997383294 -680482792 -50184738
-129822577 -12547130 -505085175
32084658 -529130009 -42572178
923490494 268942641 -75837452
832820289 836602133 -546755507
284387933 -962060224 -269712837
-230067613 716742977 472801436
283541133 -985300690 948788912
-972501974 681673372 387612444
-886924258 -188252567 -642785270
-268238861 -919589589 -933368473
994492294 -445354796 -679621996
695127906 -357792108 295713715
-860297959 -916636787 797933867
-889189091 601015015 -929859132
-258681431 -699548467 588204487
-909622265 580286621 950123066
-876286047 -861335259 -840748164
8731560 920958203 951751011
-92251767 189505435 -160314796
-424241981 199168141 708200283
907035818 -722571950 -598681997
-956549166 -860223949 -285328738
608459807 880608567 -655280381
-310090970 547313345 15365460
-389792970 -918103324 939115750
55587834 933352466 -856198531
-668074849 510933964 165244104
703174257 497051913 -667078107
-298117111 -81395423 96221620
574876686 -914160006 -814747952
322202270 -829765059 632393440
-941401777 -862323336 977980720
757452169 -422066914 -753531388
-439208764 -390459764 330513835
-246528995 712198432 -858368267
461836224 -960417150 -318797176
-341824484 -870139812 -913651512
-432428523 517549082 202175408
-497981266 -449875083 -458979127
-56079630 739819794 -724973586
161247527 667762534 -1002129
-882944452 -568221073 -354312203
329253133 391345276 -305160101
689480365 374668228 -853817379
335488654 475654213 -49846174
-38452775 -696032212 34795730
222236119 621517444 -866174170
240871099 848055534 -99916140
-208934289 209718793 528178001
560568925 245412755 53723726
-886375476 478593772 -809740123
985413563 -18389166 865012583
-478481638 -923206724 -907155599
275334683 815622963 -264366439
-995127595 -117378403 -156113984
-656377124 -426133628 -988449677
-356692843 -233397444 -557639087
355371730 533124360 -197976178
-541866925 696816081 439107997
561163442 127654254 -834706826
515023494 343864989 -618192517
-262932140 569296827 466462958
-597741085 573612804 -996127653
-403941172 406664196 205506832
855377302 -13509875 -964192401
-744653805 -998748478 879527570
-164080126 -657043453 -940098061
-367892024 487063097 437281597
-696486519 248435926 970332057
-931184952 639576124 591750358
-986931788 369638532 -781097614
646355658 123617135 -911396640
-415385104 426924759 149713989
592589045 850421 714652357
-948929325 -483701681 388100081
609761088 -667026077 921144258
781414735 -532889311 263372794
-187475036 507866243 710698641
890842182 -596460934 702024777
128235371 408439275 680405028
843940034 579851979 549012138
-329784101 683460466 -880555696
-584817069 -391743135 -95522168
-875327281 251561873 -229294161
-885631111 -203931388 -604744333
276839558 -853773840 -918148182
-564356308 -995838342 -382525582
-639463416 -40839160 -208104253
501695436 -624519428 849942845
-501993747 -881577762 -899355433
-736118601 742274038 -551290720
-971450045 -962397128 496471696
-455622823 605048457 -872348162
-122405273 178201993 -349251505
-484703700 81914554 930285559
296248740 -873199061 125376119
-292615109 97000534 -587951994
-573976326 -973407236 -165883698
587192954 -748914387 -567427723
403126757 864136032 235626782
934695158 349425378 751585771
-958391457 -232763472 72645107
-838250052 842294662 924242743
-702938300 -486042280 966846698
-594953103 -992409316 712906059
-990930082 695912010 618786826
-463455930 174885983 -547760861
-902058623 -300128278 -969221691
-12503375 -190700930 -239368076
-877568988 575874644 190903064
165049770 -810930766 672112488
-497804357 278580082 -149171222
787494101 -809769505 -631190731
335374003 247281227 495588928
-819136956 -550713604 394354697
135481853 -176962790 -915691723
-399314499 822557434 281557851
20731835 330165774 631819739
-622130506 -566989124 -828109223
-359883786 -895734878 990745185
-788658131 -698462947 -233485607
-445949211 -864431258 -495412698
862830248 -764812161 -343521981
-652630724 -709081568 -738010182
509540800 262693270 161225043
-473271354 446293992 -250148973
857842165 -399521754 -217557749
-190252930 -954587542 703078717
-573851622 503665810 147955430
661938003 754361559 490234290
-321644967 -558503113 649077925
429996476 932056664 -149685781
339210997 -789696962 -128608343
680885386 623896863 219696414
-634149964 50814089 644243605
-928240672 -747335221 799686946
-536484374 -651664587 857654862
-28607112 -178334020 839585605
-965105193 -656171161 276444091
237285294 -328218056 -858400822
-365651027 990113678 -890734474
490474104 -284636954 -433053581
618972635 -124527476 452803987
760638762 -864546455 -878112462
416264205 -436032671 -856439612
608560664 -174613684 338967078
-321339191 135362612 -366322936
-286423170 -253681289 -205401458
-341475238 39752995 -13720447
916814483 356159627 67299758
-674350545 664466148 999778566
440799153 322170043 402715909
762953394 634390991 -41616920
-510122544 240281348 -677480272
-910100159 954072852 862960185
304781121 -982365526 5314122
351462156 681616777 120999406
599939025 155436721 346850114
-980500119 -250096406 221196581
94182295 -188729264 -31523404
-81729070 750618316 -564367160
-312285668 -352881722 -873013048
775328147 -51760955 315392392
-581370020 -936226790 872561500
476650982 -209298828 -512243304
422320962 -671348420 817510932
-423164254 -115397717 -837530393
343633770 -506587325 723079348
506123958 -853164949 -79881806
-502806642 83347473 -54152900
-433311751 326322151 9351770
-986648588 -890053703 -428345125
-984914574 450113144 -415568799
549286744 750690829 -258385823
-505809573 279296603 -164230847
-982674782 -546729943 -738656735
777299813 802096113 502424901
-972859148 293240197 -790698751
715346129 82733113 165958902
262476732 -978918061 507526557
452816908 565495744 471421596
-632139744 -184215271 -447999285
-264124327 -415808491 28325403
-233438840 -753464228 569589978
801282994 -790662156 302585777
-940774897 953187663 -623069541
-396571774 437786380 -778249848
211436227 -483483690 -297938927
715610525 -126817421 993557849
-561498451 -292517865 181086454
-413070870 -479839813 108175910
-970604177 267238234 -953940303
-948403513 -731283290 745893253
743383351 -437992749 864526020
-275479732 -698896775 720089288
554304535 618003178 961730725
-99643932 -901734307 984923068
-2052396 625179742 -119803085
406711010 -642374669 288587306
339745574 552428016 152419561
757199709 -434427196 -532333117
-667401095 -81224327 -511454545
778993760 643828359 -388494305
243106591 477319200 568009312
-288766584 930268072 568236652
-47439969 -343692382 16350706
736066416 -265485922 551991219
635224653 -687622561 869432418
-931877042 -112472750 913003453
169780668 -102797603 418248547
408247610 807041038 -300093805
-901577761 -628275263 -22390357
-370926355 41583447 741228995
-93051439 304425080 258275761
831858228 990466406 -603295382
826185509 470710098 -374133748
-299035717 -233296761 545790711
-418747084 -188061636 684757241
-969296613 -968983372 759389504
186081875 -379396724 397525041
-616905366 298472715 392940820
-503804474 4154005 282418044
-942626010 465676741 -938961318
737218 500476991 -196330133
-60185117 738541026 -507949414
-760392510 -656138684 -932715100
770866147 -980030461 304758317
-759412894 -567372245 -472713989
241171842 -381871340 91417620
397390931 -342304239 -203228605
-139340591 -354959148 393854260
771078248 -204015990 -636202402
-716275406 -732705203 961744038
-674156902 861892977 331684236
750217543 -523812076 414075319
181136038 -75623536 190794038
-635359582 399712517 -499326301
-347931826 62238469 -842253546
-510969558 -155929292 -962069386
-731893313 -387900122 964572500
-773307618 -320657683 916824522
47736662 545767114 953247537
-940836770 -546298575 577834959
524030455 715536253 -97993095
-312430006 -538774409 -744933423
895317248 -296727115 427647493
812521219 -717496606 -465595985
463895647 640142820 632851143
-996601484 610374137 385912950
-926172555 732729710 -885320579
635237559 625683047 -420619788
313514001 -194205427 -414172945
-943529870 994457844 230320939
171697737 -79790994 707431582
692949860 272829081 -964588944
-1095729 -39770314 -21005925
-69109026 531840385 -873424997
-814308593 -831423354 -521440760
-278189583 -292955946 -509065153
-986363336 -458645474 -850233521
446459817 -961238332 -123973767
354835728 -829026834 -650717715
983864237 105844210 -84298651
-552439925 52294364 954816095
134119686 336384958 901844066
-961364221 847057006 -470115812
243798751 511761403 -914819271
547292040 -470423909 -439807862
-294001233 745814898 961257782
354641562 -695377506 419523312
-197108589 279020637 -91215051
694348893 -893107730 -924196906
271867160 -182968215 -836997963
204911585 -306281754 -729212848
185574610 664254538 -920346969
-203213363 592890578 -900470487
-101844793 622676826 -490084732
754723435 699230460 -402934543
-75434761 -857534761 248456166
367990521 -794352254 -391739733
-466346926 -259448717 29464360
-195816452 530510322 119937057
-896085151 845854728 -703137077
104743637 918202840 -860891551
-147642981 -357646260 603616119
937189329 342805737 578092412
9056816 -129004070 785726866
-552407638 723486655 -452430192
-892072866 -893152263 86986641
208571681 547635850 140999364
816287744 -45407768 816019395
887261551 -932725421 -624402979
-12390261 -684317888 968883227
-399503715 -262235354 906226825
-978374172 697521943 700982520
-947696465 -557629109 -548937731
-241944537 326764773 -775962131
-859530861 -244620650 6162227
661677133 781182607 -695449081
221175611 -566370967 839875118
-238369497 -43643834 874029661
-934777101 -568278130 -847388784
-88639701 731494274 -296880358
-933092890 292010203 -484486150
805204588 530911756 953728376
-142907408 695661132 -95030083
-876593890 -591194108 693626882
412062377 493066874 -143665979
725325981 -820587003 737781606
80921041 -112528421 27117154
-248966055 30003046 950461651
566940647 -861663086 -622606150
485571556 324772385 378793314
562624853 547264095 -574374256
607321110 -852761414 -380877812
-210202247 -488839710 -440043430
628695656 -609456176 462985206
321561186 277563999 -160480842
700136321 -476738098 -321065586
-881940960 259838505 -818892537
667173169 -358009160 318705221
-854366003 -822331867 194525525
-260051141 8608386 -423921318
-139822778 -787839827 561074611
-845207867 -372925157 620999111
-837256564 -548021598 -86078311
187818166 159550919 767588782
859724905 -238146659 -180581738
959844388 46998685 -801338551
-191345977 -270842227 784344136
-897926226 -754978017 -596069073
829268466 -157849488 -94958163
-942886232 507142887 -599705851
266555618 -340073658 -987072317
-658201913 867433187 -929615871
418446631 29115316 -709571169
932715889 -27897111 -412878091
-959233963 -875872612 -917869438
270392149 -86831946 -896712871
-218790161 -775412501 -177145954
795390583 -905445814 589685939
286672751 -287109358 780797685
401019023 300386497 -734470970
43007715 260905860 878352129
-870220615 498536559 799626691
725697686 -840425475 -548125652
174181446 915186295 -510692582
595477059 -341451009 -75271509
797382574 64275719 -984191805
-176403475 -750301240 -203011853
-202994156 578367626 -39954522
-986785124 -74296320 305062645
-636437875 146693538 -916545845
-252629184 -965427663 -381621681
-787506874 -127505564 -461812712
206065860 -701894612 205614384
-372966617 -236867863 -472438971
382120182 360443557 -415320167
-452755015 -75540282 -903293872
-46023918 520869625 -617504860
672425998 244482932 -282353890
510223433 542118660 152900548
-967702648 121302059 -860018060
-514696499 729741284 577751958
446895901 92846331 799234569
-258887790 -610235730 132467761
-353619004 304341309 -935243456
822882596 551218679 -157066290
-943824657 -927872515 -627456907
377131514 979817944 415821373
952773413 7117208 -911948596
886345167 245909992 -984047667
284213700 -346363189 647433451
-998865349 -97130939 -898317772
966800644 -160332904 -687049707
488323676 551021126 989569196
-622375124 -648058088 491480855
749427217 297550310 768450367
677303931 -387056122 674018790
-913165708 -390428331 590037645
-830555668 -561150191 190880355
925154395 -788869509 846922387
-858096139 52378241 435741607
-679709641 208496047 -545980564
147464903 323377232 -483671256
-270534900 799219953 192569850
604362875 455349683 932546292
-632420292 143340891 -389683165
-232906817 -109807511 -863628013
659444370 -193750507 -332981763
-471119688 -241404815 807099985
445417332 822544386 -633567947
-60884164 -713662832 -449632661
34622154 307134228 -392012416
576941875 -509760170 -752724709
116750403 675503927 738732943
638090883 789200019 -223026399
298865865 309081022 434121693
-15980387 12303170 -611199318
-12659670 -767367997 -44221168
164857580 -902848327 -817022855
-241207815 -877386777 -861574015
572331410 279016879 -919083328
-968732668 880265796 -405494703
818836632 687757597 -823583785
-962018349 808061582 -665641594
588708116 381218981 -962248401
-831382236 -935758610 745873583
-870232357 799182453 235980317
-686677257 -808639549 697683902
-470946030 -997375680 -864439534
997313173 686833026 290816069
-750094970 543323360 -8799301
970636374 -935572628 758182519
-898379701 -696978407 362002840
646494827 -936357737 136794967
-996232162 -872066098 -989211801
-43817048 256523159 433425857
-809341540 688163108 560299506
-489868103 -321817450 -936519250
85222851 -450041111 770661661
-49106993 -595868810 549902133
-661215480 -901069837 -662738512
-469644916 994031056 -245731982
739090915 -487443713 722765381
58734725 497120311 691920613
521375010 -130741415 478168979
-867942175 -775357067 -437883114
-126029837 418773489 -989517961
-197859800 719694971 -985750183
-115568728 621307482 80314705
246258811 157252697 -651636651
-654837415 -834743900 157336830
630583998 901466587 -757190001
-712542394 -322490683 281091272
-981534590 968287705 -943278250
-949489005 571560279 824222773
-690091187 -174244330 517763277
-223872735 -613919791 117379571
234178259 782442367 44868532
-194940955 260483966 -423544937
91106077 -988073280 -774173396
644600064 568878602 410761083
-199132668 -458168144 524991100
-194305833 -637112905 -228486018
-241162184 828318403 -188067060
684810786 50962776 -281800613
-383279436 -285129688 -449583001
730500323 -508422418 970264843
-883365285 612407567 -133047453
-8558589 95557132 465710495
-279430607 48588329 66005628
317270767 -559162809 -299778952
859981829 293313553 -610100557
-924503499 709677760 896967735
-686803444 -974494759 -182627522
-584089215 -497772955 -231493555
588206118 -974358913 -854723247
-956622568 -937204468 -809765624
-531846760 -119635187 -853580672
136232418 -23651891 -578948379
-14331466 -270926928 -556401500
-288552747 -646573941 840506607
535720796 8222558 -723690566
-366416662 588654795 483863205
-493795503 88936980 748483590
797997774 -695779844 -377024896
841485170 -550019953 -994648310
-412064732 -159349327 -997304127
909542213 -876994165 -495930939
-951707827 -978443090 -732288186
988664802 736086765 -466303665
-133448010 -323565219 -126614960
-525737258 812690267 -131314635
451024980 630225813 797637464
617289265 -634828909 -34667026
-719583207 -953351596 334879941
-674721646 833176379 815686226
-448957758 -747286268 -261179857
-882795169 -183768727 -712675739
-943492714 856778104 706258421
10179508 -235050512 -926086359
689271928 563466770 689199255
672666976 -768960845 -911654124
-537634650 -34428582 -536322963
-912371578 -801531474 -224051492
-718995821 -149225643 899665902
-295405120 -634113742 -938745913
-975260282 178180160 -457034973
249739246 -204424289 -182657560
-925376846 870850589 975656591
624056876 698180238 -520811359
810469067 -298050472 -264330132
149735235 -875978465 -532508316
880083961 -872191392 925902723
15457985 489418519 615130331
-126375086 -772644513 -665963070
-120104236 -948940952 -296183829
-140681695 -187515954 -881773516
343631015 699654856 860470351
620146995 21216905 480455049
-535347446 488093668 -51345554
-49621438 655799840 136752072
862858769 -451333880 924275808
-861835470 540800893 710089561
-594138398 578270669 -210969714
-654724804 697326892 -825254950
-954175905 -467567823 -731567933
773907242 21690191 -546348390
-759374865 144538161 -675084680
-287013162 -658981093 -404916578
-980636495 -516548184 950211870
801004213 -764046759 -84826828
706057745 -772458911 -963286291
401045755 -46393982 994945559
-493466825 396178917 381132929
178839294 670010955 -857523686
491012924 -986350440 -269175057
-855797551 -346685996 -451874236
591792241 -326629300 -668295483
769810663 396247627 -470692511
-813546570 355611550 310142806
-446554452 663685564 463333512
-545067013 639108825 -873404211
677579866 520532062 268004438
770591822 -250271061 230326741
-670681989 -842772581 903354594
-922999408 409557424 340103
158373575 590166421 282008694
424665494 -987975551 -377692151
503079321 -481083335 -920576593
85926801 -304522324 -96158537
69356348 -384212652 322898940
250712546 180398413 975471871
-338722233 -630058455 724348229
411842194 -541294751 -288452881
332844640 680404579 -308339932
-761389931 -649277257 -558640656
7278152 -841116098 -614768572
-341282358 -11854260 -899265812
705484466 977411599 702566487
410180867 -49265346 -246971943
-341713787 540183804 106749971
-286600543 348793485 849459071
-349172077 -864813614 -36184627
-893130134 759598053 -200835297
125482755 -93848952 511134751
45235348 -843320404 298794892
527988291 -550587132 355756177
813783020 157947292 493406229
156683522 -229860765 808053403
606439621 -948887481 -42654790
-880092598 983864622 75903068
-223670026 -571148714 -889933447
-834867933 414550372 11797521
-47669847 20841974 -745089551
-42923957 144815181 726857889
-345282439 237572426 793732590
376141060 403628401 -194523215
-207659751 794724758 -857383773
710821190 -348169048 -330881146
189590082 -966140593 -895078918
362982987 907808757 -881178744
-365025566 -923525909 -417034179
-686711730 -11444673 -614596939
-294661071 -938206524 382687308
758200166 -150262650 -629218892
587871417 407291961 350368322
-861890112 -203776443 746337198
43036070 851270646 489261889
-937616584 -408904112 -277559894
-201303978 536732154 -658850076
262532438 965868723 164110401
727158422 892016525 311732374
234412540 632863616 507778628
582335599 -869503022 -136870633
544818589 828868409 706205853
-747589290 -967238056 -484857271
-920061376 -625918982 569740605
137839531 -610518228 388629429
-511572957 -892544313 -144719586
-708625763 -424429513 -982605043
-416029110 507846317 79073624
-265981608 -629926976 -128051835
404025809 -474811856 -941437236
-207759811 941982080 858877768
-183651068 356314701 330301074
298835932 622048729 491816408
-138244512 940135800 524768883
-138158106 -330425900 729734947
683393193 784913524 -981458709
699438177 -170436572 3555185
998206782 -14014282 863058408
566068468 -220027600 359112126
-855557086 -331108621 746051328
149141944 -583335469 -355585166
-294817847 4105020 913906983
806331800 -651705885 897305242
-874688168 -624198054 -20056322
8994436 -872023782 701695567
641115231 -309790119 -593645109
721344002 -554650765 524480183
-185333705 -791173315 -643536942
392380941 539615567 -90895613
70541491 -309345687 614410670
52856438 -673470228 -72754078
511023792 -983901249 500970554
655219720 153079900 178555605
601390564 215395098 801842824
559895677 131518682 -469706973
-6582619 -670684722 -739957727
446189587 -387479554 -915239426
28545056 103863233 -728747862
390836095 -956293345 710464592
-209220729 441887568 -383516690
918972813 402739338 771890179
995044483 617898086 -141747115
-807046149 -226965043 -904874014
718431357 -867623224 575837991
-321898401 863738573 879895481
721383991 367807888 -37223362
178191620 -860857849 -35953635
828300184 357520224 -868592625
-157478066 776313635 550320873
-656129391 -909742093 242601862
-994170761 -693078252 -401995074
749482137 -686787469 -929295381
-173403000 979069959 24381479
313431729 -25023233 -615751522
-807459147 -153445481 -102243720
-215226208 -979384523 737376112
-421885234 -959517259 -105249916
627883536 -688839447 -926858438
-967134534 -358154879 562035048
288372285 456592517 -632383356
-69541078 -712536966 -614925017
-815536915 211642205 -123285421
72544023 905557658 248748909
-295277569 890452646 315182365
-14934023 694595574 880318605
-501053194 842716782 -994761883
-209793313 342289579 -167906328
-821295207 -350674185 275929892
-77791174 -617643509 652251561
-86639202 -635930376 -694133382
155133492 -998522247 335858677
-18543821 518315448 299447159
858474135 -969312687 261235580
-562516910 68885555 164862098
609383778 32891123 -282726435
-898604332 921556077 -680059996
735925342 80107451 -626948674
-323023896 222148286 -240365535
-378336553 278401254 411656071
692813037 -928425749 511293215
-502554087 -932762813 -867121469
896453627 -878923310 4118640
-47290510 527625689 602525071
64255532 -288099062 910802234
589025823 -994916551 -267479566
-119113670 -279577062 911909740
789371652 394000721 -128044391
611620448 445630806 -961621811
222539607 -60047670 340371115
-92985841 697633252 719714457
16465413 -905172739 113895000
-946028332 -802834773 143054842
228926341 642265085 -128938839
600725894 -351093247 981902497
-895625228 -652311421 -972368697
433040336 280849430 648266184
491992396 -771116022 -905691246
257100218 512637875 -607265157
-501648122 -918725330 -807218334
-212796515 986964293 -768564023
203061836 820402046 -135895636
-355630679 167798000 908960381
878744142 163402620 -721500569
-281850458 690996473 927286952
743286817 -59830026 -44076276
-434184212 -928106829 813497099
-331435317 -695638535 -584787577
672162300 353370468 -702289255
996350545 -238185733 420644125
507396866 -502126483 -492187109
301024302 -859262048 578826638
-859121435 -354269554 -960732505
854008508 -399634331 -680627456
-274382426 -360611097 360635607
-408483973 4719869 -55226777
-508870832 475361708 -40312909
-874990114 -45657156 698052892
724452806 468987252 -162311980
772817814 -326723468 207576333
-903419957 -714721031 895429439
-487363830 -960830510 -377802889
-838707795 409507460 766176857
304610510 -850714797 779491488
-597882131 578849843 -152786626
858836842 -608172831 -520453855
-772735167 -460686197 -362482370
172425124 -746392822 523332291
-856965002 669051517 273489971
