2000
240992379 574760775 284471395
-683096465 87422414 697799258
-93183393 -700461659 -206546507
-557828395 506363307 786302256
635863582 670235168 851540313
410756728 -401451735 -626390642
-309710346 549068544 -792068758
-948847408 -891691815 553866888
-607423852 -916111748 209678131
-994772405 357940778 505046021
-234736262 -786803270 -180285374
-474470734 -916594726 -686934491
-487494732 378869566 453345665
-116507674 -302859137 180368043
-323778721 -264402337 542141255
-142347302 -881251109 -323450470
-294979444 -129193774 947006371
-829548810 640040486 812579631
-106572827 -259078746 37915963
-943943711 -115817755 -19045160
-53881254 -875763474 150807003
769998317 -481014174 959626487
-639962663 585917319 498568672
-940997208 468109445 693622360
-804735157 781619043 681080724
853546412 -562964824 -210400503
-549713426 -967627183 508931109
65219115 -990564917 -161282319
-717127984 -491370334 -810192574
-388825793 -280837074 -54677350
-717055820 -430735393 182701096
-690961908 83194106 555427551
427347834 -703649078 -799197778
831276906 233894616 -59330177
657821949 -298436873 482708177
-40459077 275016161 -493946780
-898988294 -470240588 -183529539
840345607 -180390670 172357766
708199712 -457622162 579088580
-776767018 -885240436 -976764741
-201131531 -592121693 -542419419
-909172902 451392002 290220195
990152675 -106860198 214059564
-918658798 60188637 -822766743
47395149 480837061 858495486
135401029 772915522 -278936330
-857467766 -86003351 94015276
407792015 555609006 -965654856
-565323882 967337921 561151509
-475679665 715517813 -64453231
793158223 29695095 -762415654
-845531551 -338671911 -696927921
228306164 -66238307 91469121
228265193 490973232 801760807
-124729933 -119963720 290743031
989992895 27094268 886465106
80644603 172873283 890789172
638954501 921584474 -500908346
-60173132 832003541 -834713990
-533801231 56080381 -891940296
849896254 -983384983 -934150986
38445327 -737676274 -608463296
902941572 -657462152 -730976512
-877718514 -551476898 -889998880
-704016428 -143331530 -304896618
-334199945 -41024967 684450235
104191993 -903310150 -541424121
-305279038 35416676 646946343
946589787 614873099 -150966184
469556211 -105535896 421050668
-375160331 530406365 -600140269
-330784435 -160034067 416898562
-663817411 -56557434 -36451559
236180209 -832944651 63687056
929778781 628811667 199530879
19425779 274109172 652179383
628641826 274076041 805300987
412641796 -766959651 -977459133
252753722 582014839 935476849
191639032 -923207349 854965591
501322328 -923183607 73915494
-394891177 -645102894 721218494
624281100 -410479058 -663065843
156362286 -472489108 876915451
759815869 -339234782 286578547
358303965 -423198451 -490003836
-214503469 -873914633 -859541556
689821100 -625860897 -903042351
-444739855 -299299576 582305863
-253103172 870800607 325988369
104048542 899837529 96821466
824565434 -381088278 -917765563
-104973471 -737830766 480298966
658368676 437508788 472855936
-46596293 -527597591 771053858
-69103011 -178254255 696315736
-10617257 691700096 -619690060
491315963 951933246 -523504633
-196003907 -759976598 344873595
824364035 -957473996 -376648653
566418866 -251015011 363611103
148142883 54577180 832392367
-214455320 455977534 -691229445
-68915755 803454567 -495120620
-208006484 973996974 737808364
284605189 407135458 330462799
242550494 704505181 203919734
-229819099 372002510 65261452
889981692 -137935486 157377084
-186824101 701899589 -538979959
34957891 956783303 -699980185
353943874 739984658 -370564715
234327246 173174028 28634394
-224757952 601572293 46165869
437033336 649562372 333489411
282679808 648427217 -830365509
993679678 -767468968 -911879599
57832666 -853317664 155051820
316567410 894056318 845474593
-549685691 -746830096 -548078824
31267269 -448548869 -426554668
-549103573 -353885775 27712230
-550549705 -94605673 -858253866
-203075334 30259946 -107675590
782521370 -456363230 948908430
-483308195 743405406 90507751
-989646349 -720374153 811336441
-985511371 298991498 -619328553
-192353433 843898588 -994483699
65249342 -352600070 925203152
54406839 41349021 294898018
-594687511 757806389 -291245440
-235494639 -770182441 -605881261
198814158 -860729098 -608916434
962774914 570466151 846583933
-363337701 -9486096 -389510616
-502346089 -576851550 -123051393
-130293528 240339679 558903301
287003588 93178876 214708690
90747287 -909696554 38381201
-67037446 955731074 956055032
362615669 403191954 -443449285
994161223 -998155382 -995207569
-154604911 766530407 -818793589
-4365947 -657421072 844925510
154337215 -144699559 -878685373
-151145033 244131850 -704764955
199915663 -528396370 -683641594
601495134 -771394897 927871776
-712610876 450711071 -972351968
111846190 841978084 103092538
-992579695 118084922 442062669
-609428215 -904161531 219819228
-270036589 988625579 492495268
548095046 331168604 -202365005
-844201991 -927490934 -841118019
693024633 -256950611 -730594981
469564042 -107457148 635216018
-721587130 964212128 -304989138
226621483 -866829631 306202805
-946487149 742385565 380383202
-596694006 -481238875 832267586
-853567838 -95706172 900918498
-830684505 457805814 -112001292
739459010 670959668 532306997
802918301 812527990 317108937
-581785203 166620887 -832057890
-480210332 540196593 -994685313
301566103 946852943 -153612135
-307035175 -822908194 50979795
-960638891 -496091775 -523999106
-214513232 667717729 429021119
-465363816 -819979726 28146703
60359902 402611482 -849247701
-237890675 -480175625 -213532220
-905776846 543144100 -172362997
-288440568 -702056058 -160972672
-601120613 -964160490 906564833
2748295 505142896 -52741658
132023944 31832951 525004915
45542952 -458829635 -426842437
660091895 -731412225 -312476889
-297183444 -142909907 891635830
837320458 466618813 -871712131
-778391491 -731495691 -331556704
-862540855 672355810 657645133
222172686 -380840936 927751106
237636229 654983700 -496222697
-221572638 403656091 142008068
-880322139 168025563 738028992
-922347575 -176076456 -984146480
-711152152 -155070973 -520569766
-479659168 405878138 -701510725
-603283376 609724243 301256281
-793418103 714328847 -933227293
-952527303 577020356 557542754
-21380639 -661024457 887320051
-540243963 820211067 -639441413
956894290 28924680 287943610
468409022 -258654201 679593645
-962061978 -855274114 299959685
734970826 877952004 -877262063
-13092939 602904025 -835276078
529454163 -366186926 -228868275
605505285 -71118627 -966044245
-717312590 323412191 -440107483
-875802774 637422414 312515294
615441490 -829161972 -53262832
-450520650 49961319 -383699681
486593709 -549458488 184551729
523635668 369603407 -26736115
-866724272 696079104 714205170
220912199 -786522350 -795706266
584538373 -881425081 776364429
141992173 -158885414 -712559867
75013098 994739243 -959016711
148605376 921605819 -940447912
171846386 -445554499 -137404113
-244716637 -401464458 -994454198
-935840804 -189181480 -739212481
-288784284 238211368 -911483526
435856170 -631060548 -692612233
403886675 782419160 240022482
625760898 934367014 -151398516
-884370908 356053366 519690807
-27614256 -795088545 -439162202
-448452076 210722988 -496764159
857352020 -666747088 327933635
133276942 -93866703 -109131405
-190051308 -195445730 267680567
-441423959 409257966 680893764
929979037 119775613 68553763
-676240152 322507945 -699484975
-88206672 773846672 -958007454
-57007086 -374886484 -866528122
-203059309 -97286865 392135057
-477093035 -863066723 911733617
-157397161 -698639701 -856538351
-54911565 -298586912 590908657
-989795771 -252137811 153287805
644780867 -832354529 619547932
803374966 -940649580 -887212823
-549509379 -917329280 -555042003
-830538731 -591264294 939459796
-858569730 -897188276 -870509456
-135549576 303591370 328646139
-943471793 -657428700 -249675245
-190972384 -136447578 487873384
279598753 -860755874 -340096028
-510207212 -344373963 -950677171
-202890951 -363370612 73841378
652433986 170571445 808816153
-193289484 -784588447 639258319
174872303 -299208362 -313357612
275443499 245027407 488711781
-642741705 469374206 -63409902
-871720301 183004699 825590062
824799532 807618997 448621359
292425665 248865458 100332556
-313339172 953790626 -653682139
-505783416 -419813609 911257072
247516568 413771333 -809312147
-632723458 -979030550 -796395184
380993372 -60355253 -387270163
40332603 -600577948 -951415697
-835240470 -393311145 934789386
-400711386 -852042500 510564198
-159980144 -703705191 571687842
-181269732 -864345841 -143255972
-601719249 -70319396 -475474138
275893975 -79507337 486951346
423339865 -893375174 163633275
882720379 605107586 -921785729
233091857 497658768 815317019
-114961092 582390937 17404069
205025113 -137285487 549217480
-484986487 -364702082 -879576528
870629020 -870606458 -860204404
-24293077 763964172 -546357444
27517228 891300262 511507080
109862216 515683815 600279376
262443143 806959703 855616770
44715148 -699011492 -666544061
-957977952 -808560045 171329861
864579419 -981524397 -32593736
-862259609 699348826 114297253
-588044045 -506091733 326314440
-157369570 738865154 238723218
533075138 121280739 -397712562
893406150 -904057715 839736948
572069807 548946211 -920092096
578646427 350931679 719582206
-878296907 89133881 -977580402
-495654377 -826650337 -320284592
-887329947 -69056170 -321579823
63560426 -387486630 918494810
450372734 -145398296 752912954
-151511564 -178104240 898464222
67938449 -198839969 271630260
917764795 -833219760 -197664088
69463816 -79299680 129764532
447163681 -971325799 -215475379
-328313151 520163908 844738928
-84782329 147315612 -372464818
503300524 328438080 409464792
795250203 -160253486 -924603205
953153531 -379696403 627520683
-736307885 733409536 681844197
-753887549 916227519 24189207
-708610051 -677356759 984417086
-261327446 -461538556 366309414
884138488 815821660 -846782682
-182828529 171392218 363031139
-694647905 151659681 821810102
-992197834 313301644 538874198
117910287 -221671427 524320528
135606375 124700770 -891167864
-103279265 -906327164 501111589
-956176460 -488503513 299204635
792520598 718249579 -343081273
-971994682 400380789 -642557004
-96497553 -291905770 -274135335
-155082253 -45377001 733811146
-996646178 -83659923 -644839450
-950424241 -730165969 -933812762
63596459 664222604 -316104383
-988607940 -564623468 -958673427
-38017148 -709605581 -977222896
134904641 455946534 635231573
-173001731 854832558 -648711769
-697532545 -756252457 785110595
-29351342 666737178 -205243770
507722211 268662146 -934819928
-55886656 747387709 278143595
-180305197 -122369438 -211628012
369601397 -352594578 884664759
789774366 978415288 -96754681
849017625 862075729 -196249253
693851879 349937850 -639776622
-939614629 -935341095 -960871044
-17356136 -980522704 253306761
-613390679 403438398 -623601011
-906203225 -992787962 -521294551
276961805 -316546899 -967479101
114684664 -143079198 564975610
-811693871 -349066336 497666529
566224198 -383917460 326127021
982172283 -65977391 -60683561
821985350 -884736774 92714697
-434148773 755836082 392685471
-823395940 406784042 -319048123
-432189673 886498333 498779887
836019452 79307528 -742974757
823052813 -554930730 -818009807
-11241932 -327863106 142441155
998183865 -257787609 192525284
-872346248 -935909572 -359077041
435781080 -550421980 599811550
72125811 977953560 450746250
985236197 284322691 325648093
697438151 -901852381 680926100
-246155982 614868667 108350202
-826889722 -237645259 -99960348
-593873257 -581585390 262506602
-154869605 218951605 898062479
-508231935 -743172550 -908439422
-947244932 -337604092 -856338312
-176156462 -943213171 -500633029
-308249752 551934788 -773739581
-933349333 749155598 833480844
-750241563 634147982 481873500
830229930 635406270 -122587791
843591340 316441680 -585865930
-509724575 492575285 513438845
147113308 363344861 983241550
552070404 -467980407 -337587128
-903321334 359274376 -60619060
-997410333 296350905 176497706
-82120231 -14648806 -971314491
-131963573 918768800 -966878254
589819434 208485627 -189040093
686801754 361196616 -32894766
523345960 454863202 35461044
-289150777 925717498 775809110
-503296254 972578063 -997080706
690428850 -787318898 694440211
-974170141 -652537803 889936139
588377728 343982747 959752967
981272399 4496034 -927189785
352208296 316688522 -587341100
784930512 -478803408 208412665
-213443949 805600841 -301247183
-582871358 488705247 -742441377
989099526 -526280431 -966074646
-87373767 -833148187 762274916
584479997 -332377454 -372610732
931166720 -939572640 -595640329
-7301161 611115968 -670405261
647829662 389766750 -503725637
-892652076 946538902 -136111062
-781325093 -745235219 -855127222
677339993 206045298 266614349
67620340 -819133087 786001052
-506663688 -260922253 -906365970
-631341810 -41028059 -882980832
298163844 -242605534 84459984
-766355134 -943262860 21844617
-946379071 -153420115 -144340194
-161777869 -879917083 -862871842
-454107172 -991731738 -574088870
908283891 -643958575 996845366
791969537 -260590028 -998071344
-873681473 616092048 758524485
-825772904 -942648194 -150379798
-375011751 -512634147 -880694317
-935316892 311859239 493794331
323774068 23908013 -362122940
-477545640 151079741 960529644
996796582 474526696 461566542
924825996 -983493280 -390572633
-919705392 682631312 -24994774
-512684371 -930580088 -623638457
-428724120 648040151 614466930
-623160433 -855456314 -608854162
-705885293 976896987 -925029107
582920968 -901523455 -623666968
867319398 -732078006 -858291411
-177655455 614141206 31175869
-898660652 45455173 -356865173
-811696092 -714466025 -979845063
952019801 963495344 -912863752
831964562 -881579684 850763015
38819423 -641491106 -922608570
334556169 -984924982 237775466
-897323847 -262250213 -934577194
241038466 523609168 964422626
-973782519 -553920661 -58704910
255208345 -862745578 -554944967
141572234 -956955598 358060323
-225655305 738350777 -865849853
-995820606 -483083374 -771623070
-182010063 560049063 -621909561
359148102 599331078 991693258
-266649854 -768268768 -628910997
-662951098 466677282 878710964
-798970045 973359400 580414692
-875889609 734597037 914957804
-934948197 297235388 -304790930
28358281 209715152 111969082
969861138 -915831780 -680217201
-680427142 -340834051 353829649
223113582 24866838 -813229118
953510150 956292407 -55962993
-541071600 -574262264 666834597
923879589 790145090 -887336914
-996046527 366364200 -713544987
492597570 392030759 -89886848
-841735354 199052652 317704502
977824388 176851820 452191460
-877841136 -658759829 -339294180
-688889799 -959696105 624078033
585442920 992962984 -837732063
-330974247 -126653354 -542491217
389863574 -423453852 -357936932
401655649 413994794 199046940
414197142 927264973 152010002
892796458 709569000 -109878828
810032798 -348788419 -717214049
167090707 255547367 111545364
-974395128 -213975868 205066265
-292279776 250524236 -236492036
186688923 750512488 -909679927
618422825 -692168451 -968968929
383917986 440749289 -816381284
-15404625 124180559 900310009
640687777 -319110298 985379115
216351943 -795043467 172776859
219176336 -955841186 308331041
329550906 -208493252 774093346
-690915706 -250746650 777210553
-991368725 325868106 -961733619
984651517 868677571 -893252594
894138805 32587928 -843138304
185071943 -730879728 498996295
505070467 -568649263 -222208768
405885663 -31031018 -608199828
64475490 326269093 66087496
-729239130 265959348 397899250
506196286 506470193 970940007
-961249223 -220626302 -141485098
438420570 393180198 -107954757
-960028048 -538051877 -264967328
296191626 -388188850 -134467015
-487827651 -999724884 995093703
-903668510 78086507 -36649109
617075213 30147049 376037463
59006826 -890994707 19304958
-765956213 -932766719 -391369263
906808074 763473335 670746263
491944479 -689721969 316825449
930856281 -575194908 -87157270
-370154587 -305479703 -68045214
804514958 140238051 -122683451
307202873 264832918 -711509895
129268870 -220277790 -56900858
935358732 -97778363 534923751
20004665 -323372714 490558874
-855043198 -648766208 -933237746
-343224798 680528833 -598930785
-17806907 588166875 103078983
-288746237 51532747 -731493175
989422621 59241548 934213342
-723152380 339321964 -957803120
-971696457 998650703 -855478860
501673354 875761649 22381462
47518708 -679562133 -73649521
-864532830 83583931 839189837
-980068643 -318388564 301363726
803921642 795577075 -918236855
112963728 -838195557 722024604
435819008 -311458037 -604667777
374126566 -574796411 472560340
560493259 -463192628 -993838256
-152189596 -904297911 661791899
-799371141 -449459277 -555557374
959109399 575165574 -220033414
-917306035 -156120700 -993738176
-937631709 -540601229 -559411032
-560423711 -650877446 -192217724
-709348008 -288131938 -843915828
301779744 -967158283 496558993
703601349 402972046 799843596
932314965 -747109743 893372332
604465920 -18160048 315590366
-847367876 316499220 481172564
-395360912 83002231 -895231311
-362460086 54542796 74681446
-728141921 673519651 164819238
-899253017 -201305462 -4073091
-877577694 912458356 652793171
911147199 -931927192 -196838367
-1242190 -966060339 -371752900
480880770 -230992295 -756162569
247293043 -836769230 -66620493
-183918825 617610698 269057933
583546420 -790097803 -819322573
8962060 -106285593 82961247
233509791 264971854 -978922294
962037766 578774474 336051876
-989429883 -970382363 860055284
770304638 -14929388 -858807725
708039202 670973808 234505874
451619101 149593718 -876631260
-206628390 -502167399 835155922
-647124667 97140629 -261965919
-886264890 729340559 426095536
63196622 200260790 15284217
851333847 -63789562 -702296686
655877817 -223838067 -64113405
98473503 -674830489 254619311
-579825571 -222483285 589246280
-586805912 -712858390 -501421605
-509385164 -416552456 680011824
-814743287 -530997903 -253852318
569335785 451225355 -601066224
-819966047 -90183489 -775291198
-83197791 -462524361 989271395
-861722199 -426889740 935735203
22182270 -297001629 387455072
977849677 -626424871 -898127128
-946802071 933932492 -447811991
709902115 46387856 -179822474
-763179839 -150547215 -83587837
-795448371 -961069046 654048324
567812085 146201220 812930254
-134667633 183437171 -107776348
207219479 142709932 -230590837
-80973878 849788355 -508943231
-791503077 133085242 -540844736
-65740693 -156973421 681405903
-965116475 753877789 -953499274
337337494 -930619997 724026898
-900764613 842675452 936658405
-388782293 741812302 69741411
-175220704 -272794223 -745753561
95803835 -505057558 -726083961
-510119040 654120406 -192309304
424741877 -842816672 -666792183
176312036 876599992 -908500686
606038263 834372509 51635107
556114268 206670517 266890609
330073493 -530513770 900297178
-575071813 -582087352 265201501
700804370 148781095 -91254157
-188085504 941165780 -96780214
-706167675 -997822118 -965372222
-420816059 -682307457 -145752783
388259883 327382532 173208489
-886473272 -706153517 -55890282
393610391 -926869127 -415946861
418052593 797438849 676956380
-86162111 -447335071 -83748834
-978057649 -685516591 63590714
-768168942 -871951061 796341063
-742654367 -984274092 -415643559
-521497340 110301700 -345414694
869852147 716625719 -942951735
141788077 503939542 -881927692
390228434 -709789163 -663820044
-680840623 -537450863 -822396292
208519648 528391960 -373185015
-171578310 275851186 -139960587
737724962 -521012984 622657280
403982386 965360100 276671517
-637219957 -897729945 523046548
463689104 -229751243 233959843
-217651207 11918810 191883203
-543396833 160750116 -778867385
466132263 907794369 -334631014
-110767926 -319676273 -911683718
-998776278 74604362 790933217
818729925 -734472638 503664753
35425349 340720466 324337540
-423741758 -820925355 -323769453
145482216 -499289918 792282203
179817204 62311381 -25391416
-42345210 366360029 927876514
425399975 830319375 871913871
996446004 154736952 914390056
-648876822 -107729269 -408299573
-371823692 735338386 -12389329
456349778 -63380647 -867405074
407810777 -710617122 -814693445
854146206 -746346597 -151131920
-730221209 -482479110 -782050632
481697657 -915699763 765994345
-569285854 -651800081 -934785783
73772948 -701791299 -382659296
205657538 486611259 608614210
655078153 -297979564 365779074
871662879 -648877722 264194269
-960778140 -608966136 -485250331
-556606036 -957551757 -850904069
-77751643 416288372 -493673607
229469002 -666952764 -373628371
382387074 469732544 -368293555
-511660731 614934842 796849216
-771518686 -237979188 -343034980
138155332 599237486 -733235708
853530620 -804218153 966131304
910994105 -915029859 475283178
-450377695 -301444503 -229895663
65183276 -700226516 -516789566
-604690545 -585614356 320119441
947787135 325483896 -446602772
-359265561 -27620159 -274097524
963456495 -958461386 -240216658
-897614623 176715666 30807764
-966010798 978186717 120894975
-747634199 190865988 179893143
-121091047 -254807616 -700699220
965500132 408926011 239945969
802762674 635331040 -125506285
553465832 718695950 -484428976
388402351 484442257 -264142487
933520522 -950681274 -642271946
251859316 893509323 634165249
562515587 587449241 717923103
278739343 -299273552 866025349
606645625 308723574 -897041158
-331069637 202899386 277029604
94212756 -114918822 -894524411
-874717024 368263188 136349155
-879066490 718676196 175821904
551183114 836170981 -950412809
-351469058 -726573958 -977874568
-628377641 53250070 -901409821
608000670 5340259 -886629944
686173398 -572561349 213904322
480005311 -997334967 264771333
-307089281 155535667 -549418978
90697261 239810027 -919210972
-645626417 117357488 321220984
-411659 396361263 -867048064
-879967037 414459556 -510093963
550189143 -761668374 -752138420
-719154817 -357333241 98377316
-112852389 985076952 923015168
-601187287 -153014032 844545686
68107943 361090661 -260860570
-853570124 666164482 206746523
809861678 547669821 847304015
-80357320 -133918584 430506982
398865607 -171639106 373792134
-630340144 685421407 925008185
443171133 510009067 947792011
-675908136 458636556 -653458499
-714400411 696012058 502989366
616857223 814166370 368192882
-643331441 -971158806 223213775
926053111 -817554453 -152265127
-725043354 -677524679 -542138379
-419604284 -996733512 110298008
401937711 928016214 -992058142
958262262 737398148 -475361187
-875574494 -63380431 -334071269
279601773 266347172 218405191
290904523 -880010498 311104630
504599443 253021390 -836125451
-208096465 400500332 341744061
514750717 717051018 -342636305
-462174670 903277425 991192980
-786781353 -26444290 -160567356
-253479293 395355324 231874653
-702836027 832809330 -995437170
625735858 726338482 447705167
763795802 -37113662 -712903925
-766432789 -121811843 -302623171
-678739675 -865759568 649066996
-84912432 260660137 634850079
-47418154 -837167896 224602076
545257943 276725747 -16098430
910161933 -106593950 -985342948
713552524 943688449 557588667
223136078 902797067 -881295098
-985502313 176328812 768588642
871557264 -259222796 482232722
-926326501 -334784524 964547072
-750148925 876111349 714039191
-553047418 227964690 -253840331
-808522409 -899914765 -877109505
-807781078 337066949 -990765047
105206610 799370467 -107792934
668072730 512867018 -658629037
-905055802 -774006278 903643926
-114208747 -131172762 462018609
-472772207 942296292 640653939
564724704 6501186 223954795
-543403256 190196386 -796227753
-225832343 148100014 712466973
962436494 -487151887 713368072
-408570108 -980890738 290144863
407807615 424641027 -114041278
-567572579 -488046013 -880020514
625677416 -165727384 -492210936
956664274 381527203 135035888
-200867793 -988141622 -674891373
-476570080 826338757 -999016572
-526311461 24965191 52206848
839995206 54869664 589036661
723280325 531838784 -786246216
974917360 243195220 668036838
116178707 -831514227 230329442
57935714 -943615740 5646637
-60830376 -826977285 -734124751
580852647 -311611279 807123278
431498626 561257202 920720307
61645923 -809872757 -852648574
-325570730 975013575 -964498619
603251536 140193230 -553078776
-984920876 -24792621 -32707683
8026725 -958149563 284536354
229489550 493030202 -676375943
715344951 -466086743 133525549
-328692431 148222800 -788061076
827793419 390382936 927688857
-905630062 -156890444 -445432939
687217422 -741981146 758650434
-151796514 -347119158 -956806548
437642299 -588173711 -232031374
-555027866 -951644302 -532733363
645877710 -873657847 502731463
-396876746 -271447942 -68141193
-529331345 797054703 -995030027
-940967224 315961148 -175068577
-702720417 -962710224 -201102446
34012781 -899384113 -942298905
-582466937 -443238937 385714733
-868084663 -862163123 -805260619
-795478461 308274814 -168570463
219009560 -235396469 -551214999
-745164707 -986357677 -430921889
111117304 2964119 -261566792
48079010 -592525437 828015198
48036496 -230759686 -406208828
-164046435 162613716 270385671
-990229529 -856806129 417557621
519253911 9662832 -540310882
511183498 918209446 266237457
468519286 -875483263 522036385
-695518726 -329426741 -692385157
407844741 -727977382 -587443784
-949909684 -851898039 -182356596
111983363 -938683340 -180885193
391848248 992854756 -696169933
174878118 407916386 890756312
941387874 434590675 688231887
831201473 -493801265 -151693622
488478045 -319778451 89988164
-944567555 213834124 106839243
-240037009 -104428540 -987380034
-623791378 281139130 -516629871
-597795560 298200373 933117376
-875338692 778131459 -781250048
1985987 -575472513 -1101019
857321685 -544419939 248836028
-831817828 -983303259 -93656014
25842129 -56297853 -461340955
700258666 -250829410 911747389
689624504 395369570 -712689232
-409643134 -484429208 338862193
990096801 -96102253 463458229
-111813324 984678985 17951792
-786544906 -648026467 895496437
-818380564 -739486567 648506209
549706836 -809783875 568086566
-666650367 931686185 189332540
-929638179 -26769117 -241665478
-852561106 -865517138 802678714
-872939905 -961921346 -387204817
267697844 -179097640 -575140325
18714124 -445823162 871388900
-396718844 -659453598 790846321
-290218454 -875507610 39007269
-748349057 556304801 277318296
-578164946 -59278975 723744256
-146465002 -863821426 -128656038
-843642211 -299515786 795393383
334040417 27049744 -970266910
13510632 -424398189 652161591
904373534 -800321188 -579468543
-319231494 -545822658 -286487049
-503377150 698741484 -408276246
568119596 -57173491 -507111313
-678035297 476448625 -424314856
-945811484 713756638 -854100599
-345444940 619041924 701067564
606919369 378890799 -29890158
452479132 857896703 -600745508
-981158860 982799290 1135299
176676044 241343521 801673156
-157592765 202589664 -475554007
224748321 254805414 -984239572
434493494 130031315 934166719
-313594080 -774722984 916864530
-975647367 -703562105 -122217744
894237740 811568740 890096932
-310858385 230290831 798420631
-30446132 -780374194 -864056920
327474241 63287522 318002620
544379649 -920450102 761309237
772147555 116413727 731740542
594189803 -160443513 512863429
751644185 951494212 -475575602
-878274513 987498574 281184645
914292745 -229396456 -169039181
-255189892 -778434409 -398688074
-663820488 -263015260 -970797038
-923411968 -588876386 -710026653
998328575 224483883 -371660596
830144238 587851215 885278561
340649136 934315335 506430107
-875531559 -781654152 -200807813
-962517109 -847889570 552579921
985907040 85494254 -330382828
789380212 454716775 130253638
-362436101 736355029 -659680671
-797413078 159553538 -978141311
981883759 573841619 -669060641
-847310045 -659095361 -288205886
918140115 -869817325 -757826018
322520242 -40328040 -474845181
-476424278 539529190 -989691354
454031936 -957962152 551242527
-982977824 -997993707 -466938474
163802968 -915782316 -52393731
312068599 -892895137 -510548434
914264607 692029387 -92851580
231655545 135484017 -651126427
-102717641 -394140295 587788324
411697124 394065180 643943486
-886162862 952831272 86570874
-270178106 452750880 352420302
-546840870 -274670775 -238617185
-276703359 963769352 304276461
840686311 -674764703 -69579288
-314209288 -756782525 649866663
-840499214 -975047043 -752265407
640059271 478119287 969763568
-533288431 -735803571 341914168
17618773 -902952208 753671707
-254058850 945979686 811866625
105658507 101077981 470526455
-259995874 -452633229 -642151443
858662797 -459089200 955222202
-961871079 -988004278 -312025056
419586439 -629272906 272872558
296055939 652898601 -855550530
-124045933 911402794 -581809947
-448817124 810231894 -28063269
-972954687 444974670 -98028648
-760170893 750242023 -712569320
134855589 -535556623 -427811156
602715150 -203960114 -269999960
-995840954 863178775 942440099
82479300 574831821 -111618582
-773838718 573122280 -932285835
502254669 255274607 -99759920
-920057945 -642108048 727007453
-258205545 -98369229 -886122611
-952270218 492503599 108716138
377547048 -648236510 507299708
-958812257 484103943 9335344
770577213 277728949 -924529025
867203603 417683303 624757754
326092347 -839843046 511203129
188372773 -367466774 -474587450
411134332 142546761 839624548
-550615537 -878105806 653388146
740831682 185888980 711829810
-476307752 -82307396 -146723238
323248311 -760953817 -96002852
-611785079 -492442009 808009347
87830210 -948949639 -888295680
806257271 -29410955 899633424
190340327 -704736339 -617346518
271135655 341324648 332723795
894035340 507887578 -360506283
-301808877 163804917 413884178
760203553 110053556 43986486
90724255 -558863368 79336755
-896783658 116964462 373390609
524453597 414903479 542059500
-405552894 381032695 -752875250
-751276789 477708615 -116878875
-120277107 898131519 569840801
286230356 -908214769 480042016
837127155 -622501945 -183348594
685211164 921353951 -177621878
-89971697 -154480788 732420119
-860515964 -657828341 708342902
698417594 874258693 653091900
-190523992 64648904 725779738
-940409427 71798677 -777498378
245836114 814683738 531865343
-815099192 510673747 493664897
148667785 -390413789 -733123781
582404908 20056510 322495768
-912002157 -615513753 233125873
-633005900 -508164348 171619272
-372451477 -477861777 -177175720
-485536733 -749309547 212194578
-525597147 681056102 494164924
-469568218 -602290188 801773312
101339447 377283704 -563809899
-665056513 -699648667 -228258434
779819353 -948838410 937445076
-328274918 450561795 -979678261
-250151514 -129802355 487235968
-601523934 -580461956 -62113002
-626776380 -991460709 -31397886
-694179520 -13098550 -398365721
182200681 208167944 219975461
-835394391 -247253190 280036170
167817687 -247923698 -792655825
-658552578 457804140 -999825771
-97539524 913773563 -236393359
934543580 -180984451 -80811149
-983234496 -916782492 -53717550
-874864070 -235911060 -920202224
-704626102 93678740 -441600861
325783663 -281781045 292704924
-546395368 361660713 -922182267
-903174365 350626826 655843855
-80125961 918969457 -748728024
-491380549 184682726 511545602
-966905001 -427307702 394734184
-476000551 501688696 -28004259
-860990033 162621736 -872905524
-77373593 162947142 284431472
-245549921 -797857036 34244780
427787232 -980939146 -860755517
59683042 -359722926 -925605691
-105804276 606272985 12485038
-653611893 467463850 -735577270
-326437075 382148440 -694635173
-300255942 818781099 -707129220
-990375049 963679138 -673863470
673973282 22542600 48396780
-344300614 792670525 -224992827
544865351 -835410382 101602468
-158380208 895573310 202176223
703011948 -991672793 629256445
-718444409 -509779008 963030160
-982635480 -424474785 96800775
-933310005 -362004516 852599156
786478877 -456351366 -423166091
908206822 -483113324 465715614
8535056 1838189 -38257163
-66496137 -142630809 80467952
-715716615 -438004045 784918528
-344925180 -623846910 -811182469
-263395284 923011998 -264171306
527571843 656221175 244955414
-418129087 -152502728 878714980
-417497693 -505750364 277328058
-390265537 -991941715 -178107028
929714214 518363637 172018749
967981341 70256442 -892528718
-627697842 -967765755 -452378357
746418490 -282894990 -885982730
-585994126 -337318513 -948342339
833370150 -776831235 -266753568
-80978704 -937147275 33099935
-224578963 -500509831 799883738
-715185066 775340537 423684686
-490237613 262932763 -771291185
-153912135 -543559003 -500159078
-538487493 -852057702 -226482630
717841371 853172429 441363008
-280898042 -206190114 -550965469
-669855724 -1740293 -971748870
-254142947 381517365 630665630
-201266125 61299248 911624763
-240851379 -919380390 -708832788
753270091 -597842720 -793181043
-72226266 -288642499 -478058877
-389460360 -40000654 -702625331
119019473 296307129 596748689
-883158332 -655295592 191281611
-774610187 -98235988 -891746405
-664216041 553601982 -445650731
899813840 138378380 -77732987
-67923835 311300201 -185849427
-265930312 604102249 721222057
-27080036 393054180 376959952
685243762 -76365700 -450589244
-876087173 -383683492 938687657
362352199 696406460 851088467
-914899362 -732956214 345097978
451124302 860162674 61935064
809208235 302974714 -309497548
-224606710 -257336784 467292416
-853053717 -302050754 -113905765
-880258202 -879613421 -894604952
769100390 135361427 -498804873
959584271 54835955 149831582
589448989 295094707 808619082
829320393 -325117080 289155646
-924593780 -662615108 -660059233
974979388 -968080172 -509302381
114214992 -480922770 -175166409
743813149 807307455 -269793467
-777120920 676017882 -344578566
-62557697 -257946382 -699595062
-287319229 -288224147 686247937
-464350025 -983098223 366209511
-240712126 -775831029 288065332
-487353682 -951437221 586712635
633578010 536934634 -866595928
502106119 -838340985 331782143
727254249 662718020 -559483412
-587193216 -126834569 722796084
-910972625 -853675881 650984463
-160277149 -952823046 -819887900
-920944630 95024199 -941506814
35562248 633836226 -505878802
59535933 -112524263 -143133986
952804569 -961147942 -331837473
-432710008 -66232334 -206078259
-962392733 540013192 258202198
288646380 948734259 411691675
673970891 -275881900 972885638
-339955148 367733527 763539674
-308357109 -739248409 511641343
635231394 780691334 -212116554
-903955348 -746804458 940347340
-163076422 63839866 -424207812
-87451470 914940854 -40093508
78440248 759267769 966377350
742378033 146017671 -987896373
914280057 663983040 748467763
-133372456 95800653 663063723
412523332 46953824 265930822
321716579 -892380535 -810369172
-992322776 710134399 -841201551
315418352 990715008 575855633
-631645894 -327137731 -918937224
80842609 -591430499 -791389590
751686105 -565617513 -92704555
601541998 -712186507 742464430
253198019 951986735 867864180
398440880 -985338456 -554289857
-420834746 -782835060 478038789
734339029 959927465 -927014209
-894601302 -853478826 -258245255
-767968024 -259801006 905041059
535538860 -61699086 333003705
734870656 -874664544 -38618176
385399111 -658274880 -89700434
-500670835 602089145 -820966712
71825306 -85400034 968530586
985453419 835258828 20736624
-855553899 997817056 18256246
491092976 672682385 724254765
747361770 958822542 972571980
-95079249 -166268718 -531169715
-478138145 -765904547 371972015
638963576 -594535364 996244455
-921224021 -21958148 704122473
-428050934 564336588 -155671037
181991831 -882435532 595643173
553231764 -677119203 -939536161
-209784303 151611522 -415847524
915925458 -702102406 -923217946
-174541051 -479920038 845775977
533041129 -536222150 841444454
-319464988 -479399831 -347350246
857075179 344364326 -287722075
729329346 883057159 -699205594
961966956 -843616841 285733211
-342663214 616682143 -182468071
11048886 4468584 547170968
-611011631 -853593020 -577503460
-345527577 -426729437 -585282678
263458929 -112111313 200185095
510730153 -746389513 672298157
596730136 -809379101 -236431447
-480956330 544398014 -390517425
923839360 -278225165 -997682227
-167581702 -596949741 86362762
-472011786 -554517751 -992122896
652855942 264992795 -896491157
-438497951 -788763220 795716676
-220115582 937931383 -600635795
874735075 645671703 -968999389
-913199192 494001739 954686223
-490357126 31653576 426425530
689828454 -702218082 998590623
-230259434 991060748 715845039
-905447679 -550740331 -285151313
-398224270 643246546 138775885
642923746 -187809477 -24167184
-943320666 812467943 15069642
-558692667 -922350070 -901947952
-747193679 -788702507 33929026
860247758 -430078588 -639152378
911382345 95694489 619044687
132169475 6773602 -804312345
100283220 204163110 -5845083
-335074118 583077527 -368996611
-62895520 946458689 216532037
-493510536 599583132 532268583
-675809663 -876847867 205150862
-152056439 -34728693 133188942
936144785 406777728 929588572
749523242 -257512678 -838440638
833299947 249173708 -590826751
-598522206 -293609953 -662539912
-860303718 79387537 -24061560
909026813 983528546 412865411
-190412513 -870742888 -214754352
-598825426 -965391167 536277062
-562588777 -732739161 -449368301
-579605260 349835334 699286045
-777375376 -739799929 -939834729
965981085 -720858944 -970891123
-896524841 -250761330 -768869507
360651380 -327412971 -234319261
251195089 675444107 833737215
337907724 -229818720 -933585694
617727779 364678469 259998766
-948223432 183641399 752958494
-234590948 -892749585 -775838312
988176504 -401732437 -562241910
-700339892 868880874 -405392855
-164887229 -976996870 776616127
602687407 203981778 844912723
696891256 602188717 -82541755
-937560575 313435025 760266004
770881473 -701682774 -857799386
-873961357 411957296 -929980294
37638160 -593054878 -910907080
718779371 -454298559 832127666
219441419 575727532 269637913
53035773 -704274502 -361361344
505521692 -915442317 753166003
-605968527 787676009 742211254
-194418483 440956167 551414286
442666512 508525564 -962834964
299615993 -685366708 -425022824
-647695666 -787231327 -197089869
-228673211 163652341 40622653
304905383 320535229 353470848
-901058869 140050858 405940760
-975819076 -344004544 -836999902
453960973 53388555 -250646303
-993268680 -118638826 959795726
-716426945 535370470 206396949
-481582671 782125048 -477153889
-994351438 874031469 322748439
-781655670 -803546597 -464211453
122749601 -937665778 -989684505
433504077 -247633580 771900731
402859960 377883357 -635659179
-399864581 847545270 219515006
-393688904 197319162 728562051
-630972073 -174408790 -678349112
974706552 -806060068 -952789212
819206454 -675233673 622756244
698887203 -170827563 206932831
-899278797 940067568 -127762963
521614369 810706946 579875413
592670869 -595834026 -157515540
694745481 18616337 -711895753
214168395 -135693268 423913739
732959180 -983108732 774852443
-561475404 -377466454 -198374712
998756477 -41705406 737637071
-932144403 -413236210 -837946941
-258753316 -195438747 -720473624
63156124 -750985020 801737451
-493020742 -648409023 398311588
-847230254 191579003 -623689206
-620032863 -544878890 219580746
223718939 610675305 -247127401
-534428563 -882631626 659467103
174126632 -920619283 -952882039
664142442 -414957577 841141604
-606590809 -228838221 -802134587
305803637 -960655981 -159374366
-233378499 -989697963 -296811810
122480741 -24613798 -755396154
838959144 584197084 146764098
-741947150 116197064 764655099
-909941339 125113979 -115128146
-16947918 138110713 682811813
-964724111 -13218240 558061814
-675099298 636833348 161055526
-835954224 430449116 -618219395
-536758014 -795667773 389353687
979348805 -805877749 979908378
471415016 735052661 570664045
-456745067 -699080748 186122190
-109565530 711831577 334993906
-253029157 -478545998 674216653
-183069086 -894060423 -768439940
818490758 -913296027 -872693724
-226837368 -57583582 -399507208
-447287484 66110887 -130368738
537049895 430987878 436706013
158516239 620927308 -429897188
-195271593 884769490 -809737775
881548905 -644326694 -621202152
-759765857 107583502 104108956
-773057146 849832174 531399589
-370024613 856492208 -907321831
-802762693 -932304097 -530688871
-717060623 -301278530 727491607
846969080 -908475295 -970051413
220413105 -952159077 693216749
680154633 355038925 872625674
2057735 981453703 88204939
-917884008 -599910598 -896830174
-817612294 940242518 755931409
708036889 -176091370 629202013
572025757 -926889184 207305732
-865918195 -983391852 -798754075
-893828386 -313675517 -190329573
-554165535 151233017 -899340520
-480512356 -783191666 570464082
-667949673 -402102935 -60569739
-728194137 -152502926 963336744
900595494 -998095301 485629649
508137763 999679490 -999183165
-951875388 -774259286 227529403
-294404911 -416198006 262528746
-274608842 -576352249 463324071
616897383 938214152 506358683
-4669794 359364490 -567474090
-437926249 -706167943 -721678479
46957345 587950649 -753929954
-665881685 98192696 -428908321
83474 -634651486 8909737
674598190 30570322 733009408
805900977 669514606 724447432
126460348 746569914 543071902
-382544947 -154327638 -350893821
528286129 -945055498 327822443
796644260 -662643846 389653595
873290130 -806790013 -674249705
-879940557 564249954 562631720
-116889561 -921678384 365252602
-145173506 -980704816 -700640344
-903712825 300311080 -732226674
826378794 -42804707 134365176
545550322 62861656 688250246
661079405 585710203 -893579022
517304665 -370884777 680662176
-206094977 -886892113 -7749217
-295653514 998805067 -298734121
821362173 898550170 -865970092
939915778 227225146 185741930
-981315469 835617437 795903792
480142062 -946466737 -896441486
-324452054 -194664898 406828598
-360051294 -716162870 -795069308
712177791 118119981 295274153
501648477 705900658 -678917200
-24432299 -238946145 485560436
284124036 657322392 460198856
292046088 -561422084 -150383484
-82802204 -972041254 367240289
654389477 -73943529 -33822319
-415331257 13271423 676286986
-724306933 361417289 573391146
-699848663 -917788115 -654960429
-662886286 -832572799 -309075500
-569271612 953583684 -566064984
-83004732 -635173354 468524658
-58511812 -86322495 936917635
-912037095 -675890426 26876109
-316811652 -710174040 487989715
198651150 -721790644 -855453842
712085162 471990092 -685496102
999272585 -133898499 -967078059
-641866695 844123004 -175779944
-442665900 943692609 -592281393
-982767533 -168378929 473617646
-733569359 -36091318 -987296148
596944686 -20586142 508343653
-944793996 -314325041 -28464129
-994652886 158059009 768055144
551300644 -51675912 919249175
-846413756 808536616 -350464116
-255166854 -79089681 -883315550
-861049355 239447818 992541597
-465046973 989182403 -845545988
-199077979 28283896 95268773
-872213559 -195633107 762480161
-556844602 990401623 401140859
924324607 978464332 333165288
-115876918 482672416 247130253
871918376 442486474 134152031
58951500 -295588109 680798487
-749663487 -872958399 760899804
359150229 -799277186 -882237921
-375857096 -49593581 19469301
-307510547 473072538 563932552
-112718421 -885810358 -586255760
-92857205 -870616242 -907872039
-670347876 -245067161 -868077907
170473034 179572834 323896235
-733865499 -846520822 199753259
688244256 934419112 691380580
135253023 378056989 -801036030
-955109601 -401782848 -951749336
992889018 512361209 792465857
-804704434 -774009450 -156608597
218781635 485838579 12638075
-176023170 729998866 -786554963
742330155 154131864 -959193557
-215578920 -144020969 -853629236
845083127 -913793998 -953358140
849669320 664128659 328751895
325651554 -79301005 136774483
-573067041 913110365 960118027
271713830 -901493246 -834611835
-498059760 147667541 -108517815
-620136231 -829701429 395166875
649061977 -172004273 -581991623
-653231308 375347950 266352653
-400585864 689625152 697878470
-205563105 -202522114 -380963915
968212982 607469684 281380922
-283280418 -933587160 615152774
-978078553 -92632703 -899912888
-943698712 -996839532 807313951
707868035 229201557 -177178819
586577119 -662488578 -486452394
-847744912 -144996540 167722782
-575561069 367040728 839003029
-372485629 664675623 708995621
629367396 -621554880 224697661
-76321493 219391236 -18167383
745192737 437026305 238370508
-622096708 -960829229 336136895
649635144 676862574 -6100931
-936625116 -989369103 214218091
-657363378 226401299 451260843
235916204 -814191675 532670572
-793500617 -902123123 -489060115
751477760 848145959 563033706
565525278 -683676097 -108074088
-436380259 -613714800 594565382
-489851249 -928940739 -270766071
290616117 156227934 703121350
-580872919 951394740 -100960478
727031164 -345865319 469701003
-732371825 -277516838 -512430353
207130861 -385817974 106125391
-955123558 -317954599 437792338
-99592705 -996212644 -865423347
139113230 -76891898 -575201209
-645306358 620082688 -152890378
-834531526 976598037 632945979
174623784 737779529 524755764
-269408102 725971749 507886507
876633335 -657335322 873775867
-569096302 -868690399 -922776950
847220051 115248593 633166912
934028247 356685981 -109804592
-862861315 -667621082 -788698560
-188349760 -146295390 544468044
-134052703 -223670863 -792555090
278275102 -654085365 238164733
279216504 -50811791 875741673
282940837 -245042438 -990248223
517411964 -607461259 377244722
-862864666 -536210386 -752249238
681251076 -755356468 -96846075
-935412663 930720386 -410147413
482622433 940533084 -581488999
695389868 -692158276 -873161961
-10867553 -968060436 408971472
154861930 942495356 -371110973
-828233090 208688421 929522360
-967738869 -49196022 -189062003
-84015255 -679319894 77180209
-509880639 -930028282 581451020
425445998 -248958570 41117134
463274597 -599631328 -419920103
-700966180 -848405364 -795417610
-834679458 -873558598 584758208
254382596 215448249 16204199
656539034 812938841 -816978519
527651610 -171139345 -891376662
331829833 -601609208 559548533
684879486 -964959697 49529413
-841583317 636253563 304660284
806027901 759094422 -309072401
659210970 66782142 -379207591
-562120714 874178407 386115558
346977305 182106228 890379523
-929164499 -109092462 17707576
-843997397 -128523570 -17444789
-281768517 250095016 350130630
-766203215 550000973 -789973162
476046681 139834462 -982297694
356780041 -147035855 -989719496
-81761875 -462470948 505326317
-10387808 417528293 -289633030
-284070850 656449610 -867770093
-756174099 394392958 -890302269
-302411092 -642572327 820109623
257981823 -859793766 -281714959
232515425 889216811 216710285
-89850932 -785435843 713441604
-27406410 887661915 504344049
-134772366 873978243 167787471
-231850330 -6845574 -802248464
-788455477 -794625653 -38817592
-940105579 465197021 -790189417
-259568749 -473860421 915926111
-370619014 170485377 -751815964
-717090691 -881727425 -245844254
-361999971 -979882238 -79693819
674084572 278109988 444261359
-290971228 872282441 -844160078
-627052212 -282174369 903977527
394466190 847394088 419188722
572229233 -778713978 -265916568
861411512 -846213821 547012377
-723657553 -981209655 851897717
-510209322 195311154 810028966
316567760 -354482122 -384414640
380353959 -160071221 -690550520
167476828 680313151 -976945207
-272402577 -403646698 -6976176
897073847 -599796337 675104581
470947508 464914879 937723967
898891737 -177569826 809661018
-766159946 201350180 -861738976
-937595669 -886778684 -450600875
-251281417 807846000 -759199784
775995645 454848727 -87159862
-240654855 -687123859 657304565
956559590 861685984 -107377165
420660218 -947933537 664513891
-261460640 -191142142 812812199
-901814985 -832233344 -103668669
-113796291 -713567083 343108060
482654362 694501547 -849978505
-481768380 772157828 -45110409
-83275713 889495909 -469947988
997567457 51349850 -68661200
-253626522 -995064195 -831797953
-989066555 -28486620 415502475
820268196 13394858 -871193115
473574359 639168862 -917106052
-61107999 961696844 -154604651
-205759524 522315435 685044215
-856369489 -378397200 547373949
-605869438 -293992069 331873974
522334718 307993649 -580160291
-528198568 873077363 -826706135
-212871475 897104897 -934611698
-369009392 632721300 -967964403
-563834784 197199348 -919977036
765403311 762617088 60004174
410580689 -47481019 -651990922
-113221344 -317276324 578812199
644962242 -842855650 -361139630
-893191926 -38005884 725757543
688981224 -993535195 217900786
-903329267 -429611024 -366217574
-540313234 604864814 -922734809
-964170612 -616976110 873195951
824531819 -366386779 -907482130
-542359599 -84644167 -866658957
-60567844 603559436 -348872075
734392260 213576010 314435030
45387870 -627787838 -940393021
-753718438 -76163986 -353103027
-434788843 881693669 -661781420
-814304090 -870178697 -955214364
-900650934 -589637413 -704496700
19025483 305028022 653191079
-733367073 29479137 -514029798
880398858 324383680 -858442521
-185061961 -355956700 -511335305
-360321789 -529873390 393276586
-211197359 -317494246 -596712996
-56192264 -787316390 980935163
787093316 -824925293 57368609
-741156503 165202764 -557255660
-666005744 641565475 607899346
-953019119 -156048207 637281742
771746150 -478935585 931671254
-517766999 -967030893 849955870
-280615378 565300939 75210
11860233 798155621 -193341508
-766084687 -453131184 -468998863
-694763772 -295768719 813914007
-660006615 643557211 -280300877
-500943766 -66450550 -862599035
-857987921 861117650 653806032
351520514 468915608 -950897648
396610350 -293599149 -601189694
946606384 728303096 7991842
-893542086 595342517 -774258300
-969855594 -283709223 -34049925
-323822779 75272616 -466092107
-216782153 945235391 -543555919
353785854 -174887830 -636000023
248003630 152354133 830849346
-628193677 328922459 -425293179
932692882 284990351 907938440
-79293345 522272871 707876952
943945782 297782789 -525637372
190023597 406305872 -159453385
-737801581 -239995899 -854902635
-74408455 -549312557 -76920544
455964225 -741268138 290724413
-98422527 373761715 328011655
497325530 529645944 260324277
-311612242 573937930 -443001306
329485335 -276277141 648183354
-759294430 -7304832 209800859
-960649895 -214817610 -906278214
-659314013 -924272686 -708068530
-502569814 -922150596 -942850361
-97298458 -386995313 147029995
-290468653 240075430 -839633643
-605216380 -258282624 118966839
880525410 -596549342 911674539
-158495122 -782532772 967074493
-783610266 -440547899 283087360
311980655 312295968 -737050701
-981254696 -176585921 537978992
-815078100 273777775 661604557
-740566750 364492246 538353466
640394323 977869177 959500546
-197799694 -502407396 -707707637
44324372 858885673 -242994547
-353560239 533345580 -771342559
581320492 336273536 605424784
399751025 -449421079 405035966
918188438 525648440 772029811
-619943167 -592873997 754604606
100997237 765454411 358583690
501775106 -830536955 722613851
-871114788 6080304 -336011323
250301356 300488056 802511604
-923723827 -335943032 -654528053
346175739 -983547229 195576854
-996206912 -570507570 -997101405
-223384434 -882360284 674457931
-495673830 -6442326 -961465556
676987957 503994703 -99191653
-809662798 -493871848 834644554
574844378 -846042474 209795046
-995854853 -265175296 -86839653
898353580 -366052638 -988908667
-551788829 770714483 408583576
-134511503 878164732 -756447171
-421159711 -998410106 -908115206
875836965 889078607 194165832
-16921008 838308249 814361348
-423953537 -532557089 811873524
641097350 159602471 253699259
715632951 -504037689 -688315561
147662966 983841783 344850571
-892747241 981123770 904273986
616384535 320529595 754768078
-859239184 -337958453 -342394560
-474399830 382014193 -128582431
803174096 -401586964 -730632994
-643875218 766375639 207065834
-878684802 -293249457 -273932950
859887784 -973825712 705313944
555303078 591183267 -930645117
-386112684 -587009935 -997427533
702033765 -877773233 789227895
-561735949 -905931844 -394299655
180376261 -204513985 -432317433
-534736891 -398047989 221292827
-361174071 -314753200 -868356840
524484703 -376319075 -803849045
-950810874 85142601 99622803
-794308058 -251669895 -957383395
844704964 -322121056 -237836560
-312788473 -685505338 -308347831
-644577476 72874172 -890455009
-55347409 681823591 -457256436
-510754179 212522623 256775347
-632700338 973503701 -571684472
261952514 787044919 700494012
-10729234 -423604958 835022879
-853490079 410100402 -573211500
-958206057 718007239 -244465717
-580194172 85361000 612516626
-838409706 -329879179 -936257316
-299891855 -199524661 -167892844
-375831858 -64725964 -608112923
493762507 -491864589 -176116819
-637932825 -636552994 545487303
-312955389 -856923530 -4891402
-825629719 897430030 -177584614
731837598 -172578858 -911863083
-595575559 153766759 -198570723
214383640 -559710373 -491893555
-151212551 813019355 983769771
-554050974 694533201 228778674
-773185397 539655031 -791895238
888266872 -308352975 480299337
889125974 -46686125 -860813653
465219403 -193307334 -106521284
399293360 -307624407 524938685
-337097283 -659062203 633766391
743689442 215820716 393774067
-957020152 679298240 161180614
-41121491 919683446 -760979836
-369125896 89974595 -90599450
-567361850 -769719833 709372099
236844930 909820282 732833071
-946421938 86224389 -309429459
-386606532 -786560189 907047885
-920542009 423204305 -813507841
-445521470 908363627 -209928223
814774362 934899817 -852731409
287798696 -325430456 464456410
-811217721 614512826 -132870461
-599630443 -48199488 -970453251
484532905 558904691 -783961451
-807975964 291124014 -410803872
-200746224 90789226 751180134
-74966145 -538973275 -465158149
-337559448 -726635165 -78777697
726920455 -293805722 -366487325
503858782 8946456 632655701
-973732981 -941788519 799291362
790121624 996142975 -825084395
-932972654 -172299057 -706102474
-292552003 483498677 -543967336
700744250 273984472 -727623922
-996678237 741924888 217114488
-877182363 324817928 -751401620
849131668 139323617 128369532
-582582434 -865059969 -72230090
-325271705 -552360944 -977385537
281051864 185971864 757697157
331449877 -587627371 -641192276
389106363 905997026 -145818788
-969687205 631987641 373452395
-12126143 706679583 -832610321
392767304 -874270032 768675604
965480376 428782397 51595638
-862751461 -534150067 905387111
-346266175 206239863 -110473642
505516694 -629238550 -899102702
453931131 -868883956 31345269
910644198 -227441327 -785384429
-153636289 -785364686 -956025986
465648075 579135321 -996857453
-11738932 42330887 687834697
-113032341 550729043 -770320604
-999685660 -735700303 100188588
43445948 -818773580 650957921
-578873858 184712543 -356885275
-833347678 -553378651 514500624
-383173259 -463983348 681112836
-679778978 571420827 400673773
684998069 -101282182 -538406172
-222154236 -15916763 -5034619
372378298 -285823022 375233874
139317342 -481454673 -233719334
-319710209 -786435763 587317979
497114980 470548058 65016051
384310093 -381257644 626317675
-122852030 752171837 867078926
-802864206 219986961 670628635
585315839 -940535730 -870661754
640587434 940250207 -378442074
-910720755 -370824657 814279280
-995210953 956269056 581879692
-589324633 -900958886 906030897
479263483 -836640015 766983099
94209401 -397663271 -964120554
-97184944 603596283 -3815161
886095912 996659790 267444267
32863117 -976333193 -492575074
619165508 -184429412 -604483819
-963406818 -157347640 453356408
106835762 424692810 522680494
-398557341 534991424 -909427299
-261366982 145524618 -733824573
829672708 -240732029 108994555
465233311 -276830832 80684631
298797983 907120487 33706229
-420142893 -802626074 -651776780
706525724 241924322 -19274161
-435264161 827704064 167431169
-183274006 994943650 839428919
-883846680 -484276432 459263220
512088371 773672307 401173862
-252068263 -929505657 415591455
857526673 -162287048 -803593375
659308184 306058387 -185598217
-284598413 -94233223 596503969
-314346062 -530481253 -805790762
513486998 321027536 42481754
443365321 -99356334 -188741885
237192266 636448199 750058108
53635347 963792146 -59338714
-328343891 -562747571 634237356
-613219493 -499656809 -729821792
-994811175 -398830598 -812853132
454389146 -697639514 -255496021
-749014889 -545375461 240124423
-489319703 856139647 -329698149
514802998 906208578 -327627299
176884721 -903044084 100311766
-233540892 333619511 107612406
454192102 719965674 421692642
365182396 120480087 -902894679
-43435191 641261064 234719684
151526123 -530331530 861063248
-115959544 -36906882 -64614623
833969958 355600182 675822672
718480568 648868591 -972971225
105582623 -389966079 401570401
-177296363 572286440 575438980
990529396 355780519 -930957254
-480535717 -599362610 -962397996
-126942555 689861937 -494003253
396673366 916792390 -543180419
445473546 707930861 -164995512
957241992 -163060846 -551699078
-386346634 610430490 -30487547
417503106 -941496672 962264247
-53715102 138296645 -336864102
-879491910 -825904671 940665460
-774881596 -26206258 -534819644
583390730 -963589887 -608615190
571197990 591675377 22693953
790534371 974927301 708818375
993636476 -739039910 546481993
-813882638 -882051226 -809241948
-587991040 -810227583 901472842
883909539 946904160 -220476099
572394787 796560965 632284380
-952991606 -141633939 530454242
456072131 -450018709 -980820072
37964145 118332762 -214642906
-430976227 547177060 -326426961
580450061 146570982 -173345332
371936673 -512462839 -461375013
-557813 576105126 657001155
-307712863 -237516531 490929961
223871619 -173739246 -836319530
-771408231 493118033 840488251
973696283 775719892 31376378
424822104 -962114271 -857125066
-636763365 -750269419 653058160
-494119721 -63688625 -272934475
-218674546 -324115024 -287730130
-967422613 14088107 -595417020
-12227602 28914243 160063241
871973997 -327280569 -986673385
-295418456 -60480850 311364285
-55896115 -925108974 -598605210
282169119 -902209410 -372441845
616487820 919185193 809849221
3428210 -674726135 -949962590
463971226 -187445501 339524570
-655272084 929720023 -550970625
-614264360 645424927 455660327
-241669689 18124317 -875136793
48100141 -956589481 595037023
454253574 752688178 557404480
961329458 -108257929 -225188328
820066440 -315029830 16117698
-928868171 -872185554 -605520201
-633726001 111477184 738190151
-202052186 -21420872 -835717749
-838951231 -972097483 -447704725
539257732 -551390064 797751783
-858264064 -348215172 126150223
-332632316 87660221 889092714
250343555 207169528 -688423436
-968886745 -48291051 -143179239
918135526 16151190 -713733688
-628221374 512485230 -976901809
-24454283 -978697537 437095549
591547602 -916297536 -68857661
686176626 -803915664 -602296540
-912464824 -811326921 -452887248
-171613066 648070543 -655457043
-997303157 269911587 496252172
503126753 50804568 911521461
382600561 -295125982 -140048590
-992146385 389719133 190316300
97198024 -81335834 623012972
-658003838 427861554 557729965
211384895 438197820 -416650465
-995739508 -948517337 -655624448
871574203 -851295862 482893520
-702893513 -104645526 731963826
-145736443 -867041361 682006995
-15206269 -777415905 165311715
318901321 541123802 908033851
914633262 49358206 -937778666
-733254570 -219779345 -544106881
-334785252 -877112807 614110542
280231851 -327369687 865487968
-216649127 -144102169 -933807735
-716325188 -792752452 -661492943
-680366365 755808366 307512402
737516340 -904284689 -801808141
956930518 781212434 -637432212
256445363 800549858 -737781989
-954877979 -44315302 683660583
-959415030 -570439357 105616001
-633827076 152586231 911666405
-880306178 855063185 183904900
-158837094 -366659533 -212482873
-144475535 -666243328 630238468
-258896897 -115287889 266351397
-709123136 129754359 -886292255
786504237 -987180339 958147273
997389573 -893479615 646778702
-876378663 -510863160 -886078283
-99908366 -826852089 252652166
189378735 662946086 -468607302
-958469806 589258063 877384938
750924778 -199406747 -979441730
-956593103 894953174 -351916032
764923549 -865358096 -883877811
553394668 883982258 513436953
-911629006 -888798025 -853022438
-930575392 -208003065 -358489633
278794387 707834055 915573540
552412291 -296975458 -766584949
712649693 600378713 -483219527
-59134430 -452461160 105683507
434913991 226463953 -532072833
483245528 -661738987 734017574
-413097632 -599663903 541440851
324962257 -580973981 -502729119
-538775540 165520461 264521481
-304012106 -881508087 -785867784
972773605 -783643463 -207409944
-967864913 -488955633 -964519438
389039417 -394779750 148540341
-669997285 29558302 -500306176
430077166 -15337262 -422840867
-426257496 -473307305 136257861
-916180018 -621844199 -518263969
36635540 -374764374 -860187625
-181020406 -380132776 785167190
203287365 427092205 822587313
61863418 -147210089 668929473
820458092 -222356361 836165811
-771997410 -161274176 -444624085
641065290 -933905823 981097965
-909336299 178903433 879599797
-757939722 207304674 233495167
242142840 290900193 -830242331
-123720447 925299410 -716005408
66750439 539118547 -155755236
798151746 -27464849 -236615317
674715811 543418050 -428109502
575888013 -988075194 922118628
-572368445 -577061156 -271214050
-630937392 -153506704 -272031720
-404147717 83917520 -679647661
-527679903 -669643439 -453717547
-972952075 -371664007 -831090471
820243847 -889144209 -712946839
-120570662 -922811636 -892502547
642525550 801472526 663766939
728167888 -717938121 -601979844
-649483835 386653820 -745993680
-198639104 620389927 893774458
228971820 -212912308 -293029559
-932083388 -22006385 -115878150
500847922 -442361057 913940979
-864923811 166953564 488083532
-871895491 -724365887 -827665202
-867425983 573737977 6097952
-829471090 -138737443 -884952497
-56426288 -969674369 797082552
-347088252 -895085322 -788674532
195103029 -205102839 -457476311
-433007420 37131335 -128348913
959682967 -521755223 -898786698
128515746 110209088 -886951526
119325345 -105823343 -750342989
-938269883 716832262 682307332
-133250558 362059209 947195885
-477002532 147269576 56647177
852848733 -156233003 907172280
780572366 -525308253 487108484
-11481069 136124392 128541565
808202923 -95457478 -227674657
-65173229 -181598660 745838047
-858253295 277545450 164053662
-171915808 -935140622 -999181329
476449795 -951430004 461989432
-981782684 -862773037 -933218925
948299257 -956275161 -909356274
-393995262 863084347 -597154306
-23857090 870516266 -841293317
348256489 205755430 249225805
-795909629 -430749861 -507046553
733162072 -204020647 -668794854
711494491 -53137896 -340773619
-150354259 -918085790 714917757
-698327414 -871021410 766018308
-664618111 -908655661 117210636
-744394400 -163197364 -559445683
-66518775 -341323827 -709991233
892853373 -41786085 520596743
-607571857 320215333 716859388
-977168325 -23415608 -973905886
126972652 -877561096 -486975905
434339560 -954349106 420105615
-666810799 652674232 -89743719
577769573 -601626165 362755947
-618433409 -961647026 -677720136
232212605 77768223 527495628
-949435872 939550821 -648408009
-787061455 -379446224 -842340968
-877960683 839087431 -437612915
-903308868 -535159557 829955269
325609053 399687506 401157705
-607096179 742269691 -914294908
422958250 558574362 209324103
944074061 101397326 624259583
350010421 -258312824 -855352422
962324242 903590736 143567957
170852590 452618867 -865409225
521719344 910673416 -295536790
-85751895 -945753213 -673375766
-159147103 111508145 891725956
853028546 882589912 918850818
426524997 -407712856 -974806023
844137342 821004295 171074572
-950428401 968595528 777328547
929818732 -10722467 741330240
-73124557 508546117 -15347001
-495521279 -490970607 -345139107
374481584 170152746 18048125
-865064329 220123113 -295393681
709066473 -935184065 701607525
58508940 72317724 -456820776
337013809 -891103358 928954560
259170868 550400334 326534085
704399134 -321079891 -784379568
