2000
2 550966856 -168401350
2 700910612 34731691
2 975354208 373772206
1 -975641088 439003337
1 -902828909 955948044
2 -197913989 -750343002
2 -346769937 -801609001
2 907402971 402541173
1 -704729503 -366326484
2 721322519 -501744890
2 -32942336 -596571741
1 99254083 -986937901
1 385722508 -7614385
0 252354566 567297279
0 461469930 -971304153
1 652512663 586239860
2 376559814 -876369307
2 -280909666 977347586
0 -918344672 -182739431
1 388802120 -585922820
2 -209136114 -107020422
0 -839604309 -590355948
1 -261767427 -858184633
2 228569562 -339326226
1 789931822 247203310
1 617450388 958259857
0 -189497415 145126014
1 1575284 84195664
1 -336481415 -944867859
1 466397955 454546837
0 -247310187 -757597028
0 585970264 -30919819
1 167365669 -987253427
0 456206855 985983252
1 666780771 -547955088
0 -595568246 -914556859
2 676400666 -780756328
2 -954601364 588724463
2 594445422 -997275884
1 -963566759 -228680976
1 648853147 -3991386
1 -407388594 -566150841
2 -358774592 -35801835
1 -9602610 563895394
1 6972243 555774783
0 289230243 91267919
1 632361288 -891562793
0 -846592281 431756943
2 436200729 -956677120
1 32898883 409907956
2 450528668 83753224
2 -145904782 740176767
2 183988473 626782192
1 -70025806 982750057
0 273000103 -692820289
0 -750599726 676375394
2 -680679706 722556828
2 -799433733 -882878980
2 614437118 639125261
1 703481967 787471117
2 390752608 417155019
1 -545278763 987194347
2 -597084766 -379546002
0 -405571553 177071019
2 -119902037 657819830
1 680132603 552153305
0 -333148819 734182249
2 -446936926 302872069
2 -69976758 -664618171
2 357649175 -869621363
1 50652050 67280482
2 256819769 539465455
2 294328565 748485310
2 331281542 527419011
2 435791299 241018643
0 954465542 -867626235
1 -689685743 562495350
0 869911366 656482255
1 85802070 372846639
1 -874046481 -948971423
1 235977155 -261058987
2 -768490169 -631772094
0 -220694491 545938933
1 6931321 -446622425
1 -606257786 646306998
1 648491124 363518681
1 -6267490 414839319
0 -984886411 -920744480
1 -653472576 -675313942
0 -986899705 -803774438
1 -605116099 589254132
2 -372992142 -256058092
0 -920777422 335873175
2 695603016 -987536201
1 -245659268 -694396901
2 -865923890 185600801
1 589395506 152257505
0 -426453885 -712674798
1 -836051407 412826647
2 -145289765 -726998322
1 -282633360 827344408
0 635535810 -518701331
1 -86121777 -504078337
1 -590904248 -81713958
0 352344528 274856274
1 -58040156 -520066460
2 -938911206 -936663619
1 -285198367 -525666659
2 -396668515 412049135
2 -655905962 -75150874
2 -508635110 -377062223
0 610870021 -408066289
2 -43553178 262738922
0 -282289387 197643440
1 243545043 -53536625
1 -996914732 697801448
0 739020064 460797581
0 872453867 995956575
2 270876806 -603246112
1 791190213 866785449
2 606877644 -828283361
1 51442544 946340848
1 -93090281 789543461
2 643119041 -925618330
1 730286845 696147563
0 -485886971 316716839
2 517210771 -909142368
1 -956206375 -147048760
1 249626994 -884725868
1 -115061150 526086576
0 -992903544 -55034730
2 443868899 238121422
2 584826459 311502553
1 705225211 567053218
1 -542656900 -633076100
2 -865666176 -593834007
0 494983477 962429792
0 -20518227 990148828
0 164477191 -476038266
0 107872608 -55125666
2 523062329 -521361188
0 200322438 159318056
1 -16873600 -154172152
0 -176976714 691503559
1 340743817 26305616
2 810413605 366539591
1 108465382 908160856
0 -923213781 336421655
1 -345751458 886589579
0 173855260 943047282
1 -633438050 -568590807
2 -969287802 419627465
0 -399685494 -866559486
1 152238530 -672828320
0 -650844278 -726937131
0 -560595980 -742011378
2 531415639 245455071
1 852959061 -439554226
2 -743089287 65797368
2 67806298 -430219956
2 139373986 742527793
0 -333865721 483215746
2 -976635848 316107826
0 253088554 895000960
1 695620281 959141469
1 -286511495 202906594
1 109387481 190276219
2 654084834 -784277352
1 210858969 -999562887
0 -323851635 -407393247
1 -238263073 -109508549
2 -181369183 -680764579
0 -152000045 104204316
2 279772800 -581436322
2 -742389293 -690781457
2 -525545603 -132792900
0 -238249200 497518292
2 257650402 265343539
1 -972064404 -886004223
1 -906394373 -187551653
1 -916587171 -951795005
2 189578226 964620969
0 508523624 -943117438
0 -114871729 567428449
1 -873953257 651029729
0 -143140363 196552636
0 -907745267 -645952644
2 317421688 -197234663
2 -37976728 -145561858
1 618487708 -525404609
2 899665002 -923377763
1 -76630001 -718580908
1 -719501528 -751017740
0 462169725 -956656025
2 -969043293 643541442
0 -433952313 272626308
2 16669944 653412414
1 969691241 -370372786
2 -597005877 -497826873
0 808323320 583683230
0 861225947 171566469
1 -725948917 -296341770
0 803152057 272548096
0 -95766075 348556964
2 -136587856 -678519210
0 -871058168 -436200998
0 -476261007 180576344
2 983578553 888616193
1 -650969955 246687699
0 -983824902 -840768394
1 710437068 -979406483
0 -89631217 598129776
0 284636142 631469400
2 969497314 -222088997
1 791978005 231480524
0 390843001 -898578360
1 -822791175 458998328
0 78139435 573438549
0 -917132338 -25853742
0 -180759111 263189186
1 -947075459 880686305
0 -129888053 563343585
2 -934913954 -29201487
1 644712787 -944839221
2 -962605441 872113355
0 751952247 335164326
0 -758485370 -990463195
0 910194156 -170719225
1 -756128120 -674474515
2 -351700801 -567846747
0 -966666526 -900212774
0 -956718820 381303938
2 -505639711 -203865675
0 -993948531 -80807766
0 662735831 -11413683
0 -875011948 -431141755
0 532189163 -916365386
1 976599141 -111399031
0 -736451239 2023893
1 -451087308 -941354534
0 338039018 75129119
1 -557289740 -251663591
1 670365257 -457596823
0 -283794672 348347806
0 -622518850 -560628853
1 632874236 -109933396
2 -508379932 18681399
2 851378030 760990268
0 -281709109 286623684
2 307154042 -187137167
2 259858048 -305894857
0 -444172900 -547337762
1 305800498 820011398
2 -571065335 -450854473
0 948772279 -115533141
1 888142348 -995544271
0 -449290322 60166637
0 505281830 199459608
1 565919173 -172065014
0 -592275053 -447463715
1 801081125 -946355371
1 -523610120 286503357
1 -855453538 -84268457
0 975482352 896223934
2 548594206 -835597005
1 632350135 84762629
2 -514130862 -125062888
1 -212573041 310703923
0 -661161673 -64646808
1 168147189 -394203318
2 49534586 8142156
2 -897610011 494093184
2 313343135 -243192503
2 729806035 229269146
0 -689415837 -87576259
1 659977018 -348288350
2 383909186 -883527013
2 340406915 -629558968
1 -116452213 981566052
2 67312984 418774007
1 841343854 723653536
0 593452754 -595248615
0 69266186 269486931
0 235069586 612838070
2 945426532 933992542
0 -612380490 -638609763
2 -862940216 176113335
0 -765054752 576338990
2 -861305329 -680390078
1 -184299815 -717617877
2 653168476 815772821
0 -732788646 572940340
1 -219104110 841322867
1 -506963719 -139465719
1 -870094837 802871630
2 -133126069 -692246054
0 -890331052 -405092393
2 260696672 -340128845
0 358620408 126721137
1 254957171 861065700
2 -751848852 291889948
0 384289112 -879240486
1 917446830 -517239092
1 -600269281 -961817951
1 -76263103 591310787
0 -168640052 -438321049
1 -847330790 -911543637
1 133136705 883321556
0 810258370 -865762789
2 -631577861 -750952720
2 312902250 -608443185
2 942871876 -879088541
0 -320151914 663956866
2 298302588 -959508073
1 -963366920 550166257
1 -996137430 -524864535
2 677244887 -349529644
2 981199569 -979528917
2 -469472573 -257849128
2 -420807098 -451623046
1 384682681 -355115844
0 -801155933 -852795566
2 916925834 451720034
0 293419155 -735233859
1 -254805459 194963083
2 963213093 43077
0 91013794 -668975545
1 573982984 -708913258
2 582462286 -913845113
2 -734142716 -78401515
2 715370428 131187408
0 46626055 744766139
2 -918375523 694993090
2 488683606 659775565
0 875055780 -14833738
0 -830279301 -868684500
1 -762010098 -206470227
0 600563661 467011668
0 780510447 886009218
1 404043510 -711638318
0 739351804 536417694
2 735044539 492623074
0 292314707 356733564
1 439111779 374156025
1 907652145 824684771
2 688958285 206246225
2 -945263716 -280297634
0 -553229468 -102661651
1 939304924 640911015
2 968728938 -226910426
2 -131361125 211683583
0 281243085 421837368
0 545517560 -360017509
1 -492145847 372289840
1 -751859430 359817802
2 205275492 260234616
2 -136855968 -984031289
1 -499089875 -122987276
0 452816358 217789868
0 719806210 111261656
0 -754793800 -538948115
2 -402281407 812577143
1 553834753 -858851400
0 -425623563 -924645799
0 489791106 945347099
1 983887241 -691459237
2 -890762058 -965870408
1 -338667607 -231422378
1 880622974 -452302986
2 -544500484 898542201
2 37394087 206637371
2 330764507 -170274686
0 -872513806 119098908
0 -913516084 314771300
0 407723903 -80549838
1 -458038921 -442438631
0 -901836542 -617430348
0 -427021121 -147429562
0 -254411056 506584427
2 461055771 -903164457
0 151410854 -673231382
2 405827729 216406653
0 -121479564 -264724552
0 -740653709 -489662886
1 736502607 394277759
1 605993445 -828833638
0 -280896639 662243322
1 841216539 598824829
2 403521487 -899800666
0 484626712 364792243
1 -195123001 -886968978
0 586336563 96736404
1 -505884642 -977593610
0 37954702 -950235192
1 697219092 916351982
0 325466547 -531858045
0 -563735547 -996827179
2 -566367332 48845812
0 -804951906 -845455362
1 505489864 -635084276
2 -97071258 265115561
2 -894470048 -83754089
1 -528498995 244510485
2 481553818 149020101
0 749014966 -323095296
2 -135371798 4012533
0 -811484762 536605322
1 105195095 -909206137
0 324195311 -998795157
2 793538979 894344791
0 555873794 -569733482
0 -183575138 496548392
0 -826014834 664003695
0 -573474181 -240822670
2 -559796294 -380173707
0 -928146782 -98106584
1 -871847859 -870795580
1 -611918042 14112559
2 -281531819 -343981505
1 -157911591 629460322
0 180625484 218549343
2 955447415 -163660655
0 -927119508 907197203
1 21914571 625277354
1 896233262 599942411
1 -155737557 305961888
0 457541405 -715209445
2 464755044 -399312986
0 -235967788 -885520818
2 -525721350 -994241546
1 -276253663 -832689541
1 -375265258 -958045288
0 -918999546 -447334729
0 -960782616 -319172731
1 -654345307 -587734725
2 -521417701 -840077751
0 -671774577 935229307
0 -242529209 711530727
2 406389858 -859229740
0 -649437409 220801878
2 -579389868 -867671038
0 406261712 984038000
0 362196542 86315050
0 -539698431 -630833360
2 256621277 682125103
1 -796512815 507041152
0 -45984646 605317095
0 907490068 -881282714
0 381239980 629047667
0 314647521 855690261
1 911003598 844693515
2 824683635 -837907689
1 -34891131 -779726779
1 -213764782 -607408056
0 -799625184 178287237
2 -220042171 -846838051
2 846409331 927382010
0 165724221 -900798194
1 910463259 -693358099
2 -235586722 -819180755
2 -295911653 152204095
0 -858030712 807567727
0 403506504 -730073756
0 -59282816 122897307
1 -498208140 -746104989
1 823192450 -150412701
2 -871118126 -745365717
0 -558284102 470292402
0 -124898272 -534689448
2 -621464740 60207515
2 -74143925 239048309
1 500844495 -783707612
2 -878467629 241804035
1 636643500 401134136
1 755365324 939206778
2 -35556480 -327748694
1 -673153471 -874787126
2 -381237920 310570403
2 -615354745 178096101
0 252056127 419681556
0 454990841 -377399101
1 -632526857 392858386
0 -232408190 -954498159
1 880129939 364929592
2 -251990724 -967497697
2 -268713608 -85645428
0 -919562399 -320144999
2 -508603566 -77941384
0 753657888 543659183
1 926151836 -884945808
2 -709393451 278779432
1 450675217 -214631542
2 292050133 417308937
2 823141178 654054956
2 805264082 192028912
2 -896566513 30247357
2 110458848 -687395090
1 792323800 -871035469
1 833010003 -98827448
0 -509634844 -70808662
1 -524167195 359705493
2 -996422686 716944755
2 -834367593 639471716
2 124941887 412034962
1 -545694025 -339224390
0 918981812 -782612247
1 -163382835 56863458
1 884651773 88178028
1 -601669692 -883993282
0 651398473 -855335652
2 -506993928 2985116
2 997765744 701604709
0 -643095499 -442654100
2 -913097426 504310674
2 423897687 -671463405
1 248974181 -621465049
2 -212911375 861514242
0 854516073 -307744789
2 -142337620 32305183
0 582589631 187081809
1 -589252679 -167520559
0 -399948725 -11285205
0 -845772876 -97367773
1 377481886 108521931
1 -235926050 -981100324
0 454419352 672925294
1 -891372244 902825140
0 524021775 -550903049
1 83672039 -364276440
1 -793028609 -728242587
2 -36229334 823188061
0 -674385458 -564758153
2 -820208171 656904499
1 754060412 -746477169
1 -17359694 442654146
2 357974712 963782740
0 698240247 -418275656
0 300514722 858238457
1 -601217598 348943341
1 -26762473 328572453
1 857776547 63259155
2 -446034839 953812185
0 -174087198 586528557
0 651665673 900622092
2 -17000428 -318783278
1 -835672970 664435587
2 -578363470 818779670
0 -79640260 353432409
1 -581001132 589065316
0 -856300449 -276318091
2 -75458313 -420776312
2 868915058 -24015677
2 -13579787 631029636
0 -797555178 103823766
1 392890809 -608466272
0 458590211 -989204163
0 171579823 84329938
0 -502742758 -341384319
2 -818385867 -692758450
1 -216801160 -255596603
1 147241961 992683643
0 353496113 660000340
2 -843291288 -945559705
1 776165417 394455343
1 -736063738 -883747907
2 599782807 -490980266
1 -982364222 -508292243
1 -214889732 -350973724
1 -812792596 496061853
1 721709939 115168910
2 246782968 -504987326
0 915516509 5064538
2 106583572 604930858
0 454340891 41844152
2 -678323961 -731214409
2 -706573525 984628432
0 846844517 -81677454
1 165835283 603033460
1 -837293208 251374326
1 -854832648 -32209560
0 762262664 853252873
0 -881282876 -326674308
0 -949432140 345866748
2 -379383270 477007394
1 883094859 175481129
2 926470706 613166082
1 -776660077 579307921
2 249944210 944078851
2 445701074 234672738
1 -248575661 511851141
2 -764864286 -860253369
1 968005795 514118066
2 -223605375 808989932
1 -898867541 -975684899
1 -818968211 159875320
0 282041615 -933378905
1 157104982 -524443903
2 384537803 -60266346
1 825548485 163339937
1 -897105979 2874079
1 -98319392 -37090640
0 -907156652 -463712862
0 -887028756 -662602519
1 929919115 -42797706
0 -970315201 -226594306
2 339710642 -404280502
1 -774484359 831242052
1 880725835 -526029537
2 518578483 898914858
2 257665750 -459119526
1 229557849 860546497
0 -218305 708904322
1 357595612 645920279
1 -804791450 -651257155
2 875151648 334260414
0 926378514 -290693432
0 -119328175 104501726
2 898482892 -858217922
0 289803927 874619682
0 -152427904 796032378
0 486049771 -318793032
1 808105151 362749327
1 250193335 -946415774
0 -182253792 -869818327
0 -121400340 -849178467
1 -207933013 718307781
1 738738350 396233116
1 744628134 -32647288
0 540764533 -283645490
1 -544002047 -253547116
0 611332351 312765913
1 -394104598 -857325630
0 -901503943 -9720792
1 -628435883 448095296
1 -351258347 993862271
2 559691177 -165199694
1 -784936189 -745092564
2 162210387 -136580542
0 938435137 -161846733
0 -895133132 -673931553
2 251354884 -507589779
1 927316445 -30648814
0 -933853517 -871896077
0 852278063 924205516
0 -692584906 -888610691
1 226662415 11383121
1 724792389 993997545
0 831033636 -22280986
2 14696213 382001723
2 -741603089 -998843229
0 -959959929 -439053822
2 565407484 452879548
0 -693918080 -64783496
1 561289290 705666204
1 221001597 643207236
0 -778536710 15208092
2 60435421 769959817
0 650510608 -718132327
1 -706221350 44867339
1 612854923 485438955
0 224809515 -840285557
1 -759957770 -984501639
1 695426856 529147848
0 -178149985 430043180
0 -555900797 510520950
0 -348022971 309460152
1 -774727687 -295889674
2 547101467 -484067375
2 -640612956 -641915313
1 -354995264 899833149
1 -951824872 -822543300
2 753243522 739945508
1 431743336 -886964290
0 838894227 87169440
2 963170534 -636568967
1 441610679 914915696
1 -741534002 -983855742
1 573573411 623152390
0 917188290 133139084
2 -898203896 -971322966
2 10499482 685917793
2 -198478353 -277774921
0 128846763 -232075616
2 612387125 -297852245
1 894057376 419391178
1 -820216401 -306568938
1 -993975696 -927600694
0 261001842 -29048036
1 -664426466 763952926
1 785552939 815096252
1 -70679229 227756399
2 -98328453 -173487206
2 46293268 -904541195
0 -474431911 218133429
1 655824606 774343259
2 -971833214 820754908
0 -16204063 699468180
2 -333566738 188311264
2 256349283 780794869
1 -406554038 826276928
2 326628057 -145937393
0 297091820 972320676
1 -413730837 -512629854
1 -204048388 -986300406
1 12572937 -620265911
2 -136481187 -568254558
1 -903143942 845502087
0 -428392781 113903441
2 115411088 -527440273
2 -375442701 282166874
2 604702968 -371153217
1 -435505605 122990572
1 265508362 664625529
2 674792614 438753938
2 -547642629 -922079118
0 -353027084 -542643671
0 -620601778 -549466148
0 -909335191 332918619
2 -478262786 241069765
2 738694396 121886193
1 -922832222 -638887365
0 -462852578 -884413195
1 305352459 -861951996
2 -533962624 308300208
2 582312486 -376548215
2 -223637587 969833117
2 -575962711 -643790169
1 172701162 754285060
0 -99447541 -6310369
1 727236603 838660348
1 -758953081 -911162281
2 206246515 644571538
2 792158222 427938408
1 94164561 -232658143
2 -696900810 -113911187
0 -260177051 580208994
1 -968254305 474492657
0 658520787 -942059134
1 -957808569 -899481308
2 200296526 -553899281
0 -110910073 -959454361
2 -484128275 206681800
0 167651601 -817769931
0 -841481074 686495943
2 830288027 -549977874
2 676059293 912360267
2 -805484982 395991234
0 392471525 -20150328
0 802572048 -732990336
2 129381119 -308236098
0 -88437148 744790578
1 804396304 -395074137
1 -204399847 428312252
2 710891975 242282472
2 666626066 214916676
0 -527487797 746312733
0 82518861 929954302
0 -441041514 -938943167
0 200864641 379493972
0 600845015 -660354361
2 828737061 572777510
1 763483768 -920901089
0 369990787 966095077
0 -995594005 282584135
1 -888174130 457290136
0 382331271 590681455
1 -259632024 -680324232
0 634252731 613974465
0 -948153496 -163258300
2 -534087151 265980105
1 840069691 -17425553
2 621269635 -679933665
1 164752618 -325938888
0 740169749 493132012
2 -239097257 157750309
2 665216915 652856384
2 122287216 -643579491
0 463423480 158390986
0 -894115985 58867922
2 535655732 -992159899
2 701465808 326496963
2 922018852 837254985
0 -441202367 -439639192
1 489636701 454739559
1 287501757 -119975899
0 378497926 -159383652
1 -208830193 -132097846
1 512184262 657437345
0 -897864874 -959656846
0 -443951874 969184182
1 727413752 -523185848
0 55747639 -252423296
2 -369362478 436052625
2 99610993 337052522
1 -772617083 -8144464
1 -594817977 -507930493
2 -809981781 -973362137
2 512945557 -56454902
2 -626517291 -793978062
0 -277739322 -657210805
1 -502304148 -631316941
2 -868976326 639801208
1 787867458 235740130
2 740047507 458807215
1 651192878 -523072052
2 -393017540 730570750
2 -859778736 -972262732
1 -760204682 -96600950
2 -714156116 618273140
0 914312820 583796371
2 -837204542 532834235
1 541288331 483286318
2 147595234 -456485894
2 -40424438 -100951487
1 131238250 -908635053
0 516588176 506111613
1 259468826 -69107002
2 -822142361 498019598
2 -356210099 -502254678
1 81539639 -461129979
1 -962603340 46888767
0 428090199 594830563
2 210486668 971914518
2 -98258139 499038959
2 423974119 -619472813
0 452730371 868816580
1 492842055 496798501
0 228526737 -993673052
0 281038741 510690975
2 -183029890 -281666932
2 548084935 254821609
1 -685877845 -511908102
0 304900135 -31812137
1 -899142211 -439089511
2 -996748014 457801370
0 838135573 -350069953
0 587813530 -589813339
2 294239180 389067947
2 972698725 -993468977
1 -769751477 -399778922
1 204153550 -986778388
2 621293294 106703480
2 943046312 824672169
0 -897003756 335248709
1 -605343357 451424917
2 735475048 561890588
1 -708770711 -509015287
0 636830275 -442204163
2 -838834034 906734860
1 468515455 641475197
1 116883434 297129076
0 -616072957 -346927674
2 -154737697 122581820
2 -440832003 -567716631
1 -796771275 -961572801
2 -414435493 317585898
0 -946222859 -814748195
1 -291459122 -800285981
2 -220588569 -657319644
0 -872806081 -929703304
2 -801926694 380844765
0 287536748 -628920669
1 -36080812 -832763863
0 957860530 -468973501
2 821178849 113301701
2 -679769391 -63890598
1 -967702354 -704168462
2 344668005 -971355782
0 16503138 573079837
2 -591981240 603446279
1 -919778956 618538022
0 -552644646 801173490
1 -877776657 -573631920
0 -247540475 426386286
0 963706177 173822520
2 525406647 -400436117
0 760838380 -861880581
2 -740472199 -857530535
1 -334480642 -64027509
0 -913617882 870741517
1 -981386258 -886884021
2 264770459 560524757
1 -579417659 -110415484
1 978847841 -696632061
2 422967137 -694219339
0 -712692443 476066383
1 -954072777 -399474945
0 -178754796 -832722758
2 333121799 964095639
0 -912945952 -990319054
2 -857368503 802802254
2 -446500738 924560311
1 -649706273 -569898357
1 -952007346 -285082809
0 183588287 570258795
1 -671602975 -900344017
0 -4151885 -993907153
0 -336245105 699889415
0 -439199248 -162006530
2 -623509151 -484600973
2 -117421115 -592775845
0 44227476 -965847547
1 717730152 -692223869
0 -613956248 564961088
0 -840852288 -946557126
1 -6215426 -865247776
2 948669656 830828949
0 750535391 888431064
0 362622237 -378565762
1 -378142996 -961603463
2 391462490 751196346
0 -755058388 -935578280
0 602252862 154382247
2 -860732776 -812486437
0 491351491 -597569881
2 -210668311 122919558
0 -578228814 -549632875
2 370697127 365336071
2 -132995032 556429173
1 111042513 12323979
2 107602309 -652063861
2 -48010636 -110210085
1 -34839252 -868143979
1 -941770418 690887541
0 397980269 -84657534
1 698138948 777209416
1 981976945 -339410727
2 -276842939 647272334
2 764520657 975272460
0 581922388 -685567417
2 835594233 -547846588
2 -537451741 -953804068
2 586876432 -157999770
0 -341268978 168039772
2 -55807868 -944871508
1 -889228417 -941781728
0 126517159 530158307
2 400185828 682717869
1 850137621 909527986
1 -215847717 -800814766
2 994958525 -267710691
2 -424583810 -830881338
2 -892503372 -773894003
2 812279394 -785261953
1 978150877 -926198446
1 558265701 510113320
2 536122526 769448318
2 -742386906 101408207
0 -501942751 452676297
2 -925267318 229596725
0 -722224859 -372793227
0 482021844 -930540770
2 -790827026 -110449378
1 366667492 -481061239
1 -498089481 537857431
1 525819493 -154738566
0 -185618774 27740259
2 269362536 705871459
1 -903783951 198942942
1 159247968 232268196
0 -203893685 -238407973
1 252407833 -852534154
2 -208118729 -852745825
1 -653631696 794304066
0 -636024209 343957764
2 -945156043 -369028566
0 388400312 239514479
2 -109069856 483768940
0 717486020 -894434154
0 295013066 641819057
2 977474893 800604067
0 267287015 -854015144
2 409623170 -585749070
2 -298864909 340421780
1 -786201680 451548015
1 -748790769 356792223
2 -918591959 -798423821
2 900037492 -146589905
0 785950617 -804291686
0 -192896968 -325157375
1 -402827323 782024539
2 302581204 -507252973
0 867845699 -859023532
1 982756520 -376869955
2 -294687177 -588164817
2 415716471 -801530536
2 60145379 -638529891
2 117164871 -995101176
1 34534444 -978635034
1 316925118 -369588585
0 356307307 -881382122
1 905448700 -974521860
2 -306361869 -333358187
2 -717126269 482507124
1 445625497 179897207
2 -997419430 973176671
1 -899536526 533293244
2 578133560 -843169374
2 -436929872 563890353
0 634892796 337236462
0 -866224940 507301733
2 -89465170 442469534
2 518631750 625851006
2 351242209 385982814
1 -712539827 -895215049
2 249602782 -998245700
2 848584498 115163423
1 395899913 -181234312
2 -742914279 680608075
2 -316480513 -543338201
0 -924120791 460323658
0 -308608035 -141194858
0 948186892 -959577620
0 -213707112 303886451
2 -719459662 -680509834
1 -991286287 -40867199
0 -586999261 -100577253
1 269164254 608746523
1 439381865 -469218716
1 111437817 -355096491
1 903547624 686060663
1 -879958045 -362426454
0 597214709 452790779
0 -181444436 173461279
1 -967218405 -893194275
1 417539199 -174451300
0 -616342590 -586794522
1 29414219 851860298
0 127461284 -171438094
2 271889715 380317541
2 -410071091 -955155185
0 -736121960 -106977666
0 675861521 -220485467
1 -234375272 -104385313
2 219777781 -976137941
1 -859354249 -936135966
0 925212971 903779781
0 178314492 7441836
1 -254097694 925970248
1 757108635 -64544990
0 -245387499 -548207815
1 632584032 -758692588
0 -871304799 318178075
0 957304032 454388015
2 919920832 430078332
1 340139901 879314184
1 144768708 -606678628
2 279961723 -772969543
0 -754698263 -887320628
1 -637364337 -435028101
1 913773070 -181662242
2 -202368412 -858815259
0 499361462 252267819
2 33784499 463294312
1 157597339 -714131842
1 -932525311 50587470
0 -940633553 -186388399
2 -397200812 551649896
1 -915329068 -415881497
2 733357025 365754638
2 572582668 419455767
1 -868568915 -311387942
1 -974051141 -987575753
1 625080721 -7557123
1 -331943629 887076235
2 27144385 -224652457
2 261303472 831325118
1 420151204 511020075
1 463441846 915928932
2 -697823214 -903778659
2 -153338142 -893194984
1 -45098012 875750278
1 -778939945 -314809721
2 -469217412 -13555186
1 -37333223 977829327
1 -233677896 837157620
0 532885867 641938814
2 -182482119 996329320
0 326798916 777201689
1 615991861 -413849933
0 -472058180 87890901
1 63308990 671787328
0 528021163 522941142
2 212175521 -582127888
1 -373087962 761404683
1 -340903869 829892367
1 -805959418 -523053187
1 -424708456 -773382640
2 -630705139 -790777504
2 -222501720 11719523
0 513297686 903044602
2 177071879 557717597
1 -735963845 286023776
0 -95061729 109941861
2 -758132566 168474672
0 93611839 686795710
1 456178576 -941833596
0 451239982 -130684533
1 669840007 543982429
0 -825652984 -731935570
2 564495823 -114386160
2 -381531379 -853240678
1 348738693 -715730451
1 610263757 909760789
2 300640056 -539960939
0 -6818001 -334009345
0 -732840902 -625207355
2 -236977717 240918581
1 2382022 581434981
1 -552540331 803739127
2 -458490306 -253208268
1 150165280 315117073
0 624070675 220797028
2 139797492 -677995617
2 -124007747 181413045
0 127329965 442704118
1 976671169 -57811528
2 -583022070 -375047577
1 -984200603 675135021
2 239472373 790773022
1 827275614 -944720744
1 -881066522 89763530
0 -519572272 -852847222
2 -213635350 969571773
1 -159430200 -240225872
1 707747048 -945734342
2 660689729 -630219719
2 243750694 -463398286
1 -643090518 -309791771
2 -937317215 663954913
1 -288379040 198747075
2 -846383627 324742706
2 -111512753 -666103743
2 -710583296 -763956867
2 -480594071 -134449183
1 404891441 63164107
2 -612473181 -794432588
1 655454561 -970108431
0 -329302655 -468518325
0 -552970747 -866078619
1 385230435 758232180
2 803683696 866636291
0 607879408 -170905029
2 592809101 224396842
1 50824896 91998198
1 126335344 972250366
2 583684236 -915881793
1 825003609 -286526253
0 367111139 -137836468
2 -66595606 -960130778
0 -899371042 -826113816
2 -79214807 -413619077
0 110981763 872677163
2 -617604420 687717422
2 -936680769 742424615
2 -512092665 789915599
2 -858764125 -801819087
2 -16511677 -521254142
0 -937984073 -63126569
1 111906068 -577535696
2 497642151 -570991313
1 770731909 533245651
1 -668991163 636157126
1 -378929195 940121059
0 -97644049 798295340
0 18599444 -880916222
0 -98329061 -363909450
1 -764364567 -635616476
1 -752217030 284564698
2 357215962 -322141447
1 785558281 622246666
2 -907465292 -63525854
1 564804894 -621841571
1 527032873 864367403
0 174255366 653875549
1 182454181 -211776999
1 547729648 -661252435
0 236686666 -39335316
0 9738654 -962515740
1 554812360 657652873
2 -944979454 -8677209
0 54117761 -362015098
1 188877643 424220612
2 466510217 -238267803
1 -704345495 735449680
0 -229136241 -380561567
1 288750970 396319814
2 592433323 -336608466
1 300101149 -967501937
0 684239323 -747038362
2 -785777898 882757296
1 755325492 -856520338
1 -994925147 -806465837
2 226646391 -734314
1 534017520 -966807955
0 -915212771 492279939
1 692632291 -574985406
2 -290720818 101423941
1 959427110 566516360
0 -188607964 -300810308
2 -989865876 -973857455
2 145708420 -279004190
1 -294991476 -175258960
2 -527378954 -878313630
1 -77479250 44462356
0 304046286 716721872
1 707214907 -953942645
0 229367780 416262050
0 -969900011 60324720
0 238525132 848305903
1 334595974 -608559826
1 -262868740 906137998
0 474330218 256906333
2 651290846 949036874
1 192306951 590189488
2 94758568 833507075
2 -567106832 -220198788
2 945043243 501841033
0 488264958 490358520
2 -993508509 -784132900
2 -166342038 673580324
2 -606902063 468445982
0 352172589 -722940374
1 851973974 -611512860
1 642565434 546140333
1 -940847742 86167107
1 -998337462 23136148
0 864157186 944720542
0 -2374887 743877224
0 875310620 -195771554
2 -800466948 975241909
0 211423681 -274644199
1 535404401 362866078
2 727217048 -848596998
1 955594022 199425009
0 -396789874 -79390902
2 -440636920 -248964404
0 -654744741 -604788810
1 357944002 920206824
1 548696954 -466024399
2 -232054240 -512125196
1 -768006949 790590361
0 748860281 -454390458
0 878876151 -667090719
0 343471010 -134507227
2 -543642066 -710900829
0 -654814150 48466507
0 -103631407 -992184160
1 -562330001 158469211
0 -859329667 -452157359
0 -832369890 953805906
2 -951740794 565745876
1 12780641 896223780
0 -633063095 -840834077
1 -196342288 -168680481
0 272892496 51881337
2 -509382393 -484254140
2 596145866 282068962
0 -581457080 556351566
1 -448876901 246667360
1 117095872 -470130380
0 -869359870 -46500290
0 -150602002 283924672
2 -855824305 983019082
1 288325217 87891340
0 216391417 -300692054
1 -972526645 -989700734
2 -298032121 -869471217
0 -800846880 -453057687
1 -687397323 89348980
1 -944668936 -359406426
2 945622908 -84351535
2 -742606322 610155301
0 773183806 -536258939
2 -643117950 -462888626
0 -811068276 177214317
1 -872634512 -194538915
2 -710053918 -848268387
2 15610370 176150582
1 -584177402 121324304
2 517890964 -958788737
1 -211888346 -565136285
0 -713081936 -710774852
0 -996410334 718846808
1 346534117 823786827
0 56860192 -898699877
0 -892428204 -995340530
1 -782762410 -316601942
1 630859194 781846908
0 302979811 -943553686
2 973297512 985004005
2 719501269 -465882359
0 -896370217 -497000844
2 95436235 -991205802
2 53059470 979502461
0 279194226 -650067082
0 997699265 -346499621
0 -701348765 381900040
0 -980108865 550530663
0 -78113155 -983121374
0 145072423 768890444
0 853765505 391254152
1 -204802949 46507849
1 485856086 -967273557
2 534395214 921658091
2 143605614 -843736245
1 -633979543 426286920
1 728882456 -287591508
1 645554917 38326968
2 541317155 -294410992
0 -217103950 -120677409
1 234189083 -464813998
0 -886583219 175919000
1 -214778453 -159917836
0 108009087 -211092554
2 915702024 -963060219
0 -495806054 671479191
1 -239935870 445361041
2 286698886 601440016
0 810804012 -512062479
2 408518935 823170124
0 -317815522 -992413157
1 -878013952 943186777
1 -100770402 28719368
0 208239825 -639111585
0 -41933297 764423462
1 153737288 969487571
1 -395188449 147604515
1 -892751104 -168854547
2 12682612 -937931287
2 -158675491 260907518
2 599112953 790102754
0 -779827092 -741500732
0 -740675965 -892672446
0 -121513605 988141261
0 -853652652 -28262095
0 -499897090 -898896242
2 304239813 -434029422
2 -766773167 140764762
1 216234958 -597311369
1 381992819 -746392700
2 771000823 -36850038
2 -784179731 835583509
2 73339145 444494995
1 -995270472 33913989
1 775951625 -579432358
0 -100916228 901084630
2 758517798 -112247376
0 -880635308 -453075829
1 -395665508 462546926
0 -157572497 -513858866
0 -743665644 -961876264
2 -845081735 -785121392
1 222943461 116766229
0 -215078267 801484755
1 970173506 747006243
1 -440232852 366427124
0 330748945 629389875
1 -311792063 -91713295
2 -415426526 -674873222
1 -154753224 -379344854
1 450152490 -668985232
1 483130910 -15244346
1 134584836 202448282
1 -719784822 857571643
1 -167798370 -892308550
1 697706734 113828315
1 -430005187 -891734491
2 -927607506 19922082
1 -423409314 243194689
0 517028567 132495343
2 63344183 -907479809
1 -858262861 -162703479
2 -999989476 431494731
0 490343311 335600334
1 885809652 -591349164
1 296572331 -766452778
1 -45287580 -567938876
1 -571698950 -131156825
0 778604013 452983381
2 -847588133 -81175765
2 986911417 229577106
1 364559529 991292021
0 -74745984 950039275
0 999953022 59252683
1 -78195058 -12164165
0 -256371896 -884536747
2 -862476156 -898484695
0 -224084704 964802176
0 -429950081 -113694243
2 -693684663 401499966
1 -779234481 135116946
2 -480375171 584144378
2 -253035188 503521145
2 355530523 685520666
0 886138487 868695009
0 -662460203 643099849
2 63748077 -819063387
0 -676349243 -668703867
0 -925215823 527073103
0 -934874361 901978921
1 999983580 820190297
2 -964019821 971458034
1 877830237 -124749259
1 -910154222 -445457266
1 -918033161 -993265006
1 -611855836 -919708407
2 -31005698 229225486
1 -830736776 320033079
2 264887669 163683125
0 79467301 -885278616
2 -692500596 23468209
0 -880925611 -937850496
0 -828474891 -641148495
1 -156781549 778068357
1 237151514 -588235307
1 -201272022 -944829138
0 -629338530 -29659810
0 -470774609 -909903076
1 -544333180 -994015117
0 -443751956 -442982797
0 -321582591 -625733412
2 -343030018 -375303898
1 774982800 -602993394
2 -389807801 -563631968
1 -939414982 -756608532
2 828890335 -885302800
1 -332870239 -776165787
0 -982207844 652099773
1 -623592582 736656664
2 -958253742 -820661177
0 111725250 -799733026
2 738993676 402883300
1 -741620026 232016574
0 -739348065 -458881536
0 481576091 -47962491
0 571233167 751219154
1 -928321165 969063073
2 -818076629 590630642
1 -971606456 128056205
1 27626592 -469598102
2 -611822014 39284113
2 314885925 -610541601
2 -356377943 981871324
2 -508757963 514959963
0 468821083 -957933571
2 413528176 635765510
1 -539406662 781493829
2 -276553452 80032145
2 -569903160 -150106105
2 413195909 587395045
0 695358009 -570211614
0 -194020319 -957714742
1 327855094 -932536014
1 -982680435 -484734050
1 -926758092 914339816
2 -217473888 854709684
2 209943986 -379402566
0 289407173 -3595847
1 -894859849 853518238
0 -931046312 64833248
1 -645133823 100846914
1 -334183386 651944185
1 -246194433 795671511
2 -942951847 348641426
1 -770586422 -225086019
2 -134538130 375117392
2 997771568 -718548737
2 -418194961 -294975871
0 557814138 -539752448
2 153570804 284719334
1 -880171241 -930152933
2 -622240183 -325635736
0 597156786 114040926
1 625240258 -979853887
1 783084053 -833911170
1 610733339 -380942600
1 34730090 635080393
0 -210914593 -81577844
1 -297287873 362742786
2 -979047264 -882617132
0 398673821 617113840
0 881974042 -84140210
1 -373788460 343293124
2 -897269878 -932445371
2 -981322177 -984037310
2 -944053506 -529393742
2 -45595145 -560472514
2 -52724726 -978070110
0 511632436 305027779
2 708167609 933275335
1 -969369852 -395938266
1 -720458824 502620418
1 701765035 -726694501
2 -1945628 -624506616
2 315607129 -974212617
1 521632082 970363012
2 156195106 -398398567
1 -727319542 587385633
1 -70804668 450902850
0 -17870921 803209022
1 -514925944 190689793
0 -998353732 -926112008
1 -881008288 -661181080
0 -953239442 62752707
2 211130423 -524600537
0 -363481754 458610790
0 659884644 -718429586
2 -634351218 -285671477
0 568383336 -844836006
1 -70240795 -15535018
1 274696835 -562016454
0 -927106684 -505412803
1 -826502176 400079261
1 725449525 -780956398
0 225572975 -890908655
0 -964938063 -290305102
0 319623147 -755540046
2 929084200 116020982
0 538056244 107984892
2 510139658 -866852668
1 904336021 365051134
1 703696411 -902269471
2 267262650 -964702045
0 -586778210 318690988
1 169119598 239075994
2 -125627088 -873837191
1 -488610290 -97733941
2 -569223202 -901369356
1 890578920 -236982881
1 188456158 271152498
2 -920452324 118364494
2 438038253 291449139
2 -998934640 -315677132
0 912095395 985082930
2 786404285 808663794
0 -934882732 549726769
0 -905631260 -881606702
1 -407521436 742144222
2 584784758 531480394
1 -341070952 775229765
1 -915518192 705113671
0 -36941797 -474939601
0 -486396736 -411393746
2 -971035949 -93465267
1 433930574 145883607
2 -730514550 771256676
1 589929129 -857474024
2 846711737 834900649
0 928982863 -816787159
2 296970262 -406045922
0 919433266 350273711
2 913700018 -311744246
2 885482764 -483545477
2 448171221 266425382
0 870897163 186307231
0 57656320 -955946486
2 148287931 -444682710
0 43750098 938664462
2 275140035 104372202
0 -350794892 -22629685
2 829969816 -717180289
0 551752004 -501558844
0 353917238 -984704819
0 830075229 97493642
0 507845218 776763218
2 -649664363 -63384865
1 749032482 -178998774
0 803553178 -129395685
0 -550406416 -112094647
0 -154663411 -248721158
0 -564713689 -262631502
0 -919790102 -878448729
1 341845334 -668040624
2 -472718663 -570935490
0 -467561920 999624244
1 217852170 809209145
1 -303591813 879199783
2 938955908 14444626
0 986555588 -544862019
1 15850211 861304177
1 650669472 -199963574
2 469366300 615012005
1 587771201 598962918
2 260634456 -686933566
2 535253369 -518441381
0 690814360 -287763393
2 -783732837 -386633676
2 -996216981 596837503
0 -957129776 17206615
0 -919764794 -811774428
2 558437600 -446802833
1 -717577201 -423234803
2 -643303298 805621020
0 238735596 761354321
0 -253289564 372065869
0 664520340 56586213
0 -254096798 -572229322
0 -178989674 -337509568
2 568304656 62859936
1 -982450369 224562660
2 945991025 410976694
1 -364027099 -207239152
2 -830548798 727510685
0 795159652 -125556137
0 355572128 528399543
1 -210094719 -475460354
0 -106005250 900830039
1 99929702 -594823407
2 -187118681 -21605100
2 -676668477 -551949662
0 186910411 402522250
2 133990679 -907714108
2 726732772 237053520
1 796676763 548536048
0 -909414387 721025103
0 944776609 -34031738
1 496630243 493554618
2 -271010591 572195475
0 -394532187 -12046121
1 -112823620 -699392082
0 454914540 340382574
2 439433960 -916054708
2 -103220072 -799039583
2 537251586 -621645571
0 -591369067 -614419237
2 541126500 -270855206
0 761783218 113378106
2 819572141 891580150
0 927856477 140409500
2 -16565176 -944461018
0 -392940791 -918367974
0 -929035 884330740
0 383351406 -980224128
1 816938024 -366552289
1 780532193 -604213266
1 433696547 -78768883
0 634396769 -926625011
2 -17138385 -871417891
2 -765357881 -242098019
0 646322966 725850222
2 -433906656 844318846
2 -235695674 -585333603
0 617086594 904293221
1 893245904 299634572
1 -570931452 -614783738
2 611088065 -202741502
2 -478610163 791732993
1 -570546967 266944651
2 -77134136 22380383
2 197329216 -501322696
0 815491068 116148407
2 128981302 919495980
1 453054626 893732254
1 -366354573 -766971644
2 253103620 702121297
0 -285144550 -960794514
2 -826371267 -547392265
0 339291525 -662140907
0 -599684785 -390735943
0 -317964738 -943858085
2 -906431797 94518591
2 -827973411 317526941
2 -697890400 44291447
2 755129951 710152176
2 -786870835 167556452
2 -525902512 653685134
0 -96421251 -591627232
2 -6155411 -802677029
1 632890140 -27719841
1 -507206069 -313806916
0 593054072 -855950796
0 185689852 702674441
2 -785998378 -546674847
1 377627729 -306630793
2 -985881503 -421847083
2 -279918172 -144382079
0 422998146 -971476869
0 -513123763 -641266891
2 299936250 541436536
0 633786947 -297375508
0 555839590 470050907
1 -477568064 -962407672
1 -901065052 930461990
2 -788013010 855558635
1 -159707724 898844639
0 252144387 -88300539
2 -773942648 542651927
1 301505280 -910555056
0 -873049087 -322177276
1 -995536523 -973425632
0 -987137817 -677655983
2 -969598914 894839489
1 -519343693 -36431195
0 -934939913 80148538
1 269970296 -917894229
0 102246973 14956928
1 -853905708 556880713
2 -909079542 552312188
2 -879815577 787619050
0 37002535 893090249
2 151237654 -389558397
1 -989243779 -48195915
2 -333194573 -673399668
0 -905868929 -368502967
0 -326463943 77676594
1 -303208958 -258526065
2 447662528 398517190
2 336361417 -126990843
0 -15205926 310116656
2 926508442 434452846
2 865914555 538644973
0 -876442253 -441809295
1 -555047820 992931416
0 -498307135 625662488
1 -441073982 328242761
1 -385755507 244806624
1 -484321294 811453798
1 -349703604 521940506
2 139307371 -990467511
1 -678492686 395847796
2 145979633 -757887439
0 -520423714 -825279494
1 -385681505 358427041
1 -314099082 667519121
0 679031744 -823163134
0 -990099766 -83123239
0 975528942 -337981710
1 831398807 617067236
2 732905156 684161611
0 174426720 686115691
1 312278729 723897875
0 -481117632 -955108620
0 893289444 348272507
2 952073504 -345372626
0 578794505 556005457
2 242862057 -115665258
1 -941608135 -904879245
0 -685488402 -870853920
1 -988252583 -812957038
1 488021265 -451935933
0 -344658381 -568454747
0 50666129 -589424831
1 -423798335 694037233
0 643359783 450049630
0 -760994945 -923316674
2 -900274336 899059617
2 696872702 422430055
1 -857526300 -180091182
2 868335213 695278638
2 36548662 964923341
1 -54281412 -690991053
2 15612507 -854613816
0 490363958 506292605
2 -513065608 -880187708
0 964173215 388695044
2 182628929 860570936
2 800152451 -7812591
2 18598485 696314457
2 -954248985 -458978461
0 -156424077 782614357
2 -124935722 -956962745
2 -768780447 552982718
2 467755768 -808211115
2 806401925 -587965958
0 884351222 -514595747
0 -316416972 -542923542
2 -155718901 -916167409
0 -387184633 -985669842
1 -449675777 632308451
0 -121274711 407201034
1 448882277 -384973195
2 621924796 791932542
1 -188749761 884215861
2 514821718 -339141980
2 912755221 -978679171
0 -902518943 -53728428
0 -892848403 981856020
1 619182486 -895598700
0 -32620725 936911405
2 -55261708 783005122
0 -237060271 449775911
2 -335558585 -178042157
0 142388371 283115492
0 -910037649 234496936
0 -943607382 -426492017
1 629407976 -906494677
0 -505874565 257939282
1 -998550410 -984360073
0 54826047 -996568910
0 -823689857 724051012
0 -903081347 478586413
0 133729314 -676588749
0 782803051 489646050
1 -33688402 713067320
0 -862773170 -26784514
2 569428295 -210141345
2 214175330 -141841357
2 -698315781 195029294
2 -535914261 -961269114
2 -355802871 703922404
2 -894573236 -274710027
0 320293693 -830019518
0 392067226 -55984202
0 805155670 946035833
0 -940685184 208426797
2 -971215019 794512129
1 379866017 -929902315
2 -514979281 -55473264
0 474685484 649653145
2 -954133291 -707607420
2 -503980297 -916847643
0 -153614496 -881427903
2 857238564 -488209544
2 248925682 -892546086
2 173046460 96036700
0 -301169108 -442937083
0 -861298146 -746885373
0 431862018 -529500615
2 -304082524 -999124633
1 947155395 -999433810
1 -505188805 437339503
0 196940269 -55411093
2 918588711 401167268
2 -931664547 -408027792
2 933960031 -172004412
1 -457182825 -48008523
1 -239550412 -329017503
1 -151197734 -690419202
2 694319087 93359602
1 -342654761 -454605773
0 759969903 -290340451
2 296832028 737233358
2 816380968 -663590699
1 -155189040 681233105
1 327573477 -896145523
0 378395659 -530364615
2 267540188 402003694
2 -290336501 81084721
0 -934326527 -859362598
0 -437500581 397186155
0 -315339985 138551692
0 -970689132 -526640389
2 -67406427 -586783
0 -270143463 929502902
2 803492294 -8109748
1 44832378 131883058
1 -820112914 -191485852
1 -937025161 -960369636
0 990223050 -139704706
0 -437022374 -410238184
0 -877727754 966832820
0 649893510 180727298
2 281385847 -506266621
1 -799477485 -740735580
0 -745205360 646374244
0 476127092 -58989430
1 -852265896 -694548712
1 -928110081 -763460440
0 -864371263 -878620876
2 -578408096 -945639866
1 -52291082 835603868
1 -199138413 233061035
1 -366633057 -460874571
0 -441047732 170818849
2 -738757658 921288859
1 -957534014 -156295777
0 802502193 294387526
2 -787650716 -324542988
2 571173378 -262261781
1 -613281737 913851566
1 -845171090 80094316
0 183386938 -251704598
0 971560365 544628026
0 -887162827 835109541
0 -327472667 -555030797
0 -208584711 903719458
1 -455137796 745464977
0 554857467 -903419862
1 -748831955 -958397201
1 -737708709 212197619
2 136607617 -161091828
2 345796099 444153181
0 -527901621 821419450
2 -347925621 492640204
1 219183940 806574032
0 -489681 489723069
1 483018718 -559521680
1 7567682 -444421432
1 -301613734 -454790608
2 -485972140 909451632
0 -169909222 159926813
2 224842438 -940274847
0 -361091310 959222914
0 -648613667 -767590465
2 -291719694 915271475
2 304808342 -26720941
1 -834949242 -841905724
2 -476112881 564143966
1 182714008 -927186169
0 989154045 -829535533
1 817154998 -97577425
1 -954929819 728893394
1 -872048900 814799486
2 -924225702 -842079704
2 -717099072 14192772
2 -629425539 436116559
0 472378604 146571847
0 -431156056 -879106634
1 836265519 -862281856
1 -275523060 -124118715
2 -532576468 -475290346
2 -856761975 508081019
1 62137979 362801967
2 93551890 -935074734
2 946606397 -334852604
0 -552164475 386006017
2 956482356 -177394822
1 525177478 -981931567
0 -130889799 853953068
1 -460615960 753348471
0 661499614 309651650
0 -951786076 490663392
0 -510284210 -379794497
2 -17412086 -373685164
1 -957548091 957142757
0 -854404996 847487051
0 -928651470 165090989
1 -558839815 559343013
2 -718863165 -358210991
1 779076608 -919083341
1 -89668045 -802720660
2 -751105374 253590112
1 -248532159 -250535442
0 -763870328 460988108
0 939403109 -466584482
2 89860337 137768246
1 -91456027 -150048737
1 724535327 -932107526
0 376174139 922195093
2 -189752964 785577119
2 397657820 804213446
1 -335341315 -911101786
2 185900697 -365629904
1 -529230153 954637497
2 -39897011 -857242745
1 866976842 107043269
1 643744454 797027939
0 -569603444 -179655469
1 -934269515 -911502903
1 -982389346 519319128
2 459344108 -147078457
1 170285590 -900903493
1 -68481296 182733113
0 639866362 -710379602
1 334401055 -910241378
2 -554897457 490172082
0 581490467 -965961243
2 -990282269 44303841
0 210533229 -983479902
1 -878533573 -447793831
0 -414473018 397047581
2 -322597931 -630309051
2 -887683670 -747587010
2 -536507811 -305347333
0 -342095371 -476071591
2 -632213412 -645325769
1 873314198 -570261631
1 292094777 -785363779
0 391493556 -256696377
2 -661135898 -84228406
2 932187422 -844936214
1 -388540058 395619075
0 -438457452 -301274126
1 -718132847 -721629548
2 -463291739 -464785597
0 829630892 -938490417
2 -799068652 -442131775
1 237169805 585339414
0 -579379610 -203921270
2 365685397 53380655
2 -575454090 744348053
2 621119403 954413941
0 -119574431 350551329
0 967475106 133662985
2 563486529 -100481514
0 -870348801 81118038
0 411335880 -882690080
1 -934322545 -509413752
1 -359800651 402282807
0 580014909 -166373879
0 522425461 -547052761
2 944160307 111128521
0 740540838 685774662
1 238362579 -269932085
0 -856023698 -790450402
1 -281919380 -605703673
1 804096957 307742109
0 -373694034 998280013
2 -263418222 -296807720
