2000
1 -884364402 432900700
0 910446467 -87652277
1 178082533 -143565280
0 -523482816 -725527016
0 -914737760 950767216
1 -460505729 -961351602
0 177466077 787693692
1 217138121 133974210
0 283345955 -963782784
0 262389748 -888359636
0 321710867 959884174
1 163116603 924900443
0 482608983 -852764847
1 -294748750 -328601123
0 -953620698 -932301546
0 27014101 601806609
1 -693917567 739017332
1 850402248 413148521
1 56406039 532213824
0 784132196 -880061430
1 -920473271 -537916691
0 51944434 -905508522
1 536983516 -70691385
0 -978472975 -894634640
1 -155513761 -790317956
1 824085090 -339140766
1 -407509298 -403097429
0 -824080356 -953332961
1 94046479 731676807
1 523156613 -682500753
1 94124630 58680816
1 736694966 -244518143
1 -810335692 947665330
1 274388812 -186675965
0 370223168 491239364
0 -220156911 -216121927
1 -916578865 -952468901
0 -853561805 -268743034
0 -746314202 -87979377
1 -72277902 -993304313
1 -700804529 -601179467
0 606937354 -943750457
0 901248271 -301820867
0 -972156470 22889954
1 -302759015 -941039184
0 250203139 -853993896
0 -307750123 -865510385
0 -517618440 630832380
1 702491145 520776235
0 -101509504 500540959
1 -252432464 40172302
1 -744371002 -225434268
1 -724624368 -75574332
0 -114621519 121864125
0 -38628141 -918478083
0 -301742684 -134671424
0 -430555686 -906463314
0 -968395016 -310833336
1 -163047852 -152480637
1 -618860496 -277567203
0 386273194 -124838798
0 -521201939 412634434
1 523432094 -831750938
1 567593383 507046569
1 -455809234 -591211741
1 -124288455 -408118709
0 -996103107 -437872637
0 710228046 -950185568
1 -765000183 -41727038
1 43463491 -331643255
1 346742946 390688135
0 58604136 -860889250
1 -957447776 -609579287
1 -533285561 -99527373
0 718503545 -935524206
1 -555525834 -310197034
1 -485421771 557941642
0 803944960 673944701
1 -546622362 -326298693
0 842196472 -334058227
1 -633635370 -30848046
1 344928622 -432106247
1 -272835067 -638380542
1 760558926 -113150131
1 -895942083 848374923
0 229068271 182767994
0 446194803 311046418
0 948557323 -921017972
0 439308058 366685129
0 -357335609 554687087
1 -318112407 -416732567
1 -521663517 596005259
0 494116677 -762587153
0 358110898 -860202040
1 -404687927 524905783
1 -715753462 -572482648
1 333012662 -156665269
0 568162865 -59965498
1 239203066 -886094682
1 -952739022 746091526
1 -271635916 -469019489
0 536250083 -487857530
0 678754490 319029109
0 -319310477 -253395212
1 -13264209 -749872511
1 408019322 245983195
0 31092889 -838461302
1 614895288 427837848
0 -520585470 946892614
1 -876543056 -744294625
0 -923791156 185812842
1 -30188045 -509216959
1 -318273700 485919181
1 -620010633 -968700420
1 -313678713 -752811725
0 -568872292 594469817
0 810321450 -266205762
0 455500485 620688831
0 -827138838 -775560515
1 -897322144 -885438078
0 432994866 -806695423
0 160188730 -822596617
0 -596925525 -988335817
0 -669299625 -956120219
1 910136683 414452412
1 -235972680 86167737
0 -724771662 -417886547
0 -221311279 -635146715
1 -847097984 -173539763
0 114037554 851703069
0 48715095 162360178
1 -785266414 -981448661
0 303085200 -217198790
1 228088550 -465208235
1 150704750 425512387
0 388059875 -722731589
1 -894161776 -101746727
0 141166128 514195873
1 -999342041 -928703323
1 -884398031 -999312206
0 750976977 -935457709
0 880752719 357520012
1 -151334549 576422258
1 -869954577 846175369
0 -234708755 988808259
0 625169175 -876738845
0 -903168467 89713803
1 -367520873 293997540
0 4348914 59347162
0 -917849544 805138769
0 283434089 -788283742
0 706988433 -747002690
1 298140871 265110687
0 -815312946 -861459255
1 47398355 -771781144
0 -275772513 -933277232
1 14698979 -256407962
1 -354349890 838126452
1 54496318 499073825
1 -931966130 -599894681
1 456869318 -897113472
1 -55682936 830737010
1 -429320781 -947042805
1 -849652563 738641599
1 569866962 659461018
1 651467432 -587236397
0 -440616711 -626740311
0 732576500 426466710
1 479942421 -834017694
1 -539869785 497953027
0 -513772596 161588170
1 546887513 -307253197
1 340880383 -236966979
0 -852204466 187209683
0 724910118 686585963
0 771641026 -615801712
1 -991067662 404446192
1 849486943 -964078741
1 161777980 894369662
0 -955577851 9760265
0 252435232 562883007
0 689562187 523562029
0 754781392 -105619662
1 -759353621 -889408919
1 -985092296 -684990731
1 625120519 448831702
1 -971457870 807711364
1 -524497910 932138886
0 171470452 -170104902
1 257724600 904086911
0 82843094 479147645
1 -10807399 984668952
0 371129754 -493489248
0 844717440 729183552
1 -19840875 102468978
0 97765948 -875587828
1 -537934053 301186612
0 -137607036 -68358801
1 535864379 -955341369
0 -413988968 567484915
0 -834622712 120911618
0 -189981916 90805290
0 -745644195 -417308722
1 -884606306 -77254559
0 321346515 -271863588
0 135012430 862747927
1 945066339 -178948564
1 747505267 -466787695
1 808194929 44182461
1 -951578762 -190286121
0 -573413437 -542061658
1 401539795 -991576696
0 -724061271 394341200
1 237095109 -842028196
0 839314637 17337643
0 -249921186 521193813
1 -66790243 682572587
0 639892595 -860999422
1 -25068662 999467839
1 785389790 357799435
0 177146762 635187229
0 187580445 158082532
1 -693137827 -788161510
0 461303191 15102703
0 -865327749 -56209795
1 -32662894 554762859
1 507532916 -309154497
0 -195647298 875408341
1 970628259 -247293868
1 -917653213 -979881145
1 -269472921 -857150645
0 -752950074 525195042
1 163170019 -707643878
1 -477001025 808090407
1 -276071571 505403607
0 -276980170 -293563796
0 -412955616 -116903372
1 282939633 -845512431
0 -1621496 -500271883
1 296633257 -902228488
1 -588949337 -473111864
1 -481707198 -226866581
0 -77899971 270158423
0 -505443712 946490404
0 -871738895 -293494620
1 -94212088 275352354
0 458961308 -995052037
1 -751300749 -479525160
0 -401800339 934059533
0 -959772901 291515081
1 -354778159 644445169
0 297510339 594177242
1 272120177 117950977
0 -917070838 -75530631
1 -760527139 925673481
1 679557687 6830611
1 -160837735 -502619042
1 -399115423 37701171
1 -17198488 -200360925
0 -953374126 -927195717
1 -884190664 676919037
0 36038122 -970736794
0 582111050 494652479
1 -6497466 481923016
1 730642689 -226416427
1 458405093 60865469
1 -973578068 -213959047
1 833066989 428869801
1 -124538298 -309853464
0 -474120174 369738884
1 735018669 -741866811
0 -426009039 -297101562
1 -610033666 926184098
0 -722243845 -276839501
0 931654939 539203364
0 286056409 730242731
0 -911845524 558532894
1 -61306293 601727588
0 -379329061 648853172
1 9625572 -647394715
0 -854365482 -584454329
0 -401924253 712241438
1 -396005907 449188938
1 -963382888 -477022879
0 -700922497 165213641
1 437220504 146041252
1 64707695 120149048
1 417817874 -953386414
0 169347103 701676693
1 128890234 -373849503
1 -205778963 328591800
1 878904530 -658338628
0 -552368476 -959724150
1 47483536 -597941968
0 -769636386 339734535
0 -868552042 -46870332
0 22845318 -798766319
1 711939161 147302333
0 -421414704 526554493
1 -675127567 928465652
0 589623574 -892048972
1 -733029622 733318728
1 -200387127 -691772972
1 895691140 -806422580
1 -471576361 -345775837
1 366606401 819149909
0 846507772 311064103
0 147358231 -386348775
1 813277741 458295049
0 -983619530 839436997
1 -815161508 -795851910
1 -24362694 381742942
1 -572761159 -311198156
1 -938463906 986192251
1 398007560 -282078904
0 171038235 988625577
1 -285198371 -747839637
1 -407657255 681496388
0 199089136 -748750014
0 755031415 734534405
1 -914709282 -330493096
0 -160918088 615941387
1 -953614121 -509454606
1 818710249 -870676968
0 -922663091 567131599
1 -968611180 -119619391
0 -361578099 -536938381
1 -163561374 -987241215
0 469864061 -322861232
0 175919823 -904474117
1 -391359734 502180061
1 -260187808 711533451
0 -971535326 -373130616
1 56663168 531038620
1 -945277638 -440624946
1 469208622 50400345
1 796040710 384990222
0 2136818 -263220275
0 -815863738 -712906169
1 500739247 -999039666
0 -699358361 709629242
1 -280008534 -912418476
0 -506932503 623529165
0 -312144680 -554155992
0 -600277410 -884643664
1 -559961776 395571137
1 -879875889 -916162446
1 -788383523 648088673
1 760626373 756156881
1 -702739224 661258534
1 356275663 629258490
1 660261917 751713659
1 121833492 -974764176
1 865532862 -688834441
0 -897452326 403108292
1 -878241062 -901231399
0 936940845 736946257
0 -294300694 -949151928
0 -970091694 399754287
0 -185726789 -922818358
1 -406155532 -922132743
0 823163312 973052470
1 149506045 733157166
0 -961669269 -348834250
1 -241911242 -533911435
0 -577122747 454438308
1 -757049221 -793787582
0 908536296 -100804947
1 -686100130 -847869228
0 888692734 558871073
0 194628022 676474142
0 -355679233 -375861151
0 5285854 49830619
0 -115054068 421097748
1 699901215 -164420059
1 660080663 -987428936
1 188957486 -848743806
0 716769011 -288801271
1 -980397848 -948554551
1 24090093 414020115
1 -625449280 939517046
1 637365981 -459631991
1 -527915727 -941442523
0 641365809 -483577201
0 -786645524 49805868
1 623163485 -967847530
1 -519536911 762059755
1 -503696446 24886241
0 -301388260 508534523
0 -897542769 330263642
0 868392315 -394294557
0 -303776906 871557740
1 -28421983 -144609891
1 -351965343 627835406
1 198791065 -730354638
1 51698393 641113167
1 198836125 -837451566
1 -856390436 -922399663
1 -159900119 -283001895
1 760276509 568271915
1 -224352605 -731001858
0 -695487991 368100609
1 149078548 -674149032
0 199717818 -881495781
1 213444862 -777323015
1 -17172256 470397798
1 -141540350 653818455
0 -448085321 462610093
1 -912373243 327650024
0 405033800 641920834
0 -759291751 560037848
1 -760990350 672286731
0 121833877 618699831
1 -611274627 836509986
1 -988021157 -105537939
0 -959950242 -57102999
1 -653938534 -867152628
0 -906440153 -650477861
1 747375981 -108354785
1 640818020 129032415
1 -899849535 -852747176
0 -233451685 -843844417
1 -824493537 793520118
0 -873843186 107679574
1 -33031391 -316862458
0 -869728589 -285447674
1 901370667 -604738011
1 -684412362 145032773
1 70868055 -292071139
0 553297938 953857426
1 -970577515 -710042132
0 650510884 224105273
0 128008281 -432566594
0 -883843652 -285539648
1 -990000756 75331955
0 -989618735 -105278432
0 -279129965 983698404
1 508616183 -951384954
0 102417996 486963155
1 743102818 -320086677
1 -387532137 902151942
1 -108733570 422009464
1 -976960951 -271214553
0 182942433 -296046728
0 569477838 -563636157
1 -744253761 924106015
1 -799881900 199953473
1 471034479 626517524
1 906393626 781891364
1 801914540 459024521
0 100490415 540234603
1 -117549589 -56593191
1 -354398317 851677509
1 400503779 354330980
0 826784519 737446184
1 -703523998 -912501202
1 895934763 -354181717
1 -78803329 -409210980
0 943053855 -341834147
0 959180150 -402620661
0 -200311921 -603783419
1 -458290429 387460978
1 -469707927 -553374777
0 -662650823 279937187
1 -687903114 -964320738
0 -332258395 33935897
0 607410561 -541992772
0 903957290 -476161169
1 -17689917 474364746
1 480647131 -861874685
0 -371463772 240464166
0 492145365 41323023
0 -997298264 -504586272
0 22580406 209126909
0 477722381 737604260
0 -712657244 454100107
0 -981032207 -486679010
1 455277907 530892493
0 -530294689 -866239766
0 -166468142 -245734341
0 96253358 -383994286
1 732925168 -941549571
1 -859554402 -856440385
1 -696590649 85378978
0 -988787125 815322731
1 584623096 863001093
0 -418020132 19607981
0 568980248 -389275229
1 -860330492 620718839
1 934146030 -942088263
0 375408689 455958579
1 238080489 -30223680
1 719261498 377918210
0 -148180627 -993392325
0 17565812 343359214
0 -530583507 -836559504
1 -449887815 440198129
0 -855412308 540890989
1 -744044144 -741825599
0 509398542 537014610
1 -653550423 -991546821
0 -349281404 398332701
0 -867271420 831631767
0 111661689 654185121
0 -627421031 -375942564
1 -229991767 275494361
0 -902129088 -607383366
0 692958365 274171660
1 -68624802 -931284296
1 -960485161 658460468
1 -828107573 87824690
0 -95238231 414772284
0 602175286 -876062874
1 334851371 -902687744
1 682039127 727703560
0 -870959667 -441753794
0 -981191035 44875756
1 309463090 -959293720
0 601357050 -124916448
1 -584029148 -179996914
1 -946666298 775255857
1 583132046 -803057396
0 -51962851 -959734226
1 -567558561 107206878
1 451431771 193838608
1 260600445 944990948
0 -898516695 46603428
0 826136436 677242810
1 -517194815 -677059470
0 827710890 -782849174
0 -26980283 -940571611
0 443070208 -957019770
0 794206467 -466117550
1 -507280276 -524735681
0 71240920 629423591
0 790337655 937532309
0 -716160669 488290050
0 -486028890 -937941972
0 -551816678 -952176206
0 555664944 611213086
1 475764975 -382346011
0 455772107 360493110
1 -878306261 13911283
1 151781631 -902843373
0 -744816334 -551615477
0 105391252 626363139
1 -376092507 -57322460
0 57063977 110368460
1 358904332 -728615643
0 -920018826 -537043791
0 572387006 -356307843
0 -324240492 -685779986
0 -371993178 569609428
1 959621021 -989155909
0 886464749 177579689
0 538144528 -162204518
1 -968179056 -116125958
0 -360801257 -791870457
0 -610863908 -618044090
0 375039201 803811976
1 -629037063 296653880
1 -352774808 -850836112
0 -515120638 245931322
0 -876910235 -782520199
0 221439327 -683805609
1 279785176 22030342
0 -370002812 447669967
1 993948887 898272703
1 504127020 253432163
1 -517847740 626101514
1 -898496941 -385755850
0 189893525 -708862422
0 310102013 -188632375
0 -884256490 -583098918
1 295949782 -516421718
1 -587790647 679833885
0 -511221202 40486000
1 729737116 652850524
0 -175824655 729549943
0 -298069980 595081347
0 633356317 -290125366
1 118468832 -592089993
1 765803224 101212997
0 -571518383 -452465107
1 -391817745 992558331
0 -330052061 -490852739
0 -721342023 -604546660
1 282839347 422407802
0 64613898 -924321074
0 629066125 611185588
1 845810747 380067608
0 -478873805 45920984
1 98212593 -866871846
1 193046326 817862377
1 -974662706 212739899
1 354880731 123009204
0 65785077 -133059403
0 144436676 -196783030
1 648503968 954243160
1 -345738627 4021665
0 752592544 822093591
1 -344269622 -494083698
1 -197170154 -967744940
1 -337968733 718381085
0 859953512 -678749452
0 -985402325 -974177800
1 570935223 -659003268
0 -891565717 -912990769
1 -818023427 692600103
0 -204593113 374830367
1 190465759 971623307
1 -755456064 319027736
1 884351834 659217108
0 256584115 18940346
0 826110915 -992079369
1 -956154492 -675185331
0 396775589 834155377
1 955209740 -110058284
0 644215702 -922640033
0 -244253328 104181488
0 -216893938 371245471
0 -843668241 122247683
1 -314219712 -994729040
1 -978804994 -686882201
1 -732936212 678361991
1 -481882482 -503077899
1 961286502 -295913461
0 -977945640 384816727
0 -488746479 280886512
1 251028412 -430851062
1 215958324 -629107642
0 -937167362 -898546059
0 75597415 -864854698
0 -865312708 -10584616
1 616026495 -553235373
0 830496955 -469665992
1 -997398975 669789065
0 846078960 -87644849
0 27601321 -974910030
1 -57233357 496761320
1 718032794 663616953
1 737344898 -494565682
0 -352839272 955634407
1 5869681 -942664031
0 -876015539 669418418
0 -244002059 -399922874
0 578293303 222990316
1 915083455 624119158
1 -396285387 -577102430
0 -82671686 -456550885
0 -414680666 510396074
1 -645774210 936948751
1 -98346707 427776660
0 846763531 611114297
0 -28541581 -933975282
0 -969370332 -861975028
1 -524475993 -249510880
1 608735079 -226558099
0 -70095410 -998743242
1 -43170893 658035922
1 748361028 -702370681
0 781015443 -926885722
0 -342214156 -165682035
1 -956000566 -870097160
0 -574259297 -142574518
0 134033306 -644430485
1 480574555 212891173
1 -175649174 807703574
0 -929000936 10535138
0 -666662486 350940130
0 409491335 104964046
0 816208842 -788658786
1 27090888 305303717
1 -529832067 -893796317
0 233648651 292182828
0 -343864748 112581448
1 -498752757 55897611
0 -282273211 72657298
1 -984546386 800480097
0 338416641 489027802
0 925422487 -605021727
1 -877005171 485327558
1 868046137 619555013
0 -66796314 688662347
1 451224952 -154673699
1 -698921510 549049677
0 -226205669 101477517
0 140659511 556667461
0 858277022 -563280613
1 85875797 -807110113
0 178776716 -453271500
0 -931631023 251630397
1 745956299 -972956543
1 -195235669 210001969
0 73453593 346413200
1 -239583346 894071894
1 827413193 -298840951
0 364119282 562091040
0 -251766925 823941888
0 161105231 666706977
1 -187510955 -663734016
1 -307314368 -817627252
1 -283968531 183493430
1 265468698 473175452
0 -468823653 -1402165
1 453176369 -618166602
0 -622782743 163879760
0 -861633278 -622138425
1 -940215718 -516669925
0 -972814785 -238767693
1 920707359 -861615658
0 -912386343 614685536
0 708757806 -51345193
1 -896077893 833903663
1 263921503 716159682
1 545756183 153288906
0 -804356984 -659685444
1 -48353384 -707086730
0 -488973473 714900237
1 588554093 -240880312
1 -526487911 -224738531
1 657770512 968096330
1 -54959862 205285292
1 -644868518 -966679460
1 949576891 932317669
0 -770169417 420686425
1 -954355213 -567265269
1 -380276568 -814779209
1 -128257712 519001842
1 -819476599 -419842672
1 349832711 -583029465
1 308115504 -677843481
0 398397007 63376436
0 -940080073 -465316136
0 6913488 -475655145
0 548102854 219406683
0 -730165408 -154222924
0 -883653266 126206007
0 -581079298 -491211511
0 394725382 888311584
0 495724034 566040872
1 -294304571 545168810
0 -346227184 -604706966
0 -748379906 -855374230
1 91181163 814396558
1 467157875 477966928
0 -567931474 -992598950
0 -273668245 -925899571
1 121091410 915104783
0 583335316 432085464
1 -117145125 -558893062
1 -19631463 -56804502
1 -319893653 778464270
0 -891377466 902010507
0 -446330299 -334357518
0 -460749271 -614471271
0 -599239764 -597962330
0 584871084 -634969490
0 510791387 860934308
1 -768307885 -308434663
1 774577086 -802225531
1 -501332578 -756661647
1 -881883969 177094467
1 -594645630 -450859389
1 31937623 816407312
0 -97134210 -318517429
0 -565347403 -280882626
1 -783604036 187263702
1 -116146838 768923743
1 -535328587 330668989
0 226070326 -457094057
0 527283775 -775581777
1 -319461454 -969150055
0 21587148 -216260093
1 -660525051 -484823575
0 225175809 -827151167
1 916048062 671314460
1 471597246 439403598
1 112820700 452569413
1 595427491 195200461
1 789083620 -423514591
1 105637650 395043521
0 406632989 -275277438
1 688586871 -4340143
1 -9662590 -602690197
1 331123175 777403615
1 995369495 567281455
0 273334062 -784751580
1 880252028 371219795
1 622122197 365869056
0 -782530946 -446381140
0 993662854 -332857578
0 -800768177 466347115
1 212453452 255350556
1 -635449393 -882261149
0 -958588640 -979849054
0 258887018 923936827
0 14600971 -369563118
1 -900808531 -152532339
1 -583097951 453682784
0 -795882633 -427775593
0 84220408 782967156
1 -498978125 267628503
1 453441902 -165144729
0 157374780 -994794079
0 -416046839 199709303
0 992160046 31556485
0 -91104075 915362224
1 -982054854 236209320
1 -863755679 156256381
0 31364899 -59998448
0 682982714 835137596
1 -457386659 997964555
1 258726250 -97907163
0 550375127 606836845
0 -808119867 -418088181
1 -843423461 991639747
1 -359182897 -598178385
1 -877823910 75072186
1 -735414842 -887947961
0 118936370 458805550
0 169497172 -640410028
1 44340275 206151482
1 975171746 -523889849
1 -403592226 -447298043
0 -874101617 -513729462
0 270625678 -879655276
0 -341073246 99833418
0 -868635210 779919163
0 772383758 200103914
1 -509053644 -996892464
0 377310244 -267662876
1 892820629 -30288752
0 684726435 -258211474
1 -766268426 -924996011
0 -385896147 360179434
0 188647497 -853668407
0 448336476 136060142
0 -274682255 -728636519
0 -650941664 214272055
1 -619611893 283184223
0 324164340 -375382839
0 70410077 -428416087
0 525858071 -992264976
1 -326579269 -885629550
1 95012191 807111997
0 -560553446 -720255943
0 -969096786 832073637
1 -156706196 -435798609
1 -730900286 -218531789
1 -971366160 435346883
0 331512430 -379878619
0 75782125 -987420328
0 -943355062 446294386
0 -529104671 -995701807
0 -7092112 359122061
0 -83373972 142380285
1 909790005 786909648
0 -920202787 640089188
1 -402434270 617455944
0 -897526071 870702592
0 281120891 -640291927
0 -493487762 -873908304
0 -126945935 894564539
0 -779820417 635274828
0 -274836551 567019808
1 696737323 -149659123
0 882296846 -898364097
0 764421156 178342881
1 622582483 -121011044
0 674682501 -876642835
1 301486068 -527703464
1 509929787 -692732652
0 -100757491 -299878712
1 589926194 74568
1 -37346412 672519272
1 -441492205 -347863770
0 820088588 -920599342
0 -714683843 926430546
0 889639854 813479517
0 111250962 -337176208
1 -192698575 -150237527
0 -523171774 -972748644
0 183131445 -676998416
0 742717805 879708530
0 46441818 371356726
1 552275088 -499974693
0 362991380 56063727
0 691520387 -954374344
0 948387119 -940844234
1 560333224 -254559250
0 258628848 493434913
0 984129259 -503449790
1 701615363 -412728237
0 -873000801 445822448
0 -888523219 392082136
1 243477501 -843755213
0 649852652 -99010578
1 -375470823 75759317
1 -584385962 864697441
0 219534471 -98109541
0 901418609 -928629648
0 -14802692 593170846
1 -60718526 532861410
1 3586394 -256180114
1 534000351 -546509498
1 -479226488 495535418
1 -234389189 -932056322
0 -573937440 159633701
0 -443271090 502740506
1 -956971056 -954916535
0 -657536730 439483706
1 -393617012 -577137238
1 69066570 -837226686
1 -942121032 43611929
0 176923552 -482322437
1 924034184 -963144364
0 -884081950 532248464
1 -432376554 -567377346
0 -946458388 -617770166
0 -251728143 -379320538
0 -913771113 894451063
1 549995468 805092253
1 -409252854 -904110577
1 -132156114 -762444393
0 112823899 181380508
0 628459056 -540411617
1 -776851566 -770275782
0 990740269 444832680
0 -656504184 -726773161
1 -13231163 -972407658
0 472223574 -516054393
1 -179311734 -276196886
0 637714583 -102673489
0 824117497 214039624
0 483949394 806920386
0 206764905 -255287983
1 822956362 187738613
0 189371882 -812461712
1 503976775 -589319913
1 -145630630 -123346805
1 496602946 -766909564
1 393636782 -43052359
1 -920170512 44554516
0 -296126508 -959477368
1 549558544 -454007376
1 -270352917 -989165061
0 671385566 930959278
1 126689262 -913198855
1 520514743 553046195
1 -294616125 -904493725
1 -155103386 315075324
1 -394566639 -225935961
0 33410013 119706074
1 -684139999 -830476166
1 -91865753 -292202463
1 -457663372 -277948980
1 -834885321 159901831
1 -331283038 -25956727
0 15102381 935397702
1 587668725 586078050
0 391555165 580651147
1 -900080921 -771322024
1 -411659994 -625737965
1 303231438 998076583
0 -571572124 977862481
1 -191489441 331042767
1 488085895 -326556768
1 768432911 747055781
1 -904186525 -517537251
0 176107473 -747099931
1 740847024 -572635686
1 -456550574 199384312
1 -680565045 -572737242
1 -403854645 445994324
0 -946942067 -637865757
0 -962877544 968487721
0 -437712882 943182373
0 962525182 646207380
1 -896988581 -847014117
1 -76849271 -908571601
1 293806798 924334364
0 -121341118 216970374
0 -279846286 591097889
0 848054647 -55803490
1 -947053280 -996465949
0 -616965302 -826667203
1 781326631 921771917
1 151950282 146819675
0 978882081 -961038070
0 868794915 -579196579
0 521718186 -540268482
1 507006111 734822207
1 -582985960 -49101292
0 -423062807 -52289237
0 681473587 -842294242
0 -497752136 -504093513
1 424346343 735426402
0 -943814499 -824146647
0 -829502144 -742505038
0 -915040916 643675535
0 -677695194 -280663767
1 306507625 832703850
1 738706558 -991924290
1 746499458 -598644380
1 286450571 680877089
0 323145233 -134415331
0 -884545158 -776128964
1 -915894658 296643993
1 262370116 812102215
1 -464588564 563686067
1 -959799076 -740640188
0 -965580365 899464543
0 116310715 -528982575
0 -376019053 -290331913
1 -987704275 -37573417
1 371975263 -300866038
1 -615959659 299348494
0 -752169115 504084578
0 -923161781 -54672898
1 -772568122 379795095
1 -214575488 755874076
1 322422982 -657996415
0 -882516706 -168260967
1 -2121138 733278366
1 428536790 -582881347
1 -273873 -79434811
0 -447510691 268232211
1 -966690267 -876387445
1 -646422261 -421599838
0 260122436 198523548
0 -501645843 -602228314
0 -970803102 -877924741
1 -956817491 -288732170
1 -551611124 403403766
0 945913942 159136010
1 686086207 921369062
0 -937694305 -104237189
1 936819998 337577351
1 385811082 430647447
0 -340191 -907144849
1 -942573625 -955278767
1 -353739296 -235793274
0 729559245 906859018
1 701978498 837987354
1 814096774 925057834
1 750826006 -377761448
0 530524757 -860724304
0 -458434525 -878628049
0 915267303 590634220
1 622121144 -169070025
1 609471335 -908443058
1 947663357 -787391252
0 -605741893 931478760
1 -933530450 346975115
1 665610007 -931753691
0 -724699495 197722622
0 766051290 -592378469
0 595129639 -964016853
1 -501917652 -582551516
1 187728880 142482422
0 -15626510 966278518
1 -990200067 503054565
0 -763560943 943226961
0 49466714 532307483
1 -331687990 -240336958
0 575743450 -264340080
1 -832186494 291163337
0 -990266129 -513325066
1 613193860 -321726314
1 -286297433 439740658
0 -797919878 -942852416
0 815859290 -581396187
0 199454405 -670581188
0 172664124 175928731
0 971274678 -600465248
0 -855245075 -796212321
1 -209694285 -981594194
0 764205275 -53156912
1 -773173837 501782841
0 414760671 -125378135
0 -584293635 -293690612
1 89422092 709063969
0 713471290 970089732
0 499092771 -649468330
0 -225716915 154181816
1 828640568 580706105
1 -524813837 -110637992
0 939508550 440565164
0 -547681261 -989146272
0 368851846 979714240
0 684032748 -200394722
0 -832863745 -382925415
0 -198366322 854877318
0 514750806 -910651160
0 212838281 -340691713
1 -395313517 -971457352
1 266600113 182773897
0 -976425859 -896477435
0 -515998022 30878681
1 52580134 928913931
1 -912342399 258768337
0 -622910640 -905455955
1 -832624722 -664383251
1 -999117557 -212969885
0 567077289 -629533373
0 -861332937 -142889891
0 863283204 -538147511
0 -520697404 941785303
0 -162977948 -957522664
1 528567366 -871883259
0 946101754 -328092369
0 -664891140 -435078750
1 -899357807 -132279236
0 545205818 558354819
1 -821242711 -772655947
0 549574918 -657071870
0 226595596 -850997104
0 -373627020 -272805395
0 -28021302 -821893295
0 657942231 216407263
0 -670433753 474331732
0 -39775950 -913451468
1 -462067084 711475019
1 -938767397 280131164
0 303473354 -318988371
0 159835229 -501972812
0 -769462025 -887537399
0 -266096895 -796599761
1 -624364081 -844009916
1 382981850 813276963
1 -905532536 111706004
0 -41996673 -889323511
0 997663051 55881346
0 86657612 -701063042
1 -501865878 -81027015
0 629222503 323070471
1 -36380069 -306040884
0 -446356916 900923525
0 727508104 -110772988
1 751035505 -314275470
0 490170414 -842906054
1 -802132783 220078357
1 802772135 -954160525
0 234308497 -602457136
0 -72506586 -206163682
0 16595357 142244794
1 -238337089 787601627
1 -364750478 -972562998
1 -914787783 872164737
0 -738451721 354273810
0 432182623 676479760
1 -520372434 -910671788
0 273767832 716622579
1 -910138860 762965050
0 -382088960 25629895
1 725665341 840610220
0 481578846 -457816961
1 -214988455 -394748980
1 -935017302 -933202164
1 14251053 -707632941
1 -456549997 788716821
0 384095552 -786529532
0 303469456 950677895
0 -191350416 -921711690
1 -422558382 -777548828
1 -711556730 373813262
1 -125141991 -922784849
1 -803564422 -411611659
0 426002735 416112272
0 -216624965 431620187
1 -429246197 -599605425
0 213557050 764304930
1 -924141581 567399325
0 656392921 -880963399
0 85262975 675959833
0 -504024734 -929060814
1 -737956797 -142980779
0 -286548559 564643283
1 -704330023 91624202
1 330537216 -779200789
1 -68750365 980597291
0 817824451 -277149765
1 931635740 528156701
0 245069724 -861849604
1 -143402754 -42109480
1 566972044 -103915122
0 -170681163 171392711
0 869529793 -564416376
0 575989972 -890363398
1 -965783398 46569025
1 880389231 -361604991
1 -126578738 -997676581
1 618616427 -833755030
1 -185310260 -986672953
0 -459504447 -52730575
0 -722015354 -328241953
1 405902185 -483011208
1 -955353258 -648569203
0 -340625020 120107938
0 413282317 -1433255
1 -375700228 -209529416
0 -21522574 -702855899
0 -509285009 -331699497
0 426787960 156365251
1 -183672932 576783880
1 196374556 40229650
1 -194767593 -669043256
0 -348994841 621302644
0 -643106528 -428639542
0 393816104 -106415137
1 15952816 250530831
0 556985822 -478045718
1 -633781136 -587250531
0 -433357127 -827152490
1 801385228 -670668939
1 -583626710 -619158614
1 83765704 333847488
0 -271761068 -178336107
1 -632416767 -507320634
1 -468428193 517676451
0 -268662230 194694684
1 392243241 -218233489
0 -6946869 -747760523
1 -992093178 561935464
0 30464109 222562106
1 981436624 -11759596
1 -609833413 797807854
0 -895170764 86292174
1 189710824 -693781009
1 -696717101 -824427935
1 977958608 -505168461
0 79938968 104015229
1 546034862 -815801428
0 -677200358 -514771034
0 -646028804 -356232787
1 832579861 -783717295
0 -179700550 683795374
1 86243373 -814336328
1 -479916577 638094366
0 -911828336 275422950
1 923381062 262040332
0 -349572948 -469494995
0 -226817897 861164399
0 -15552323 -540508358
0 470394644 -226704080
1 -871338744 -367843814
1 107988417 741573607
0 401803458 -885123893
1 -838132544 -860556356
1 -999537864 707630459
1 -81200946 -568538692
0 -856522216 236499382
0 -924189309 935760966
0 565407188 121584828
1 -927683911 -607811878
1 197178306 497376964
0 903202155 -938773529
0 -126007415 -542250437
0 -134143041 -195931237
1 811222383 -199197315
0 610676909 680834416
0 -966070302 517674626
1 114614512 703496112
1 -918779693 223029339
1 411795184 727309058
0 165988639 934955412
0 -982769900 -25851673
0 598060491 -620727058
1 -233100873 14220946
0 -358652083 292405259
1 395909741 627192622
1 -537761729 236988228
0 -65644968 -153577775
1 -776049002 -993513023
0 -833136882 344688861
1 185296768 -348468724
0 532257501 -655648780
1 631919178 384862506
1 285080331 -101496974
0 870364340 -671222710
0 -83519466 -136452112
1 -782587903 -888455373
1 -830927062 70995403
1 835869768 663554234
0 -800992580 922160138
1 525074288 486349369
0 -786021954 472262511
1 936172389 -718426258
1 -941662391 826964323
1 677690048 499866535
1 750802930 188736406
0 939946254 417847073
1 191242972 -639573583
0 -49406669 -845929300
0 -159222936 711904190
0 673293070 347988275
1 -165037567 -854216736
1 664442993 -955088531
1 -999466878 -709840663
0 365811381 255900321
0 -381869526 606673205
1 -325160616 22500385
1 -947853118 46178239
0 -973080866 618697251
0 -981977474 279177701
0 -861555963 -420494047
0 110056338 649453912
0 -329710802 297307509
0 709139903 960444305
1 -930695985 114314187
0 -507492348 -244459833
0 122143997 813231951
1 -227638681 79326722
1 -905219226 37218343
1 -925552734 -309130240
0 605647969 354399126
0 251248504 717527294
0 -353570327 728573664
0 269819036 604696623
0 -953011082 153539712
1 648560783 126857390
0 -916902375 739351119
1 684659598 -630503782
1 1693150 407413637
1 354633043 267917802
0 -760167355 653117058
0 -668062689 242586705
0 -359383954 -983100545
0 868050446 -962548237
1 -470680664 -936139655
1 -709119551 655267518
1 331786979 -361219463
1 -990591729 -909078181
0 127302666 -819744543
0 401589945 146552438
1 760304628 -421673663
0 395247664 -380293420
0 440755404 -927831464
0 -407539124 -603868554
1 388936477 629102557
0 944029678 -366904349
1 822030649 -622838122
0 795307896 754995500
1 304269507 676957783
0 -470269337 -593022634
0 -916364577 -8696605
1 415626676 407221173
0 -501241750 486991361
1 125670737 -667847784
1 495115924 709386774
1 430508738 470829557
0 -472791041 -421878240
0 -208998641 -221240822
0 797318441 306204239
1 578703014 171959610
0 584555940 138673975
1 -570749210 -283938313
1 504882940 -791603726
1 -166219122 -451832985
0 -773134431 416800940
1 119174852 700281865
0 126149645 -295971565
0 -362698318 960204644
1 401313087 312488031
0 -998436756 805631944
0 -637854841 905539082
1 -78356594 480522188
0 -860379663 -114170137
0 -462352532 483439621
0 -539360520 -645096416
0 125356032 -457203937
1 925554778 -915309383
1 649888718 697091241
0 -625998172 756555316
0 -210805733 -913365092
1 412022164 -241420473
0 -516676204 515932135
1 -961559164 -541329
1 -457535209 -355871137
0 -724748892 -144189980
0 995613357 740618886
0 -899761253 -566194736
0 484124246 -884279352
1 -595493735 80480320
1 696177719 736972341
1 -501297661 -852632648
0 821764386 -245126307
1 -704642653 -867525165
0 -40595652 458792979
1 41111967 -939669360
1 -25827651 277426492
1 522765730 -674466909
0 -963202734 2548177
1 -195084129 -210960044
1 -862596088 405557823
1 23950891 -934364416
1 931027987 -326834254
1 747386822 583812349
1 -698587885 908561812
0 183029383 -829358935
1 -127677193 -260615826
1 248801136 197835966
0 -584490717 405997359
0 -656371138 -350618386
0 -472974605 852447492
1 622990794 560065955
0 708749402 -93776285
0 -28547033 -757552975
1 458707522 -533979722
0 -634583634 212429738
1 -498651618 59713454
1 -57203786 427519695
1 782461754 994046421
1 543960764 410532540
1 -929131200 954541616
0 -573433391 202959472
1 -748833218 193260037
1 363668584 976691929
0 -733654829 -702853615
0 -422341781 -107294267
0 -99244292 422197402
1 73670056 -335058037
0 -859252247 -616738198
1 234714248 765242329
0 -915632648 357912553
0 344944667 -965381259
0 -881466010 216664542
1 -290331563 -558558214
1 631179246 -971880762
1 337779192 727072421
0 567949566 -403683475
1 -638297437 -731055995
0 343277735 31603283
1 35434109 792038225
1 -347348163 -407598599
0 179967691 499394151
0 -849745373 143102315
0 388926480 -195011835
0 -403886117 581699052
0 661401535 706266882
1 -232867025 -67027677
1 -923517714 4092311
1 782528992 -17037097
1 -472424639 857848403
0 49934033 -438934111
1 -514002221 503652621
0 47658998 -311731703
0 -567893097 56600011
1 96852847 -704181664
1 165843002 513129633
0 787496961 -269257875
0 630238148 -265255271
0 947037156 -864658908
0 813530338 320932560
1 771059906 -492843967
1 -435193667 561438590
1 -411650085 990733868
0 692402756 -358694177
0 -977289378 -769818406
0 -453377471 -914707800
0 -324606078 -798643508
0 -786308800 -477184092
1 306158089 986240529
0 -232462671 -706526011
0 -689690762 343876437
1 -972757059 317496122
1 290907179 456541450
0 -687179473 -876072960
1 231098736 -286552228
0 -979722477 -947140018
0 -963448305 324519257
1 477669892 -979203060
1 -356717848 -949606765
1 -621379023 894204188
0 -354230039 -75674753
1 473336085 -984136871
0 795865828 259271074
1 144826536 -868389055
0 -854421715 843866179
0 805845641 -358837769
0 -412487299 -161868074
1 95794591 781122200
0 -852479993 -754998517
1 -582128759 254759285
1 -656258891 -588886190
1 -172038122 -908642407
0 260430964 -789476433
1 522154461 -12218073
1 316786825 569435087
0 -712973014 793642132
1 -391086351 -802703541
1 -318480000 514092980
0 612471908 966090371
1 -837432056 -933609151
1 44049458 -659085384
1 -637162882 301048737
1 -291324992 -701046005
0 224431570 -593017636
1 -290738706 288625665
1 275744091 378091212
1 556320774 -880159487
1 636645385 -410265033
1 757589393 -195433893
0 -974320729 870730625
1 824817068 -136652595
0 -233791490 119313970
1 419116674 792681034
1 707971911 2784102
1 -609514571 908268274
1 -985843944 274135525
1 60729056 682438455
0 -892839054 -458645400
0 -53595197 -290836657
1 -989615217 -383271497
1 -27882552 996588525
1 -853607035 -770921362
0 -547422021 434078110
1 -401323167 -156474911
1 -462814016 -563956902
1 139636041 -488077426
1 695651204 809760478
1 -909033131 265883060
0 -974969997 964727669
1 -452678279 -335929500
1 -929672427 -630392843
1 401310076 979760934
1 -309808297 -931648340
1 326463757 509063924
1 -875447781 676982117
0 -210252500 -868727917
0 370736804 425100668
0 641099602 -581753298
1 -372930179 748866262
0 742633094 -363065182
0 190615336 770247140
0 817784484 -460781450
0 862778053 598256149
1 -527925682 825355907
0 140533493 -637058134
0 -985191703 425711361
0 -37448955 503923983
1 -91127407 831463574
1 -68802114 -589192103
0 -28672142 114011268
1 788771615 889131742
0 431194256 -852025664
0 226239555 -449496295
1 -878443413 236901095
0 -367146506 909847842
0 781819682 763072589
1 97724390 91685338
0 410147598 409188192
1 3111379 -561401071
0 332835164 345349073
0 -425928632 23841231
0 -776409914 827671297
1 -334298952 -876528961
1 -957948353 903943949
1 -860966669 -419883944
0 -934648589 -360038834
1 -375343218 -843304237
1 -731443413 689092075
0 -143952075 -961941494
0 72709213 580657875
0 -696724963 893679838
1 -716693236 601839807
1 111173761 -417180570
0 344801045 -706490392
0 -927145970 631873983
0 874841252 -923644249
1 825599161 458032042
0 -811460569 75796949
1 523309096 -630365787
1 -33922378 885565046
1 -973113850 413059169
0 1974734 624724527
1 356694880 236475428
1 -853515687 -677895074
1 584717722 -177492923
0 644462890 -6638287
0 821136766 438771561
1 -554542311 -744321635
0 268420983 623021745
1 906299809 -878439190
0 89344047 -956391460
0 -961044837 963154286
1 -936356450 263161661
0 -252986822 -976148446
0 -991152954 972524388
0 935418094 662217701
1 703757557 -516999480
0 155222389 -802710777
1 513059950 553934506
0 165541621 424520679
1 449479264 662764576
0 351081589 715637482
0 545677183 446804751
1 -707883130 697937899
0 -982790540 39782429
1 -451842282 -124373739
1 -519516317 654390583
0 711648236 -381288616
0 -898387143 -846656012
0 235983730 -168556806
1 -239455331 764147393
1 858031632 894504512
1 -163491596 -990191242
1 -870237651 -470273085
0 464844491 646203079
0 -934274073 -652807728
1 261450350 -692803759
0 -564875180 61161593
0 431935976 312523736
0 840327942 -814312150
1 -937045036 -873418708
0 88206756 530245848
0 -62600229 -396094778
0 985420052 -330527323
1 571622640 -540038477
0 -179956162 -46660812
0 451343178 -951335187
1 451370974 912832453
0 -628644110 675313939
0 271431001 -982336608
1 -699085815 -342343290
1 -653575516 984038600
1 -878725003 -830374274
0 339767668 105818205
1 -61075779 -917067601
0 -433564080 818333814
1 400474195 196283067
0 -963570662 279956635
0 483735462 -539246029
1 275200100 -329191071
1 -934650449 -66023573
0 675973908 -901891988
1 64835998 -664908558
1 -876998269 298549287
0 488977900 -265901318
1 -248209309 -857189069
0 356575285 887801420
1 234196123 -761931948
1 56072879 738852738
1 332862867 -443233822
0 -700342353 757651265
0 -752964047 532045330
1 -281302989 160313167
0 -640094207 546275403
1 -968570684 474931156
0 -484770076 931645257
1 347685805 753942855
1 100290427 556475847
0 -415871476 614642081
1 692426224 -853468131
0 105262908 -607271796
0 73382136 -952307300
0 609765367 -824507821
0 105411764 206543518
0 -884646251 -538707226
1 842622895 990279676
0 392919293 418240114
0 47420455 431095746
0 -56906123 808638574
1 574609786 -265097102
0 -481520196 -258752702
1 -795499138 -410531678
0 915431903 871115099
0 181035849 -174387452
0 -194248708 786270747
1 -457420943 -327583200
1 -221682276 -931626493
0 -967858973 326964910
1 -600057538 151885234
0 937399150 -919747853
1 702945516 -936418850
0 -892467231 317925628
0 245622601 439376286
0 -657978928 655783641
0 870818150 -641386738
0 285649318 566600752
1 881635404 -899785381
1 478520678 257990343
1 -960713415 -918548721
0 -897727255 90414517
1 985852461 347852424
0 -586950361 -142014616
0 781940866 868907756
0 -291444658 770001163
1 -878751301 -901240243
1 -696319787 101816216
1 -734854524 520318724
1 -684919060 -460413272
0 176201334 623698654
0 594043386 -855315253
0 -92388396 -940276880
1 -615191210 -517075551
1 -533093677 905498001
1 -156199315 667038942
0 349508200 595849637
1 -791670202 -671052137
0 -970663476 726218306
0 -597345675 -66467946
1 -836305963 -913805076
0 -818377920 724539509
0 -231370743 169165613
1 -298370502 -965874942
0 458889244 384372063
1 369690993 -322356600
0 683726301 -773587408
0 619593671 56457500
0 130554417 -61802071
0 286789583 249259478
1 -534124049 39700109
1 762988830 -796384684
1 -975262258 255575883
0 -855128910 625527437
0 -132906672 -903764889
0 -709153678 -879479310
1 91714092 828641081
1 -610600583 305613113
1 -44254221 523713961
1 -582145625 618039497
1 242680150 179765267
0 -948714759 553781988
1 -912279038 166178687
1 -917606894 761766435
0 217363518 -938162838
1 784703758 716264314
1 964035135 652419546
1 636870869 928483222
0 -115074973 -216796516
1 -434665783 -95780392
0 323730 560767498
0 -66418548 -243979041
0 -666962730 -900173356
0 412321393 -887833614
0 443325670 658911961
1 -852822345 -695908019
0 -546708906 546341296
0 -568544378 368254101
0 -849768691 982827877
1 -185193838 -146384764
0 -988441425 -441707306
0 575137751 -647671804
1 -901033973 -892361944
0 -715851496 -571365824
1 -875449677 -728314274
1 540267963 -567579153
0 -820249338 982344420
0 -351774260 896293872
1 970635120 -860930049
1 802657464 122838437
1 554696313 815152523
1 -905474605 249218771
1 169378985 -926294956
1 -933225421 -885852244
0 -168964215 -123095980
1 127277316 94923643
0 709278106 -792623638
0 56469129 -853244193
0 -389385905 -899779030
0 566273079 -386097292
1 294209396 555402141
0 -320282864 -295847307
1 -112744584 -252091080
0 -206491131 -602818850
0 -482270122 -598838152
1 59225157 -803607546
0 -825937678 702569306
1 667031966 524145094
1 184920756 -900915107
0 -424529978 814800655
0 704121432 -572633122
1 837903778 958097762
0 275696056 734411447
1 -569672418 -73735499
0 346618761 -602226766
1 787076262 774127551
1 288252091 441919409
0 -54151772 337970471
0 999148719 783474519
0 -319075311 -315217663
0 668333438 487852049
0 457277169 -121486321
0 237867880 -933997868
0 -58434171 -885235270
0 -582280419 -950160298
0 -63595567 -539244491
0 -603689047 -939339366
1 -917978504 -617254123
1 559654618 639703560
0 -340603672 -940576469
1 -386751819 -648488447
0 322903556 -308933303
0 -995916147 -837750710
0 140306375 -70666333
0 898095744 -145764535
0 -546379080 -971196301
0 -213066779 -51121340
1 -703743606 -691476791
0 42951835 -552827922
0 -842759037 -600818250
1 -348929255 -900544119
0 263215039 972285874
0 929240509 -218018388
0 253812151 -584204280
1 -641027645 -162507888
0 -462947698 -429042984
0 -732827775 -195887249
1 408167847 506369819
1 -74764904 -813436096
0 -967092569 458161350
0 -870270726 -986447689
0 -74694016 597946930
1 714463432 -51261588
1 -840065866 -317626160
0 -372270855 101580039
1 -562495064 608634100
1 679522454 -438989752
0 -136346081 921963089
1 955369910 -382670086
0 111289314 896598848
0 -906511642 347758191
1 -237250040 -894827302
0 -212930652 -706588890
0 342626057 96349007
0 858441109 -834435564
1 -477543160 -668327024
0 844260225 -989848289
0 122398420 -546023795
1 317292402 -643640915
0 -259118524 -351880736
0 573089377 -993756969
0 -179136516 -553876656
1 202518981 193230045
0 367937360 -877618285
0 760420572 935335470
0 346820354 987630645
0 -836803854 -360988567
0 777079084 605923004
0 -834610664 891060508
0 520553293 -335889371
0 -48319160 139354409
1 849990227 944923568
0 -274051290 -587937193
0 288373881 550543559
0 -751603522 -131364835
0 642574844 150479779
1 266674063 436089246
0 230949315 -881501969
0 314870472 -750543093
0 -138766177 -27338592
1 -976190824 993168675
1 907107948 200167470
1 931113549 -620874499
1 985380875 -209043420
1 118414258 -352042817
1 599449456 -267110444
1 417225404 -348319531
0 296869267 -504498259
0 484197087 301626036
0 -742096709 244607463
0 988964544 -880205910
1 759698796 918090495
1 939990159 -132699930
1 -663971851 685203156
0 -494939162 -213287869
1 -650559107 314314601
0 -516015034 865165745
0 753129994 -893020556
1 481721973 788643635
1 14887518 736780288
0 -240710350 -295047076
0 -142476146 293436878
0 465154246 512370479
0 770466596 -533377471
1 -365524456 751709308
0 -277579834 926976771
0 -260045792 541728982
1 -58246677 -468604180
0 902204102 -696083526
0 -722784744 -210474314
0 684289193 284061133
0 -895328097 -10343360
1 -122931318 654635167
1 223131355 662117723
1 827969128 976805919
1 501964223 654198491
1 -28171550 -123452281
0 -303856735 -951218729
0 -906932338 -82826402
1 -833180026 519034521
1 -994005024 457558062
1 334616177 -840453300
1 523444870 -232997656
1 269518268 452313556
0 -742599126 369163447
1 -918974793 -811277044
1 -138960199 -975639512
1 545471871 134089297
0 -935374460 -12827590
0 304253979 -572491825
0 -937385861 200248388
0 617179889 -422957937
0 987645365 705742231
0 -78322914 339938899
0 626557860 182454704
0 355994176 -151745331
0 -806013149 -83223456
0 -396976677 -467641695
0 237229391 -277179466
0 -617235017 -351627903
0 -243438144 -896632871
1 639597197 992467719
1 -250883438 -427561227
1 246836985 -677277884
0 -227772376 728630862
0 -695579423 -854588315
0 207521609 104227862
1 -585130904 170408103
1 392079887 -537885500
0 833102748 -956719844
1 -852769309 488486678
0 -989614120 -303619789
1 135276326 711333459
1 -766324246 727643365
0 -714003200 651764211
0 661005237 -167933494
0 480440240 -639150147
0 -899398403 -231201376
1 -385968951 311820479
1 -224852598 960026104
0 928155271 -980770175
0 -871577657 581695930
1 50941779 146553920
0 -244072223 -198601776
0 -858009356 -296534256
0 -200606521 -225102435
0 -987354241 -187322336
0 -270753919 189622544
1 -402337792 -782481796
0 -220715932 796996783
1 548580645 610283887
1 -650877022 -855206367
1 -84203091 592332880
0 770497938 -458739144
1 749612096 574791878
1 -930373450 530907470
0 171923141 725442185
0 -308402449 -948481661
1 477822056 691587819
0 -864951411 -589295225
1 -964284834 -926643792
1 -612836596 -3298142
0 698451713 -213717788
1 348384897 463807836
0 305578887 -788564315
0 891154024 857840729
1 -971792083 540862968
0 452785001 -880209030
0 175865458 350747602
1 9787806 -855756395
0 -885557201 -564848433
0 -175880949 -218588821
1 -920440191 366119272
1 361871151 103352511
0 -54134453 435538951
0 -710762326 619317983
0 261365330 -465647371
1 -47879411 -280888897
0 135890908 -221953755
1 -944791937 -320110671
1 -623718246 -57863066
1 -670675977 260822317
1 165000744 -909064797
0 -983667151 690008912
1 -959708837 -551986122
1 -757781669 323056411
0 -984274210 955026022
0 482706593 220500199
1 -641780464 740683873
1 278961756 -908279210
1 -164317802 -271674106
0 -501403522 -891192250
0 -567278881 -491145326
1 546332977 836950788
0 -313672364 374857546
0 514257255 953769794
1 922815049 -569282764
1 -128115276 416706557
0 204378731 869239793
1 -379224011 933674929
0 79747536 591872837
0 -124946727 -770188555
0 -23217646 441324235
1 -713866347 958614198
0 446243518 897357940
0 -818494543 -522317872
0 982998208 -689869087
