2000
1 -698446279 -365518395
0 951191650 692849816
0 -700734687 -326505330
1 637328332 71762239
1 -339595897 -158837071
1 -389110940 -534172701
0 988434532 -907414271
0 -681892992 -798549373
0 85684500 -915065140
0 -733190856 -906857197
0 -640109229 365509439
0 487882291 -919847594
0 945593561 -176641136
0 -151807766 832114744
1 -474864542 -196819739
1 960763710 251745659
1 347257160 -695488778
0 -968416776 402580711
0 139644215 -952377516
0 412747708 -827645796
1 -105977951 757951264
1 919421519 -223098213
0 -284411604 885523294
0 -643334469 -915356356
0 -118351804 -427477880
0 -963708368 -993529882
1 857090231 -61819433
0 -245522450 142084411
1 -773770965 -477958221
1 -778163289 286605202
0 288400506 484547365
0 -232369838 520188411
1 390182072 783438220
0 -660852758 -774483226
1 -88126360 -327357941
1 455370007 849231663
1 -579060856 154373880
0 -67506584 943289129
1 730463651 155637805
1 263824884 -514925329
0 802077280 -108876500
1 -696246108 649647543
1 -595370282 558227128
1 772096020 -42270113
1 -372937717 734816249
1 207462370 -82569558
1 -176360675 -947476738
0 431204127 432867005
0 347911157 -874494959
0 858443177 228075184
1 -155664685 -868199681
1 860090453 951548022
0 -722490771 311856391
1 -580959737 -212002667
1 -114314672 2859449
0 -93199848 -819175383
0 -590653477 -311077413
1 -947414151 88968251
0 -453403466 852867020
1 -494027718 -284058077
0 200746921 643829790
1 -148904459 -365186109
1 -225202045 363243976
1 -153441921 -899651390
0 -411759499 -221710944
0 270876441 733288766
1 181073232 701158465
0 914235217 304814177
0 -620775963 339589103
1 -497416946 -715796056
1 -754582702 506254560
0 -305754874 52537376
1 -681249230 -503480729
1 261796204 457197046
0 27648268 -68714310
0 183432560 -899914744
1 -737779141 -857503538
0 -195168690 -19549952
1 -808171675 949662173
1 -993484175 131132432
0 -264194256 593268197
1 -714531157 -865821938
1 160352158 888081752
0 476901870 278869608
1 -773538178 -427238757
1 -74945026 389015944
1 -611633483 -934290482
0 716664164 -400431626
0 212630050 -903124957
0 -514011282 -833717466
0 180739093 57929559
1 154731410 169932676
1 -508906613 -774747179
1 -551507592 -796974614
1 795631968 399453995
1 -930398828 974947492
0 -527918548 -955270752
1 -601997274 -195978951
1 -710423913 888100136
0 -920107076 -80920912
1 189256796 804470100
1 -198642343 -814860427
0 -541879317 -975299579
1 637985678 906549845
1 -878792097 -891445952
1 -714690296 601413152
0 -340806995 -139054609
1 -891005208 34729055
1 677242917 -751419522
0 -930572501 -261963703
1 -562183673 -953280832
1 -203827843 25663574
0 14734754 -591629804
0 -878030460 209151428
0 659061198 71155729
0 -823382941 -690245900
1 -974223379 -861372691
1 -345015043 -997866991
0 732541979 858943277
0 51827112 -158861116
1 450866356 -96499692
1 -131330997 84707268
1 -193881743 -30206912
0 583653871 -473995201
0 624876847 -914421110
0 -895157220 -125452630
0 -49854846 544985351
0 972111771 -889913465
0 -899345298 730429662
0 -878990207 -299745825
0 480322377 -455450975
0 578306189 -176793656
0 533179442 -364181766
1 343211535 -941730361
0 41769613 -392113357
1 911960878 503209907
1 429468330 -369862240
0 -607379589 913701120
0 -440649563 380466327
1 936587390 209047410
1 141694613 -481574978
0 431680584 311970558
1 -543030124 -887022471
1 -40722813 -6607965
1 -396132524 114223641
0 720232313 569725365
0 954776306 -150625065
0 936926538 -259308123
1 440777173 -652056609
1 291662444 -498616785
0 -940581269 -326402905
0 882139821 693979555
1 -10373016 -729065642
0 716792197 -334506840
1 -506648017 265015039
1 716885728 -642549461
1 576015420 -437162058
0 413710878 432522738
0 -247409100 112956477
1 976513323 -622768078
0 911651668 950195690
1 815295979 -195437117
0 -137938792 514385352
0 2890554 585335156
1 -152299456 -940808546
1 -880386429 -339843943
0 -694048737 -964571825
1 572115336 -258269032
1 -913477199 -825150732
1 -941920216 -697498704
0 682397466 -865805798
0 -65477667 -945097947
0 -422314026 736777265
1 -777692334 -6844494
0 501279377 -551950427
0 260833849 -315058849
1 -560187489 -219507135
0 577436717 -785355141
1 -44022608 391247291
1 -548428557 -331661677
1 603875813 458123446
0 456338115 -364215159
1 -296680434 -559522808
0 -269114127 -963222394
0 -346966467 893433686
1 440304966 -99579791
1 -485192633 -244964872
1 637631642 941623999
1 211943329 777214353
0 842907473 -863920476
1 838725425 -24650850
0 -319554085 699759260
1 -841149753 -610850574
1 250493699 457352107
0 726151338 -891117458
1 703182803 -484775780
1 212876835 -280616774
0 -588980180 194206524
1 470163988 762664656
0 -719956411 -193568045
0 204802241 15146935
1 31018571 242692633
0 -951391657 901416300
1 186084423 -950432060
1 158480509 684745139
1 174892860 -32834848
0 -171375933 283524801
1 -710442046 545997538
1 534995026 762595210
1 494300227 794954218
0 -322577524 -290257968
1 391949831 -558458715
0 -667048622 440159751
1 -279066583 -83404079
1 -327244254 -691119918
1 -179141097 202926700
0 -478718549 -862871466
0 837240624 594876453
1 -973591003 -773102168
0 -789101809 -216157302
0 -164318116 408088100
0 842417989 146648138
0 670240013 -801439497
0 -934884296 -539362104
0 -475666572 -634142997
1 -666301889 -898650163
1 -796848227 718519822
0 -957156097 164124383
0 925014315 -912744581
1 628883194 -729353283
0 335382487 -102448178
1 -817575174 321811498
0 635537579 -937483148
1 -10865282 -556704954
0 -760292081 563424593
0 -314188310 -270600489
0 -966005728 339360970
0 -498713542 738219638
0 -428941710 139026760
1 -135386067 734906166
0 -960986219 912151020
0 -955148627 848430796
0 -82949376 -163605750
0 -222384320 -964163253
0 -157589398 -789623351
0 698087852 -480404579
1 -300849729 556430274
0 -366893936 637315462
0 257185696 804777855
0 779390270 -427083950
1 565451354 -502858643
0 757494475 447099204
0 -310794748 -625070826
0 -611920262 -671214484
0 30646247 807766119
1 -257559817 613306441
0 -556242533 498550630
1 142116237 -778742026
0 939506799 176237405
1 -677801346 -160749480
1 -794770613 -853418355
0 825870501 972350688
0 162343017 -484627170
0 -215048548 314029179
1 -363258648 829976791
0 492605591 -754960286
1 -222566988 442213417
1 -605604072 -468134352
1 -518896412 -919583638
0 -954158697 -836522176
1 -629858808 425297710
0 -665708206 707530154
0 -513899444 591177352
0 -863248029 11321502
1 242672652 -514842892
0 890031030 -450612492
0 -709403210 -807063048
0 -952967212 -287123722
0 200587944 677007640
0 437659199 -907214080
0 -983708405 -946821913
1 245963237 -576176875
0 -539292823 776084398
1 426430896 121047879
1 -755390041 671600576
1 -917366192 -428555970
1 -956576972 -608532868
0 -438161020 823788671
0 -958907677 110368326
0 -434476067 -941377041
0 -279526076 -877717796
0 101912248 649731316
1 244288260 -919558938
1 888810835 -397695397
1 -12930135 -611900900
1 380035519 240297929
1 -79025815 -214511577
1 -735581613 -452945872
0 -832238925 540049903
0 225987419 312062715
1 -869937869 492943148
1 -165256842 -420175436
0 -701582188 260469926
1 737615951 793582699
1 284963463 836802407
1 241327569 322231509
0 -340512438 -519648504
0 130197656 -842859642
0 619893639 410008728
0 861819817 -340084202
1 -231586913 -518934927
1 -334681277 105852918
0 725436780 -849497942
0 -523225297 -107598292
1 -454711469 802558865
1 -828498474 -899666852
0 477006712 -268340770
1 520645281 -991526782
0 683535905 382575514
0 -905715243 310794561
0 182559817 -925772839
1 382757856 198751000
1 -870902420 -505767947
0 -968137589 -547384296
1 -617091178 477760743
0 612636972 887774657
1 -979774689 794632097
0 -947282998 -995799288
0 91317009 -178135983
1 20498439 -20948547
1 -322093956 -226498618
0 -115132435 644081797
0 -26245603 -277017333
1 -298209347 -328785299
0 563078121 850405096
1 -918807930 -885736586
1 -411119107 -480893607
0 -721063212 271759180
1 119468529 -978855985
0 954866628 488787093
0 -622532132 -716372777
0 664857583 942527977
1 -105478377 945315408
1 -436914400 -912435967
1 -980124241 -506032289
1 -414588873 -56366773
1 -559963091 -638285717
0 919909183 -988921120
0 667919282 -402759053
0 -577302573 -57892531
0 976125877 -684451733
1 288997398 717899264
0 -667261429 -61534847
1 -42969312 -313310727
0 -383313888 125884068
0 503037621 -733175461
1 419620284 -848750999
0 841330504 86722363
1 -598796203 642019259
0 -113093545 462484181
1 332947390 -857120851
0 432759036 -377689229
0 352430612 260724477
0 97344757 -375012366
1 -956812751 215696107
0 937780923 334817550
0 593609731 -943077177
0 636420842 455167475
0 592533559 99012882
0 -613565231 -998225305
1 -593506022 109209439
0 71052697 466481547
1 -236496695 -676406419
1 768815980 -599000082
1 -647509198 -992336893
1 571727842 -131625856
0 102446956 -802303889
0 818215064 -923486883
0 -245234772 531027114
0 -168215976 -787498861
0 96050673 -633933485
0 885686703 296723834
1 -829848346 -993987652
1 -830086178 -447579497
1 781370492 -856785365
0 -122196120 -862158432
0 -927287146 742053303
1 -13505375 858165886
0 -2991711 956764353
0 742205381 -900418350
1 581611039 640366474
0 443162813 226594368
1 29000184 -456399480
1 792977389 745108031
0 76885201 953209954
1 -541089094 931753948
0 -802419207 -138249186
1 20089071 -902174493
0 -638375226 565446529
0 958913247 -212500173
0 -990161448 -990139961
0 -902310994 400935261
1 822801819 -533937892
1 164125468 95629930
1 -837612007 -909090985
0 332582775 -618699696
0 319966353 -478408227
0 517507764 214836
1 797688345 570420965
0 77751603 -366099723
0 341990582 719836052
0 -954278466 -853944117
0 -254259284 742033186
0 -862010401 697292832
1 462802939 -133940892
0 715299542 511242035
1 783606819 -939295014
0 -640707152 -272150750
0 -847207633 825053545
1 314633318 698907612
0 -675915409 -932271511
0 -872570017 23279048
1 274997818 -38322089
1 -950354927 295919902
1 -880296067 433293921
0 -923311204 -420999894
1 -942550267 171781680
0 277699077 -169033424
1 -157633966 -520864986
0 249567523 157426950
0 694460497 -133288331
0 -595152322 -219536256
0 529028712 -119511018
1 276461474 -909109178
1 -148525048 -414683714
1 1478747 152854139
1 39763143 568649124
1 -89617419 88648912
0 -458187578 -938080912
1 -587177813 485526097
0 565673258 -225299012
0 791001675 594496348
1 583548019 -983144618
0 694981642 885407991
0 93229764 959202841
0 883141666 -437677154
0 469288686 216129308
1 -124591259 -888661272
0 -826257448 374104130
1 -949812405 -324851588
1 -953828818 435195511
0 -682358860 126675693
0 -207625555 -875078098
1 845385308 -769790953
1 -530117037 -979265859
0 37760965 482553724
1 -16459630 -433839696
1 808289514 -834353169
1 -373941333 456520219
1 -823861182 797412299
1 -600368985 168854595
1 933624461 -93053130
0 91941353 742932812
1 -599280745 935684687
0 549729300 640478167
0 -357806884 -166854923
1 -855877862 386158986
1 667716274 432564951
0 214542834 -339082457
0 473787686 -535487341
0 -119034555 -886554348
1 -584092873 -581700033
0 -512499437 37671457
1 -348459714 -481848481
1 -319501603 -887393173
0 -536282067 -557285345
0 -763755636 -958207191
1 -301931632 -27443950
1 -118623042 507645314
0 769687471 -879973852
1 -810484037 718936827
0 -558101511 -987429695
1 -416398022 57811234
1 -587009550 305854003
1 -797755155 -969067974
0 -452945593 576527594
0 -743398751 -410596593
1 115674768 183519809
0 -792162978 -514698642
1 -641054900 447337851
1 -764752175 800223238
0 511226484 395074790
1 499449889 720893307
1 992825074 300763080
0 -50024783 -222926495
1 -448260688 -957020617
0 586236905 -933826473
1 182959147 -400047064
0 302386422 173068232
0 877584773 261100063
0 -683111876 864331572
1 227228995 -660152109
0 -802866344 -553407912
0 -368466244 -226330461
0 916173342 951945882
0 -945075517 269830572
0 -999881009 285136797
0 80103243 838250332
1 664800396 386164949
1 -230166975 686739534
0 -284272121 210089265
0 -782320276 862944001
0 279565319 26903639
0 698981525 -920972287
0 829905320 382765409
1 -261940403 448920234
0 -903741070 -1307108
1 -833741493 -918106084
0 627848203 -510836005
0 173488695 882318768
1 478975340 987768592
1 -513241405 -567861096
1 -432304018 -144118209
0 716596284 -255877243
1 -622047990 -552551526
1 218045799 -341862870
1 -942634493 978141280
1 7291835 363107689
1 -851453801 -973091522
0 -470909372 386948028
1 -387812461 -642441333
1 -187741454 -330399455
0 -805947005 -594405419
1 -835394663 -268900571
0 556918484 -684978170
0 594457968 221776608
1 269565877 -765789795
0 -485145204 38249738
0 -131670637 -645822007
0 -874772881 -25968368
0 217646147 -795374987
0 153231166 658191386
1 762301426 414993174
0 -465293125 -952064319
1 -149500555 -932390863
0 -632679625 -995957485
1 -701122728 982009599
1 271160037 343293219
1 496929307 888708741
0 249977240 -678663006
1 -661963986 509292199
1 805082343 -531591937
1 -599290086 -963318414
0 357346031 -802127327
1 687386986 464503191
1 37147435 712100880
0 -175505164 -869866449
1 -374708962 -890818441
1 977979970 67160821
1 370842811 432024069
1 396835859 -492435746
1 888012079 -147737819
0 -312229028 420436672
1 -296104990 764429693
1 57005316 -926131666
0 321541046 431665623
0 532551817 786604988
1 876895210 883348625
0 943846533 701213286
1 521158397 -493671134
1 602591140 410496327
0 812775085 -457774143
1 -670826054 -925380283
1 -193311407 -911084318
0 -242364760 -784841697
0 -2223095 102264148
0 475893279 -980850627
1 356196174 94163227
1 848593304 299556018
0 -902678887 323824338
0 -260759061 -598695532
1 431755591 -394270627
1 -500236171 493764820
1 204999041 -572029575
0 690505526 -350643461
1 242312660 44855295
1 921533271 610342810
1 829775654 -765999716
1 95253126 160074570
0 659915756 472128178
1 -700575793 -529830918
0 -560502996 -718091115
0 -49562990 -903797241
0 -818491333 -51632461
0 201661444 -821702078
1 -656023715 852922722
0 692238168 -487766099
1 -210122776 -30882695
1 -225509712 434993846
1 99764747 -557510911
1 601528174 233605564
1 -889652335 -575445031
0 702795156 653956319
0 346362090 657075498
0 338824732 232941778
1 -967975685 862035871
0 -858827190 615229325
1 -408329238 257443455
0 -844656779 -265473382
0 -817180271 767983592
0 -747123920 -405740158
1 399180759 -244751825
0 444205452 120993063
1 205359302 -747941007
1 38026159 -580008446
1 727785347 -88916397
1 58505679 236383617
1 -37328810 340364699
1 -943250924 550365950
1 604882995 -610321918
0 -466755075 -239469075
1 229758099 887435657
1 800557049 -886707994
0 251249965 195954017
1 366319973 -678545772
1 -65235789 -475433013
0 778424609 -78889432
1 842502 -884833024
1 -524152776 -358142918
1 154806666 221771588
1 810113420 321175366
0 145616417 742572890
1 -18714054 -146655250
0 -207300164 420204448
0 -267956203 -253040720
0 -302632926 762787403
0 -963805206 -659548941
1 812401977 416522919
1 -862786438 -919973515
0 298405647 242401911
0 -154512824 637573969
0 449029658 -38755028
1 521682715 772107608
0 -510929160 -831062413
0 -241104534 462214332
0 440359290 -517736206
0 -279570958 42253171
0 -859699993 421594829
0 -766037849 20224870
1 -164402506 -38223579
0 -361877103 -512987983
1 48338169 -30614943
1 -997116217 472608935
0 663788467 257670100
0 808402377 -991181377
0 -553671715 737842283
1 733855647 -891282389
1 599144531 451528394
0 -884506077 544968438
1 105852423 343657493
1 -975178995 644990996
1 697460159 -860315969
0 445357846 -872135669
0 798575698 -986765435
1 -592875195 -501692479
0 -620285838 -635986799
1 -446420861 215182458
0 -945753512 -215724527
0 109039003 480429218
1 300380923 -365242511
0 318324317 99591414
1 750381883 6055515
1 333827272 730923246
0 -50281629 -544701622
0 812616297 60231538
0 -503524473 17376720
1 131090492 -343523759
1 -914756563 -346398853
0 -758433287 637768589
1 19838673 974452793
1 848750901 676542567
0 -274217503 -673285298
1 -239553369 -927822635
0 648935112 969361395
1 659773126 994871591
1 -998104210 104076455
1 275224276 930338494
1 -83246120 -689518680
0 959095418 185820329
1 405438144 210853723
1 -192915298 -867788018
1 -970671629 145089965
1 -940115380 -383598583
0 -147261426 969700544
1 772977781 980885293
1 -207903723 717513627
1 650178030 674642641
0 -373241704 198706709
0 730917793 786209161
0 -748568907 209156431
0 -888682372 -593306797
1 836261905 -790465961
0 -633547091 682847872
1 626564745 841480429
1 -77246313 498590299
0 -545382574 -969962501
0 -218124600 582987963
1 475916535 236916206
0 505543177 967051247
0 -8422157 -994078091
0 -915049731 437733983
1 985881001 312769727
1 -178906907 738773099
1 -493850905 881055025
0 558960494 -325411318
0 984111017 401654093
1 -770956773 248864173
0 579782857 63769047
1 562406124 -811165128
1 -177773099 791313474
1 -771940595 -947227745
1 -993949633 103171458
1 212571432 -257797472
1 975952374 453804536
1 -721122015 178837365
1 928660334 70175564
0 688235517 -171660455
0 -191770949 -171063656
0 482046158 488503778
0 -432938861 -327529485
0 -68766582 730059032
0 779219794 -818994933
0 874883545 -601099687
1 -989804338 505774957
0 114061391 -420362073
1 -660175066 809061665
0 -890786108 -684949662
1 405235256 -924027229
0 6472023 528541744
0 -345695378 -183110820
1 349816234 467059219
1 -161310601 -70423105
1 -974137927 -157547730
0 758447896 156299975
0 -990714818 -625804561
0 -609279504 -966810317
1 64862563 774170130
1 -106734384 465863425
0 242098152 897861913
0 591247569 746798308
0 -116319224 -879240067
0 -793386464 -997599288
1 853443379 486080615
1 385516667 804610833
0 -831902217 -814163743
1 692873395 -281884027
0 589387745 315625868
1 381393730 -734003188
0 -575556593 151292182
1 -894670454 -419661377
1 -959255775 -963154508
0 -522516688 265419512
1 440269450 -788390762
0 -604107380 623497523
1 -885965053 -855902705
0 -862339235 233288195
1 -680815679 680868068
0 -486931188 68915860
1 -308152382 -683758817
0 272145906 982583998
1 -775642955 740351155
1 -998296806 851713984
1 -728151565 354035551
1 -62429611 742579781
1 210862503 221423936
0 530410873 -396752579
1 571604119 -438287582
1 296405387 211423648
0 27333345 -9739877
1 579565103 -648268294
1 249299661 885847054
0 -172376703 981889965
0 667223795 -367657662
1 -993771086 -775781754
1 -511429810 561272039
1 748755200 251470280
1 -927676962 -293738361
0 664947583 253340237
1 -810216428 -231391717
1 -907689161 -968036136
1 -831812323 -955931568
0 -435956294 604651455
0 708666788 697545408
1 665102879 24152521
1 100966077 -86787532
1 -808758548 770635554
1 -991503436 -32165783
1 -170411472 565097356
0 -298128776 940667061
0 827992714 -499333141
1 -928967378 268580382
1 -868097101 -713337302
0 396190026 896969111
1 59423613 763449823
1 456877009 759461172
1 832997504 -575423721
0 -245770604 5435409
1 38137419 -887187448
0 -616851528 -182537423
0 914751846 688139156
1 -175645081 591121051
1 -914273782 -84446925
1 195129044 220389227
1 -195158872 683392556
0 -929197099 613777989
1 -803461725 -2061825
0 -509241786 -823450378
0 -266124877 -918806156
1 899616538 69952162
1 397800818 386647474
1 -908644740 -80505006
1 -29508904 15513938
1 -957956655 -978346049
0 983072598 -89153917
1 907587117 -73884214
0 -873919179 -347683638
1 -295780003 851962050
1 456091432 -860996306
1 839452096 -833353923
0 479935500 47083632
0 -907381086 968527286
1 -785987392 -265876559
1 376776714 523591075
0 -107162363 773531460
1 -458875285 -761599146
1 -760064332 -320248845
0 -954358607 829014900
0 593844666 71642563
0 -955853262 645867539
0 -846824250 4831666
1 -740777601 -698082554
0 28941250 -698643588
0 -569726477 -601865825
0 -4424979 -319470814
1 -67719642 -962450290
0 574055032 539809835
1 686710465 -438690282
1 -945874666 -476368114
0 125738971 327392610
0 -967660413 926578908
1 -30065996 520682571
0 -181695371 -802226654
0 -328985531 -351335042
0 399369772 -978272012
1 825568770 -162091593
0 204509466 -871123738
0 -493014513 -728031654
1 -625123483 85119161
1 374240982 271935217
0 -347643883 -600285409
1 -199933897 -798562372
1 349553212 -347267077
0 -386174640 -674924516
1 871707855 967259995
0 474230412 -923238842
1 -760240419 790218470
0 -918091504 -327818796
0 832896493 -922358797
0 -962642455 481204423
1 517665686 -17018379
0 -45457286 -954852132
1 -79934247 -707274071
1 -192618062 -387529578
1 454132423 -796461063
0 -541514825 444534551
1 -547028509 -777729197
0 -361087037 -58507812
0 -987447074 702795245
1 190608498 -711488209
1 -942146882 723363044
0 158260878 435935467
1 223011560 57948445
1 -983479572 -471125155
0 -939296374 -646526476
1 5045416 -487801246
0 -976628371 403368061
1 264857041 -771451534
1 410868324 -930683528
1 301379830 600811222
1 -295121548 -871032854
0 749174949 8463270
0 919119570 -628004935
1 -139873177 562990892
0 569916730 -165896245
0 568661037 33422405
1 -115266977 -354280492
0 -882995100 -930198700
0 -799815167 623034304
1 365880223 -581258812
0 660085486 271325944
1 453379616 -820288405
0 -693172601 -695668234
1 -613726964 -211735147
0 695816225 506598051
1 715581873 -924334010
0 -138492626 880731682
1 -892728921 773097036
0 -270168474 -208972614
1 257423030 -3130517
1 764617540 -622886243
0 -793463783 393931353
1 746092500 -883138224
1 -930796767 -165363719
1 -987941667 384208447
0 -103502353 152715241
0 337738122 659430489
0 681634468 -803645427
1 -708929281 -536597779
0 -946625883 -428743114
1 501273764 -23037710
1 36611791 313158271
0 -788159791 987472173
0 -447303699 -8335854
0 378742605 716888246
0 696620629 636101150
0 -594091068 -764161136
1 10860246 -306402011
0 -960555247 -737232178
1 194626432 -998049554
1 -337384666 818742557
1 -874806603 -553158398
0 417187704 -965352083
1 239455452 -525161766
1 489275013 907756161
1 -302614819 -318388170
1 839606744 437596353
0 -864152506 302994514
0 -692372442 638418050
1 -195873100 -990588466
0 -505886905 -292253661
1 315893203 -51869089
0 663644481 925110789
0 -232601927 -934826070
1 -332305000 34561265
1 -922517315 -987751758
0 769450596 833251836
0 -112259743 569468364
0 -359134006 176764639
0 -500760007 -19092476
1 -916443168 -893201173
1 964881773 15208098
1 -309370773 -904207240
0 -941621129 -11236817
0 915035466 506316799
0 894757378 657838515
1 -892518269 -530753030
1 942114026 -979191048
0 -707056621 -876464133
0 963007544 714095922
1 985545537 -930186577
0 527915243 401126887
0 -625245720 452876425
0 602293095 836870646
0 724743246 -225117267
0 236020263 -67482239
0 746731762 -486555633
0 -286044778 -484669260
0 -86010607 -997595237
0 246979622 -593433860
0 157544035 -958636705
0 557557406 -831649893
0 -411469539 110618282
1 -978182192 9194438
1 496832374 371836414
1 -963304655 215730284
1 585289417 147116291
1 984333377 -768920203
1 299490781 960108146
1 525485150 673809867
0 -232591376 -836019104
0 80490852 911454091
0 -37622290 -145028527
0 -157550583 125445572
1 85197789 -222786584
0 -803891307 -584808156
0 -970103700 772256930
0 132866074 -78958447
0 15025057 297502239
0 993903998 -961127339
1 601289947 -967602803
0 228041081 -705077002
1 -694477231 -685720456
1 -279287238 239117401
1 664210082 -883918822
0 -478354235 208643388
0 -829054233 -293660218
0 -933545788 571752570
0 891968888 828938967
0 872474946 41520156
1 507409265 -904962886
0 687016541 -917809950
0 223648494 -972011837
0 695310912 -893038236
1 228866802 752196026
0 781554989 86297084
0 -681653569 -514693686
0 -628912821 -444583687
0 -574079236 25962230
1 277981564 306071889
1 194370993 -185981980
0 -721753952 -535646249
0 -976738093 -265118222
0 -139659583 31494024
0 -667633796 -101241031
1 -722069557 -359620154
1 -880928107 -828260440
1 -358961787 275734460
0 -612501330 46094084
1 121312787 216030627
0 -581849455 744323895
0 -990966025 -548704448
1 -647386668 -921521364
0 982090486 -650088496
0 920115791 -631566240
1 -689646406 -966794270
1 132116336 28752474
0 -949346684 -349079604
0 57656784 465879896
1 -290500905 683667358
1 447178781 -539430900
0 714417736 874186937
0 -37808757 -681450251
1 -919639804 874022311
1 -563086079 338616507
1 -125469747 -813048600
0 -44947607 -608296941
0 -9284879 479914866
0 139118030 -762459725
1 882300754 940588825
1 -913000057 -958722152
1 928474692 -326158245
0 -216080993 611493569
1 477768711 477585292
0 -617577412 -953594301
0 -785968718 -830636370
1 210048562 -303160956
1 -553478235 305656897
1 -410737846 788097553
0 -905748973 458646335
0 -926499996 -818455790
1 -755644676 -777266931
1 -595547346 215703137
1 -477558765 716704148
1 -542316276 -409156555
1 -138295149 852897075
1 -5349020 306384198
0 -163672208 -340119364
0 263247201 -831414308
1 -766339184 453995457
1 272863088 16888323
0 -210420223 -857373194
1 -657372696 465946110
0 346365536 -707486979
1 -437741392 773915981
0 144816131 -936431573
1 -977057186 729440877
0 -612802818 634847420
0 392863077 -191672012
0 313519906 -145466118
1 -861942037 -411018761
0 -440172331 578558215
1 -39572643 453011830
1 671189119 -575330067
0 -427192330 -818248084
1 -876769374 -90690419
0 463073766 290536744
0 -503508908 901728655
0 -822517490 -750102576
0 -482970509 332862881
1 830898775 -144631001
0 953619352 330993588
1 251245899 8798850
1 -164516782 468757460
0 -162878967 507482229
1 -34010310 644915449
1 679265251 -637463551
1 607144086 -101859065
1 -744198716 -246190733
1 -906535722 297917239
0 -730596729 659983735
0 -417514283 863605409
0 -241242021 809411358
1 287178963 -212870734
1 743744090 -89309738
0 -843043241 -355689996
0 754558035 -609326540
1 -836781640 130010039
1 -138529727 443105705
1 -418984414 -983319351
1 425472366 -184087871
0 438304 -239889980
0 -473968864 -149043017
1 -938789075 -150072154
1 -990920580 -208045366
0 485551869 225656273
0 -809519315 -306762008
1 -962456240 -964299655
0 277360448 -950859020
0 658758541 -876233758
0 -522591734 530296992
1 669746105 -738768879
1 -840829321 185475578
1 706851824 613617331
1 -47314987 778203247
0 993786592 -617814983
1 800017774 94399003
1 274128097 939118365
1 -856912319 504535623
1 257087228 127186250
1 697578413 102014787
0 -895510424 841745784
0 -694499043 -174069434
1 -297743521 -998431718
0 -813036052 -877298449
0 441382322 -631330026
0 -940546186 130550630
1 723911328 117199833
1 -807895890 -895796075
0 -692148736 375470384
1 -485950965 917880099
0 -919189411 653358253
1 408646959 -491440648
1 -819676223 -807967749
1 -913123406 -674250499
0 -57609371 209756320
0 -968235176 184328416
1 -188747853 -43858129
1 241565110 648812867
1 788234972 -686413750
0 -889372316 -986017548
0 -43660467 120538441
1 29175581 902759128
1 886643705 -720685170
0 338093699 505857213
0 -916185336 469515692
1 -396216472 532627173
1 972956678 -268110310
1 -924294562 991909246
1 -102720250 878620332
0 518637952 1229536
0 -865595061 -713094974
0 717094655 -172269467
0 14330352 -241004781
0 -978891650 131390191
1 -713461848 825604157
1 -264178143 884995475
0 -471165487 765718763
0 -398151813 -914638301
1 -929801500 -319007544
1 -762892887 -798027838
0 -540333249 331498234
0 145242999 666543801
0 713031799 -683625903
0 178342673 -142076008
0 809912126 -994898990
1 919171838 26271037
1 -886306909 -832552702
1 -106969553 -665074870
0 702423850 903039333
0 -750239922 -835052546
1 -444867499 867005014
0 -251767151 439554082
0 918295064 -516683866
0 268745586 -400396392
1 -842578685 -315410007
0 429305437 -876621203
1 -330345677 21726161
0 546432334 364729622
0 -622610678 -955338170
0 -546581859 -506463238
0 921727758 97890482
0 -931666169 246641632
0 21219031 329747665
1 -453229528 201038333
1 772031221 -959518503
0 -132376190 -921646252
1 -268736485 -816016679
0 377579987 -971304566
1 -21511874 -934033887
0 261358918 69144595
1 -472677903 -502624879
0 -370571921 -636565575
1 -955060782 -150177515
1 538663766 -141099133
1 703533227 708364091
1 -128227143 816619537
0 842252485 -4294941
0 -381265369 29712100
1 -739614781 -525731823
0 -519744616 -990184938
1 -967384525 -856847261
0 -697231817 -302839058
0 677234161 -889020193
1 -888444560 -659357892
1 -951401626 -512552949
0 152050441 295791440
0 626140575 315439645
0 585479615 -536424270
1 -873171680 -48579508
1 -817285490 312436939
0 536994964 -137915696
1 685062171 507753568
0 248349152 -121916789
0 456553091 -497509583
0 -555712155 532310934
0 332203790 707115508
1 -640090593 799081427
1 -739566612 37730836
0 -855443266 -500228489
1 944257315 -977636977
0 -38153025 -368438280
1 -363964481 -773418730
0 858547978 686349540
1 292074859 -444117404
1 1269841 948477219
0 -878590737 -986219016
0 -713671488 391521465
1 10718977 -395630086
1 748951805 -266406654
0 -4766332 -448088909
1 82826748 510000851
1 822368420 -896738537
1 -790508938 960595468
1 -169297735 691908696
0 774370953 722622804
1 -7957723 260740189
0 445847123 8669189
1 -408435308 797602052
0 -934102901 323051352
1 -348780419 790196796
1 -318850751 -60171019
0 260612913 741008231
1 420163182 125985311
0 -790569652 -921942239
1 -185335366 306231241
1 2000729 832015203
0 -921712606 -27335404
1 888215982 -98433203
0 130296673 334213404
0 -332291003 927963354
1 -202026554 -498197784
0 -914628672 103098888
1 -585379422 -103857142
0 -553085624 -593335141
0 547570047 -380608675
0 -771614368 -365891279
1 -609742336 -338151947
1 -793404819 -612913777
0 800259426 558441576
0 -22631464 -893044758
1 -988579255 -107675928
1 648034515 -810737609
1 -124271477 167733464
1 808999168 882358881
1 -110696754 605133119
0 -207476592 967567650
0 -67601298 -855132813
1 -657017359 484286305
0 424745985 -950642104
0 919545940 540335597
1 -49664283 657187717
0 -598723484 185870901
1 493511287 -61256274
0 400265282 434128330
1 101556584 971627085
0 -684716967 -968415682
1 534722298 568386681
1 -55177981 212654887
1 -584108547 561645813
0 522604809 987563537
1 -123286194 -695236967
1 -884449061 -324883825
0 589005361 337786571
0 40103610 274918334
1 -672750150 677831372
0 807627606 444906175
0 -657180830 185666957
0 -881799892 -915659050
1 820585036 -50844518
0 -882661270 533525705
1 918082806 178358142
0 20382798 118856790
0 261165213 624716167
1 296450430 -616529729
1 449650941 -866970833
1 -605168133 -797893630
0 515368646 857676108
0 -518994582 384627637
1 -467949898 -965029423
0 773956996 -621679186
0 164603562 63077908
1 -234700994 -127150324
1 285902625 -937563741
1 -484519384 -905845992
1 34766247 246452828
1 663952763 -975267771
0 -779722479 -697057822
0 -670405273 -749913473
0 40362067 -13922529
1 138591620 685313355
0 -559886356 -189291331
1 -220202538 291623753
1 417769486 -751202877
0 57039001 -701241122
0 841689443 -972399824
1 -84961355 368164205
0 298684935 -41915964
0 831852881 -342780351
1 754205641 99400549
1 210256333 810648201
0 744734755 -367587307
1 -985080912 -318583988
1 697084044 -992804119
0 561830 822358442
1 411317279 572887061
1 -364091199 720729531
0 -926934579 -671700276
1 -642921085 -435681124
1 773754476 473791860
0 -885811128 691438751
0 -322384539 -282524997
1 727058079 735616256
0 841703495 -151880049
0 634232094 822644329
1 353311210 302324193
0 -72099875 859659787
1 126664412 -912167052
1 647612610 109040356
0 19658770 544178875
0 -150908918 -614920729
0 -360034134 -838751244
1 870517897 -984403516
0 121957520 854608447
0 -739316478 322250268
0 -300354459 -843765175
1 955572539 -633393304
1 -452301827 -705158482
1 -993521429 -287553660
0 -290288182 -922699424
0 -86220448 -411221500
0 -785386604 -9280613
1 -941928001 -319322421
0 -570699174 -991097656
0 42669628 256235503
1 -156619093 -748546253
0 -323356384 -700741962
0 -198642050 -380914019
1 -911651251 -496121697
1 -831260949 833783392
0 -193907544 -492435432
0 915281484 163337550
1 242862235 175011796
1 -617678090 -994521270
0 -294384630 -82161968
1 -979164939 210685373
0 453956767 399725499
1 818495651 340517789
0 -943240508 620132153
0 -768822931 -462338248
1 294904105 59025667
0 -994479205 -655252636
1 82406775 166120548
0 785481467 50636272
1 626961246 382219192
0 206382031 -143802941
1 -173824166 -981433003
0 -948823286 678648477
0 -206702870 699734896
1 -993386610 -637551288
0 587925675 921282577
0 884691015 212371584
1 -902570858 -744996933
1 -296386251 -936493312
0 -609994042 310109140
0 -792000043 -916976544
0 -915970937 315034233
1 -874034304 -221253745
0 232973586 542001558
0 -761608381 -326161034
1 902707893 -939149123
0 614822756 25023412
0 -327196531 -831912050
1 950742859 2654159
0 -952841531 715983681
1 759220211 -928052187
0 -901716829 512676418
0 -288296463 375630937
1 -885672935 602744722
0 514490943 931669540
0 667139550 -868119216
1 -154611545 770532017
0 445598803 -322084254
0 -95204823 -130142847
0 -599182153 328071693
1 -955528442 201113674
1 754689068 34698152
1 -965771193 -905532352
1 66434684 -904469370
1 324288237 -945850515
1 634215349 -854965536
0 574433938 303077658
0 259671188 183716754
1 11205364 -307008942
0 -783190168 -497740945
0 -651561963 -219604550
1 -824316358 -864086346
0 -898980157 891586959
1 860895995 -799007696
0 -878943193 26086168
0 353791250 -86386339
0 -693224677 -117410988
1 412623905 296626108
0 244043085 -601276292
1 541293768 745998261
0 -907259709 590348046
0 -837801012 -644393496
0 14786658 899834498
1 -913772187 -880974082
1 424916689 907933294
1 169830628 371140351
0 79842445 313826556
0 -279224458 -63455235
1 787653569 -772062595
1 346146315 135039506
1 -339937817 336557750
0 962415755 -504999874
0 -458649645 -445397059
0 -257451359 -310815927
1 839894890 -445615532
0 635116032 -562556400
1 531443877 -914419118
0 733012777 -841401597
0 -920500212 -830639098
0 114966569 584401610
0 -480096553 -508520266
1 286167274 995498985
1 -725421679 -367657320
1 710996646 -668152045
0 -255672448 -622578445
1 -351177000 40413401
0 -661181196 -879446828
1 -23299171 775353987
1 458113259 157551789
0 -868247561 -106119271
0 264057994 -748048697
0 -162456488 -561522830
1 -165236933 -886638809
0 533992120 -411978744
1 98609440 -934477004
1 961834366 341990669
0 824092339 -199081988
0 738888378 -500653649
0 6787653 -674611977
0 71980820 -289593293
0 -981316061 -293858761
1 353892243 -980186783
0 -880543947 -970701149
0 -676496437 803566581
0 266543865 -372199491
0 326111388 588444926
0 -873336346 749581262
1 662719877 -694162731
0 535075901 236714340
1 -706439455 -292906192
1 352642433 -702949700
0 287497696 577681971
1 258119741 977690363
0 358599248 825095224
1 -142237000 -103135552
0 -499077692 -283859249
0 150981778 -988929801
1 439292569 218247815
1 -97621629 315679652
1 -914725356 500621466
0 705692540 616396253
0 4546033 -538695645
0 -926685258 282958572
1 -898486176 319045675
1 30650948 -418667450
1 -550620310 -899798584
1 705703448 -980418584
1 540829223 -916743330
1 607507145 182501940
1 -151287661 -529088165
0 101799794 682146758
1 -928103988 -686001471
0 -612325315 839087050
0 -53119536 -853954213
1 -123614275 -257516490
1 198302545 -287968055
1 -479238871 -864243386
1 256842967 530589119
1 -138578312 -673076043
0 141246885 -611044798
1 457542754 -787143223
1 359855337 413945292
1 -232826272 63420433
0 711355700 830976013
0 -15703578 612270748
0 -765769054 688363371
1 -656209583 294439340
1 -822769722 -976155968
1 780322023 482228205
0 387273379 -858731237
0 -636108152 162702806
0 -782895843 170588442
1 769734579 339282864
0 -806206033 -462899272
1 955212510 167420601
1 -351475868 803364393
1 -972489299 906084753
1 703618760 -952934908
0 371426218 272001891
0 465539286 -302759177
0 186001147 888383302
0 -411174205 642439095
0 975149590 96027212
1 228979873 -622251851
1 -449197387 486434967
0 546840839 298538189
1 933557734 -354411362
1 269472365 222988469
0 -663902979 968942567
1 -945005786 546961807
0 227242721 -121421839
0 -516107643 645230590
1 -376653131 -431078115
1 604509292 -669197286
1 953981664 -823873862
1 -983559353 -906699450
0 -694238607 -974031517
0 369594179 696659212
1 -146133604 698091761
1 548106128 -484634331
1 982759341 279122215
1 973776848 -741352369
1 903435584 910068710
0 -410961375 151377691
1 352172152 -231965449
0 -932075085 708068821
1 410777507 -399968359
1 -446872970 -713735639
1 -720557956 33223035
1 246828244 -387939087
1 -209209944 806321179
0 124957516 -604545693
1 -160569243 329646913
1 -11428959 -11856817
1 -526346633 -5758657
1 -125030992 -882167097
0 742296098 -969771952
1 -944642167 -591708963
1 -112252 63397496
1 -576893955 830457117
1 -344787694 797920764
1 386662031 1204539
1 165685550 -709808492
0 85046243 627852352
1 200769083 298274774
0 767900914 -829146417
1 362873 -970629243
0 -889403953 -344031357
1 -459071525 815990855
1 179065422 74157824
1 -821855871 441058751
0 956571469 848537738
1 -293981477 289414033
0 -77875072 442760495
0 -154388433 -212738516
0 -430837677 -713328699
0 969552329 -686942762
1 266749070 132102906
1 384555370 986065546
0 -436311032 -927247885
0 448578417 148226423
0 -430373980 -280856352
0 988907785 -898731539
0 974194029 63929038
1 689838690 282175303
1 940384610 301047609
1 561402052 941091521
1 76111180 -380636503
1 798123534 506392931
1 829975535 674533521
1 868136678 -858357909
0 68831240 -961941603
0 205063359 -399407263
0 -148701861 -882286199
1 276657173 288231520
1 137532309 -698546602
0 -833608104 -905267025
1 -640943632 -616168771
1 -680006960 -589695407
1 461041877 -432979792
0 -21928613 -101006822
1 -257751387 989203765
0 -952263799 590914117
0 -743969778 -785313765
0 604139425 -159808459
1 -734723285 4805786
0 415939869 30728193
0 -88589622 297048292
1 -887732177 394742034
0 548705164 -983134200
1 -420460369 -951771454
1 -712709775 -255867470
0 -933913675 -266186859
0 -190870657 113475008
1 633100931 703946176
1 301639195 131640754
0 149759018 -28961705
0 -997853172 -208704816
1 911559872 138447877
1 -408873339 999584682
0 491102057 615008026
0 576886353 -611463278
0 -828907211 -562912917
0 -180121240 -446247356
0 -968994612 72579996
1 -692509197 28081915
1 -924799773 -33673491
1 47587583 390530299
1 536354629 830351521
0 313487386 177142420
1 5695367 764637987
0 601154902 -500244940
0 888610343 277043856
0 -413089022 -994276652
0 -803892434 802641604
0 -471288219 800293934
1 -326058890 -96839522
0 834341376 645041505
0 -107400035 -886248862
1 -293796372 -463921916
1 837533026 -215879523
1 -472798006 507254278
1 987952852 769480238
1 -765847164 288907465
0 268238258 126000466
1 -211081901 343946920
0 431212635 -697412125
0 967127066 -987274528
0 60221851 -929085293
1 -47515653 -601371446
0 976661727 -352649891
0 -948947600 -275613619
1 -852108907 410094719
0 -998436250 -730706893
1 699899768 62050238
0 594074087 -788334301
0 -357794624 -400286544
0 -317629974 29063699
0 -251437669 279696291
1 -698736161 -919537592
0 726801309 -981003736
0 351069882 -180693581
0 699391436 260940764
1 -471164698 325235393
1 -695496900 -304049580
1 -325917747 -214424863
0 -879772546 -197177342
1 28449382 721931842
0 923273785 474344595
1 -297922685 257062798
1 560343977 236041948
0 39952244 109915553
0 985242080 -924548157
0 -488666745 -352694635
1 -575055026 440982052
0 -322646677 -734272697
0 -148878078 514773200
0 -417449951 682175367
1 310531484 551737155
0 -404312898 436450749
0 459271245 979656559
1 774364635 811025236
1 -416992315 -457900022
1 705103386 570105836
1 -975229795 251643643
1 -767913386 796848940
0 -581191553 -233422335
1 -756043420 -53827047
0 -126165803 -148341759
1 -135461775 225765549
1 908182010 -794179876
1 371482508 -208658648
1 -468338332 259981147
0 -10201313 -411866631
0 -390192042 -422584584
0 -800327135 -122256193
0 -724341019 -234487909
0 -129902341 -194763518
0 -277389365 -880276863
1 113350446 804428807
1 239501759 -519449024
0 -481672960 -539574689
1 -708404975 195084243
1 -176315361 -161433730
1 700161874 -21686537
0 -312024643 345358915
1 853442794 -535605073
1 -446809797 -875310356
0 -383362888 325330597
0 -217604743 -934148684
1 -639604851 791874585
1 862498414 -971860324
1 135301234 -763819411
0 462931804 144065860
0 184043115 584302609
0 -38324829 -63052317
1 395662066 308076896
1 159769704 900811318
0 -219720303 677550439
0 -822816067 -496044648
1 -157561301 319575536
1 -940006450 -768693298
1 -982325246 -310567701
0 -890290487 -307329306
0 -988068554 186537433
1 -465798534 -812203213
1 -986087341 -448371641
0 912828743 -529173002
1 -873108194 -610441326
1 -90493762 228020403
0 863198522 838542723
1 108111170 188109302
0 261288552 707931140
1 745155722 -770856804
1 -859315892 -304586210
1 608366851 253852248
1 419180653 152017071
0 -258975467 -330641671
0 -419472491 -416930545
1 -545375776 -786133853
0 25849178 -432063047
0 -953642993 -492531167
0 57417551 438647441
1 -812096746 -559470541
1 -652244256 645734552
1 856933679 116096350
1 -411202518 -829780763
0 -171870355 -905557457
1 612099755 687187676
1 792018270 899465551
1 838498880 -216416278
1 -532994909 949971376
0 673408998 -360465018
0 -217726587 -870838768
0 591108963 -979848430
0 -914622995 614465496
1 699509011 -166626020
0 291044448 360926088
1 -386147084 419908577
1 453115000 -435759101
1 -979113802 -296690639
1 -605916642 -459368833
0 -868282644 -139627976
1 -50534081 192415566
0 910131894 862287220
1 -691217202 40580226
0 809983679 -701334761
0 587849187 -232614572
0 -724402040 -869294044
1 -337313037 886161346
1 572578813 -843253810
0 -867938054 -670035611
1 762347569 847608871
1 -541292172 484202746
1 471018919 32078496
1 247253278 -100926593
0 862887599 -431803374
1 207428701 -173167067
0 105877302 114877889
1 865472361 -725585930
1 528626185 -455913517
0 -488620626 319338097
1 340896595 -70863635
0 -568244905 -916292745
1 855310271 181513806
0 598446207 377565771
0 887907167 556341332
1 -259976589 -963303245
0 592736253 -619633976
1 -114405177 176618558
1 721942948 743209258
0 -646389877 -29805230
1 652627963 -233009747
1 -986347509 -174898248
1 433280543 -428639060
0 574320236 799954223
1 -854996334 -843809821
1 137130575 -643572417
1 -523002658 -208846311
1 -920018167 320155931
0 960363959 -189849609
0 -25946778 302832924
0 -314552387 -601144579
0 -818918757 -810138384
1 -894963638 911882647
0 646644057 -854546540
1 424863157 457852855
1 471143225 -748602286
0 -529673580 103663977
0 -461578780 851418243
0 -515482032 920641487
0 -998263273 -243137287
1 157408647 20589597
0 -37801441 695823811
0 691972970 118283725
1 312767922 -500251364
1 246561266 -327961897
1 662037970 -597900774
0 -754312783 -570222194
0 541243732 -597997657
1 -949945733 -931773153
0 -327492739 -271890520
1 -842484274 -858965075
1 -942783889 537048100
1 488785967 -809961335
0 -27107811 310991087
0 -762780107 920616978
0 215377499 972439026
0 -994992146 268263756
0 828632721 -793945449
1 -877868417 -984538388
0 -436871154 242516071
1 823690041 450059644
1 514023541 -676490743
0 -933306852 -816726434
1 -550681533 536506287
1 474911087 254757942
0 816704061 453000269
0 669816365 431004053
1 190066521 -845574936
0 830346507 522676222
0 64377599 -713438523
1 647475223 744401933
0 905331215 761107269
0 781620017 -617933157
0 720232029 -879007170
1 778919306 -264735530
0 -588975901 -991016068
1 -868150184 -707295605
1 -682478698 7500286
0 798617355 -858753920
1 284003128 -536489810
0 -654900550 -863437085
0 -651009832 224937124
0 397387740 -497941043
0 83244238 -432750872
0 -899178564 735074977
0 -252330267 64219932
1 542895766 -802094322
0 -946200924 -362022081
0 604211456 385135554
1 234138346 -991839574
0 702372028 -929749570
1 185613909 -573664145
0 214046935 -285530768
1 947572097 742826754
1 903759106 135765761
1 4162866 863582365
0 -543199096 482663287
1 -524911199 419422434
1 698316560 171886239
1 -173466526 -886336428
0 -905741852 692937934
1 935662703 -46556095
1 -924300618 -11056381
1 625032142 -189335552
1 56814662 615784175
1 -180861877 -304406242
1 505482254 850916550
0 919097217 -57225540
1 311375963 -585134942
0 -912452483 -901590051
0 335537834 -444627720
1 991727703 -670567071
1 949858637 -910909562
1 149789968 891033948
1 593637742 -33576759
1 -711591024 -21667940
1 -790776082 836076656
1 -796654243 -141698128
0 -99685840 83923822
0 -526534365 241844333
0 -114309768 170775042
0 -22741481 125590702
1 -3252907 794717289
0 -532232428 -474380732
1 626294409 -884921863
0 -212248177 539541908
0 86416275 -995152315
0 833915195 75649996
1 451327029 -737709471
1 125253163 -152071813
1 600221718 -323073336
1 -570216545 -897467323
1 35962727 -33632424
0 961326503 632241499
1 -413258092 -17928731
1 -701676564 -445932137
1 913230501 781055714
1 -2023104 -969929121
0 589290856 -656915244
1 -911718820 -249451301
0 669784878 -557122133
0 153826587 -634189256
0 503267319 -586275612
0 -768004350 -994008282
0 699585582 -984637763
0 -464355447 983946617
0 -163093452 49912145
0 -136620459 -251472062
0 -59628258 232364671
0 874106184 -514761782
0 -381278535 -339336313
0 732604591 719821120
1 -76888238 405309572
1 220096502 -533986381
0 -637344056 895206687
0 444684699 521021888
1 -631769862 -259754628
0 -437068961 908521943
0 987521983 769520995
1 -482722097 -550262801
0 920681305 -29978471
1 -779987672 650190136
0 320147097 -400196022
0 -442253427 -954470878
1 251939700 -615478514
0 142588185 -615274978
0 705317687 -378606334
0 -952283743 -195573649
1 255173999 979458784
1 100089645 950668114
0 -777832071 -13873472
1 359487555 -80243997
1 406532665 -31126639
0 211223962 -810239148
1 89785728 840647192
0 456346625 786640728
1 -302918699 -264793633
0 119158699 -814376004
1 -841374040 -263206415
0 959047545 -876005899
0 -601914194 330143694
0 -982413014 -865711480
0 471588711 -184113029
0 119672308 -915927801
0 -780374198 -572151652
1 -888448811 743956108
0 540215183 -316835431
1 -326143001 -708007342
1 -690175802 929919677
1 879517699 -36481041
0 808478658 890949170
1 311215135 541479274
0 -952709054 -836692426
0 -173565849 -21082992
0 -899490895 266810670
0 338956765 -440490044
1 -492016489 -435806756
1 -694463430 -148244181
1 -739494198 831612717
1 -71565983 -952876823
1 -875073359 38568503
0 939333263 970325276
1 336136304 980810950
1 8757753 235139032
1 903807179 -854285001
0 938228863 -23353013
1 -345160012 -509403666
1 -517453109 886425204
1 -264201590 -408577051
1 956344329 948760692
1 636420366 969824085
0 -740297390 -150275522
1 -837270568 116024821
0 -178119185 -988489441
0 -771320361 617914932
0 -996630836 -864320583
1 -278255442 225460778
1 -96334090 -745447044
0 566949543 -78038251
0 -63923443 -621920728
1 -858028756 881873442
1 -101316139 794347607
0 944751820 -171181263
1 797426768 -218306594
