2000
-901099292 -320428674 -283111025
-835321935 -856191047 -958922827
-640125063 111939765 -656146991
825543403 -914308892 -874804097
-857155289 407908115 459903943
-968158151 -292377627 -166418911
666436707 438398118 -709470615
-103917182 277038724 763773297
229901248 655651361 -93286207
-471852689 -859553918 333889266
-53610387 -14192502 -869389128
-179574093 -318014839 270713735
651371986 -967573034 703730644
-421708491 533767709 -310086741
-702665737 551206716 185672940
621332991 695483634 500738796
-871108658 277190548 648095945
-176268153 -33761485 -985037091
329171002 -890580962 -362783669
-452817286 -318322078 937644428
246785017 953946389 504513801
744533734 -886803386 -743992141
23878805 785516625 -351723338
-284336155 -361235096 -203492980
-861170099 -904632373 533171321
534795337 -129988372 -659601537
651584767 319017304 -352478435
121141281 124436880 -26745964
316129629 -568287732 652586984
704494184 -857041556 840268241
442964923 -146005467 -926315021
789262730 706586129 545052315
-929512354 -865480295 168393432
903727381 225346269 690920847
897625092 -127125805 -450812542
-835421960 57588255 997903811
263212280 -330281491 -436530588
-391949517 -119008140 493368704
-107675851 -997796109 860917173
-757826142 -989587005 726573981
13260790 -584625472 197518339
185312590 -421673498 713010474
-176932843 668029702 -688096630
322839233 -151821923 -515193273
677888823 -429577617 -939393963
-413521083 781518772 -752710139
-695989847 683917597 -385636585
-230739921 -731688673 -988036153
-769968310 507801851 -22680686
277588781 943493328 -967861082
-297193296 143392417 -109793285
-514834482 -662129156 759619740
-518461818 239438326 -621552958
186154621 -67979751 -36835586
-165602239 -761124805 -995786981
782829808 626527773 729466033
-562730865 15224832 -884275565
-293024212 961291533 978249077
-31311944 890278034 818020669
400631079 592535516 -632417322
-433634312 835132322 -475588531
867415445 -908247893 -999578578
-988886878 -730475849 -144265684
14483401 894563700 -335862779
499461807 -443331158 753019103
901189644 -388271128 -111410741
-909077964 -549030071 261033935
-678978690 -164974675 226692609
706293354 297484154 -133371420
491799276 668920953 -773266458
742777496 -703678795 655102677
210064159 -247511908 532345316
851747427 -610540833 554568569
-992301954 -366391544 -966764752
386420874 582836971 -863995117
-568488087 -743401441 378470988
-197592853 12339159 343873753
666274675 -931612653 702245076
574952428 769484826 -5170101
445884974 -627446262 360389612
535883923 307650615 704564758
-677116329 512842343 -885934695
-789472716 -794191627 992150604
-896566862 -396409369 -469514255
656028313 -283697484 -703543630
-743276465 -929086525 29659932
111306797 -382298188 -442614189
723978996 -277591808 -880536868
425389239 -538218047 -235235276
-932405819 -898473680 581353896
-686584711 -970455105 -552825177
-982328944 752380217 -41733935
-503249730 -542308806 -578778442
866854666 808694972 -917508966
-441883520 607892767 -765575660
922371016 -563965879 426487234
-577878460 828293400 -783992560
-726116008 -442347892 148666248
643370371 531744974 -563375799
201650809 317992742 -890889935
-227754066 -971371888 -674188111
7131808 49746648 -883086359
112603283 -927114294 -22318195
-921359915 -399472734 -358802530
882911603 -254170992 361471446
493203120 72560976 184639194
657976227 -925586590 106805312
-729308851 459378622 976052942
135562895 425383705 -836395759
-486259329 -951980566 -712491585
-988174864 -971747479 -154174583
-304557341 -71812129 -334749139
242646586 -136194460 843671848
229935932 129091776 44448583
-413893160 -630706512 -442001184
-339112733 -25617474 -220018308
148864394 799885446 -465920299
735452455 -932790249 -958387315
674216290 -402201884 -931296142
735203430 -637425229 -445154629
-967931099 -328555063 759903228
-362030539 -843142890 -280393846
30446659 467568012 805428800
-900950820 382669427 473600825
-473470293 -863448542 -301313471
518679303 632518504 -153674257
-727375839 997328394 523546662
228556561 846783255 840382929
-765158931 661424219 -868562300
178107751 546996726 -721146722
-905039104 -965754091 -214373392
-995607525 668203747 609009510
-342558203 -30453216 955233184
-692953122 -34723619 -996042322
709287649 -856999029 -536236576
-84345982 -152071296 -723044892
-534406796 -835739921 166231203
-840230443 -835957002 -936889644
-2354532 -678350792 -915907431
-989025413 264140179 -818230955
-278846565 -283824475 689513975
319180865 -879728694 979240362
-566643915 -805473070 -417225439
43456853 59050741 752563253
-657939568 -985646436 -421849222
447405043 415588578 -906583463
-630436078 -431162160 818473567
6033361 -896767105 574138636
-972771791 584847787 585344828
-863901564 -309593110 388175067
-155084577 -775176478 -654358580
701264820 330311819 863989097
-148356051 -796986808 -893451656
-138362218 -360653141 -923486833
381009709 696181652 541979935
-897750254 112179062 246844585
552525173 -95101394 -990888874
-991292330 -897925016 758690709
-408409301 -994548008 253228752
972168715 -294293730 -546186256
-972311349 -938596110 506107345
31289788 -678022851 96867301
-539833451 -979625707 551318246
-937144090 -559582533 432234575
-416079991 -168361566 -315194699
788130288 -729350210 -127362796
944580980 -924017770 -399820040
-522695107 -991085136 -900033052
-87244059 -48827322 -35389813
-215092585 637738465 888582967
999674934 -810589988 -957053659
250110257 867283679 -688307929
654392115 793830034 481108072
328820377 -852343539 -907287960
-351222746 755721577 -897472396
303445239 787803157 831254551
-907648403 467417888 -799293045
-986172507 -169858504 926304690
529709618 -573627875 -612406996
714721121 -926474645 53927420
186487186 954167278 893492113
525065908 -828478358 -967532016
562089934 43170906 -783348049
-876749954 271553202 -914621034
-811297758 758626916 -703141950
-870223215 -196432541 691689770
-883348638 210659216 -835144933
-676393162 788977693 -896736390
43463719 -233401311 -713978980
-603871534 -128367203 -934618979
-819083889 969036900 -833129330
-817718807 -309312632 207150135
927636373 401159657 393956696
913416247 693092531 -90433947
-945692463 732314762 936818119
-260127623 -289886283 -908698218
-681058410 144077996 343511779
-836954527 154883299 -36609541
-947079938 -260073165 -691330738
-280722517 -884595797 556231167
-234790555 -402102757 894479977
-852855245 -955643711 312908407
135059262 922283205 818483868
20899166 884867255 -67743668
212033348 -317934903 877757878
342360568 30643068 629946243
-557646216 68799614 -254693197
181704971 -795699489 -752134422
206771820 -876204665 -520068082
-862972867 -797749690 -843905371
811801246 -891452751 -198489526
33364581 986392265 553544649
-225516390 -911228184 198372114
-129075679 -978585437 -75800064
-196625441 733183604 -992279951
-531888481 552088010 326740379
882587419 310674307 -404994322
64439854 -240188265 581709193
-232673513 204250326 955443155
-138264375 -781256196 551301212
145113581 -85291530 -880145305
898237400 -848335208 50609810
-495452223 848270152 -83042969
610563206 27221079 365770326
-861669582 -485898746 -369058732
353911776 -991661210 -371678804
114046291 -950060278 -866573408
722126149 -618481898 -833363760
-815006057 803512394 -889446398
866596353 -801872163 673332094
-628114609 273890633 777669995
-157169351 -377090834 -72931375
-943446346 340952870 75228501
-334215181 366569003 -961045432
688541265 -701448851 903126901
-672640781 450231496 -834141869
-517442005 769318888 374928690
668906454 993766235 -429077519
288465776 -387910069 -751991387
-38246162 -297565660 -641135097
73948430 428337038 477835379
-303848493 -906438047 -99137119
1876961 612717856 69618335
-273620872 -978457534 230426931
782218874 -894600854 -263694851
-715172629 579222472 715392273
36963923 152545026 274802605
782947922 850437602 -830970158
170990010 875567748 -644494530
340097612 -425180892 351710142
187335589 -753640878 684593188
348488447 -19228904 247031631
142618739 -47457647 397017564
-148317313 877675777 -238451975
-683026326 986692509 -321733294
128803489 -380784155 -137356931
59461643 -978369660 674303824
-843539430 670779773 82069053
-396133357 711656506 698470191
384486778 261851145 -437350279
882193035 114941347 -634648363
441233753 919671360 185087606
-305910923 78720907 587360210
975466194 593823552 -805818151
883956477 -892516294 572081373
480453002 -928550784 -689109594
-915799101 -879303199 -19680726
-480821241 702082585 652365587
636826144 -948915139 -471129648
-880704753 386252788 -711938885
120326388 905142827 693415021
471171928 -397718045 -704727980
343665012 -983756785 623241078
-255918787 658331407 251721899
801143074 -561017817 -992422500
501698685 -623643028 90982
-465027642 -756676980 736541863
-89606968 -371400404 193104103
266499047 619405853 335695851
719724609 171391297 -548870391
-22363627 237990442 375492646
921582 465348351 695701805
-903438715 748643671 519951034
618194494 -27687022 -76131849
-979997306 949665207 296313693
456711752 909097708 425954136
743586276 -973304948 -979289402
-880826640 456463589 152077638
-710140302 922867350 -908205682
19037739 -527015776 707634254
848646100 -192585713 159167036
-951962354 391127429 -961884081
87055646 137510778 -352416879
322969742 -316702863 -922826677
-288401795 -543821972 36971659
479009042 895561889 -903258794
969209116 -210276207 -473913908
263455896 -481390494 354169203
-257388471 -409491692 143861223
-305021639 -40762441 394763080
-126220369 -687184261 -814523346
496779059 -615521302 -133156989
-889947700 336348268 -835809170
-493055771 595908378 797598211
117980843 -904044925 390225814
694434936 -740992017 -113665827
547586328 -802667784 -415352586
-721634975 -30962116 -795945678
570614645 -598653707 11799238
892367541 -971076442 -880211215
28533496 435445510 656901509
546215854 -744464878 823609180
881245216 372356541 734265864
353723508 -674386063 -696801224
-770709911 -270568052 707676193
-907446520 -831833261 698782685
551190944 740901639 -274325011
150520837 -352676260 -630721419
-588098616 -761184996 -917562117
-245989174 -979587266 -639799294
321669928 87653790 -896987162
-939952642 -181995229 28167134
-893267641 -113151612 -590236001
-240249294 771272909 -545993515
1515706 965872574 -797517480
-33118027 -856279897 468022385
929673729 -998053605 880881044
-867798096 -726827524 -972324724
435794304 720360726 886295271
-263596910 -703466158 -105000893
-39315463 -171415639 -976470885
837902736 -108310043 277569069
-807197002 -817383783 437700009
153724797 357241488 866352684
867231893 -13948673 -492386698
657463689 -967948742 -141711367
-124924047 489255393 -449353129
714752553 -214719389 -580685048
-829292723 -665317517 144255089
752983438 -192040803 622997103
-901459066 -413407822 -633806913
-804610127 -364562562 971727390
-105232576 161820594 688277436
-505780507 -697475764 767372626
733396071 -526343394 -889784818
956089472 -86069730 -908269872
583855122 896208131 -565037958
225710334 -48279894 -73735216
-824699638 703905935 841850677
-19859551 -896286697 147236258
310994553 -504792794 690959853
581856214 -969921025 -80337541
-25886335 -58187735 -435868509
688463273 -134482580 539170069
52656987 -898300627 669523712
-729053288 878813525 -945901564
710918337 -372943581 604486303
-890284065 -506769789 -894486135
867506443 628660227 288092818
-897786355 -26488555 994897921
-216950036 904201729 -56349586
-939057905 -742608345 -66820936
-928226727 -700563168 93378990
-243088689 554972884 148861591
517990937 -489372532 195692201
411775293 -378329710 187175074
342576789 710059733 317590179
267375622 66383344 984273150
977082304 -282737857 -142983721
633311920 -932808870 607849209
23848055 -665700986 -627820500
352779662 230566203 73745393
-971044515 829142497 809534760
639701554 -813534482 -859550912
-511481191 833689628 233919827
-166501523 -236414462 -310053243
-912859489 552631368 933666566
134498802 640323620 678409640
-283673543 169529287 105091285
-140262299 -7627198 18273590
164451181 480089030 120752598
-624898041 161377532 861790058
-602009150 477147162 36075520
626923347 710161891 -901048346
-879613906 494901985 868717346
-481893785 182994440 -255527940
349491024 -943550524 899692920
931759672 -908264769 557710669
510862541 889465379 -154570047
-908724931 -120794872 348770647
540199205 -943917171 -120578772
27413827 -183375665 136845694
-991298292 444288478 471185986
500591538 -632764487 551161536
159902799 731471159 -228504420
185806564 -992162872 -652291834
-69570572 -3762557 -258827322
-265482904 -122916371 -565247556
53044947 -587342884 -611592646
371142524 210904402 -465154604
0 0 714488885
0 1 -899795076
0 2 -110268907
0 3 214239414
0 4 944028518
0 5 -533413210
0 6 32947439
0 7 -670319023
0 8 -926998985
0 9 -172362241
0 10 933886014
0 11 -204407446
0 12 -637048783
0 13 291202960
0 14 80611209
0 15 950156761
0 16 -361982503
0 17 -670304705
0 18 71154399
0 19 -308932824
0 20 220814934
0 21 181060031
0 22 -689245122
0 23 738940811
0 24 -667737351
0 25 -613001745
0 26 -847611071
0 27 731259496
0 28 120039156
0 29 48427304
0 30 500383914
0 31 459428727
0 32 494582562
0 33 154226929
0 34 -175743913
0 35 -202759815
0 36 -880291599
0 37 862836220
0 38 -293962331
0 39 827081976
1 0 -443618324
1 1 -156073927
1 2 668667079
1 3 506308057
1 4 -173996998
1 5 406135134
1 6 -990850574
1 7 316154920
1 8 -548058786
1 9 -992217917
1 10 106728561
1 11 -791257231
1 12 675469625
1 13 -539491180
1 14 -15890890
1 15 -160408755
1 16 -253132376
1 17 492489203
1 18 -955465186
1 19 -904273561
1 20 -699381978
1 21 -45151446
1 22 906403373
1 23 669713913
1 24 -86079308
1 25 -511353022
1 26 134533289
1 27 -511729378
1 28 -401783786
1 29 283903697
1 30 -108286011
1 31 -975362737
1 32 740064789
1 33 -342888245
1 34 -962288323
1 35 692610541
1 36 311325210
1 37 -934946176
1 38 -60155990
1 39 705464022
2 0 400242346
2 1 74825746
2 2 759113782
2 3 828627516
2 4 -644414489
2 5 712330030
2 6 513063710
2 7 355133970
2 8 -532956484
2 9 -372692157
2 10 361679130
2 11 -23731245
2 12 -842054968
2 13 23254396
2 14 307911368
2 15 -681706932
2 16 -477050384
2 17 -727814503
2 18 -335976182
2 19 -989678684
2 20 -992706634
2 21 747425759
2 22 -767828236
2 23 -407889408
2 24 816123232
2 25 -665252970
2 26 -82669366
2 27 131221406
2 28 827336557
2 29 -906069408
2 30 -301810984
2 31 260399880
2 32 -411293454
2 33 -170183823
2 34 676880411
2 35 -902075384
2 36 -99293888
2 37 127555911
2 38 764752449
2 39 -564608247
3 0 319827079
3 1 446225694
3 2 -480552579
3 3 -217144776
3 4 -523278532
3 5 280556773
3 6 -536991714
3 7 -914215690
3 8 -686964748
3 9 -567973049
3 10 -865686376
3 11 -83193394
3 12 869112105
3 13 -988802575
3 14 282726377
3 15 -499469592
3 16 -605846153
3 17 -23089393
3 18 644512523
3 19 -485493234
3 20 704542797
3 21 -864891097
3 22 142763418
3 23 -726219062
3 24 -881197663
3 25 -815586098
3 26 928230591
3 27 -200819038
3 28 978833988
3 29 321256270
3 30 -159437084
3 31 -866859756
3 32 626584055
3 33 734097345
3 34 -208762611
3 35 526376724
3 36 240116389
3 37 -423171229
3 38 771686438
3 39 840422529
4 0 949166494
4 1 -785345140
4 2 -360721715
4 3 -155267984
4 4 -976234128
4 5 -132355430
4 6 724324980
4 7 783872918
4 8 -851090793
4 9 -823216188
4 10 11976563
4 11 -984203039
4 12 -951700085
4 13 -926620737
4 14 -946958798
4 15 429695768
4 16 -633220268
4 17 287498852
4 18 -709787616
4 19 -207051433
4 20 -541290980
4 21 305360001
4 22 593299678
4 23 -260587891
4 24 199979326
4 25 605924779
4 26 -980750177
4 27 336749548
4 28 626566363
4 29 980703461
4 30 164979417
4 31 -77510415
4 32 703053014
4 33 227668789
4 34 -768261869
4 35 111809366
4 36 -905168945
4 37 181644295
4 38 -813105030
4 39 -542704396
5 0 13004273
5 1 387374704
5 2 582678572
5 3 199278648
5 4 612483168
5 5 164289355
5 6 -394435661
5 7 26370166
5 8 -338447933
5 9 982681607
5 10 769784479
5 11 800561765
5 12 -338711306
5 13 114236666
5 14 71253832
5 15 212596030
5 16 -308982137
5 17 831944737
5 18 -987680615
5 19 -303292909
5 20 499019143
5 21 -493476695
5 22 -90645425
5 23 959194421
5 24 70782356
5 25 352220423
5 26 573596848
5 27 54018424
5 28 -566281138
5 29 -915239771
5 30 -234523788
5 31 -858522628
5 32 981235456
5 33 -538989081
5 34 833187649
5 35 46252613
5 36 -998727985
5 37 16833179
5 38 -31392041
5 39 915001875
6 0 -56629334
6 1 479924621
6 2 300778232
6 3 -640503195
6 4 -655270017
6 5 -103160370
6 6 -989235535
6 7 -533524001
6 8 778208457
6 9 -938530070
6 10 276538619
6 11 -397654217
6 12 -906777225
6 13 -246920638
6 14 574824398
6 15 -280273061
6 16 847408037
6 17 71743000
6 18 436631327
6 19 -853088253
6 20 -845967850
6 21 437791328
6 22 -960369976
6 23 598542273
6 24 127546683
6 25 -109465308
6 26 -318887802
6 27 695101927
6 28 -108089450
6 29 -337522833
6 30 397181669
6 31 385153024
6 32 583757158
6 33 -133664205
6 34 -210659361
6 35 -310685456
6 36 694745265
6 37 277714275
6 38 -223307278
6 39 356387955
7 0 45336815
7 1 -52517446
7 2 453722925
7 3 601415651
7 4 -964482275
7 5 -403216010
7 6 -715246339
7 7 -936002280
7 8 435974382
7 9 418330513
7 10 974865179
7 11 -268870889
7 12 -895269647
7 13 883617574
7 14 344824692
7 15 -764084444
7 16 474827043
7 17 -583254543
7 18 183767329
7 19 699922377
7 20 -756843329
7 21 -809313203
7 22 -448634191
7 23 -924931128
7 24 -43726238
7 25 515813439
7 26 553105092
7 27 -467125754
7 28 -999671195
7 29 -553693060
7 30 702616567
7 31 107767464
7 32 622004154
7 33 -644776690
7 34 582751069
7 35 -687604780
7 36 -987602871
7 37 152897236
7 38 -914852521
7 39 -846805408
8 0 786706182
8 1 -41709904
8 2 289436858
8 3 393789718
8 4 519548915
8 5 368122514
8 6 369493108
8 7 -841453797
8 8 479359309
8 9 -173845466
8 10 78147652
8 11 -655648381
8 12 252917384
8 13 350082520
8 14 -986055278
8 15 -638343996
8 16 955477068
8 17 610435119
8 18 -372936186
8 19 -176008103
8 20 -825139144
8 21 -314736817
8 22 -572374083
8 23 620457924
8 24 242993858
8 25 -900521700
8 26 -891835491
8 27 775446242
8 28 887602332
8 29 -727598449
8 30 -639671944
8 31 943545440
8 32 -541470000
8 33 -436513315
8 34 -585013453
8 35 -737843969
8 36 340442551
8 37 94316552
8 38 389808102
8 39 71452413
9 0 767863374
9 1 521736515
9 2 186240694
9 3 -395161742
9 4 -848749069
9 5 -558319236
9 6 423034676
9 7 -291469565
9 8 575503993
9 9 -794440471
9 10 -19084487
9 11 -988389358
9 12 -908146787
9 13 -188463028
9 14 -544931663
9 15 -31566771
9 16 405939085
9 17 -65253021
9 18 574473827
9 19 -862025795
9 20 448525179
9 21 -329542456
9 22 -897488494
9 23 -355455365
9 24 -186277760
9 25 -326539252
9 26 -972169828
9 27 -870598367
9 28 -101445989
9 29 221070470
9 30 -988952532
9 31 -596491984
9 32 283996068
9 33 278386908
9 34 -436409096
9 35 566757532
9 36 -79525030
9 37 -440491357
9 38 665145387
9 39 -232218384
10 0 -858935956
10 1 -779155298
10 2 -435093943
10 3 -583400945
10 4 797737976
10 5 96300241
10 6 69864044
10 7 -297279735
10 8 -384793792
10 9 337963834
10 10 943856654
10 11 215909905
10 12 -466961027
10 13 545928572
10 14 560541861
10 15 -821003893
10 16 -929995061
10 17 984231784
10 18 -422470427
10 19 252725575
10 20 35047245
10 21 935958772
10 22 257316436
10 23 -90682479
10 24 -596819408
10 25 -238705582
10 26 448503814
10 27 -685924102
10 28 -254187179
10 29 -278735482
10 30 -874568294
10 31 -867217336
10 32 110514668
10 33 21322946
10 34 -228732949
10 35 -268698519
10 36 945557756
10 37 -929238351
10 38 369445556
10 39 -43252202
11 0 129068733
11 1 -646801199
11 2 -923469896
11 3 638392252
11 4 702878016
11 5 764839960
11 6 190997000
11 7 -674568249
11 8 617316559
11 9 -882775287
11 10 660256566
11 11 644566826
11 12 -525012792
11 13 623682469
11 14 819505973
11 15 284768252
11 16 885185997
11 17 534829892
11 18 -965537025
11 19 -846995825
11 20 517602490
11 21 -354625599
11 22 106291269
11 23 585176919
11 24 -988891521
11 25 -550731178
11 26 87892100
11 27 730123910
11 28 -54083265
11 29 354850025
11 30 -677455918
11 31 -938766555
11 32 142841424
11 33 759653267
11 34 777918788
11 35 721481621
11 36 54669725
11 37 -844996163
11 38 773082488
11 39 425512077
12 0 781872381
12 1 -585614459
12 2 445467557
12 3 -279597028
12 4 -915034587
12 5 -598300138
12 6 195434207
12 7 163782724
12 8 -753421998
12 9 553271616
12 10 131377552
12 11 616496446
12 12 -260316080
12 13 -356821034
12 14 604659250
12 15 -732819761
12 16 -137573095
12 17 718123246
12 18 318131720
12 19 623777053
12 20 927324489
12 21 -138688774
12 22 -71038802
12 23 -64057310
12 24 -263235175
12 25 -530257355
12 26 -195924329
12 27 79796782
12 28 433541601
12 29 914719499
12 30 -226999958
12 31 -629249087
12 32 447256531
12 33 16140892
12 34 987330716
12 35 963654599
12 36 620702247
12 37 -630948542
12 38 731465993
12 39 -203217131
13 0 -54377668
13 1 -965821560
13 2 -968579361
13 3 123197470
13 4 912228552
13 5 -460077321
13 6 -472761395
13 7 77222491
13 8 62114057
13 9 -963439190
13 10 -1681622
13 11 -12177793
13 12 -801567230
13 13 -717388542
13 14 949207747
13 15 367468970
13 16 -113087425
13 17 -620526870
13 18 -496172149
13 19 508125423
13 20 -756167218
13 21 -446876181
13 22 -684198858
13 23 827237945
13 24 -546165304
13 25 406665711
13 26 921750713
13 27 -91684849
13 28 -4931259
13 29 -851627991
13 30 -25281694
13 31 -369612746
13 32 493282904
13 33 510038023
13 34 600650664
13 35 -661963404
13 36 992944665
13 37 -257560153
13 38 774645945
13 39 -942087650
14 0 623595843
14 1 -582828716
14 2 -469286920
14 3 -65748389
14 4 325164420
14 5 -125307310
14 6 -234025046
14 7 448265893
14 8 -461722499
14 9 -457540397
14 10 3397873
14 11 -325537308
14 12 -364880651
14 13 319216646
14 14 -228463374
14 15 -961381526
14 16 -999121355
14 17 631473973
14 18 878451198
14 19 -630138876
14 20 -46434598
14 21 -13210763
14 22 -691127909
14 23 -948000745
14 24 -402282102
14 25 238276200
14 26 -600805977
14 27 -891615094
14 28 578024588
14 29 393008013
14 30 329224331
14 31 -687594829
14 32 -315251510
14 33 -427614373
14 34 854520323
14 35 191719750
14 36 -930258800
14 37 -440782809
14 38 -351429608
14 39 132428692
15 0 324263713
15 1 -165685214
15 2 50887113
15 3 -665009304
15 4 -702166899
15 5 280858558
15 6 -305609389
15 7 128459177
15 8 391510319
15 9 -371926898
15 10 693175499
15 11 -443229104
15 12 484649623
15 13 469125496
15 14 -482848705
15 15 -48240488
15 16 -928185265
15 17 -312634389
15 18 642919687
15 19 -345182703
15 20 -984748773
15 21 -869083827
15 22 477913822
15 23 -659495479
15 24 -515852631
15 25 415984646
15 26 397171932
15 27 -526986200
15 28 -795951777
15 29 5431325
15 30 -582909141
15 31 -754680050
15 32 702687829
15 33 -983965915
15 34 -520840691
15 35 677892119
15 36 -544320824
15 37 -924497799
15 38 275027348
15 39 486805627
16 0 -851553169
16 1 350482361
16 2 -55373099
16 3 -698342195
16 4 -550115699
16 5 293655428
16 6 606578604
16 7 369278766
16 8 808761014
16 9 -375859225
16 10 -29622997
16 11 -861515053
16 12 52007495
16 13 711480557
16 14 -903671533
16 15 883942116
16 16 292821310
16 17 -527015554
16 18 218139334
16 19 -744115550
16 20 -882387987
16 21 -235294426
16 22 -977221129
16 23 -888816598
16 24 885625689
16 25 116328314
16 26 -99800867
16 27 875570237
16 28 -894169619
16 29 914176252
16 30 225188876
16 31 -88710146
16 32 -541475010
16 33 -861196485
16 34 801398680
16 35 -965741211
16 36 416097068
16 37 -682214733
16 38 -324723580
16 39 285005596
17 0 586834454
17 1 485672271
17 2 -742662790
17 3 -960999446
17 4 214533757
17 5 -251353255
17 6 637080275
17 7 973882424
17 8 -280995092
17 9 -669057759
17 10 676511394
17 11 -545865270
17 12 207159302
17 13 876698678
17 14 -176128966
17 15 -844973301
17 16 291568611
17 17 990351973
17 18 502293880
17 19 -907412205
17 20 212448724
17 21 -48896365
17 22 435550895
17 23 -940925638
17 24 -605732086
17 25 -951962654
17 26 624675524
17 27 -164093560
17 28 867607592
17 29 -905895599
17 30 24606322
17 31 -595190158
17 32 -130965357
17 33 180517120
17 34 -214417412
17 35 -377070508
17 36 578967869
17 37 134309717
17 38 651146787
17 39 -564879348
18 0 223691831
18 1 689288121
18 2 -456067643
18 3 641280467
18 4 -268106168
18 5 -487513462
18 6 -718932558
18 7 -158715621
18 8 90113576
18 9 -919334636
18 10 702754562
18 11 -730367467
18 12 -868435584
18 13 766491158
18 14 -591205378
18 15 145911319
18 16 -876159889
18 17 -650519873
18 18 957889851
18 19 922744683
18 20 -181668280
18 21 565244298
18 22 644005043
18 23 -407029294
18 24 -196248031
18 25 -938031933
18 26 208655918
18 27 57480492
18 28 -454420590
18 29 -969501309
18 30 909872068
18 31 -855321557
18 32 -263125516
18 33 -95468885
18 34 951188840
18 35 -298056314
18 36 -862876798
18 37 -970964636
18 38 800955623
18 39 -519361651
19 0 192743450
19 1 480357032
19 2 490946711
19 3 922957913
19 4 -360363464
19 5 -729836606
19 6 -828066820
19 7 271555631
19 8 656222881
19 9 -877241564
19 10 344495048
19 11 544869362
19 12 998784904
19 13 -254414175
19 14 114066845
19 15 982594891
19 16 841697051
19 17 542331572
19 18 610782820
19 19 -282820710
19 20 -377829884
19 21 -247640303
19 22 -324491128
19 23 368540765
19 24 185023263
19 25 -160899158
19 26 -895004244
19 27 117261492
19 28 -656282891
19 29 -261123051
19 30 706686205
19 31 217766503
19 32 -982530346
19 33 -749439992
19 34 -963862081
19 35 422146175
19 36 762998878
19 37 420125238
19 38 -537189430
19 39 891607886
20 0 -640371843
20 1 -921058615
20 2 805842785
20 3 -128888245
20 4 -348701737
20 5 -646944507
20 6 146581140
20 7 -279289877
20 8 -841998052
20 9 163600690
20 10 -833250921
20 11 -906008510
20 12 757887566
20 13 970170735
20 14 947499815
20 15 395818798
20 16 534517296
20 17 -68202978
20 18 -201529273
20 19 283589696
20 20 356987731
20 21 -244689983
20 22 -219070458
20 23 -580216774
20 24 -457611380
20 25 -715675594
20 26 -559700784
20 27 617196011
20 28 -128361726
20 29 -962068820
20 30 -831712133
20 31 -951981322
20 32 979628259
20 33 -905554991
20 34 123631869
20 35 506096793
20 36 668769969
20 37 894294046
20 38 739557295
20 39 160004095
21 0 -258179652
21 1 173477447
21 2 -348836912
21 3 -266981173
21 4 126253929
21 5 -982540868
21 6 548973427
21 7 -458166050
21 8 32057385
21 9 -891483413
21 10 -558499227
21 11 785903518
21 12 -728138220
21 13 398710814
21 14 -160771312
21 15 -994512885
21 16 123209297
21 17 -779578812
21 18 -545721375
21 19 707105681
21 20 -54540231
21 21 195350138
21 22 489803910
21 23 351609763
21 24 184194479
21 25 -428264892
21 26 -612724250
21 27 358132231
21 28 871275788
21 29 -309701368
21 30 290442538
21 31 -868183211
21 32 -859867459
21 33 -902873483
21 34 968796441
21 35 812009667
21 36 824954009
21 37 394599497
21 38 -827561113
21 39 906464710
22 0 149220088
22 1 -917258587
22 2 -998053373
22 3 -382600112
22 4 31281093
22 5 -15407848
22 6 -746381749
22 7 877378938
22 8 192704811
22 9 -494274636
22 10 921835173
22 11 -929799834
22 12 151718255
22 13 -43103744
22 14 -451423975
22 15 190453815
22 16 -995314035
22 17 930745734
22 18 396503290
22 19 246705569
22 20 925695652
22 21 -654909466
22 22 -909571927
22 23 717972600
22 24 -235434733
22 25 -107821556
22 26 -558571923
22 27 950920465
22 28 -484894793
22 29 -409110279
22 30 8406958
22 31 245135
22 32 163174341
22 33 758731578
22 34 -979484115
22 35 -820596675
22 36 -914221169
22 37 -909809090
22 38 -992363329
22 39 260741641
23 0 964631579
23 1 -997104780
23 2 192514441
23 3 311010284
23 4 -153434837
23 5 -868819658
23 6 654897385
23 7 563209369
23 8 144034785
23 9 483294236
23 10 546955527
23 11 910966562
23 12 690739418
23 13 -973439948
23 14 599718
23 15 544769223
23 16 731151018
23 17 921830511
23 18 732858506
23 19 672636171
23 20 185545047
23 21 -597763321
23 22 220664973
23 23 -489181998
23 24 -384194702
23 25 447700213
23 26 71263834
23 27 67862113
23 28 186673909
23 29 -274368645
23 30 -907540763
23 31 -915364532
23 32 157000350
23 33 658206614
23 34 503763152
23 35 -332000125
23 36 662952613
23 37 -897980831
23 38 -857720141
23 39 81113437
24 0 -339780694
24 1 -464320300
24 2 378415605
24 3 -995676973
24 4 -574643639
24 5 730949563
24 6 -505014430
24 7 -860495647
24 8 -281242769
24 9 -790659653
24 10 -812251101
24 11 -871947677
24 12 929097157
24 13 -11751986
24 14 195923312
24 15 618306537
24 16 406724369
24 17 673783982
24 18 544799097
24 19 -922119150
24 20 247517507
24 21 -602618450
24 22 353709807
24 23 770569518
24 24 271451775
24 25 -986857070
24 26 -876581213
24 27 -364912478
24 28 -984411099
24 29 -879076515
24 30 707997604
24 31 -643905409
24 32 817649915
24 33 -278623229
24 34 703133516
24 35 341200347
24 36 812836639
24 37 -419078597
24 38 21367014
24 39 42253441
25 0 483609552
25 1 -718424634
25 2 87632889
25 3 -12049480
25 4 -204889765
25 5 -536029797
25 6 -914456623
25 7 488092689
25 8 700587185
25 9 724166176
25 10 253616168
25 11 544310889
25 12 846786624
25 13 719580803
25 14 -491412937
25 15 -366574308
25 16 -261356232
25 17 -10902502
25 18 4417437
25 19 -111071345
25 20 196325994
25 21 -175301814
25 22 416058623
25 23 -755646030
25 24 183607000
25 25 -273081398
25 26 709737691
25 27 262463516
25 28 -785223522
25 29 -929560196
25 30 -941806314
25 31 453215850
25 32 602935303
25 33 -102117745
25 34 -642324704
25 35 -613366106
25 36 548056973
25 37 683403631
25 38 -944316920
25 39 -999819757
26 0 -166937263
26 1 -979784335
26 2 -898280847
26 3 205168972
26 4 602771985
26 5 372005541
26 6 520906702
26 7 -201123147
26 8 678491916
26 9 -48109597
26 10 -804458930
26 11 -617246454
26 12 -690479581
26 13 -228766317
26 14 429480100
26 15 -469673281
26 16 612925602
26 17 827072842
26 18 744401281
26 19 249846349
26 20 506214935
26 21 968462218
26 22 -141569965
26 23 835107452
26 24 835818867
26 25 422303950
26 26 -472615669
26 27 -678306938
26 28 994560800
26 29 650257584
26 30 -336797917
26 31 -257591254
26 32 586434926
26 33 -870025577
26 34 476345918
26 35 -467383043
26 36 -842257297
26 37 -553988523
26 38 -12053898
26 39 -337346736
27 0 -35943166
27 1 -787616049
27 2 -294256832
27 3 -75021227
27 4 -667635943
27 5 -84863035
27 6 -937708717
27 7 495694545
27 8 172474890
27 9 455361206
27 10 644771052
27 11 380841472
27 12 -332310074
27 13 -341904954
27 14 784821234
27 15 -554195393
27 16 -285282545
27 17 243293830
27 18 109132007
27 19 -763813093
27 20 -173679972
27 21 -747347870
27 22 -883798903
27 23 -282331934
27 24 166559333
27 25 -359635976
27 26 672259767
27 27 884873272
27 28 567630141
27 29 -695092121
27 30 -484310129
27 31 658018453
27 32 853977996
27 33 -783408020
27 34 662229527
27 35 -865718014
27 36 837840827
27 37 -625771308
27 38 703962577
27 39 -538328315
28 0 317306988
28 1 13205103
28 2 -152356414
28 3 832607248
28 4 533982363
28 5 491542399
28 6 490140449
28 7 -29996106
28 8 944812210
28 9 -733547729
28 10 914866372
28 11 644211663
28 12 -377982889
28 13 -197608394
28 14 578365680
28 15 -323875035
28 16 538617136
28 17 243008981
28 18 518049329
28 19 -285199204
28 20 939636514
28 21 245186176
28 22 -942664616
28 23 -731654067
28 24 -296320893
28 25 -550880583
28 26 229964344
28 27 178080476
28 28 59825808
28 29 -72128388
28 30 323231917
28 31 495684295
28 32 608319844
28 33 801374282
28 34 -561517835
28 35 -645065985
28 36 -576120823
28 37 222867903
28 38 -714956023
28 39 -436610498
29 0 480413858
29 1 -906523942
29 2 -512215485
29 3 282023815
29 4 319043389
29 5 -976850303
29 6 -641083748
29 7 719246241
29 8 -600876339
29 9 -26030718
29 10 -561661818
29 11 -881063799
29 12 -892238092
29 13 -882262335
29 14 948267606
29 15 25995452
29 16 -557417974
29 17 -112839233
29 18 -938661575
29 19 523777520
29 20 -920483897
29 21 -973445248
29 22 -138849648
29 23 -756814812
29 24 -911828514
29 25 352009533
29 26 -292949187
29 27 -680250085
29 28 -874573701
29 29 -230698375
29 30 366086464
29 31 805595069
29 32 26661531
29 33 901491479
29 34 132772304
29 35 252452633
29 36 -923001667
29 37 649113913
29 38 -69344784
29 39 909066958
30 0 -568253348
30 1 -723693438
30 2 -928510942
30 3 3134928
30 4 -544905191
30 5 627838114
30 6 852618705
30 7 -662935793
30 8 708008205
30 9 -715645791
30 10 -587674200
30 11 336985584
30 12 565786809
30 13 -47510044
30 14 -601231523
30 15 -952698891
30 16 -282230093
30 17 -989025714
30 18 95866336
30 19 -153153222
30 20 -676617288
30 21 -812764306
30 22 493890359
30 23 -421764006
30 24 -887865634
30 25 -398513357
30 26 -399580339
30 27 -411551684
30 28 -695983813
30 29 481248404
30 30 421619491
30 31 -693560081
30 32 193482846
30 33 -76069262
30 34 -502751755
30 35 -578050294
30 36 -165859095
30 37 -691662505
30 38 -964517346
30 39 -465771728
31 0 640300710
31 1 328739941
31 2 732802292
31 3 -523678793
31 4 180102085
31 5 401803864
31 6 -672028578
31 7 -79755251
31 8 -933180520
31 9 -804017334
31 10 -960658385
31 11 -553558397
31 12 498621060
31 13 408081022
31 14 435830774
31 15 -47253028
31 16 467795167
31 17 636911371
31 18 926646298
31 19 -772880286
31 20 271900035
31 21 -341759996
31 22 730512766
31 23 -845703400
31 24 -404880550
31 25 -921849161
31 26 -310058965
31 27 -369711197
31 28 661739370
31 29 -426126961
31 30 760141620
31 31 -676437891
31 32 462503178
31 33 575800453
31 34 -335481208
31 35 576592795
31 36 164098343
31 37 -665897461
31 38 -968387191
31 39 -921587511
32 0 227609855
32 1 455669674
32 2 -582835242
32 3 -680636291
32 4 -871796465
32 5 882286870
32 6 819868641
32 7 20632554
32 8 611618956
32 9 -883028064
32 10 298950522
32 11 630197477
32 12 -85725737
32 13 751562235
32 14 566300378
32 15 -476072946
32 16 566849176
32 17 91072485
32 18 238138763
32 19 -207608436
32 20 -179247943
32 21 -372263638
32 22 -487335312
32 23 -608389619
32 24 -399711408
32 25 -996939691
32 26 -695323101
32 27 -206047361
32 28 128105702
32 29 948404342
32 30 -803649529
32 31 -880999418
32 32 712884066
32 33 -698508980
32 34 947927399
32 35 -118488974
32 36 999055526
32 37 973487843
32 38 -180687183
32 39 -975065620
33 0 137330280
33 1 -372993541
33 2 -237982627
33 3 -56601911
33 4 35147034
33 5 -120894955
33 6 -916847156
33 7 -992843182
33 8 226659628
33 9 207253776
33 10 94172757
33 11 -987811879
33 12 -276977265
33 13 -559759996
33 14 -533439687
33 15 685492454
33 16 -8260438
33 17 726755513
33 18 -89281311
33 19 -834319376
33 20 771977537
33 21 -174114583
33 22 751151761
33 23 -484533856
33 24 47295333
33 25 531408192
33 26 -235129807
33 27 518785428
33 28 427588284
33 29 -564738822
33 30 841471349
33 31 77228510
33 32 -309604226
33 33 -608700336
33 34 -620510313
33 35 -815278110
33 36 -766390575
33 37 -914972659
33 38 685772792
33 39 -204103163
34 0 -575979226
34 1 926315608
34 2 346986427
34 3 -283002796
34 4 -233726375
34 5 -137597610
34 6 -707673452
34 7 -877031414
34 8 -840680519
34 9 -681991878
34 10 442052622
34 11 -745714887
34 12 -703868636
34 13 -692586336
34 14 411474679
34 15 905507805
34 16 725669123
34 17 383438960
34 18 -961187098
34 19 197465489
34 20 -826400022
34 21 13092278
34 22 135492564
34 23 -578301293
34 24 -20584720
34 25 -69143079
34 26 -238450934
34 27 527023147
34 28 376518884
34 29 877879372
34 30 -501475694
34 31 365872599
34 32 -260247773
34 33 -332032775
34 34 733085817
34 35 -806497472
34 36 -836732406
34 37 22355501
34 38 -602926149
34 39 305842792
35 0 -746233899
35 1 -913502265
35 2 -697091603
35 3 -965201529
35 4 880208077
35 5 -269765328
35 6 -273973580
35 7 -146513702
35 8 -468187166
35 9 -659662336
35 10 -965558658
35 11 -453631194
35 12 293649360
35 13 812836659
35 14 -304744787
35 15 990175436
35 16 -898056
35 17 428786742
35 18 428883601
35 19 -106987981
35 20 -600564153
35 21 -896364938
35 22 308747230
35 23 603654564
35 24 791687324
35 25 -494773865
35 26 527755189
35 27 288181954
35 28 383152472
35 29 -429048802
35 30 -432104736
35 31 -265202101
35 32 -614027625
35 33 -571548966
35 34 -800049671
35 35 127541429
35 36 -943261399
35 37 -951614687
35 38 -664444287
35 39 176901434
36 0 -394111674
36 1 -158354406
36 2 -846303604
36 3 736491004
36 4 -272003107
36 5 118483808
36 6 -918394213
36 7 -971784279
36 8 -11408410
36 9 -612725120
36 10 -522411822
36 11 -556052039
36 12 403731451
36 13 515036150
36 14 -309567119
36 15 -603230497
36 16 506621612
36 17 83836686
36 18 195195545
36 19 -682838314
36 20 -820557239
36 21 -966660710
36 22 285817241
36 23 -889759679
36 24 -675527123
36 25 -626623861
36 26 404450321
36 27 -320906451
36 28 -957757925
36 29 821787929
36 30 -973510518
36 31 -902750345
36 32 233789340
36 33 864736371
36 34 200278902
36 35 -983345121
36 36 601729110
36 37 789600815
36 38 -610631336
36 39 782861828
37 0 172328039
37 1 45810013
37 2 -536004893
37 3 294390928
37 4 902417862
37 5 -264607881
37 6 904310203
37 7 -931789262
37 8 664689878
37 9 421388481
37 10 912799012
37 11 -392261784
37 12 245120776
37 13 -915407769
37 14 556456959
37 15 -551777746
37 16 927598403
37 17 614730566
37 18 -728179265
37 19 -881577188
37 20 -702911954
37 21 793524117
37 22 -563265169
37 23 -855238027
37 24 575878650
37 25 440728830
37 26 -913439220
37 27 338557169
37 28 245473066
37 29 213672732
37 30 405055009
37 31 -876204256
37 32 -600243260
37 33 -894035449
37 34 -797736719
37 35 -800774093
37 36 -210284067
37 37 -947750609
37 38 -804647383
37 39 -314247325
38 0 -948720232
38 1 -10256867
38 2 -120222368
38 3 -928133074
38 4 -853420683
38 5 -920512822
38 6 -791037424
38 7 267583631
38 8 564233626
38 9 532798300
38 10 747263783
38 11 903694274
38 12 -487941421
38 13 -893593804
38 14 551094461
38 15 -169746215
38 16 -420565887
38 17 -736928575
38 18 377702778
38 19 -203980866
38 20 194079134
38 21 -532639724
38 22 -295439665
38 23 -918508855
38 24 -996241831
38 25 160714618
38 26 76093137
38 27 -322310023
38 28 856038367
38 29 -388003430
38 30 -226512008
38 31 57424033
38 32 -490032997
38 33 541435772
38 34 266639425
38 35 629520632
38 36 147288237
38 37 -951945088
38 38 -188595792
38 39 448545360
39 0 601986654
39 1 -249030801
39 2 570876978
39 3 -886066877
39 4 -992644239
39 5 629134147
39 6 608816561
39 7 -678585666
39 8 -221354640
39 9 -476220972
39 10 -83355059
39 11 958521157
39 12 421325763
39 13 66533636
39 14 -506167077
39 15 -237964423
39 16 434181061
39 17 -877311149
39 18 -629981640
39 19 -957847242
39 20 78931701
39 21 210582672
39 22 -417625233
39 23 183505696
39 24 -999112361
39 25 240594664
39 26 -788691988
39 27 897290922
39 28 541274335
39 29 832259061
39 30 -152312312
39 31 -342008811
39 32 592014227
39 33 297379633
39 34 -16097356
39 35 -967989862
39 36 -110359949
39 37 -707172427
39 38 -635782470
39 39 -701178160
