2000
-287463896 129262991 -239985274
-614405338 -638529640 -243299823
318763314 624161282 -878520998
-626945623 -624944516 395088433
517843191 -893307158 797458417
-659855474 80007874 -76640482
867464914 -855719371 430274113
693638873 525976921 -175676832
-481057608 805234059 -362065090
162746254 777458097 -463129665
645652759 -192691483 107982874
316292158 325763983 619028067
290187289 -256716774 -844500322
-957748806 616101780 -825020256
347149933 87078619 998062770
-193577607 181686137 -456772020
570679905 -189906071 -893554632
790329399 -742634787 43028166
550306447 844215977 -929781978
-825478498 952775044 724524581
93718468 771418592 -27718619
-627256804 -306085627 206052902
-597979781 -911963279 495858931
142137746 796783417 521536389
-870988186 -719420143 211601847
-995158424 -247597402 -99879316
-579558044 66183748 526369437
185249825 59793034 265953088
-340465921 695872931 -217963029
-207804149 425194292 -945711250
-287330976 -405490941 611658926
-951179926 534977744 -295279313
727724063 121072201 514440256
-987653526 11359207 -228520063
-151076403 -624129504 -916968826
-997184439 -406606386 797605812
-455023461 -787110809 -594904650
-627932798 586055899 865238035
20071447 866202407 289792955
961884528 -57857577 -807205928
922294240 963895321 435064638
-739220973 -936284211 250246262
-217901251 138477531 -952774111
-830924838 -166099309 -341619658
-268773082 58706533 -416789276
686512603 -627044946 -105592252
324381864 -574196174 -133936552
786342653 -381475810 -951793715
947163047 -745919545 -753208151
988097704 283687132 -628695469
-559833331 658588507 386507816
6930588 -701144537 900021673
-810266091 789368516 104952445
536238836 517260321 303115388
-98687393 -528900334 -449844292
-232247524 215043961 -776647401
-65612401 -886843479 -222904283
806036316 370525221 -115102721
-112565957 410931830 825733464
631946984 -126465633 -965879377
-911518105 -426244348 221834737
-986566956 731614359 631713575
-166459697 -697398057 -341278851
65227523 -920091747 -292556545
-999946079 133848915 -379965505
591356622 76131557 119977262
175454365 -443304627 941003732
613070580 -628535297 -868099041
-354407088 -670378457 871557822
-865270345 562639438 -122938839
-91362449 668567434 570933757
959355439 963525563 -341595967
-17440025 271946194 -246218376
83404419 -891785479 -897526655
-954203625 -888835071 21938991
-713675752 -345469160 -751459809
738473070 -957321138 52517993
-167701201 647548630 618615346
585310544 -155785612 462068989
552940294 182100586 283782697
-343368659 43840503 390569393
-734356108 -107147908 352811422
-256168238 813618051 269408230
-528657937 518837633 -251168659
-114021212 -315200028 -633308094
-741350010 -70923936 -646608514
605068114 242003852 -886870634
412147844 -893911639 153448632
-497731022 -140593959 27085274
950242721 -625598029 209057188
-936953411 719234668 -588714822
993975232 -524792580 116812188
-853893340 -965965960 395976304
814556885 -536279936 -920254883
198134917 497975452 913047232
286138058 -142809185 433547814
-837442781 189495930 100910011
-347151813 857225458 -264152272
-983309016 -542083631 994738607
617818221 -628140748 954535378
353291462 756870093 -525698621
296197926 -543309488 -928690624
780611791 -962876551 857613050
-892387125 713495121 -413311658
-941959174 -530557809 -883187258
-356525432 -523681294 -177622529
-158764162 -442736975 939325973
-754165062 -486372628 -954578561
-908091299 707891899 -290137253
294978330 516065749 -460900362
-88955294 -66724466 -533693528
-353200385 659649944 607771894
-360238294 9397602 100393807
-42197990 694736942 465285337
-858415301 10683593 -476630195
863859672 634609609 -447412309
-633850536 -642109206 -620732987
-121269340 -254910827 -278597575
991287859 -792030930 -468552515
841014708 435368883 -42592873
705384976 -608860246 -911950856
764712434 -175557297 509636238
827274142 190655902 -995975715
228038015 -800838541 756539813
-112267924 -265189539 529061541
-935333616 314890455 -284590603
204478780 174351276 706125569
-411483693 -512427597 -970885217
-348856330 -19792285 -854806956
789469028 305753430 -415068579
-706465900 -471626228 239196029
-705190199 831654708 -105529222
873663788 -271870329 168675619
907001576 668840542 218165839
-523930676 610394072 -424653079
-811699737 -297043443 -983404541
440917403 285397148 -962474598
-879920420 -596582702 17669684
86200705 -800259240 225680663
-996406359 576190819 639055685
-382100777 336614840 -899927523
-834696227 -767066763 -90301657
21243395 25022857 -235142994
-571232926 -598244112 918721430
896880540 144067619 68197497
720262764 -926296120 -971478308
374151555 -20641589 -499262595
259092385 347290756 -23906514
-769884055 -670455592 400019568
-720027710 303330532 856883444
-388546411 989194633 -863300919
552519665 -701180960 -88713355
-192669988 637518517 310673909
-310823296 644061744 -311389469
304880813 -910348879 -574219296
-424979565 328934336 576318299
246890773 -912550465 764692181
-480881534 410313306 -923761554
778666583 -776502677 -888816645
-222769091 834162063 695704175
617645553 -244881738 -399304734
-648540304 472686821 259279884
834904389 -8809582 -124795140
467345486 954854981 -871162834
334883033 182768482 -310553037
178369894 475270744 78401826
-447040899 -221727389 -871681078
-58551647 -465990014 831320528
-725712566 -962315185 -744024990
546173923 -978794087 272676782
758874426 -738724197 -982326397
372772146 -588309847 -33557216
-268715616 -517710378 846190303
97855881 -17072651 381038134
440435289 -873060605 -15491894
-233036482 -899427240 -89334437
-670683045 -609666368 -910477000
-831163070 -624103364 -183102681
-190353595 -575432197 -216818054
-869705955 -648463907 168016097
-867126782 823304190 -811987923
-392994592 197909173 216350194
-587193192 661927039 -216798855
-522535409 -657767370 -912727913
-633459429 852776858 245829807
-460605479 258172126 144823576
-514529667 890825554 832443486
52571093 -970209438 -853951746
-591675334 -892478421 218428322
999606932 -908892888 -861144025
-431988950 437535167 -340393350
-199948890 509881834 517317365
821135504 -951101129 591815068
416706385 402710368 -697284071
-610570393 -862231938 -55151553
923417169 -62457783 119497386
-523631272 -592214299 -41604167
-84070801 -581694864 536071001
694132853 -238481982 275160455
909580079 -975206940 457126449
-634420340 335201929 511841235
-698170857 -935306805 795053451
956607286 -801351763 390455980
-500988343 -705545417 651800883
-498669827 -446254672 564313485
-912824627 -680637420 -822712807
732558498 972721105 -415099592
-800993488 839729375 -953999961
-829991267 -497941140 -927353715
13670478 513359848 885988117
315137757 701976762 243789178
-43629173 361615353 193602842
-674054800 -278956670 779143870
-51551871 727185172 180161724
-981233 844932478 -207819723
857763579 388776711 497678043
769641085 831485156 -368306659
-407911613 266870678 -432655367
-774604977 -192672758 283964288
-673535820 -546371886 -812153735
-197791616 841407929 453799601
-870809803 -996601081 -512755952
666677802 934923716 -932111774
-636688413 -867143701 -633637813
165349008 808227678 -983602527
-707426830 48596274 180392334
382355167 -867610944 -335689422
-769414618 455543451 212054195
73890139 551703208 773524540
-492482706 955369958 874148783
585996038 141545726 -923485642
-513679375 632670676 660118396
-591833143 -35830779 -629019884
690354128 919400231 -706088641
-772699332 -496648103 -19418596
-429624665 -289168874 -262150174
991195748 388964887 201120071
-262702674 677691421 870822803
-982419736 205624977 264174295
-976660939 -651114040 -684656727
-914752085 293790101 -584297599
-898444175 532590269 -700311768
310861574 -155287577 865606361
565503401 -745068955 601066402
-877431064 -990650939 -525193237
-193250623 662928459 508514595
201958343 -576978981 148286652
536728669 856262975 785516707
-391975169 -938341362 887710680
-667980945 -990729719 282673487
94715470 -424447125 366026254
100863073 -941037090 -931111770
343130694 512558195 392129306
790113522 -887529418 -461402503
-900187228 -348346476 -859548178
575025359 641501774 438830701
-500767680 -877028337 -81453477
-501452873 775828128 932189034
-707828832 -94256947 200825206
582737377 147278100 324653329
424651317 -280847345 -921256084
-362941401 525176068 404807187
-71362894 493283406 -353641173
-327626326 -38491267 -298866854
-760399533 832498610 -711953611
-557034780 -358644771 -4942670
-319775142 158286119 602778206
-955742857 -876622454 564037813
453003403 656513927 276735888
652119813 589862149 -188138170
-357848014 -11449503 -284269938
495779538 506618993 269698076
-884887532 -248699788 782163257
-150279236 -51149243 740877140
989179083 120909436 -93471992
-486685581 360586538 -961462959
930803530 194346478 409827763
-483734982 -45568938 -462592356
-420489545 556022169 305088139
834914353 719677629 -943048496
-854705699 -497804751 -117688440
140197232 90052993 -467162949
26074395 -269597218 781054482
248029109 996522013 -733038166
-71079036 766777410 -889400158
700612995 -565431688 -520643176
528654156 237446449 689967797
-567820133 -344151817 -903884481
431218145 -136856858 375657364
-475021344 174080734 -819460736
-398776291 602696175 -230743444
707302559 691983769 157149567
-896267082 764835778 458526229
-249169806 -756353451 -312755476
-343147568 -146397672 -234486147
-189673418 570926848 340933241
-452670947 -698994181 557526801
-255871494 -267212406 383096101
-759625620 -960998915 -399481664
290568873 -240266326 233423453
-550877717 276068491 28995491
260676686 -151513545 -637871620
108433297 -269572620 -282813644
-937147696 -991500112 -14233828
-815423586 381291802 -339612296
823460174 238105097 222553336
-149930321 -913976054 -437909217
433031478 -887428673 575150692
755774350 -939212995 825209399
-768103821 8495006 -335670793
-87805126 353999519 -801789349
722658901 919227412 -855523842
670845767 395130635 346189817
899840843 -80000418 -916574584
-439794011 -265091277 420022294
322519195 -332964246 756079282
-265444437 410529261 83125979
601988860 206531104 481283428
-384918139 -893422737 439328769
180540125 -889219606 452539024
-394549951 152424516 -371112063
-85331715 119457873 -517674119
996551840 -321927272 605459429
288555133 162310807 -101666137
-333335386 -6969557 198779916
-669352539 -370034168 654737700
-39707031 -852315319 -905123799
-638692088 -323402121 -923765729
-864628440 -905725882 567340404
231249781 269573106 -929517974
-94608091 -314374868 -891074161
423501638 -177590180 867178620
609305912 -917189015 -45728756
9735952 -381334346 -33918195
-596183215 -906352547 -766026621
-960955291 -214167590 -906905304
436210018 243699906 -66726633
-493208167 461045191 440737509
-908867356 197755408 -960104271
-561403075 -956050733 -309023737
547770984 -793189659 70565329
215203995 -227100501 871440499
634159018 -513100526 942855847
-437305070 143694326 20600805
705369707 -99622889 -982184470
-897089113 590919980 -855125809
-222522727 -51767630 828434095
461965444 -472982669 -499822449
-941751556 -634988994 -270839202
697714392 -515516678 546477100
-555179703 -94706038 820541322
-964674692 189223322 -957217688
-935163205 531625953 -936946633
914492068 -85588104 -992685992
820066514 314432744 415076228
879166474 -124137848 863869027
718677525 -938686501 374998165
312560638 203704606 267910501
-504825178 -997310881 -935537179
-691416387 78957658 147139040
898937855 104459948 511428875
334453269 252284899 19169428
-493119948 -279365520 -594519501
660513365 -664939881 232040554
-459662331 -553670358 -939585460
-899942881 280021733 588632826
415908191 -625092047 828061218
475269005 -381985928 283870234
-605093398 313488881 -600948935
895603949 -482401635 299661034
-208960804 655451108 -221631301
-414102119 44291274 739177204
-527089280 490582675 -164948137
383764845 -212540974 -504146089
-135872407 -452300566 -224166004
108269280 -181978463 -591708573
657724706 -199655834 261557089
-88671008 104007570 340613874
856254764 -614555789 221443400
-353811558 436566855 -344479624
-529789726 860649253 -193141760
304256710 317561953 -311086688
98589832 68132220 -925006489
-599116387 598861052 828737080
134222040 -87060609 -317279367
-121839066 -161032743 -93558092
-495944675 503400950 454418889
-550936073 -140700712 517560923
846296634 119987166 58879102
-296690175 780707585 36588257
-355737447 -444764480 89956593
-631452693 629565722 392063038
263088485 -201187792 -916554782
-521211445 135261019 535604976
539395431 865969814 780820317
138869262 294881465 764255093
13466457 -985018007 -327366414
-743276690 961446658 150379905
-636783867 992225602 898701073
-558281494 -63884492 266122162
0 0 449545217
0 1 -445617957
0 2 -404036782
0 3 282099471
0 4 -388206885
0 5 -469890623
0 6 -494925464
0 7 -458099428
0 8 -932386160
0 9 136157478
0 10 713300641
0 11 437978558
0 12 -27200935
0 13 -898393915
0 14 365446827
0 15 -386232864
0 16 414334688
0 17 72640865
0 18 -760404074
0 19 -956875477
0 20 -253316304
0 21 -969703997
0 22 937873524
0 23 -765684707
0 24 216073018
0 25 -54567658
0 26 -529302172
0 27 399977270
0 28 -648607430
0 29 82290130
0 30 870857548
0 31 765185598
0 32 428381825
0 33 -715258833
0 34 903494672
0 35 767670194
0 36 -184542260
0 37 -968978450
0 38 -748931953
0 39 -509465510
1 0 638620246
1 1 740565121
1 2 -379107189
1 3 -344274932
1 4 -656006025
1 5 793483291
1 6 700006
1 7 542326591
1 8 822043105
1 9 718674817
1 10 -192966576
1 11 -785567439
1 12 -197462309
1 13 -382868270
1 14 987266980
1 15 -428726367
1 16 -747347013
1 17 -483482929
1 18 252861314
1 19 901504732
1 20 528714399
1 21 -423955536
1 22 815154691
1 23 -285632373
1 24 -897124481
1 25 -706679717
1 26 -609053810
1 27 -645882316
1 28 -868263684
1 29 -21564065
1 30 133816592
1 31 -9756216
1 32 -252254016
1 33 817090052
1 34 422487986
1 35 -162542278
1 36 -50974341
1 37 43817658
1 38 -532902574
1 39 -857908275
2 0 963894842
2 1 825042239
2 2 268957121
2 3 59678266
2 4 843391903
2 5 444814116
2 6 333078120
2 7 258042084
2 8 -527145684
2 9 -871120567
2 10 253840187
2 11 -329663187
2 12 518053328
2 13 78136703
2 14 -119765333
2 15 256622016
2 16 207308355
2 17 -675704173
2 18 500037079
2 19 290352098
2 20 -757490639
2 21 -480585864
2 22 -894949263
2 23 430338850
2 24 -360246447
2 25 -402252558
2 26 -875705419
2 27 305098865
2 28 -916719882
2 29 -78359853
2 30 -829014042
2 31 401316248
2 32 785142263
2 33 116564959
2 34 -448986333
2 35 -811413558
2 36 -234669942
2 37 -365208290
2 38 267371163
2 39 486344125
3 0 -742302393
3 1 -632687455
3 2 234268405
3 3 596941302
3 4 -45980161
3 5 -591649553
3 6 -485033939
3 7 17683884
3 8 140626348
3 9 -856978899
3 10 715390106
3 11 869197014
3 12 625981439
3 13 102003990
3 14 635571222
3 15 32016377
3 16 752329959
3 17 792532979
3 18 265253271
3 19 -991381711
3 20 -370843088
3 21 -958856833
3 22 975905113
3 23 -661348557
3 24 470934548
3 25 679990049
3 26 436687216
3 27 662049976
3 28 439092968
3 29 -211521533
3 30 322652118
3 31 590638802
3 32 766500863
3 33 414647429
3 34 145031792
3 35 -234079152
3 36 814145588
3 37 -820984250
3 38 -384248331
3 39 439139837
4 0 435632469
4 1 289118600
4 2 509839034
4 3 -859952689
4 4 -185818293
4 5 789808904
4 6 -840117144
4 7 752099918
4 8 747514632
4 9 377131544
4 10 -939930955
4 11 -589326474
4 12 -162342538
4 13 404895555
4 14 544180712
4 15 245575273
4 16 -771852088
4 17 972084387
4 18 -491910727
4 19 -99259087
4 20 15384043
4 21 970512068
4 22 -776235050
4 23 -83331757
4 24 564071942
4 25 136404371
4 26 644278949
4 27 -593180288
4 28 165733108
4 29 -682397629
4 30 637601876
4 31 853899843
4 32 125977883
4 33 43014583
4 34 -34515011
4 35 -257932109
4 36 449549059
4 37 342172661
4 38 168263376
4 39 316465663
5 0 567389334
5 1 -984191370
5 2 -147529408
5 3 29525445
5 4 153331633
5 5 -796377942
5 6 -990299291
5 7 -87350408
5 8 -706563784
5 9 476903629
5 10 600992245
5 11 -926514008
5 12 463476989
5 13 -643569626
5 14 136951634
5 15 -909754370
5 16 -127539834
5 17 87642656
5 18 89209699
5 19 -28625890
5 20 59007878
5 21 -295958043
5 22 -837477133
5 23 926547367
5 24 -93625205
5 25 894322007
5 26 -288623738
5 27 -309771480
5 28 -939270664
5 29 -424348163
5 30 947363796
5 31 -706379528
5 32 504927205
5 33 559392369
5 34 -706255607
5 35 -189084160
5 36 -197751343
5 37 -566987153
5 38 129153885
5 39 413266592
6 0 604539367
6 1 -218694294
6 2 -394301016
6 3 377135310
6 4 -550122087
6 5 666295516
6 6 -999285882
6 7 -812530062
6 8 -929748373
6 9 54865119
6 10 -476819005
6 11 353062387
6 12 811922164
6 13 -123532704
6 14 -547567409
6 15 -463203677
6 16 466844739
6 17 -481957896
6 18 -93148676
6 19 -839458224
6 20 926331169
6 21 931952985
6 22 74833087
6 23 -985331982
6 24 553003779
6 25 338710830
6 26 979035827
6 27 -181789029
6 28 581196681
6 29 -37832110
6 30 -595835416
6 31 -145614897
6 32 634209355
6 33 -885798452
6 34 186759638
6 35 -872721021
6 36 -903880767
6 37 -593554969
6 38 -58410133
6 39 340627814
7 0 -704951018
7 1 231481
7 2 -518170747
7 3 965330289
7 4 208662765
7 5 -570040301
7 6 -389795940
7 7 -868407700
7 8 -755999537
7 9 -641630757
7 10 -542180201
7 11 -48167323
7 12 -690512188
7 13 511221425
7 14 -322607289
7 15 -715701830
7 16 928051244
7 17 -133899226
7 18 -151948063
7 19 -299453560
7 20 336707564
7 21 122027179
7 22 -318390853
7 23 812109934
7 24 546741740
7 25 -513200547
7 26 -268978147
7 27 372718394
7 28 -346899848
7 29 742095100
7 30 -611687680
7 31 876340173
7 32 -188667137
7 33 94738258
7 34 -799917746
7 35 430552507
7 36 -974011093
7 37 -394497885
7 38 -397347999
7 39 -112873922
8 0 92130441
8 1 -879914241
8 2 -524174521
8 3 -830187359
8 4 582797007
8 5 -166733855
8 6 409603690
8 7 -984079817
8 8 -817976586
8 9 325035531
8 10 -379773591
8 11 -959123320
8 12 -988879410
8 13 797083433
8 14 -930690180
8 15 465129036
8 16 -686672848
8 17 -191421001
8 18 191245824
8 19 453393604
8 20 -630877603
8 21 -720069033
8 22 -611894935
8 23 360834779
8 24 136265195
8 25 195900790
8 26 -439871636
8 27 390883336
8 28 -899376917
8 29 862657757
8 30 -603660318
8 31 -659902626
8 32 -810308050
8 33 270400452
8 34 -373243463
8 35 714332944
8 36 -434144679
8 37 -510200997
8 38 -97330559
8 39 -379062695
9 0 -590433115
9 1 -642405842
9 2 30707676
9 3 -156449968
9 4 334321324
9 5 -180376277
9 6 -975318536
9 7 -275200561
9 8 313464318
9 9 30193647
9 10 -520502005
9 11 -185741623
9 12 -245679051
9 13 310885465
9 14 864107481
9 15 793266990
9 16 214369129
9 17 -390847871
9 18 -675704684
9 19 55669903
9 20 912726354
9 21 -800985818
9 22 -6767691
9 23 -564773029
9 24 -938250356
9 25 -735350674
9 26 310502803
9 27 -294015937
9 28 -128873928
9 29 519053495
9 30 327326716
9 31 263335482
9 32 367347285
9 33 -317326433
9 34 -117411590
9 35 -834941199
9 36 -858397977
9 37 -950399055
9 38 476699867
9 39 -882382604
10 0 -855011178
10 1 -6316938
10 2 -570354487
10 3 520415969
10 4 721186803
10 5 415835285
10 6 -544076823
10 7 -560348777
10 8 639756937
10 9 -971983300
10 10 499431637
10 11 -472176609
10 12 -868333696
10 13 -985700700
10 14 312226046
10 15 447875055
10 16 -428040187
10 17 215850927
10 18 -7232667
10 19 -858073271
10 20 293974783
10 21 502390125
10 22 806156750
10 23 13475308
10 24 967167526
10 25 -731147934
10 26 845924568
10 27 -893812530
10 28 -567094697
10 29 480877336
10 30 -14773745
10 31 566377587
10 32 550824376
10 33 -270006570
10 34 270783255
10 35 -853655138
10 36 647751411
10 37 798315528
10 38 4863673
10 39 469116338
11 0 924397625
11 1 661683628
11 2 -223761563
11 3 -645826152
11 4 161511658
11 5 -541743404
11 6 -633516082
11 7 -265309019
11 8 621638285
11 9 -550468769
11 10 287526957
11 11 36748632
11 12 803109389
11 13 533818499
11 14 -81867638
11 15 820133710
11 16 -301991847
11 17 879408260
11 18 -695895594
11 19 -588032835
11 20 -441408817
11 21 411229779
11 22 779021487
11 23 -875122408
11 24 636415574
11 25 -436946019
11 26 856970983
11 27 440414760
11 28 757485260
11 29 -384771222
11 30 118567941
11 31 934415325
11 32 538642433
11 33 -775593634
11 34 651484180
11 35 725604119
11 36 375453021
11 37 -274384062
11 38 814473525
11 39 -696824125
12 0 -578756632
12 1 935349392
12 2 -215258426
12 3 514643376
12 4 -53020034
12 5 -750365720
12 6 -698862455
12 7 -226244134
12 8 537867139
12 9 576063061
12 10 -226096959
12 11 -938239157
12 12 -226674371
12 13 -699317945
12 14 846698808
12 15 637755884
12 16 743817162
12 17 -63559485
12 18 673749423
12 19 36650782
12 20 419827965
12 21 -658212098
12 22 -990358300
12 23 311030897
12 24 584898308
12 25 -119714627
12 26 814464950
12 27 216746865
12 28 -905902053
12 29 146631952
12 30 304852656
12 31 964015394
12 32 -399556326
12 33 -775272402
12 34 -817067878
12 35 -223972337
12 36 -973931626
12 37 -917666625
12 38 450093707
12 39 622937642
13 0 -843875837
13 1 -967768375
13 2 -971194907
13 3 904794627
13 4 -676632410
13 5 -620520974
13 6 -413502988
13 7 986399315
13 8 -560499972
13 9 796602782
13 10 -568832129
13 11 -429957170
13 12 473227487
13 13 803303540
13 14 297961509
13 15 -788814981
13 16 -383933573
13 17 -822747400
13 18 873286275
13 19 -726625596
13 20 509666808
13 21 49942653
13 22 718445592
13 23 -954805591
13 24 899172577
13 25 -93341850
13 26 -887996279
13 27 349960031
13 28 115428297
13 29 17563662
13 30 875321762
13 31 722827940
13 32 752867254
13 33 344321910
13 34 -904766979
13 35 -557801443
13 36 865340064
13 37 365891308
13 38 -658321225
13 39 111340409
14 0 306596349
14 1 -922255232
14 2 395109445
14 3 -573804736
14 4 -443441469
14 5 -978239542
14 6 945298883
14 7 -349209706
14 8 -920890600
14 9 810355170
14 10 -750156488
14 11 -298575187
14 12 695259561
14 13 -174133527
14 14 -308473415
14 15 523353705
14 16 -269061193
14 17 376198731
14 18 -174343298
14 19 -839101281
14 20 -945661415
14 21 -927260956
14 22 360163538
14 23 471424963
14 24 881857696
14 25 131078366
14 26 -85511745
14 27 -16744069
14 28 594970442
14 29 -288404865
14 30 -64651924
14 31 -885195011
14 32 -69436368
14 33 273196602
14 34 313244372
14 35 -569304512
14 36 374980713
14 37 -302439598
14 38 -361819981
14 39 -311765608
15 0 764286619
15 1 713349718
15 2 -764470775
15 3 -524944104
15 4 812383069
15 5 -717676975
15 6 26900631
15 7 863639941
15 8 444577192
15 9 224239566
15 10 -958965691
15 11 -195247250
15 12 -499972307
15 13 -77525038
15 14 214204240
15 15 500452922
15 16 142682638
15 17 590106347
15 18 -832658325
15 19 -612523053
15 20 -617632131
15 21 85791526
15 22 -975994104
15 23 663489839
15 24 -273587489
15 25 -317930584
15 26 -588751357
15 27 477421801
15 28 102406170
15 29 -881383960
15 30 707938420
15 31 -256245497
15 32 987599586
15 33 -325958132
15 34 962734885
15 35 71286481
15 36 215642991
15 37 -996219335
15 38 -577534033
15 39 -384922346
16 0 -817174405
16 1 -57401001
16 2 -825023484
16 3 996127666
16 4 -583789997
16 5 825936352
16 6 416706610
16 7 -886077384
16 8 865957595
16 9 330152141
16 10 -790738342
16 11 -960614653
16 12 241444784
16 13 698138860
16 14 850897880
16 15 -318594862
16 16 559975108
16 17 794614114
16 18 74142940
16 19 845543858
16 20 570432416
16 21 -427012197
16 22 -933424937
16 23 -690518103
16 24 -540339886
16 25 -875511130
16 26 -640796743
16 27 -79173283
16 28 821466883
16 29 341737313
16 30 347448101
16 31 -499068037
16 32 -895374692
16 33 774560426
16 34 270927398
16 35 -920702167
16 36 -998490901
16 37 -41202667
16 38 261963332
16 39 78760033
17 0 243021586
17 1 -722871533
17 2 -538353745
17 3 890128607
17 4 654335109
17 5 275431547
17 6 -190583206
17 7 491009403
17 8 -219792206
17 9 67876861
17 10 894284233
17 11 676593415
17 12 -211071132
17 13 558991898
17 14 681627041
17 15 -353258005
17 16 -467048034
17 17 569809872
17 18 -788609616
17 19 -809347510
17 20 199627538
17 21 -951410755
17 22 53881126
17 23 -672610286
17 24 113914462
17 25 958646641
17 26 31248378
17 27 520008890
17 28 894607797
17 29 -720853794
17 30 518005990
17 31 219954003
17 32 -396391011
17 33 -901766352
17 34 122751316
17 35 -666846600
17 36 -745614598
17 37 -253702563
17 38 -924050076
17 39 -341738183
18 0 -914674105
18 1 570164443
18 2 437152087
18 3 941083156
18 4 -894333461
18 5 185881728
18 6 558705812
18 7 -301856871
18 8 58243600
18 9 609737375
18 10 -918249117
18 11 -436591693
18 12 -882570495
18 13 443646390
18 14 -35494734
18 15 -56344004
18 16 341268365
18 17 640290465
18 18 -868399864
18 19 -830061114
18 20 826300728
18 21 -193954531
18 22 -815433869
18 23 -362234119
18 24 -985321665
18 25 537950973
18 26 775907257
18 27 599343693
18 28 417263643
18 29 175912385
18 30 -711845015
18 31 -381214778
18 32 -458150561
18 33 768304889
18 34 -558405363
18 35 -887106240
18 36 61994852
18 37 -925103084
18 38 -943560242
18 39 -911057134
19 0 -141638256
19 1 -450410309
19 2 -534145458
19 3 -323159895
19 4 678574288
19 5 232958815
19 6 302293628
19 7 338940407
19 8 500258573
19 9 -951412790
19 10 -963732659
19 11 -303088499
19 12 601126093
19 13 -139616359
19 14 132646841
19 15 257759309
19 16 -503345150
19 17 -473912359
19 18 -347376051
19 19 752051158
19 20 -709441568
19 21 -863247769
19 22 224446576
19 23 -280352675
19 24 733061503
19 25 540542830
19 26 487222163
19 27 567586838
19 28 888396770
19 29 -855463827
19 30 -377157176
19 31 711034378
19 32 -957922330
19 33 -169090275
19 34 -867639395
19 35 868372975
19 36 290757338
19 37 621628614
19 38 453553304
19 39 955488956
20 0 -736203117
20 1 -8082703
20 2 -346137614
20 3 -620351252
20 4 -736368878
20 5 112258374
20 6 912261043
20 7 -669380802
20 8 -764506208
20 9 -550325502
20 10 -33935986
20 11 356525810
20 12 -426311742
20 13 -896451886
20 14 -533143687
20 15 288449700
20 16 419219653
20 17 -784004241
20 18 472122505
20 19 3997172
20 20 253112973
20 21 525746825
20 22 805092594
20 23 -257850136
20 24 -901088836
20 25 43199352
20 26 -208141322
20 27 376784357
20 28 826979156
20 29 -851924971
20 30 164295733
20 31 89280424
20 32 -903584735
20 33 -653685482
20 34 291728166
20 35 402890315
20 36 -389195503
20 37 736783781
20 38 -296454193
20 39 621170237
21 0 -313778918
21 1 -717079211
21 2 479579306
21 3 990614101
21 4 -267198335
21 5 -74992938
21 6 -767347708
21 7 -297579543
21 8 -871194622
21 9 266241372
21 10 -174133153
21 11 388377189
21 12 572237904
21 13 597250356
21 14 754139073
21 15 -946929135
21 16 188108592
21 17 -902149458
21 18 -106016138
21 19 -87757499
21 20 -562747744
21 21 -9045628
21 22 -292559289
21 23 -653346747
21 24 -251567564
21 25 116199904
21 26 -636395870
21 27 -988252943
21 28 -791488949
21 29 -467552462
21 30 621288260
21 31 916087715
21 32 -976402025
21 33 501786137
21 34 912569088
21 35 -987161690
21 36 -911825854
21 37 432521564
21 38 686415709
21 39 -29494734
22 0 905636858
22 1 155246433
22 2 737657151
22 3 -848794174
22 4 72753362
22 5 86690178
22 6 -43299636
22 7 -455554818
22 8 904562182
22 9 222523426
22 10 -753883948
22 11 710257173
22 12 -162004382
22 13 -776606549
22 14 -447132216
22 15 -9924459
22 16 -876636356
22 17 -356062655
22 18 796277262
22 19 -523240888
22 20 124269558
22 21 398668590
22 22 -880423202
22 23 -850897757
22 24 -921768883
22 25 -499244117
22 26 214482017
22 27 160280663
22 28 -301892977
22 29 850853316
22 30 665813130
22 31 -872238989
22 32 -984516405
22 33 631392168
22 34 -442596213
22 35 -768093251
22 36 -860911968
22 37 -959228833
22 38 543356759
22 39 -759817449
23 0 371239782
23 1 -919200651
23 2 -918249903
23 3 -158160963
23 4 -570647681
23 5 729577762
23 6 620277037
23 7 -110101137
23 8 30703691
23 9 -112191851
23 10 -83945583
23 11 217774271
23 12 297017995
23 13 -945649597
23 14 281936793
23 15 -865754140
23 16 59803994
23 17 -198568904
23 18 -330918818
23 19 -972776760
23 20 -924790540
23 21 -833562868
23 22 597141594
23 23 -237758589
23 24 672451508
23 25 -216600475
23 26 -525319760
23 27 -717124200
23 28 112905437
23 29 332178713
23 30 21979836
23 31 746089562
23 32 42020899
23 33 -211161387
23 34 -750874414
23 35 910962066
23 36 -726668768
23 37 737379481
23 38 874104725
23 39 -246399023
24 0 432067290
24 1 825267451
24 2 -373450518
24 3 -898785605
24 4 -697040240
24 5 -59125133
24 6 -242106139
24 7 -844719300
24 8 574644805
24 9 -986751698
24 10 245644384
24 11 529046935
24 12 881002776
24 13 952870963
24 14 -931708794
24 15 235810208
24 16 -962198519
24 17 646078641
24 18 546721833
24 19 -955489821
24 20 817310343
24 21 872747610
24 22 956932650
24 23 -14267944
24 24 -263508045
24 25 -999922324
24 26 -730741383
24 27 -530149751
24 28 -982873545
24 29 -778709778
24 30 -879000123
24 31 -840954257
24 32 -637737940
24 33 -974074519
24 34 -520500151
24 35 -874167437
24 36 -232673887
24 37 -228422145
24 38 819874675
24 39 737546460
25 0 897264083
25 1 -385982302
25 2 -507389792
25 3 99788248
25 4 -855076454
25 5 -977687637
25 6 -959773325
25 7 -923487028
25 8 139701375
25 9 278166481
25 10 -379215087
25 11 -782945614
25 12 -360497969
25 13 -146507359
25 14 975962642
25 15 918288652
25 16 -87655606
25 17 270052953
25 18 -300842229
25 19 -857603693
25 20 -752302308
25 21 400159250
25 22 190558419
25 23 222637887
25 24 -211996919
25 25 -299404642
25 26 -234771466
25 27 -101017130
25 28 417174678
25 29 251993133
25 30 206410270
25 31 796194712
25 32 423142038
25 33 -216209999
25 34 -815504585
25 35 -985732941
25 36 337991136
25 37 995173693
25 38 -109321797
25 39 886502430
26 0 -220787412
26 1 -593864475
26 2 -5350257
26 3 876246660
26 4 133527565
26 5 -967535604
26 6 -682531870
26 7 844039394
26 8 454838828
26 9 -386974874
26 10 -371746995
26 11 -919077460
26 12 341070782
26 13 -188359194
26 14 248971912
26 15 -872190287
26 16 -481836380
26 17 868679788
26 18 -908961491
26 19 -793715840
26 20 2728870
26 21 -989741527
26 22 562368885
26 23 -631775762
26 24 485983954
26 25 -310192104
26 26 198965402
26 27 -987068076
26 28 537185884
26 29 -893920135
26 30 326724075
26 31 343800410
26 32 568348710
26 33 -237119883
26 34 -351180265
26 35 -908416949
26 36 -961999145
26 37 -582316794
26 38 737446454
26 39 830580341
27 0 725950971
27 1 557010366
27 2 -27603180
27 3 -984339642
27 4 -346492535
27 5 758771866
27 6 736387174
27 7 58017093
27 8 -897360179
27 9 34873449
27 10 20092811
27 11 44449412
27 12 -575564951
27 13 -787508064
27 14 -311594913
27 15 -919903431
27 16 971839975
27 17 -122929873
27 18 -238040313
27 19 969140599
27 20 -905015764
27 21 774183028
27 22 -959798596
27 23 -491732495
27 24 79873986
27 25 309818175
27 26 -233045887
27 27 626161138
27 28 900216872
27 29 -212137234
27 30 -966598941
27 31 733394716
27 32 517817096
27 33 -87802720
27 34 -536773153
27 35 211974515
27 36 787246818
27 37 -859129964
27 38 932840495
27 39 142439787
28 0 -815939328
28 1 -712834337
28 2 405688368
28 3 750142273
28 4 -952647058
28 5 -472290040
28 6 -594835035
28 7 924099156
28 8 -376313352
28 9 379769885
28 10 490028048
28 11 -432260836
28 12 -56625243
28 13 238906944
28 14 -179404716
28 15 -289310031
28 16 -892234302
28 17 -994378142
28 18 899390721
28 19 -208861185
28 20 338694383
28 21 300691644
28 22 862910354
28 23 -152801195
28 24 936987209
28 25 -910748543
28 26 149856310
28 27 49022937
28 28 484987063
28 29 -254690823
28 30 -719025306
28 31 240667405
28 32 480649801
28 33 631726198
28 34 -283316420
28 35 -928285802
28 36 135666470
28 37 -372248537
28 38 -109385315
28 39 608489069
29 0 -504855659
29 1 -526035362
29 2 705353451
29 3 995749400
29 4 728878004
29 5 -943278829
29 6 908299070
29 7 -335726831
29 8 958222963
29 9 -263046131
29 10 -143401585
29 11 545161280
29 12 -835136438
29 13 -155063552
29 14 869763008
29 15 191757349
29 16 986365277
29 17 -926514581
29 18 771682592
29 19 -892333806
29 20 691850684
29 21 225272000
29 22 59518046
29 23 579700671
29 24 -486305761
29 25 -374710140
29 26 -678285486
29 27 -69218489
29 28 706302873
29 29 -590492902
29 30 -882871548
29 31 -34955414
29 32 -794965257
29 33 -849208141
29 34 284686519
29 35 -981758378
29 36 -308829911
29 37 222647194
29 38 -508751622
29 39 -552313016
30 0 -948915010
30 1 268201610
30 2 -952680746
30 3 513963648
30 4 -434085567
30 5 -977335665
30 6 168562756
30 7 640906889
30 8 -939160632
30 9 -405427072
30 10 -147138433
30 11 929428450
30 12 -129304258
30 13 -199652
30 14 -504819989
30 15 449381662
30 16 463416136
30 17 794912918
30 18 601899926
30 19 -165838835
30 20 -264548420
30 21 916324684
30 22 -932252396
30 23 -893522915
30 24 919087224
30 25 -528207200
30 26 682210089
30 27 -570670806
30 28 537120862
30 29 -22506942
30 30 750523196
30 31 1993685
30 32 562458144
30 33 -887770071
30 34 -916731471
30 35 958749371
30 36 -308754200
30 37 73419052
30 38 -105565932
30 39 301899536
31 0 62011108
31 1 840963233
31 2 -476226089
31 3 -954783115
31 4 -687306552
31 5 939439960
31 6 -864180051
31 7 853982981
31 8 -992102805
31 9 454013805
31 10 602375437
31 11 -95967246
31 12 317344815
31 13 -697081858
31 14 -643205978
31 15 -502017750
31 16 -908696630
31 17 994511701
31 18 961880430
31 19 -648388689
31 20 -884942421
31 21 -836392620
31 22 -952760577
31 23 -301662221
31 24 619623655
31 25 320309881
31 26 -106235762
31 27 -246395551
31 28 -515611742
31 29 -904441853
31 30 948210966
31 31 244579226
31 32 -612225434
31 33 905969256
31 34 -719413029
31 35 -407370491
31 36 402824104
31 37 897518647
31 38 122837540
31 39 188283951
32 0 961090815
32 1 260810930
32 2 -990359049
32 3 -196260106
32 4 -327742923
32 5 18233318
32 6 -487271997
32 7 -52455744
32 8 330281192
32 9 -43231040
32 10 -912030584
32 11 147758851
32 12 -325706805
32 13 480466961
32 14 171185978
32 15 791025692
32 16 766007088
32 17 -133971567
32 18 160931189
32 19 95032260
32 20 257745547
32 21 -435269018
32 22 -30397737
32 23 414737628
32 24 -29224037
32 25 335608388
32 26 -183296194
32 27 -164443869
32 28 7637314
32 29 -656298258
32 30 209857257
32 31 -569736808
32 32 -893924367
32 33 -623361357
32 34 -176791426
32 35 843558126
32 36 -157094140
32 37 725608666
32 38 -579869768
32 39 949058134
33 0 -887236427
33 1 -643134250
33 2 -853734869
33 3 -906071165
33 4 -79766538
33 5 -603547589
33 6 325306398
33 7 -377153706
33 8 -856636744
33 9 814239722
33 10 -908135842
33 11 -192101731
33 12 -884096480
33 13 -74253056
33 14 -333779229
33 15 -715345637
33 16 896900309
33 17 -331346731
33 18 -789531194
33 19 -204929235
33 20 -641645574
33 21 759916205
33 22 -376607681
33 23 696628527
33 24 39593507
33 25 -987659474
33 26 -353682737
33 27 -526281036
33 28 156438833
33 29 -647197309
33 30 639869039
33 31 -428350857
33 32 134168
33 33 71686724
33 34 -440758267
33 35 -743385804
33 36 489019297
33 37 -895528073
33 38 271385948
33 39 896619934
34 0 797054973
34 1 871325221
34 2 -976428170
34 3 913636602
34 4 312788491
34 5 -927575654
34 6 27096380
34 7 -798779946
34 8 -973593666
34 9 382251694
34 10 -163473350
34 11 -936102056
34 12 658678248
34 13 409680709
34 14 -496688032
34 15 698361477
34 16 -751016212
34 17 438463004
34 18 726127604
34 19 617956685
34 20 -568814271
34 21 535403278
34 22 395201300
34 23 556317225
34 24 -492319678
34 25 -895401822
34 26 -498144387
34 27 745132802
34 28 792323434
34 29 -580364687
34 30 -767770163
34 31 899179540
34 32 -411400760
34 33 684339110
34 34 -717214612
34 35 932178815
34 36 524273103
34 37 -69858988
34 38 -501914652
34 39 -192460900
35 0 -328998591
35 1 690530548
35 2 -495750246
35 3 -273234051
35 4 708103386
35 5 -703831310
35 6 954204275
35 7 -780478796
35 8 649201191
35 9 -580687128
35 10 41017669
35 11 -920852185
35 12 -554863607
35 13 -288614350
35 14 -42776129
35 15 -739384224
35 16 325179020
35 17 838585733
35 18 -876971854
35 19 480555064
35 20 619876287
35 21 722861821
35 22 556814374
35 23 -392641455
35 24 -160762177
35 25 88784349
35 26 -975181809
35 27 810374990
35 28 547736672
35 29 -95036018
35 30 307094605
35 31 -105454592
35 32 -987963580
35 33 -782147163
35 34 19532720
35 35 902355890
35 36 873911618
35 37 -251567588
35 38 -935238390
35 39 106009847
36 0 665265479
36 1 760906057
36 2 526845837
36 3 27006730
36 4 186370936
36 5 -359500745
36 6 613520643
36 7 -944563961
36 8 -28086825
36 9 -962824316
36 10 -325515876
36 11 853101231
36 12 633081812
36 13 99125761
36 14 -952998838
36 15 616975178
36 16 -168197154
36 17 789339680
36 18 943782935
36 19 304397168
36 20 124258446
36 21 470884441
36 22 414795374
36 23 913150852
36 24 832331451
36 25 -228456981
36 26 370532218
36 27 -579756684
36 28 291358762
36 29 -783492751
36 30 -931371402
36 31 661098550
36 32 -400464504
36 33 639314161
36 34 961542535
36 35 -96061660
36 36 882360219
36 37 -973021564
36 38 104757728
36 39 -216221248
37 0 883905575
37 1 884800627
37 2 -714666919
37 3 39912170
37 4 -775908123
37 5 508572584
37 6 -743791067
37 7 -13895584
37 8 -713588381
37 9 -556966631
37 10 -86800887
37 11 -747065017
37 12 772965187
37 13 -878530914
37 14 -882295753
37 15 -378649370
37 16 -328872837
37 17 -347878644
37 18 -127929015
37 19 222900619
37 20 353110424
37 21 -898010548
37 22 -899217955
37 23 -274613491
37 24 -987726415
37 25 -867150491
37 26 -794397351
37 27 -411847415
37 28 -55362665
37 29 60211968
37 30 754743398
37 31 696516315
37 32 745561282
37 33 -604897540
37 34 -314900509
37 35 -493450180
37 36 -550475588
37 37 -134415465
37 38 -34572193
37 39 -605826520
38 0 -228654140
38 1 -400499947
38 2 -887988495
38 3 -610790232
38 4 -604772511
38 5 218957407
38 6 838492286
38 7 -689536872
38 8 -473815612
38 9 607879698
38 10 -976315127
38 11 -940154926
38 12 636866740
38 13 -690892331
38 14 -510633791
38 15 -980811302
38 16 -552797531
38 17 -644803497
38 18 -191753167
38 19 356820908
38 20 63880222
38 21 -205084538
38 22 -925830348
38 23 -849482074
38 24 228472332
38 25 -393518305
38 26 -579930338
38 27 884012579
38 28 113692830
38 29 80415011
38 30 701838765
38 31 -970038006
38 32 769734907
38 33 402135042
38 34 910574491
38 35 -148262086
38 36 -590705569
38 37 -163851417
38 38 407982901
38 39 -687392674
39 0 -95130212
39 1 -954615935
39 2 -984406597
39 3 949955679
39 4 -60646932
39 5 358640337
39 6 89060916
39 7 486863862
39 8 -631950333
39 9 -829256328
39 10 418663988
39 11 666977969
39 12 867894642
39 13 726977345
39 14 -802220436
39 15 499474003
39 16 768791871
39 17 717288886
39 18 -662542631
39 19 -273395861
39 20 -315038384
39 21 -519647138
39 22 -794586725
39 23 -222573831
39 24 -462839055
39 25 -546836836
39 26 783862590
39 27 434356839
39 28 916882517
39 29 176041219
39 30 -130990263
39 31 -612783141
39 32 -543444543
39 33 81518919
39 34 360390383
39 35 -378881835
39 36 -505729723
39 37 526099878
39 38 -436915290
39 39 317353072
