2000
685071613 -598839495 -210590135
-422570680 -353859765 893227997
-217530297 -932431716 -340851578
-985409145 174844908 175456802
183407745 708007021 952506182
657996665 -22596842 396519631
-579956310 667666395 474372568
161997258 -670030054 266570938
-931695099 -770276823 -865638223
-477258708 -285184713 -775058574
3187259 -749448818 500794408
189737860 -99590457 839586763
757418505 -940835016 598684042
983979532 418485680 72183793
-627930847 35335673 66348338
-654316172 -861194981 832480864
-137915126 -377849657 -365875540
-431826202 -576352953 408205832
-949243877 -652265456 -842322672
974868404 174196802 -459839977
936003647 -855159862 -36682839
-734875106 57474590 -542290574
-255976345 -120156129 -895210310
895591371 -289519737 391256298
-836480355 736564985 142579642
5368882 -318963245 -660363767
904226409 -754524759 59150625
-795395624 438967500 -890494627
-665215622 925685612 -717651662
560260858 -442638062 187009162
-926564430 235568520 48294521
-310392402 655109449 -862481480
501265257 10842044 -836026176
-795655214 -441567585 678939
-939097735 -564404655 727881010
17643558 -442420298 -78799446
-556539043 854428872 -958344613
-174007198 -662554651 925271826
-139129098 -638030373 991328891
-238205313 -529904429 -250370310
-870524435 857278733 -439550497
-14979815 -760030479 -243754835
-562003751 704264515 794623324
-772487568 -571462831 -101703033
698863564 -432272839 -903286678
-125128752 326598854 -888755593
712074868 -823308268 176732055
-854347377 706479372 458533738
-368937692 -201031719 -574264321
-968600474 -886859787 826650658
731061577 -652192019 461982995
-298253873 -617206018 409247785
-19317236 215208850 -535650422
657409648 -984304196 -288617980
-691956760 946081301 -996411904
666306292 -204113591 696943942
-983640110 -528828706 -294704541
809688483 592991021 -612495015
355072413 726609072 8264271
585652927 -520425967 959721268
-517660005 -654985984 -353491071
-446407630 -884057610 388093032
-997819617 485582637 548613748
929860086 59710171 -337199319
-278098908 672841784 658883010
813824341 529804910 257065371
331851818 -77401200 -117118993
20994193 -562504351 -859312216
-658667149 -144514826 -951202956
383122975 -61444861 688390238
133174286 220411609 946470193
-20360360 -547243503 355632962
413044018 -353428035 67634690
-681768082 -651155608 745198242
-873334600 33751036 212198572
635828428 881708190 664314808
448024316 -938741836 -148184318
-149533489 246325298 844025023
-552208396 -53558790 -292760780
-310515487 -899755611 160293536
201312813 -932380823 858246928
-697802826 115747675 529982675
856263191 -952627348 -398284569
-984299876 244823802 -730403037
-265682181 464865071 -447354901
-406243032 -219585124 -477871700
-921181260 993930522 709310300
49377956 434142315 -256250652
44294119 830197386 34471988
-905409198 -862876589 202721712
-980350373 980310663 -375959361
74527492 -487666366 -912564192
965015935 760998287 920388565
272573821 722842506 -909863966
104204885 778339067 -349556440
-652733793 965170807 336655349
397231241 623187236 -140718082
-992319550 -672480859 536043089
-926848932 -948486408 112818155
-882288948 178657661 -649850405
-738697215 897241225 741888465
590579284 -701469232 -403444558
-613389982 219292116 -854044542
-808600054 -642597575 -653709
48701141 -268370567 -830591399
406949156 -678371872 907641069
674627696 508839831 625303601
929407515 -884764661 -998690323
-532009934 -970936776 -623982884
312637926 -928176837 -765490476
255280345 121039825 472143663
-857029679 -106932075 116065160
-961323005 -90769322 898374934
835862947 -509158189 -571372670
663850942 -96378148 234018481
828085128 425923291 -801694408
-599071902 -151100722 131812986
-25761644 795154908 -5098897
989711869 64896969 -520708894
-996053379 -14121162 -869341663
-315838382 -363004268 477771443
-401709327 487805989 -361289438
716920985 -161415340 -894161832
-855600069 635819288 981534968
-443770637 -727281321 980417189
-518280828 -162158317 -866446530
612721431 -53207828 -484343359
-740696908 342224160 61528808
170663115 17812653 318330966
629116110 -981424389 850173890
981323187 495024378 -980779132
-333429389 -112831179 -970576877
462038762 521388071 9922144
324669143 880201245 236453733
-949549069 -312865830 150775062
-622775411 785828436 -860966647
917109187 -10482149 -167402715
625285966 -546099796 52528553
-12672380 -653320871 439905668
669015547 -99767267 -178114504
-445608743 -939019624 841656516
-553139596 -841325274 -297147321
318623314 397166207 -709819371
-87968292 -334410866 759334583
448877386 715226107 -509754788
-267695567 92307395 -344781652
-713475847 453555019 565977159
715399114 -282784480 -690433802
303938157 737992159 596099893
926094339 504258665 -628921067
-262820516 -811260514 304799067
805941962 645487450 103596664
888583998 -623341359 681592899
129152266 -612883499 367505524
-215699885 540507806 -202724354
144023716 82438496 252698708
-948267939 -206388634 -323155491
-325738730 -508864512 916089898
-211009823 575942467 635106851
633610015 597247051 -825118431
787373705 519385490 -717029883
-241843115 -961215871 239780165
597911046 -875556573 -462247857
-49364140 346691800 443495458
-852542073 317312678 -847137031
602775865 476205454 674366751
693888011 269306688 -324786921
-556335620 -889655564 -931498014
71900717 833365321 273646074
-56761531 994479828 -261758870
-906063509 616132301 254266228
-100041624 -552183521 862943087
-470750248 -253634532 -959761528
-475699556 481051399 -842257061
-502876841 -821972785 -518216769
-923596731 -638461616 454360537
170554224 -549923566 506153016
-706545381 -923724615 -76295780
-356549523 -483059785 -995054631
35334421 -400963639 -36415090
-773351471 -775056409 -532737722
281468642 -762571210 -777511142
-831847510 -983046220 -979272273
-570893697 321026840 851696431
-331066958 449972853 -248837826
357018802 694647650 253926348
-243951847 -38318495 475070971
74404867 283115119 -237281138
346298638 588762844 739947779
571656385 108768492 -438170720
-726396004 267045178 -254863737
662170545 -875998341 -104879262
814390843 175325148 -52773804
401523711 534454313 -980040607
323439233 -652686237 -315265846
107955533 135990972 -886844781
6298251 283172773 -892899731
153525656 593855871 -197497841
-169816420 255707230 -367850234
-502545782 -855001353 -767688374
-448313299 -704216503 830519326
-889318813 956053994 303228074
52374720 -233809753 -353836159
-951094866 -978200240 -212796118
880160097 338816619 -458195580
280901573 -370559045 99910824
-778022015 835102261 65211596
173151914 -489177953 435016925
-946835402 557501617 -292456889
-106406505 -411487721 -934197833
-920616012 713122106 -933477022
-123596091 -842777375 -981633838
-984483767 697834013 -655727909
467668874 -338808267 -514712036
880887019 -919575585 -431457262
-453502086 191514667 -181598159
-307428952 862760860 -538355671
-465358271 502392355 204179755
-29627365 -343902170 -816993113
480233863 679390534 -300020037
-944689464 -456773027 -859113319
22044960 285897355 -130222292
-669157417 199249133 621675143
-968112975 971088956 -121986708
-321288304 -678520794 230101485
-986413464 678041605 -516724462
682028350 503941923 -310905245
-42838772 -562280525 -210846265
878260947 -326360145 -122038137
457201936 614137632 -380078724
850857002 -862425572 834312567
-986755229 -355841121 -506103582
549500084 -855767354 -703582502
-584787367 -371430388 643341327
-449280287 340968251 36457458
806401358 -133795306 679108988
519946187 -761146200 -245055504
-461458662 -452482349 654077209
-602914234 -257661648 445200521
292278624 886471935 -998483871
-994094690 -999910544 -873415838
-275719487 4338438 -740418244
932468899 -991348204 -941572652
-938439782 357015575 -663069215
-913966612 655080543 -189140447
533061248 617797467 523371248
360607830 939059072 -410661087
-13510264 155345460 -119152869
670328916 -965046362 254521828
185961017 -740357798 -530606082
61809800 532232108 463355195
-73716274 730233184 -896651515
31723439 -999596784 -291357886
-178192731 515278181 409524018
59511757 -253154706 -415498735
677412708 -490267807 -458551819
979053617 552255191 -906202970
666851600 -544430011 514475005
-74162290 -78603187 -767723526
370739690 -511945382 -110851104
-34705804 157732681 -838076620
-572693466 -334104343 274994208
669511957 -686640858 -229460649
-906633973 -872761411 345154391
46950577 -404276648 -245941254
778063269 -26403687 618652611
-223992740 889247461 247853354
-27843192 548345343 -285161572
-498541339 429595122 -860798950
348402072 -650140983 -86898938
-24931081 -894169988 -622260298
62656752 -161870988 -905552700
881782292 626328231 953214158
-913214054 -320548050 -307886067
-825001111 774374553 27221602
956905498 922115280 243395585
-940022945 5899096 -811174943
-202189009 -256903677 -605438386
-160027910 -635149661 323181012
-116033761 490020921 726935603
-869039992 363077197 -890055935
832803919 348143087 698222671
-185236611 -357251498 320937558
791276259 -29050474 -363427963
67267516 246707842 839957845
824473293 -795746936 -567894225
-352939388 -879981759 -856349455
204368486 134714817 127298582
-614495207 951808763 682421219
-624062111 -543542060 295655562
-604770970 -351584124 -872835887
990027045 -740137781 -921002945
-544528437 668003258 177350053
748922621 108241457 -649256616
382679911 -116595499 465645950
564251393 490490203 354176001
517015176 -431209566 899116720
-936843422 -891899289 -244884032
-921525123 -538373950 267735786
-190677555 370295596 64954304
138016014 -155751592 -238529518
-858490758 513620787 207077403
820203470 698132164 215525548
-884907603 70046506 728866884
693228538 706300322 -157932428
607546621 220391293 -940540620
-917140186 571286373 -285594712
238954714 272109555 165030073
641542085 833493905 -499091907
-852985354 786132703 252748299
-957683793 402127126 911584222
-88991873 -837002141 -447590292
851518867 -650067027 544013780
-146956295 190910624 160461594
-49479691 65947463 -208865141
-579955911 -949420688 477923487
-667682127 28176138 786524607
476433196 -666029338 478968562
234344697 367352979 473974363
-965647659 215190856 -457373651
-893302203 264987285 -566313623
-398669823 -715764769 -170945241
447575457 410721725 -372665179
-267703078 -349703652 467213030
474087014 413178230 -128010076
345158155 963439333 579892092
-582534096 -525868442 -980126004
915900480 477404039 503620251
-860493615 -95825595 716072479
414597046 842037807 204120088
-501312165 -271589096 481422164
-695818841 438332244 -888728902
-994414914 -622899098 -567288226
55415112 -906469619 -983723618
792977275 -538191077 -731276983
-880215827 975475878 786467278
-457479854 160436158 42379284
-196671035 -885291539 461770214
-592355320 -692955281 486239291
268260718 583833196 640851959
-828155138 972809860 -870737444
694144446 -535192770 -245125122
844329252 -937086183 -891717320
-526047213 -39306177 -177319782
-530935891 -846090649 -120860531
528729200 -545201498 -956507980
-146452166 -620032271 794181531
84579813 449933933 234199146
-542374714 -731798819 -986853942
66308923 763315195 -969368068
532631742 -407176987 306136795
-987361981 -817332401 -877586257
-92708259 720007171 -128546983
589729558 -541301514 525077493
-724233728 -983101384 -151118930
291020925 -547173945 965099871
-875285279 642804787 755118899
403001686 -99783041 -406921230
-722346209 327947093 -964466164
-386966052 573364290 -211389881
482165020 221856651 637600707
-38215185 905761634 -683793311
292674708 376002671 -187335946
-797913034 514337250 -953964829
207965150 594194412 -876454960
-895521092 -191720857 492815848
-862156494 -586229460 -88630608
973700566 955409202 -301159313
-786021516 -898740889 -799510946
941707342 366644185 -42336938
728149044 -981442276 669870421
440366130 370831820 28076963
490588739 -928711290 575282678
-132202658 -570474903 198239982
742510231 954246407 -318258899
695622086 -874991736 794255578
-858402104 272099909 -665542795
-911091176 810844505 666330770
444541819 778082299 -990730181
978539051 -179899135 931086444
273755071 302059620 -694096620
974950107 520855377 -271720570
179822015 974187306 346318600
-555756587 96740352 -766407521
452936870 -509509193 686074802
-90596582 -402501140 -684387114
747948239 215300577 807736216
-503279968 14206167 -838374320
-767215866 117813347 -596569571
-293642798 521780534 -194214809
-30447830 544675376 -801918774
-887479300 -244242179 -943199896
768344580 171416597 -469411334
659100448 24500440 -258756484
-889425647 -647612417 -562342846
-244893932 -55116796 -413510202
681325969 -991132689 939320915
446873844 -679350684 629060813
463943837 -492820320 875029686
724385802 686740615 -48058880
0 0 12360431
0 1 -298052349
0 2 597867344
0 3 435425976
0 4 -117781832
0 5 -74592908
0 6 257526887
0 7 758038180
0 8 386541360
0 9 -422431736
0 10 434795175
0 11 -563491039
0 12 -683306239
0 13 -107290951
0 14 -915230544
0 15 875170410
0 16 176529422
0 17 502313699
0 18 -897515546
0 19 -948762771
0 20 559320719
0 21 580124909
0 22 -20393345
0 23 511735289
0 24 -908513914
0 25 -393389039
0 26 -229991474
0 27 -69171112
0 28 -722960897
0 29 -112575305
0 30 614325900
0 31 -694991020
0 32 -922822565
0 33 83385157
0 34 495375199
0 35 859062241
0 36 24714408
0 37 -589919810
0 38 94025112
0 39 878350328
1 0 -674495191
1 1 -270029444
1 2 -329152298
1 3 827561480
1 4 -164672923
1 5 795785519
1 6 99012320
1 7 328436729
1 8 -790360871
1 9 444153304
1 10 -637553976
1 11 -382628599
1 12 194176574
1 13 528276544
1 14 929066733
1 15 461786910
1 16 -857294324
1 17 829584722
1 18 -182399615
1 19 -889435460
1 20 -150139480
1 21 -491655879
1 22 -678231930
1 23 -46823524
1 24 -859327687
1 25 -341566428
1 26 634098844
1 27 -299300503
1 28 -972664784
1 29 -411627068
1 30 989227034
1 31 -668409639
1 32 32138801
1 33 -956733212
1 34 -925798223
1 35 644561137
1 36 -708116873
1 37 -535703995
1 38 -74117514
1 39 -954788017
2 0 161417810
2 1 739637774
2 2 -354997338
2 3 719902552
2 4 -989429939
2 5 12977260
2 6 163766608
2 7 -260399105
2 8 -293288054
2 9 440428261
2 10 429193109
2 11 -660569091
2 12 -510090841
2 13 785291109
2 14 -180291106
2 15 133764208
2 16 -460061871
2 17 -677091084
2 18 -270749413
2 19 -354367907
2 20 -265933350
2 21 -139624947
2 22 417789711
2 23 277580952
2 24 -990478522
2 25 -134049744
2 26 427272291
2 27 610158533
2 28 -497412122
2 29 -983273351
2 30 326947653
2 31 -244121636
2 32 646234920
2 33 552988795
2 34 -797209110
2 35 5917710
2 36 541148315
2 37 345361312
2 38 469628897
2 39 -453089481
3 0 794494941
3 1 -90644464
3 2 -884551475
3 3 680152821
3 4 -864298655
3 5 -155301723
3 6 -812377653
3 7 -715460058
3 8 -55957621
3 9 755772644
3 10 902628430
3 11 841534407
3 12 973497842
3 13 241870303
3 14 942105229
3 15 637324309
3 16 -95248332
3 17 -541208624
3 18 -825930140
3 19 650763710
3 20 -903040790
3 21 -330206544
3 22 -430678923
3 23 218087793
3 24 431885524
3 25 501742279
3 26 966464910
3 27 -439057660
3 28 741333134
3 29 583100854
3 30 -341763972
3 31 -865592722
3 32 -890888253
3 33 307533651
3 34 926346382
3 35 195870239
3 36 -298776761
3 37 -295448859
3 38 -234148199
3 39 895920679
4 0 -787730756
4 1 644648294
4 2 80415228
4 3 -977141157
4 4 -184872468
4 5 -297496594
4 6 -980082763
4 7 673100000
4 8 -450494243
4 9 633693416
4 10 713588244
4 11 -837304798
4 12 -938950861
4 13 -411883756
4 14 51901406
4 15 986728660
4 16 -348616817
4 17 388540388
4 18 753453655
4 19 26191065
4 20 -475786934
4 21 830118542
4 22 621037995
4 23 815035912
4 24 -896699601
4 25 -676609145
4 26 -415696701
4 27 -551742937
4 28 407224601
4 29 -331130926
4 30 104121387
4 31 -906435320
4 32 -997520669
4 33 -752415663
4 34 -443326589
4 35 987706045
4 36 432685216
4 37 -867721247
4 38 -376131478
4 39 564265197
5 0 39558214
5 1 227039524
5 2 -282695723
5 3 -186081261
5 4 911212699
5 5 -939335953
5 6 430195240
5 7 603691210
5 8 344062622
5 9 59812090
5 10 -442307306
5 11 -905869683
5 12 966320160
5 13 -996228023
5 14 567242112
5 15 -433759225
5 16 447508483
5 17 -513881326
5 18 -615850518
5 19 -771828560
5 20 406891299
5 21 213613305
5 22 -986039486
5 23 803024438
5 24 -998337727
5 25 89845908
5 26 -792500579
5 27 379964414
5 28 35192051
5 29 944586480
5 30 -90668262
5 31 -761632521
5 32 647497064
5 33 253981088
5 34 262661470
5 35 -202634300
5 36 -277621213
5 37 -939412000
5 38 -109836432
5 39 -330849709
6 0 973283708
6 1 331833326
6 2 14497794
6 3 788150653
6 4 -926108371
6 5 -151172746
6 6 135236441
6 7 -219622283
6 8 248902523
6 9 442388821
6 10 -195602117
6 11 -617927247
6 12 -229081614
6 13 405217848
6 14 -875435547
6 15 603787426
6 16 -442456095
6 17 -722139763
6 18 -60918144
6 19 -239272534
6 20 629675847
6 21 94289771
6 22 978862424
6 23 -445560665
6 24 276237553
6 25 727373901
6 26 951907344
6 27 -940633335
6 28 406800310
6 29 53728304
6 30 -779812052
6 31 23496868
6 32 867514381
6 33 661596437
6 34 953420157
6 35 -464175113
6 36 -257511446
6 37 6881678
6 38 485417374
6 39 368483430
7 0 -444286455
7 1 -975688560
7 2 -743686426
7 3 418283345
7 4 -718579753
7 5 -433165448
7 6 -234423090
7 7 -886968124
7 8 -936681812
7 9 -727296082
7 10 690412779
7 11 -299207639
7 12 493931052
7 13 866302582
7 14 -398769725
7 15 -567063332
7 16 -648453073
7 17 -819130497
7 18 -678686875
7 19 -645423097
7 20 569119449
7 21 -245572673
7 22 596923115
7 23 694305508
7 24 840393697
7 25 -892557488
7 26 -328295880
7 27 381694795
7 28 -591646540
7 29 -101104607
7 30 485782393
7 31 -951972104
7 32 -148043898
7 33 106066570
7 34 821743420
7 35 332519668
7 36 -669577096
7 37 -984877069
7 38 534859283
7 39 -107980862
8 0 662443034
8 1 -557170678
8 2 -602908603
8 3 -686722886
8 4 617338763
8 5 836979301
8 6 -926220922
8 7 -741348275
8 8 -825136356
8 9 -59452220
8 10 -362841182
8 11 -795928267
8 12 75787050
8 13 -929304200
8 14 -10219197
8 15 -347721877
8 16 192679204
8 17 719163626
8 18 -908931225
8 19 -284618356
8 20 -411937687
8 21 338328939
8 22 -962697653
8 23 -141070366
8 24 -432718554
8 25 -501528891
8 26 916109395
8 27 -649351917
8 28 -283261898
8 29 -180420378
8 30 997171007
8 31 695925438
8 32 123760415
8 33 -22253061
8 34 -974976253
8 35 54521258
8 36 318687817
8 37 -932340107
8 38 -197711507
8 39 220964804
9 0 -627127000
9 1 52405422
9 2 590120404
9 3 106675688
9 4 -985511640
9 5 817421686
9 6 -219717550
9 7 529032745
9 8 381506503
9 9 28486154
9 10 73900711
9 11 -802417777
9 12 -389647517
9 13 -514266546
9 14 -74765046
9 15 345370402
9 16 -27071108
9 17 -418415123
9 18 903786756
9 19 788268895
9 20 -910582490
9 21 -817396601
9 22 742310702
9 23 35759519
9 24 90376786
9 25 119457854
9 26 149040351
9 27 -312566199
9 28 -897800763
9 29 -447772687
9 30 341587574
9 31 -125201550
9 32 -63205356
9 33 -870523870
9 34 6705439
9 35 -963796479
9 36 -958516321
9 37 -292754483
9 38 980784015
9 39 895838374
10 0 242153701
10 1 -905202771
10 2 797140694
10 3 873499320
10 4 -596174516
10 5 -8640321
10 6 561743986
10 7 -514678475
10 8 960745035
10 9 -137269886
10 10 -876881092
10 11 7436019
10 12 -911300292
10 13 200974135
10 14 804708268
10 15 -215389728
10 16 -828868174
10 17 -926647833
10 18 529500120
10 19 -112578701
10 20 -125769097
10 21 -948882342
10 22 -943985164
10 23 -867950227
10 24 756401511
10 25 18441745
10 26 -131896410
10 27 656501628
10 28 935414084
10 29 34609472
10 30 -871204234
10 31 -673116587
10 32 -474627716
10 33 329085631
10 34 -941453112
10 35 -204210743
10 36 -11717482
10 37 -931241380
10 38 -429054706
10 39 -664010078
11 0 890602534
11 1 496731414
11 2 -986397044
11 3 -667610410
11 4 412533070
11 5 -947393337
11 6 -816263469
11 7 -174656431
11 8 1748909
11 9 817471302
11 10 -674526420
11 11 93826055
11 12 107286317
11 13 359066934
11 14 381165443
11 15 -222598769
11 16 108123891
11 17 94200648
11 18 -556856024
11 19 -130521376
11 20 792244075
11 21 425282938
11 22 382191596
11 23 -3218550
11 24 630363907
11 25 268695860
11 26 60917018
11 27 -898761120
11 28 -548958913
11 29 326339615
11 30 86310998
11 31 -854887001
11 32 -313011171
11 33 123219123
11 34 -988897238
11 35 554336751
11 36 876357079
11 37 -965904655
11 38 -513885103
11 39 -689351834
12 0 641658250
12 1 -230915829
12 2 -216837315
12 3 144625194
12 4 311773292
12 5 237168179
12 6 -652397479
12 7 633910140
12 8 689363640
12 9 803678667
12 10 -484753341
12 11 -957223967
12 12 843719808
12 13 -511109302
12 14 -34417971
12 15 -20717752
12 16 947608897
12 17 -652554936
12 18 643548792
12 19 679916443
12 20 599392664
12 21 -241769327
12 22 -40004020
12 23 553038580
12 24 -367514299
12 25 857350652
12 26 -706844631
12 27 677097940
12 28 -679151799
12 29 913138131
12 30 195290812
12 31 -855308693
12 32 -101222296
12 33 -11507743
12 34 131560980
12 35 356826500
12 36 -304781594
12 37 -853082259
12 38 366171332
12 39 -313376682
13 0 -783901458
13 1 -11293609
13 2 -89991663
13 3 464814730
13 4 -251733475
13 5 -342411590
13 6 -297089969
13 7 -935804779
13 8 445110187
13 9 -475343192
13 10 126133490
13 11 -40714894
13 12 109693877
13 13 80736319
13 14 -867828698
13 15 -551231825
13 16 -739137677
13 17 954629608
13 18 -750463095
13 19 695548281
13 20 -988698885
13 21 640682871
13 22 842013022
13 23 -679016564
13 24 932176609
13 25 -514570487
13 26 880158824
13 27 -595740323
13 28 -978930210
13 29 -273178843
13 30 921359602
13 31 -886977786
13 32 333724561
13 33 743713462
13 34 206585005
13 35 -382580609
13 36 -744353398
13 37 -173688446
13 38 261710133
13 39 -891593389
14 0 200904767
14 1 -19775127
14 2 871469186
14 3 801236524
14 4 -917099435
14 5 -973319071
14 6 -754716251
14 7 -884323273
14 8 -354402186
14 9 563719346
14 10 -531002782
14 11 568963026
14 12 -256779584
14 13 548448421
14 14 -980303401
14 15 609807457
14 16 50745762
14 17 -826343079
14 18 6792784
14 19 496737689
14 20 -74204271
14 21 -905120762
14 22 -774170402
14 23 -920246195
14 24 913775221
14 25 286638184
14 26 -193797498
14 27 -42111291
14 28 -553881132
14 29 -154697761
14 30 -639401787
14 31 489313490
14 32 331456417
14 33 857874209
14 34 -462948410
14 35 -953464935
14 36 32238683
14 37 736708918
14 38 -797481073
14 39 73281717
15 0 739155275
15 1 716782597
15 2 -993394580
15 3 717242716
15 4 -116281024
15 5 -650141467
15 6 879214578
15 7 -907369528
15 8 -136130132
15 9 90580451
15 10 259079526
15 11 435394765
15 12 -807012146
15 13 863467099
15 14 -594788759
15 15 273232869
15 16 -436019794
15 17 669987666
15 18 -745526156
15 19 499166149
15 20 -614934290
15 21 998783364
15 22 -196721486
15 23 226173662
15 24 -146937584
15 25 -163943913
15 26 -157109865
15 27 -897560649
15 28 -288737729
15 29 951305912
15 30 408994563
15 31 -788123944
15 32 330109659
15 33 -567671520
15 34 -365396423
15 35 -633361316
15 36 616968200
15 37 405765701
15 38 -557034583
15 39 581987510
16 0 142159766
16 1 -327155500
16 2 225366466
16 3 -990038893
16 4 -377631986
16 5 -657418997
16 6 -892520247
16 7 977147775
16 8 -924262241
16 9 -431458380
16 10 14561743
16 11 444162825
16 12 -47215413
16 13 352621362
16 14 423776927
16 15 -991685485
16 16 -593365390
16 17 269969818
16 18 569733198
16 19 177398442
16 20 -70277557
16 21 186213656
16 22 -713953428
16 23 103507417
16 24 -511547740
16 25 829527501
16 26 503221283
16 27 -785072708
16 28 593332807
16 29 -953584175
16 30 -149781304
16 31 -95780324
16 32 185301974
16 33 -519488626
16 34 363335905
16 35 483402147
16 36 -943849144
16 37 -233752272
16 38 -37343107
16 39 -479995480
17 0 412589227
17 1 789350775
17 2 -776278575
17 3 808242355
17 4 2937647
17 5 -148290312
17 6 787289716
17 7 -581988238
17 8 -312687722
17 9 -221658354
17 10 -418119038
17 11 63954573
17 12 -5179315
17 13 -814956871
17 14 217429409
17 15 78904510
17 16 605883988
17 17 773312688
17 18 484238167
17 19 -181357800
17 20 -460944258
17 21 -954763649
17 22 -312005083
17 23 -956030610
17 24 579340622
17 25 55340490
17 26 847185624
17 27 -152258811
17 28 697946892
17 29 -802777047
17 30 315686078
17 31 -703458390
17 32 246047700
17 33 101144489
17 34 -660556903
17 35 737901069
17 36 -988895381
17 37 861444905
17 38 -959669292
17 39 683903550
18 0 -127625172
18 1 530949771
18 2 -692033122
18 3 667754885
18 4 -929328157
18 5 -401789454
18 6 239744126
18 7 -482910708
18 8 996097393
18 9 -78898543
18 10 74480812
18 11 915260292
18 12 889913047
18 13 -440934000
18 14 541133451
18 15 997338336
18 16 433700289
18 17 -957267012
18 18 684043655
18 19 -908938078
18 20 174863355
18 21 -136934143
18 22 -32185581
18 23 483714562
18 24 -800409072
18 25 99197092
18 26 -843214450
18 27 -509601989
18 28 -489247526
18 29 -346373848
18 30 -718938894
18 31 -479061619
18 32 221085238
18 33 -474514868
18 34 -550822232
18 35 -211535445
18 36 -895664027
18 37 756009670
18 38 -62237818
18 39 694697257
19 0 230397238
19 1 -928982333
19 2 -658174059
19 3 308961734
19 4 153460576
19 5 -782261320
19 6 682591183
19 7 -148159030
19 8 -842344468
19 9 -105162985
19 10 -720288854
19 11 345330408
19 12 867960575
19 13 132122985
19 14 -282203968
19 15 -809089593
19 16 -333204357
19 17 600655195
19 18 80738495
19 19 695423258
19 20 -529527458
19 21 -859476260
19 22 538023838
19 23 988865581
19 24 -578837808
19 25 -730824792
19 26 -31419054
19 27 288276722
19 28 -424729184
19 29 891828421
19 30 -696381232
19 31 -132950828
19 32 -976835274
19 33 -992780686
19 34 -281993283
19 35 -737880062
19 36 316373142
19 37 -885438769
19 38 295898999
19 39 -165171633
20 0 416745937
20 1 166633273
20 2 -499757174
20 3 -11834948
20 4 705765266
20 5 -993903507
20 6 -795628871
20 7 80205070
20 8 922685116
20 9 -533492058
20 10 -841342915
20 11 696588245
20 12 -413506815
20 13 180754564
20 14 -946339644
20 15 -235056403
20 16 556564904
20 17 972006728
20 18 -760254694
20 19 588460479
20 20 -891312802
20 21 862792624
20 22 -660459586
20 23 991644823
20 24 -649307329
20 25 -317380921
20 26 -922971101
20 27 -292350588
20 28 -943928818
20 29 540983030
20 30 879898805
20 31 -540430873
20 32 -922063886
20 33 605081093
20 34 -487462951
20 35 -998601107
20 36 855591852
20 37 -114536930
20 38 361785298
20 39 812567218
21 0 418275243
21 1 -971137035
21 2 -494008484
21 3 -789008149
21 4 73155187
21 5 284603319
21 6 -934844490
21 7 414629720
21 8 -313547749
21 9 -681255680
21 10 737597145
21 11 618836803
21 12 482372651
21 13 -80226821
21 14 -113494871
21 15 616114572
21 16 702382719
21 17 769947351
21 18 661248003
21 19 -694527370
21 20 -884013499
21 21 -686941421
21 22 -34441872
21 23 -911361904
21 24 -356319083
21 25 551690616
21 26 -965991983
21 27 -797999520
21 28 382755406
21 29 -392689661
21 30 265030471
21 31 -868730904
21 32 -400711947
21 33 -984917073
21 34 -375732871
21 35 331923140
21 36 540932320
21 37 -672941949
21 38 981881202
21 39 422128415
22 0 560099574
22 1 -837305811
22 2 -743700060
22 3 -678532746
22 4 -574685292
22 5 -256838420
22 6 967104750
22 7 -779943733
22 8 396044824
22 9 -202587210
22 10 693680281
22 11 -183717214
22 12 478106093
22 13 -622385574
22 14 -347397662
22 15 -218756767
22 16 786253525
22 17 -478578498
22 18 275266077
22 19 -897419735
22 20 -389996407
22 21 65319092
22 22 -924714275
22 23 359380912
22 24 51330100
22 25 430777543
22 26 -987591366
22 27 89736849
22 28 898874057
22 29 85878509
22 30 -308543935
22 31 141187914
22 32 438744743
22 33 955809518
22 34 808195813
22 35 -154647187
22 36 -681896860
22 37 -85395895
22 38 -728392623
22 39 755156915
23 0 330270268
23 1 -974104431
23 2 -803984996
23 3 -482842943
23 4 580726947
23 5 -849843078
23 6 772718760
23 7 -17192351
23 8 -627284698
23 9 -639815862
23 10 -932508491
23 11 958882156
23 12 -314868960
23 13 -902548870
23 14 364309184
23 15 -862769397
23 16 385839636
23 17 -193171780
23 18 -157475675
23 19 -758429399
23 20 -877037642
23 21 -417634778
23 22 -273002542
23 23 -338635732
23 24 17524535
23 25 -898995038
23 26 958021600
23 27 -711533227
23 28 231502027
23 29 397899413
23 30 -863941085
23 31 -388245160
23 32 -986888779
23 33 -898325883
23 34 988779602
23 35 -470011991
23 36 -607426195
23 37 383442541
23 38 -616144783
23 39 990978071
24 0 -642785641
24 1 175597148
24 2 741766512
24 3 978673767
24 4 380583140
24 5 -69788556
24 6 836607177
24 7 -991908715
24 8 516382432
24 9 -890439719
24 10 158198286
24 11 717186171
24 12 932278715
24 13 634590995
24 14 -209488665
24 15 -370371211
24 16 -693117046
24 17 709802000
24 18 934713718
24 19 -727856285
24 20 923343086
24 21 -358111161
24 22 483277416
24 23 -199672687
24 24 31926750
24 25 283049521
24 26 -899947008
24 27 -190766644
24 28 545797369
24 29 -508378302
24 30 -793664984
24 31 -924923703
24 32 338200258
24 33 932132077
24 34 -237319654
24 35 326452830
24 36 671915978
24 37 688917050
24 38 -919067010
24 39 -516030807
25 0 -317634117
25 1 -545737537
25 2 -140690916
25 3 -400339854
25 4 -701553985
25 5 -427437489
25 6 -230495041
25 7 -925243997
25 8 -566105045
25 9 999430459
25 10 364404917
25 11 635569392
25 12 731386822
25 13 -59831802
25 14 327973973
25 15 472229214
25 16 782244667
25 17 -95836842
25 18 -172782394
25 19 229299569
25 20 -939099399
25 21 335678498
25 22 892586078
25 23 -966718844
25 24 -367032787
25 25 733671911
25 26 -424262417
25 27 -769979231
25 28 -246512692
25 29 964905358
25 30 -79989461
25 31 -722014281
25 32 -863576831
25 33 -150201579
25 34 -923777897
25 35 -21598743
25 36 712552136
25 37 907702875
25 38 862602646
25 39 -951317464
26 0 429388409
26 1 145669020
26 2 -104425248
26 3 -66703172
26 4 -572943241
26 5 225966483
26 6 983009979
26 7 -414931607
26 8 600426238
26 9 -881863319
26 10 -900520699
26 11 781245210
26 12 -500565227
26 13 711832176
26 14 95954669
26 15 994246336
26 16 -414024248
26 17 -598097501
26 18 -19244094
26 19 -852906794
26 20 -984674917
26 21 -63401876
26 22 -888559524
26 23 965577307
26 24 -745699741
26 25 743756151
26 26 -446816229
26 27 -941538505
26 28 595896939
26 29 470772020
26 30 -197171416
26 31 -428851203
26 32 -958377253
26 33 -690588182
26 34 -843014675
26 35 -984069268
26 36 301295407
26 37 397579500
26 38 627336507
26 39 -966148142
27 0 -955795111
27 1 -268570106
27 2 -683783441
27 3 664872730
27 4 723535434
27 5 -72310793
27 6 751789511
27 7 391024539
27 8 -500848716
27 9 -638827772
27 10 64516334
27 11 -339099914
27 12 548485099
27 13 -220747751
27 14 -870940718
27 15 -642781181
27 16 -724339246
27 17 -125984869
27 18 -621373231
27 19 -116729194
27 20 -866109764
27 21 -237617163
27 22 62345789
27 23 -179868042
27 24 757817123
27 25 -776641889
27 26 -886404125
27 27 -900868451
27 28 -12691910
27 29 -283405409
27 30 393893076
27 31 -505131082
27 32 49806151
27 33 9422459
27 34 -732972963
27 35 -967865960
27 36 -86577016
27 37 634459768
27 38 774620649
27 39 268970552
28 0 874638640
28 1 -417293115
28 2 947372422
28 3 -99767491
28 4 -634770557
28 5 785946912
28 6 -233429335
28 7 65799868
28 8 497867587
28 9 -215531505
28 10 -433007545
28 11 -998628843
28 12 -559607569
28 13 -750887106
28 14 -657934847
28 15 667602614
28 16 360029267
28 17 -838137446
28 18 -275512458
28 19 -926276902
28 20 -600638791
28 21 -395005422
28 22 869728004
28 23 -13260074
28 24 484983994
28 25 711592964
28 26 -519572991
28 27 -166435885
28 28 -49610529
28 29 285972615
28 30 904903843
28 31 -954552349
28 32 210231617
28 33 226423581
28 34 -935594506
28 35 -516248492
28 36 -503515814
28 37 846766419
28 38 -528678003
28 39 -509308321
29 0 -639534463
29 1 -642176987
29 2 282504456
29 3 -910613648
29 4 834867561
29 5 -382635589
29 6 -772548001
29 7 -482294842
29 8 -887950338
29 9 882746721
29 10 799162030
29 11 -964329361
29 12 189199866
29 13 -572005493
29 14 461818241
29 15 -638031399
29 16 -382910496
29 17 -924549316
29 18 839243293
29 19 698885703
29 20 -415553251
29 21 254301941
29 22 589741531
29 23 896972276
29 24 735470788
29 25 193366811
29 26 290520318
29 27 -926123219
29 28 971758724
29 29 -824705744
29 30 140359962
29 31 365240976
29 32 -295702987
29 33 17425071
29 34 219217436
29 35 -867122742
29 36 -995931848
29 37 924561509
29 38 -21236357
29 39 324117140
30 0 -875050654
30 1 839785105
30 2 329481644
30 3 -207084883
30 4 839131523
30 5 443701520
30 6 113187188
30 7 -849976977
30 8 -518254464
30 9 -329709981
30 10 320487585
30 11 -736363128
30 12 -154757376
30 13 -38664415
30 14 529250340
30 15 -352545807
30 16 -879102656
30 17 13500873
30 18 694467760
30 19 -640823149
30 20 745802603
30 21 307013138
30 22 -47537967
30 23 -885757800
30 24 -291179552
30 25 -897006969
30 26 612941469
30 27 -519486548
30 28 513158251
30 29 -377261282
30 30 896537017
30 31 -52576762
30 32 137694556
30 33 -564756680
30 34 569284893
30 35 893204360
30 36 358821324
30 37 830372659
30 38 904882868
30 39 -978597749
31 0 334433637
31 1 -674737715
31 2 -588927329
31 3 -757940178
31 4 -957984701
31 5 730259895
31 6 -159353766
31 7 -756150742
31 8 -31714964
31 9 -428570326
31 10 -742005422
31 11 36865425
31 12 -316744154
31 13 -370716365
31 14 690742774
31 15 608231728
31 16 -984103233
31 17 698407926
31 18 941039241
31 19 -638299362
31 20 -199631064
31 21 -839215013
31 22 -559332194
31 23 880729736
31 24 -169253048
31 25 -418842788
31 26 287715082
31 27 151440047
31 28 954662701
31 29 480783380
31 30 -890333591
31 31 -661428006
31 32 847731682
31 33 -603613758
31 34 850829568
31 35 595696595
31 36 491406320
31 37 -799263744
31 38 -21407871
31 39 170453908
32 0 121231277
32 1 -842402327
32 2 -728759943
32 3 -652994814
32 4 -623642708
32 5 -876855103
32 6 -807427418
32 7 840159875
32 8 820590406
32 9 -34561156
32 10 -116605499
32 11 812537203
32 12 -544803971
32 13 -87631228
32 14 232866458
32 15 -993839210
32 16 -121891443
32 17 -104697433
32 18 48623800
32 19 425350916
32 20 654628554
32 21 -837560347
32 22 -748210250
32 23 -859400847
32 24 774342744
32 25 26792965
32 26 815123341
32 27 -387484453
32 28 558557047
32 29 156382849
32 30 -203811154
32 31 -621140560
32 32 172779443
32 33 247007633
32 34 -4544053
32 35 926051821
32 36 732396518
32 37 763388978
32 38 449237435
32 39 -213823999
33 0 -239331956
33 1 130445398
33 2 -374486250
33 3 -823449151
33 4 854822599
33 5 -711629930
33 6 -326000210
33 7 -146411333
33 8 724411870
33 9 -402716638
33 10 454601361
33 11 -315065497
33 12 -472543541
33 13 -999373850
33 14 589845854
33 15 -967797476
33 16 901943390
33 17 -26482993
33 18 70893717
33 19 -686894333
33 20 -247166332
33 21 744610061
33 22 -134494404
33 23 -916815029
33 24 4696002
33 25 350973500
33 26 -278054243
33 27 -180762649
33 28 573965842
33 29 106597689
33 30 529480019
33 31 -825371207
33 32 377934582
33 33 -706893847
33 34 441038007
33 35 372697464
33 36 -770490244
33 37 -916065103
33 38 359412309
33 39 304319996
34 0 -533888353
34 1 -377864586
34 2 -880691581
34 3 360577801
34 4 414893864
34 5 -4711366
34 6 320354181
34 7 -891900129
34 8 -854952514
34 9 -607388743
34 10 653741939
34 11 -433013373
34 12 -380709563
34 13 422517943
34 14 -704289772
34 15 564342559
34 16 -905921538
34 17 -132074618
34 18 -754939495
34 19 531924694
34 20 114641934
34 21 -519620092
34 22 649762552
34 23 -337004739
34 24 223090891
34 25 341937513
34 26 999122395
34 27 -996612170
34 28 -847374460
34 29 63234816
34 30 970660511
34 31 -983186387
34 32 845601015
34 33 -629758564
34 34 543753046
34 35 696839187
34 36 -360321759
34 37 -47062068
34 38 -864492087
34 39 787669792
35 0 -429588924
35 1 58341975
35 2 946709745
35 3 -923971483
35 4 -858974681
35 5 -122196643
35 6 -503520958
35 7 -685458734
35 8 -611411974
35 9 784122913
35 10 -968888578
35 11 -971373113
35 12 144593073
35 13 -349792782
35 14 -737368245
35 15 510287652
35 16 -127111249
35 17 744410633
35 18 883964460
35 19 669975581
35 20 29293669
35 21 -971570490
35 22 213427441
35 23 986168250
35 24 235228204
35 25 870217236
35 26 875303459
35 27 -842452525
35 28 191828317
35 29 759927789
35 30 -334922955
35 31 192819365
35 32 -883989211
35 33 -289964393
35 34 329380149
35 35 644462033
35 36 42158174
35 37 854322209
35 38 367537431
35 39 -377969391
36 0 -586263920
36 1 827837675
36 2 441411398
36 3 975040223
36 4 779599224
36 5 -740610295
36 6 -995388595
36 7 -370886982
36 8 -699272593
36 9 508641168
36 10 -883626532
36 11 -984679169
36 12 288167903
36 13 -659714104
36 14 118079381
36 15 923144010
36 16 196788916
36 17 237084562
36 18 -930778148
36 19 -572423083
36 20 -560578731
36 21 -772722019
36 22 314583652
36 23 -355820001
36 24 906351812
36 25 293853490
36 26 -553965084
36 27 -461993045
36 28 363336974
36 29 -926822611
36 30 -962878650
36 31 -833807892
36 32 209232493
36 33 876739776
36 34 629166963
36 35 -917340803
36 36 -917330232
36 37 -919369562
36 38 -340626760
36 39 184469401
37 0 819672867
37 1 -392859905
37 2 -593768791
37 3 260428259
37 4 461983852
37 5 -315428996
37 6 160504672
37 7 155784304
37 8 918852887
37 9 558351164
37 10 -776683083
37 11 759983196
37 12 -773215280
37 13 452963959
37 14 55676225
37 15 -608879888
37 16 -990738870
37 17 179267952
37 18 751529867
37 19 198993786
37 20 -54017035
37 21 842807913
37 22 -860551414
37 23 -118152557
37 24 461916788
37 25 244274620
37 26 -829457751
37 27 -596778235
37 28 -271774112
37 29 -731409338
37 30 69281111
37 31 155511147
37 32 867467030
37 33 132297888
37 34 85807306
37 35 -917087791
37 36 825691588
37 37 -500015889
37 38 791636569
37 39 -708839149
38 0 250264448
38 1 -170265890
38 2 896954932
38 3 -598941833
38 4 -90733047
38 5 347213665
38 6 -839213707
38 7 -949887697
38 8 820728243
38 9 -470735649
38 10 566750908
38 11 942344008
38 12 -818309007
38 13 -747198184
38 14 858047837
38 15 759155622
38 16 654674168
38 17 -996347645
38 18 808300105
38 19 596870199
38 20 122648381
38 21 -693695803
38 22 224373321
38 23 324628015
38 24 354750661
38 25 -47559475
38 26 822646530
38 27 -878679749
38 28 -734996460
38 29 -652202643
38 30 182160278
38 31 -344093495
38 32 -270521631
38 33 493591632
38 34 788134922
38 35 441206893
38 36 -830337460
38 37 67010050
38 38 792559117
38 39 -99875579
39 0 -308628020
39 1 342600330
39 2 981110548
39 3 860521903
39 4 624798936
39 5 313576391
39 6 -803697814
39 7 -961277777
39 8 -317991369
39 9 539354495
39 10 -972258434
39 11 924394519
39 12 388582517
39 13 -932770528
39 14 -162395710
39 15 -494348664
39 16 54115279
39 17 -506562131
39 18 -660088325
39 19 -187224169
39 20 993462777
39 21 642455569
39 22 -78810373
39 23 588607231
39 24 -709769452
39 25 -34680905
39 26 -578133827
39 27 -797806908
39 28 -613599679
39 29 -764762746
39 30 483910307
39 31 -124797455
39 32 384579466
39 33 -923763729
39 34 -615490297
39 35 720288740
39 36 500199751
39 37 -232259399
39 38 263298109
39 39 -407588795
