2000
999999925 999998925 359048455
999999328 999998076 -69453915
999997709 999997291 198153855
999999767 999998857 -902689910
999999633 999999541 -925142816
999997067 999999114 -312253904
999999975 999997485 -235556839
999999496 999998836 -591329473
999998724 999998035 786761538
999997719 999998494 675754650
999998470 999997611 -816770194
999999250 999997295 -783965444
999998680 999999442 334266984
999998448 999998643 -768854304
999999359 999998154 809985684
999998956 999998224 -277289412
999997969 999999013 -303389265
999997239 999998950 555867048
999998266 999997424 -381754363
999998520 999998900 103862119
999998863 999998453 411744355
999999509 999998467 86042429
999997023 999997749 -553576095
999998375 999998040 171638464
999998203 999999106 29709432
999999792 999999820 199310434
999997469 999999843 -643265667
999998600 999997869 519948900
999998690 999999715 -746716370
999999632 999997957 535273263
999998763 999998545 411558011
999997959 999998602 -215214600
999998863 999999359 -492389368
999998353 999999079 913444498
999997385 999997712 -562679861
999997856 999998705 382538186
999999880 999998373 -463476126
999998410 999999917 -443482905
999997466 999998633 847585495
999997492 999998270 -119118742
999999012 999999732 807379818
999998877 999998577 397574827
999997391 999997413 -244569456
999998697 999999441 314576921
999999866 999999290 207869349
999999604 999998276 -609723575
999997806 999998736 -782854422
999999270 999999033 -105264855
999997027 999998238 -972097698
999997791 999999931 -465664164
999998128 999997988 -596247100
999997867 999999656 -60714556
999997097 999997856 830207904
999997310 999997529 739464867
999998859 999997153 -514896649
999998044 999999384 -117695649
999997050 999997942 577517536
999999164 999997094 -339029886
999997099 999997467 -376261408
999997583 999999396 -870734206
999998237 999999822 461655050
999997365 999997631 -994130305
999998086 999998775 59520104
999997347 999998382 210409624
999998129 999999432 -704182950
999997151 999998143 -904374649
999997656 999999396 -792901074
999997169 999997090 232684199
999998210 999999886 -140334003
999998631 999999518 -564588716
999997128 999998200 -646011318
999999952 999997422 101861581
999997257 999999012 -999113349
999998249 999999116 -299607912
999999107 999999300 -719979581
999997548 999999110 -554319941
999998868 999999916 425368222
999999498 999997057 -449335639
999997752 999999378 162550030
999998651 999998751 225822831
999999530 999999777 -787170933
999998318 999997054 836056695
999998520 999997010 496405811
999998097 999997621 -1743085
999997939 999998385 -969091718
999999929 999998428 -107279795
999999892 999999403 267641445
999997475 999998038 -943893591
999998492 999998886 153589990
999998627 999998656 3427426
999999221 999998648 23252624
999998320 999999825 490312764
999997348 999997428 -737647822
999997306 999998642 585836411
999998348 999997202 -925061061
999997137 999997703 130999642
999997618 999997518 -930488316
999997050 999999932 -635584358
999999656 999997103 378140503
999998779 999998156 -141614585
999999822 999999165 -770235059
999999699 999999565 -988135478
999997263 999999153 -776048327
999998110 999998709 42146093
999998534 999997047 -229568766
999998779 999998188 -984722890
999998826 999998735 436590945
999998537 999997041 772184008
999997441 999999019 390410717
999999831 999998636 -941027912
999997821 999997640 700483310
999999689 999999527 116640794
999998403 999997489 -709151621
999999231 999999236 31665477
999998788 999997541 273305672
999998724 999999019 232665097
999999450 999997738 -600512164
999998498 999997855 -124530320
999997823 999997521 -278243474
999997657 999997443 693691450
999999439 999997570 -544037714
999999397 999997591 635126108
999998123 999997051 238816649
999997265 999997954 -89329785
999997218 999999052 245222825
999999144 999998583 75887299
999998003 999997140 -991715285
999997486 999998063 461281802
999997618 999997369 451586304
999998412 999997342 151115728
999999381 999998840 -861769480
999998656 999999977 325639942
999998262 999997598 -596653318
999998104 999999964 -660007263
999998687 999998905 407111572
999999794 999997943 -499829499
999998250 999999090 -145464682
999997230 999998436 -341029006
999997342 999998294 696729846
999999385 999999989 -984592605
999999189 999998201 -559456070
999999656 999998819 -928292067
999999540 999997481 179425156
999997320 999999988 -419459707
999998113 999998667 -770648546
999999263 999998942 -414897234
999998770 999999628 -312914499
999999557 999998986 228230745
999997652 999998243 -981003944
999998915 999998614 994390621
999998162 999999393 -987151170
999997504 999997652 -872140884
999999974 999999765 -524204651
999999003 999999702 557038117
999998800 999997392 -132462420
999998431 999999844 -352160269
999998728 999997331 205979310
999999214 999997460 -784922580
999998836 999999514 331851892
999999435 999997783 -429232221
999998477 999997457 656725011
999999233 999997349 380550718
999998641 999999838 330572070
999999611 999998789 -907142888
999998279 999999099 -668067609
999997695 999997448 614758287
999999095 999997339 -760166487
999999844 999998964 -875545155
999999374 999997867 14746913
999998047 999997586 -324936466
999999669 999999088 265084649
999998083 999999684 819701500
999998088 999999203 -551565630
999997133 999997314 885077828
999997445 999998950 -734996534
999997697 999999082 -95873222
999998210 999997178 -978389302
999997306 999998475 700510616
999999086 999998557 -187643606
999998259 999998463 -886802234
999999636 999999833 557802576
999999063 999997463 630599705
999997248 999999865 854489069
999999909 999999757 -588367784
999999420 999999396 -580330997
999997203 999999431 -975591468
999999032 999997456 659394437
999999241 999999633 -877121666
999999538 999998890 -689607772
999999978 999998225 -928314293
999997398 999998072 -287041693
999998686 999999197 -867055283
999999571 999998711 948517832
999999962 999999215 -933411899
999999103 999997325 72538658
999999015 999997253 890463411
999997262 999999769 -854806123
999999429 999998489 -175582236
999999756 999999234 -308237939
999999915 999997453 664525335
999999165 999997476 -348833350
999997917 999997125 -987219266
999998141 999999086 -116052779
999998753 999998198 456158587
999997188 999997078 -420939082
999997373 999998356 -963598945
999999713 999999903 -946035277
999998605 999998841 -966097712
999999292 999999070 384832366
999999004 999998011 -996325004
999998132 999997804 780238832
999997552 999999577 660225230
999997581 999998103 -799393706
999998156 999998095 -996537472
999999431 999998437 616200055
999997685 999998842 748636046
999997972 999999318 -608791071
999997192 999998147 611066576
999997398 999997718 230989956
999999711 999999345 801188152
999999724 999998448 915752293
999999430 999999020 -449638
999997805 999997137 139114085
999999990 999998398 538077787
999998499 999997973 -875672570
999999174 999997906 -336876257
999997578 999997106 541875095
999997586 999998173 -579412238
999999313 999999821 838145277
999999726 999999558 -540606833
999998915 999997710 723602673
999997226 999998926 -879878603
999998833 999998130 916961097
999997435 999998699 -966901310
999998645 999997389 593443373
999997759 999998832 832211866
999998830 999999607 375097900
999998471 999997596 -374506907
999997032 999998966 -392219839
999997817 999999407 247848467
999999365 999999187 555049985
999999708 999998927 717555650
999999148 999997245 -973926208
999999674 999998105 689902509
999998308 999997961 -276088317
999997661 999999965 -977918287
999998438 999999834 -233118297
999997524 999999504 343276005
999997349 999999338 -658095103
999999391 999999219 156201657
999999630 999999843 202606684
999999423 999997365 801100182
999998309 999998966 -523498457
999997381 999997774 -481105974
999998709 999997362 -867910849
999997706 999999648 -733978443
999998375 999999071 54434160
999997912 999997188 141807098
999998559 999999859 -904097846
999998360 999997275 101203454
999997692 999998552 -948187436
999998745 999999590 -908359041
999999122 999997969 -851433439
999997403 999998442 186869926
999997530 999999852 -981955501
999997243 999998275 -907581522
999997801 999997362 392948140
999998938 999998718 172753805
999998040 999997087 128887851
999997821 999997195 -968899496
999999087 999997054 631904551
999997824 999998813 -917284319
999997234 999999814 316876505
999997784 999997646 -997100287
999999373 999997463 -879416358
999998313 999998228 -321085818
999997354 999998541 718106760
999999913 999999860 11006962
999997314 999998706 352278668
999997213 999997770 -403192598
999997724 999997436 -251743723
999999866 999997985 -766303062
999999435 999999732 -89865978
999998503 999999808 184917205
999997559 999998171 658476473
999997803 999999075 -459924048
999997120 999997768 -376339459
999999995 999997061 -37395980
999998146 999998987 809792051
999998039 999998046 193797787
999998089 999999809 -756809932
999998144 999997634 34758261
999999320 999999177 185385968
999998777 999997649 195203591
999998590 999999121 992545444
999998723 999999916 -869518830
999998358 999998391 807440253
999999047 999999879 726180690
999997675 999998696 903381976
999999316 999999274 -328663710
999999975 999997102 169110074
999999672 999999667 673256570
999997246 999999750 -39097253
999999596 999997093 43389304
999997179 999999728 436044995
999999493 999997218 140283130
999997319 999997169 394097231
999997451 999998402 416608768
999997297 999999286 -540006238
999998629 999999272 -510110333
999999906 999998419 -614796260
999997602 999997306 926063194
999998878 999999344 714861529
999997148 999998990 921114997
999999813 999997635 715366994
999997152 999998764 583726927
999999219 999999160 -744306546
999997933 999997859 -899732121
999998489 999997650 518090400
999997128 999998315 107444729
999998556 999998377 341524359
999997384 999998160 -285938134
999999979 999998440 582099131
999999351 999997672 -490695393
999997363 999999286 262722192
999999317 999997359 -999970324
999999928 999998190 -797403895
999998346 999997610 787331390
999997221 999998522 -83810660
999997739 999997913 248740089
999998376 999998210 171349907
999998178 999999820 -80875872
999998746 999997463 463808159
999998549 999999540 -988387189
999998339 999998945 -123071846
999997424 999998843 990570492
999999076 999998250 508564165
999997387 999999592 -427903343
999997064 999998974 244000015
999998018 999998291 -951513299
999997823 999997007 59831622
999997588 999998243 -492362795
999997549 999999793 -698107895
999999822 999999073 81877413
999998906 999997386 588676542
999999427 999998823 -789484372
999999642 999997351 -568182641
999998566 999998954 -892380172
999997977 999997520 -65705456
999999479 999997052 411559659
999999910 999997639 -892309531
999998928 999998110 512637413
999997556 999997589 295506020
999997114 999999437 560552221
999997861 999998615 933733292
999999818 999997765 -966337863
999999717 999999996 271302199
999998945 999999645 543945815
999998252 999997246 -884287616
999998888 999998495 -670164348
999997433 999999793 -891699790
999998474 999998543 779045714
999998436 999998359 299602860
999997329 999999652 645154783
999998538 999997201 789734048
999997193 999997914 247702908
999997280 999999615 -576613904
999999961 999997712 979510577
999997929 999998452 -767462940
999998120 999997429 -808274810
999997707 999998588 -751009131
999999048 999999535 354443635
999997809 999997627 -964561141
999997691 999997538 -58733371
999999699 999998771 279394459
999998247 999997041 838849316
999999768 999998539 -961769949
999998603 999999707 -918821537
999999094 999998390 575316172
999997996 999999485 729395909
999999913 999999837 871327888
999999131 999997950 -220404473
999997644 999999227 99438306
999999532 999998325 -915417524
999999726 999998289 -614535927
999997889 999998235 218203813
999998738 999999534 662235317
999998261 999998708 131377841
999999035 999997863 -16765463
999999445 999997497 511156897
999997940 999997075 -101051851
999997526 999997254 725074177
999999349 999999908 -144957299
999999110 999999006 596916963
999998460 999999615 -382086234
999999777 999998237 -541513072
999999212 999998093 -893425935
999999501 999997433 860858652
999999050 999999972 229954356
999997403 999997448 -908949190
999997623 999998445 -355610142
999999810 999999195 -615897089
999998128 999999907 -892009311
999999265 999998435 632949455
999997096 999998072 366265033
999997044 999997809 -389099726
999998948 999998170 -332649456
999997593 999997334 -919775394
999999492 999999715 -104406391
999999583 999998562 -1813911
999998105 999998230 -94691432
999997666 999998159 -124378492
999999758 999997957 47112964
999999716 999997012 -784771074
999998142 999999919 381795457
999998560 999999397 -1609692
999997654 999999533 -860265759
999997213 999999857 263599952
999998989 999998317 -906894131
999998608 999999566 -706241377
999998998 999999750 -351060926
999998182 999997930 -273966963
999998183 999997456 -769961801
999999487 999998241 214210021
999998381 999998151 -841088349
999998533 999998063 407980749
999999131 999997972 193026075
999998527 999999362 -893851420
999997684 999997027 21590069
999998166 999999774 545926117
999997092 999997150 -725742381
999999900 999997763 472505470
999998953 999999272 207483675
999999829 999997570 547823962
999997412 999998087 6738060
999997868 999999383 -981406393
999998792 999999719 -883969801
999998374 999999014 556835897
999999463 999997548 945857613
999998839 999998338 -718478167
999999923 999999175 388763683
999997323 999999286 396633902
999998439 999998798 -821595254
999999899 999999743 -573946602
999998971 999998811 109882560
999999129 999999408 638059839
999998315 999998876 574703363
999998521 999999752 -149840447
999998138 999998946 174048335
999998860 999998570 -698606729
999998365 999998835 -927948877
999999144 999998175 -334980165
999998313 999997222 -277761166
999998325 999999253 -871781409
999998372 999997301 -529341843
999998369 999998851 260564231
999998762 999998582 -967208421
999999490 999997823 47290347
999998610 999999385 947822240
999998778 999998846 481539146
999999629 999999735 -591393956
999997451 999997011 419790830
999999512 999998534 4089464
999997840 999998628 -940469063
999999125 999999404 -784887662
999999817 999998517 -993886131
1000000000 999997576 -548609957
999997559 999997885 -357802338
999999893 999997404 558242998
999999453 999998649 -910748859
999999200 999997009 -309794163
999998272 999998918 -859396724
999999308 999997695 410723375
999999317 999999092 290459501
999999876 999999676 -195407241
999999494 999999429 587477650
999998400 999999871 743486451
999998108 999998408 -66076
999997935 999997588 833608166
999999182 999998158 -16035823
999999563 999999791 340688884
999997637 999997153 94788548
999999997 999998800 -542808403
999999232 999997933 409755626
999997321 999999875 -252102353
999997841 999998297 -571150554
999999726 999998333 443229013
999999795 999997618 -972483740
999999355 999997669 -902054846
999999948 999997962 -469657813
999999869 999999435 386568565
999998135 999998832 -128144806
999998215 999999280 -952833969
999999596 999998922 778601165
999998576 999998244 -953493925
999998800 999999725 331963676
999997294 999999059 -376118302
999998366 999999892 -340810572
999998627 999998478 -975033108
999997077 999998439 -629788216
999998792 999999512 974649883
999998237 999997222 -878597339
999998582 999997788 -268636165
999998574 999998714 -657376634
999998974 999997045 -881163991
999999671 999998969 311398551
999999237 999998799 -483314888
999999638 999998840 207991262
999997179 999999881 90082747
999999643 999997121 -800321608
999999402 999999418 61202134
999999947 999997723 -402610014
999997143 999998281 711039691
999997519 999999283 403937647
999999132 999998165 562463512
999998107 999997600 -341981879
999999888 999998432 965751538
999998688 999997839 -727752214
999997625 999998919 647376429
999997204 999998752 -681485740
999997041 999999307 625775205
999997210 999999487 -642735865
999998704 999998881 909653570
999999327 999997751 452423889
999999937 999997910 484140977
999998997 999999971 -313902252
999999447 999998294 -53455830
999998116 999999869 -160729649
999997932 999997515 -851144069
999999178 999999707 -837562501
999997901 999997905 280552175
999998713 999997697 148932522
999999460 999998371 -215368562
999997498 999997259 882474763
999997795 999999678 365497723
999999227 999999063 -870769894
999998341 999997280 -937215140
999997269 999999139 126670637
999997145 999997608 -458029265
999997012 999997867 -511793286
999999254 999997896 -51920435
999997554 999998073 -952675013
999997058 999998431 -941289552
999999614 999997765 454984295
999997588 999999743 462739209
999998171 999997357 76857557
999998131 999999189 757063153
999997409 999998699 411482012
999999570 999997088 799238312
999998299 999999845 -900103534
999999739 999999632 -27559981
999997917 999999748 -938015641
999999662 999998053 -922879488
999997567 999998662 -945493330
999997655 999998947 -756656408
999997436 999997160 -961789970
999997900 999997217 -388582925
999997560 999999159 -292126304
999997431 999999347 966241112
999998474 999997631 -701196666
999999189 999997269 -611391970
999998324 999998952 119029262
999998738 999999672 -984845041
999998216 999997384 -290580872
999999469 999999227 -578062664
999997592 999998166 97322062
999997654 999997898 726583109
999997678 999998246 364505787
999999929 999999449 464438469
999997266 999999697 429100425
999997342 999997164 -506920769
999997219 999999616 -626691968
999998463 999999835 -663137568
999998688 999998637 894500323
999999878 999999725 -888468195
999998854 999998282 -501585858
999998720 999998077 -333044181
999999620 999999432 -402247482
999997419 999998942 -744074379
999998453 999998268 -141309162
999998745 999999382 -690877071
999997436 999998864 -285771493
999998336 999999449 -101825266
999998014 999997384 449182139
999998234 999998369 -726963384
999997050 999997910 -690497508
999998905 999997070 -109010591
999999063 999999654 -851436191
999999400 999997863 509166272
999999020 999999342 566156762
999997154 999997369 734574143
999998461 999997974 279139035
999997593 999998112 -784207491
999997560 999997896 -945187496
999999073 999999212 -183019863
999999057 999997932 165073459
999999432 999997754 422556306
999999413 999997290 -928489251
999998502 999999165 -410643678
999998042 999997600 -289456908
999998016 999998584 -777261241
999999403 999997396 -960523891
999999145 999999301 -992453706
999997910 999997523 -950943150
999997672 999998300 681676717
999999391 999999677 194042494
999999314 999999822 991767035
999997800 999999164 -653475267
999997785 999997114 389295396
999997380 999998644 -991592919
999997811 999999907 -491796993
999998577 999999230 -914557633
999999589 999997907 -803403543
999997809 999997310 183132119
999999871 999999834 -695181472
999997918 999999470 575308498
999997288 999997147 689227525
999998192 999998639 230796397
999998999 999997885 898043996
999998324 999999873 -742219800
999998204 999998869 867467771
999999390 999999985 -363860379
999997424 999997595 -37828062
999998767 999999336 506556640
999997498 999997059 -750476004
999998158 999997335 770949250
999999836 999999422 -987601680
999999337 999999340 -989649801
999998588 999998492 540421338
999997123 999999104 330617137
999998876 999999819 768683135
999997529 999997920 -726747909
999998280 999998194 -311818653
999997055 999999349 -705569086
999998751 999998503 675894794
999998663 999997388 -17001132
999998792 999998038 741944696
999999970 999998433 -729064269
999997693 999997536 -432980438
999999099 999997247 450443878
999999922 999999448 348939906
999998530 999997730 -67164168
999999011 999999506 625239951
999998798 999999215 -116829908
999999480 999998576 -903893550
999997018 999997764 -243727225
999999424 999999046 256757707
999999389 999999058 83410134
999997835 999999839 -36838770
999999647 999997723 -122691596
999998713 999999673 440231413
999997295 999998082 -916937731
999999433 999999925 663090379
999998269 999997810 -869869093
999998077 999997571 645295984
999998753 999998459 -428160332
999998554 999999124 -964588275
999999431 999998120 531937718
999997016 999997792 53271434
999998949 999997782 574141070
999998499 999997350 -221973584
999999137 999998821 -121111516
999997316 999999990 767506514
999998449 999997465 560323933
999999616 999999107 -102930729
999997700 999997960 42867413
999999820 999997701 -675113677
999999310 999998316 464118707
999998976 999997137 -655712873
999998220 999999410 979728953
999999956 999998277 -79363204
999999715 999998467 -929496546
999997700 999998705 -955887806
999998090 999998214 13285285
999997976 999998240 947152239
999999591 999998985 144578959
999997281 999997091 51108363
999999610 999998295 -912767326
999999449 999998744 683418749
999998053 999997794 -962620297
999998054 999999524 809133551
999999776 999998338 566600635
999997106 999999722 139194267
999998851 999997110 -715973
999999217 999999195 264140964
999999346 999997748 -801319708
999997352 999999322 -634323562
999999338 999999400 -260256892
999997015 999999091 -348217885
999999248 999997306 -53728757
999999600 999997927 398637469
999998904 999997018 -84124551
999998530 999999898 -868468698
999999995 999998461 -220535852
999997647 999998591 -12724479
999997957 999998156 423175211
999997365 999999772 -336228123
999997337 999998553 -971959218
999999490 999998815 219180378
999997281 999999664 -22845555
999999492 999997339 -313123225
999997705 999997750 870395367
999997971 999998347 -574602214
999997142 999998456 -816346948
999999528 999999099 -941626489
999999357 999999751 -916479150
999999978 999999241 51477341
999999482 999999338 -248830684
999998729 999997808 -885860416
999999278 999997539 -942448432
999997732 999999540 -772371683
999997187 999997467 -297208488
999999743 999997919 -558049613
999999865 999998688 204224948
999998527 999999207 -227719111
999997774 999998977 -542938815
999997299 999999240 -46365730
999999297 999999856 -282225036
999998138 999997128 914976789
999999463 999997101 -790609682
999999136 999999285 380571101
999997956 999997995 -989064630
999997804 999999192 -970555703
999998540 999997997 -73740361
999998529 999997026 15532767
999998463 999998950 -24496639
999997908 999998692 -990052969
999998525 999997556 -309526375
999998123 999999154 -95016241
999999164 999998583 602054317
999997112 999998580 -361046247
999998190 999998065 769581111
999997542 999998953 913960036
999998192 999998771 8672561
999997639 999998104 -480357768
999999136 999997423 -713425336
999999199 999999936 -488663339
999998526 999999403 -957869375
999998053 999998023 -757013310
999997905 999998840 411151723
999998150 999997594 164472722
999997660 999997316 169966924
999998279 999997601 -684088086
999997177 999998917 -430019236
999999412 999998780 391168817
999997100 999999476 -575260671
999999226 999997235 110652407
999999288 999999186 902809035
999999534 999999390 -728886657
999998675 999997588 -567835680
999999472 999997546 553562989
999999069 999999040 882934395
999997558 999999866 210268304
999999818 999999898 -825578801
999999253 999999247 -324517528
999998841 999997524 364749808
999999222 999997791 -122672081
999998501 999998504 -588857798
999998467 999999917 -847780239
999998059 999997254 -699260900
999997642 999998024 -643757007
999997300 999999448 -484139668
999999536 999997307 -795752141
999997291 999999672 -887627303
999997361 999998365 480275436
999998140 999999423 377720364
999997107 999997092 -971990245
999997374 999998771 -913455617
999998014 999997962 -840002672
999999035 999999064 944424296
999997668 999997342 837945959
999997323 999997266 347013814
999999761 999999431 -68276026
999997622 999999300 -162457067
999999918 999997148 73396305
999998622 999998181 164359356
999998863 999997723 976177125
999997145 999997039 -675999848
999998237 999997181 815775987
999998766 999997014 -511477132
999999016 999998490 -358024087
999998833 999999588 -857528721
999999604 999997897 -368040854
999997953 999997475 153207207
999998572 999997457 855660720
999998627 999999941 -110058647
999997419 999999875 737889003
999997114 999999676 640132775
999998472 999997347 599643015
999998603 999997225 -262927800
999998596 999997187 -450263871
999997204 999998085 -909452473
999998233 999999041 290197904
999998156 999998691 463586567
999997131 999999263 -850736211
999998433 999998480 108182075
999999318 999999795 57516641
999998845 999999394 -772875128
999999841 999998522 79180860
999999318 999997206 -924346120
999997133 999999804 -363393045
999997496 999997907 979769180
999999511 999999019 -947446268
999997582 999999503 -324940199
999999940 999999451 524292776
999999413 999997313 -354933172
999998301 999997986 832238532
999998909 999998130 -496786191
999999065 999998955 -273296883
999998921 999999433 665051966
999999018 999999475 35179956
999998839 999998222 466318639
999997184 999997312 -499211534
999997762 999998780 357379660
999999603 999998496 388296849
999999167 999997562 -942049775
999997757 999999782 -49142163
999997986 999997862 712660799
999998504 999998869 932352290
999998750 999999480 -569929502
999999534 999997486 -434623191
999999022 999998817 -566970534
999998356 999998368 -55821149
999999581 999997961 -208284624
999998513 999997640 -844562817
999997786 999999848 803518598
999999980 999997681 -113473791
999998102 999999777 944896466
999999647 999999671 -651553251
999999902 999999201 150481048
999998269 999997598 -121374835
999999389 999999679 -388594510
999997362 999998399 434293586
999999731 999999781 -888566852
999998535 999997409 70383244
999999006 999997678 -863893980
999998902 999999587 -98402935
999998084 999997532 91088893
999999236 999999781 552618065
999998408 999999605 -896439052
999997432 999998908 -65028580
999999163 999999155 13405831
999998506 999999593 130080364
999998856 999997412 -956993773
999999268 999999691 -881972626
999999324 999999404 394851096
999997219 999998046 146796686
999997601 999998658 548153045
999998379 999999055 568134999
999997427 999997625 55326578
999997112 999999262 -581747630
999999962 999999008 -203512040
999998816 999997384 -943456797
999997167 999997946 971417300
999998110 999997700 273263640
999997013 999997917 432421462
999998991 999998277 -74702888
999999983 999998799 570969590
999999486 999997746 -219769273
999998157 999997801 -983285084
999998042 999999179 245399405
999997427 999997856 -663540571
999997766 999997683 -601237609
999999312 999999709 425593158
999998324 999997046 -712225740
999997228 999997455 -979981718
999997570 999998872 847638537
999997944 999997321 -181233269
999997214 999998912 -627305567
999998580 999998766 986241573
999998997 999998599 187755594
999998383 999998359 -536874341
999998760 999998400 366496964
999998079 999997338 -918901014
999997117 999997048 572848250
999998351 999997181 -157729630
999998006 999999897 -559149734
999997803 999998134 501442727
999998252 999998150 -55525983
999999421 999997963 -653081762
999998608 999997226 -543030434
999998155 999998991 -454483001
999998736 999999784 414063761
999997566 999999418 -449359581
999997648 999999108 144164787
999998060 999999535 -60706621
999997547 999999025 -131105792
999997344 999999340 823656320
999998941 999999363 -590549180
999998680 999997187 -749231113
999997422 999999704 -925901137
999999570 999999772 -374539433
999997176 999997420 -945612499
999997198 999997784 -781392090
999999235 999998140 -887273463
999998186 999998431 -780285878
999999156 999999072 231435453
999999808 999998191 -18338580
999998663 999999098 34772410
999999420 999999104 241779800
999997069 999997205 -758139795
999999857 999997024 -705830235
999998202 999997848 61607347
999998372 999999035 954479545
999998964 999999066 725491209
999999017 999999525 -144507567
999998572 999998698 102683410
999997400 999999722 458748820
999999679 999998723 -756565639
999997891 999999987 548532295
999999586 999997279 -43810911
999998713 999998928 762913468
999999490 999997139 -931209335
999998185 999997247 -428621850
999998889 999997089 -78565442
999998089 999997537 -132496500
999999023 999999508 539179995
999997482 999998830 687225945
999998714 999999117 -287492712
999999111 999997410 -233145050
999999619 999997801 912649445
999998620 999997660 -867877185
999997825 999998019 -731081584
999997757 999997466 668473547
999999726 999999038 -935098077
999999217 999997821 -125706981
999998568 999997560 -746665651
999997203 999998225 -966652247
999998674 999999587 -834132335
999999685 999998496 -285493582
999997287 999999764 292190355
999998280 999997903 -460028205
999999063 999997555 238991698
999998592 999999363 -404110138
999999725 999999519 273510266
999998427 999997565 -138524286
999998853 999998058 -24677754
999997496 999999810 312987605
999998630 999999313 315561963
999998228 999999675 310167913
999999813 999997327 700133189
999998949 999999262 -973854335
999997381 999999374 237469291
999997230 999997633 -21397190
999997153 999997273 -232478684
999997927 999997545 -990686848
999998957 999998580 316891418
999997192 999998648 -318887103
999997715 999997363 335688749
999999840 999998584 -802885907
999999399 999998957 733668973
999999799 999997262 -947317878
999999401 999998156 451465135
999999076 999999336 -280783307
999997223 999997437 388968342
999998112 999997011 536230768
999998941 999999685 -841681664
999998527 999999950 897893518
999999837 999997187 193303385
999999246 999997695 816778842
999998079 999998420 -296418174
999999302 999998768 -95152237
999998452 999999979 756419566
999999340 999998301 684188140
999999086 999997836 -63667627
999997604 999998910 627881888
999999183 999997501 445491347
999999543 999999856 642216061
999999234 999997793 -472922604
999997171 999997764 77003920
999997353 999999086 762047661
999999454 999999268 -988223358
999999628 999998436 -200991354
999997201 999999387 608146294
999999782 999997039 934903845
999997169 999998345 -533773396
999999599 999997889 -277213037
999998410 999997113 716531715
999999742 999999270 -277173057
999998219 999998767 487979287
999997469 999999640 843795592
999999282 999998585 -106892807
999999277 999998556 -997322700
999997689 999999327 -991910786
999998085 999999594 -449569716
999999639 999998751 686078709
999998825 999999140 -41510881
999999837 999998632 -843886848
999997030 999999139 -509267082
999997026 999998243 711469325
999997248 999999488 -993997385
999998251 999997706 -58438322
999998714 999998665 -528344682
999997609 999999501 667043725
999997024 999998204 -676909964
999997622 999999990 108181642
999998393 999999521 -49535587
999997899 999999601 614742478
999998646 999999807 310195516
999998952 999999590 162508954
-999998951 -999997641 -363650664
-999997127 -999997411 -662152000
-999997652 -999998891 257719964
-999998368 -999997135 -68826669
-999997146 -999998315 224847165
-999998142 -999999918 -423086435
-999997026 -999999280 -889905152
-999998613 -999999274 545792536
-999997063 -999997383 439202953
-999999071 -999999413 -744259366
-999999453 -999998340 -73095586
-999998594 -999998696 -708920431
-999998169 -999999101 613522455
-999998712 -999997393 298746005
-999997818 -999997661 -429778494
-999998154 -999998055 -583976002
-999997940 -999997584 621687664
-999999364 -999997593 492887234
-999998132 -999999696 955032735
-999998200 -999997606 7888604
-999997558 -999999732 -244527684
-999997715 -999997933 -462845178
-999999870 -999999704 -690528931
-999998405 -999998779 -210662813
-999999126 -999997464 206358517
-999997701 -999997334 -380128029
-999999172 -999999720 973179455
-999999684 -999997243 387718686
-999998174 -999999532 -376642901
-999998428 -999997201 -152178871
-999997116 -999997181 654152935
-999999557 -999997633 705028730
-999999383 -999998671 -253306745
-999997531 -999997647 392334030
-999999762 -999997856 16263665
-999998103 -999997377 648539162
-999998388 -999999518 -867229416
-999998552 -999997679 771768497
-999998738 -999997226 -724764135
-999999875 -999999863 -306703129
-999998327 -999998308 -868768536
-999999666 -999999908 647572870
-999997270 -999997527 -940758965
-999997015 -999998312 611167759
-999999160 -999998387 809363371
-999997782 -999999907 -992971421
-999998223 -999999212 937426062
-999999691 -999997426 -124331913
-999998681 -999999813 698738835
-999997582 -999998292 -869608880
-999998631 -999999832 -712690868
-999999649 -999999943 -528292627
-999998974 -999999128 446681389
-999997734 -999998818 -690115636
-999997404 -999997780 223519717
-999998832 -999999796 646235330
-999999351 -999999512 -511403756
-999999006 -999997967 928515978
-999998486 -999997832 949708071
-999999321 -999999600 -896768474
-999999173 -999997940 -611025020
-999999375 -999998123 -940231375
-999999130 -999999303 -417551485
-999998114 -999999555 -354855809
-999998740 -999998329 -740054839
-999997378 -999997937 406215276
-999998573 -999999772 486865347
-999999385 -999998974 -21211786
-999997056 -999998955 -666951434
-999999219 -999997508 -427039560
-999997756 -999998705 605990843
-999997803 -999998381 -154955943
-999997999 -999999200 -288798278
-999999088 -999997897 374900299
-999997330 -999998035 -542407053
-999999726 -999999474 -111671586
-999998138 -999999007 -424504308
-999998507 -999999388 -307598019
-999999321 -999999532 857404276
-999997412 -999999462 -723947593
-999997977 -999997849 -933645526
-999997105 -999998472 241383794
-999999230 -999997967 -861987771
-999998719 -999997138 756950376
-999999441 -999998671 -162156964
-999998308 -999999157 -201319397
-999997332 -999997326 -133028462
-999998977 -999998904 -330351046
-999997602 -999998347 -788189669
-999999925 -999999999 316657607
-999999845 -999997968 394571449
-999998922 -999998444 282400445
-999998976 -999998373 -531224059
-999999159 -999997518 -416284211
-999999647 -999998034 59807424
-999998342 -999997394 30501429
-999997362 -999997837 -365976289
-999999177 -999997433 -497577202
-999999618 -999999200 25520472
-999997516 -999997487 -714565818
-999998688 -999998244 440088496
-999999099 -999999871 229224114
-999997973 -999999176 -888185646
-999999095 -999999840 -163982397
-999999074 -999999581 -843541287
-999998073 -999997996 -495709469
-999997430 -999998637 -728768611
-999999247 -999998354 -814256127
-999998858 -999999044 -925162295
-999999209 -999998304 393322205
-999999141 -999998832 291109175
-999998342 -999998049 394913142
-999997947 -999999321 -879975356
-999999254 -999998543 298514576
-999997002 -999997359 194739388
-999999699 -999998141 557320091
-999998541 -999997132 -872481431
-999998805 -999998047 651269862
-999998243 -999997372 -222773408
-999998488 -999999743 702288955
-999997858 -999999700 -625761136
-999999921 -999997387 487291087
-999999376 -999998922 -613923609
-999998159 -999999071 129461545
-999998217 -999999276 -797226274
-999997018 -999997729 -538918914
-999997726 -999998128 -526504874
-999997781 -999997220 510451003
-999999087 -999997256 -867281381
-999999548 -999997646 579265058
-999998893 -999997841 -532661247
-999997322 -999998535 -19215034
-999997129 -999999978 -771065347
-999999936 -999999081 429697576
-999998086 -999999952 -251974661
-999999857 -999999700 -239810486
-999997317 -999998984 -44312367
-999997784 -999999803 -531519663
-999999079 -999998078 -672269522
-999998596 -999999842 -507346594
-999997737 -999997124 222038780
-999997857 -999999845 -447350562
-999998032 -999998016 173239420
-999997737 -999998164 -949889104
-999999031 -999997746 447256027
-999999206 -999998589 -299947387
-999997724 -999999291 -376620073
-999997267 -999998269 -231426136
-999999546 -999998181 -978213492
-999999320 -999999161 -782997691
-999998220 -999999752 763514310
-999998265 -999998929 -975129132
-999999853 -999998465 978626508
-999997627 -999997812 -251244037
-999997867 -999997406 992142441
-999997336 -999999039 -922497087
-999998899 -999998120 477328706
-999997014 -999999857 570968646
-999998904 -999999861 -659829177
-999999712 -999997889 -785674355
-999999605 -999998661 507216200
-999997889 -999999762 -131480142
-999997896 -999999341 -348509339
-999997629 -999997675 -802150137
-999998508 -999997415 729820814
-999998561 -999998387 -956329146
-999999600 -999997216 674917282
-999998288 -999998086 -538604819
-999998493 -999997580 -758354586
-999998109 -999997639 208876966
-999999769 -999999826 -561429008
-999999317 -999997964 577955669
-999999903 -999997355 763092870
-999999072 -999999848 630042357
-999997971 -999997334 -77931421
-999999260 -999999002 525566056
-999999245 -999999455 514306553
-999997916 -999999349 -959812970
-999999697 -999999370 205689144
-999997112 -999999898 801363512
-999999709 -999998590 318221231
-999999451 -999997981 -957424169
-999997368 -999998857 -877960144
-999997727 -999997657 154924791
-999998638 -999997571 808193919
-999999637 -999999848 -896953991
-999998761 -999997562 394708105
-999998659 -999997455 -403543816
-999999975 -999999725 -648015781
-999997619 -999999358 109674095
-999999784 -999997461 884720385
-999998730 -999999694 -968407986
-999998252 -999999746 -876464196
-999997790 -999999421 -990608850
-999998003 -999997687 748674852
-999999969 -999999609 445676027
-999997909 -999997673 -942940962
-999998295 -999997161 257457472
-999998309 -999998602 -876469855
-999997170 -999999532 844442681
-999999315 -999999048 -862725190
-999997686 -999997282 -465498263
-999999960 -999998681 -345966173
-999999962 -999999122 747476028
-999998442 -999998476 -918898246
-999998538 -999999961 -530722081
-999998521 -999997364 -14814905
-999997776 -999998222 -18547459
-999999208 -999998551 -859053778
-999999499 -999999856 127499328
-999998590 -999999725 980256422
-999998391 -999999605 314095700
-999998271 -999997532 -303905719
-999999804 -999999124 -368576802
-999999454 -999998660 -167570118
-999998490 -999998991 -598034026
-999997267 -999997867 743364324
-999998265 -999999769 734725634
-999999200 -999997038 -489505128
-999997532 -999999898 901099939
-999997356 -999998985 16275677
-999998365 -999999727 -697663329
-999999166 -999998011 -790850285
-999997411 -999997744 760719570
-999999891 -999999155 -554353341
-999999355 -999997351 -935839876
-999998415 -999999057 958564140
-999999482 -999997637 115954954
-999998559 -999999057 296497956
-999998250 -999999929 720371764
-999999908 -999999600 751904722
-999997104 -999998736 386362092
-999997137 -999999016 -363006739
-999999650 -999999078 -385236093
-999997967 -999998722 -521581424
-999998498 -999998096 -212165062
-999997123 -999998527 421034725
-999997292 -999999477 52576269
-999997758 -999997222 650819930
-999998950 -999997536 638174882
-999997147 -999999420 323068020
-999999481 -999999445 -882993732
-999997580 -999997147 731769606
-999998308 -999997903 -108735569
-999999285 -999999142 -972094227
-999998965 -999997681 114118289
-999997364 -999997236 -531638347
-999999420 -999997787 -768709351
-999997874 -999997396 -743624037
-999999649 -999999860 725652333
-999999277 -999999433 -558872372
-999997566 -999998958 -419641623
-999997771 -999997953 893405092
-999997555 -999998053 -678528397
-999999463 -999999110 -326090662
-999997529 -999997367 -964970610
-999999590 -999997965 637611637
-999999767 -999998840 -158023472
-999997450 -999999546 -932794816
-999998688 -999997296 729350691
-999999963 -999997030 -442277945
-999998454 -999999970 -484185845
-999997221 -999997144 -162947945
-999999916 -999999072 129208237
-999999899 -999997452 754278828
-999997537 -999999161 209188781
-999999809 -999998119 182880269
-999999104 -999997297 -923087485
-999998553 -999999132 -247006160
-999998466 -999998743 -935292472
-999999718 -999998556 412332230
-999998267 -999997991 -314159077
-999998995 -999997886 655479837
-999999108 -999999173 -716327690
-999999419 -999997211 66221488
-999999490 -999997030 -937842933
-999998707 -999999159 53837130
-999997701 -999997159 731758354
-999999176 -999999836 -940606844
-999999685 -999997684 -600989426
-999997505 -999997213 -923419674
-999999822 -999997024 -789918784
-999999178 -999997457 -785096909
-999999499 -999998482 698095600
-999997070 -999997957 587832234
-999999513 -999998112 -868819478
-999999162 -999999126 -499115560
-999997095 -999997386 76808683
-999997614 -999997681 -621003428
-999997781 -999998013 -51704040
-999998705 -999998320 -848197291
-999998850 -999999377 -924574781
-999999461 -999999816 -358338175
-999998733 -999999256 -251333472
-999998460 -999999924 -637266358
-999997174 -999999618 447105894
-999999671 -999998865 -132441849
-999999832 -999998919 -918236116
-999998050 -999997057 -977232600
-999999742 -999999078 707427832
-999998923 -999997411 401197779
-999998119 -999999657 871936194
-999998917 -999998831 -605835412
-999998541 -999998847 -110300985
-999998758 -999999052 407947477
-999999061 -999999309 -247539281
-999997425 -999999219 -719505026
-999999859 -999999969 -760775728
-999999273 -999999128 -876661257
-999998456 -999997779 -988592539
-999998431 -999999684 556129783
-999999381 -999997887 169054987
-999997013 -999999033 -614315855
-999999337 -999999999 -55231097
-999998975 -999998341 285417626
-999998194 -999999839 884950913
-999999584 -999997371 -862546217
-999998114 -999999215 -167325140
-999998896 -999997883 785560872
-999997952 -999997717 -896600849
-999999187 -999999960 830424381
-999999280 -999997079 528752965
-999997799 -999999680 300796422
-999998565 -999998241 253683470
-999999108 -999999904 -36681218
-999997959 -999997950 451213920
-999999829 -999997809 268393347
-999999392 -999998932 -937729865
-999998399 -999997869 -931072846
-999998917 -999998293 -821161495
-999997772 -999999071 -613978369
-999997232 -999998028 325823271
-999998273 -999998324 -322643421
-999998372 -999997948 267900840
-999999564 -999999846 179089727
-999999739 -999997415 -659415284
-999998670 -999998790 84886094
-999997646 -999998614 -484257114
-999997549 -999999115 -262501804
-999998750 -999997671 64714244
-999998313 -999999400 211972727
-999998375 -999997459 -871967262
-999999778 -999997321 -73437853
-999998278 -999999037 -122889016
-999998809 -999997634 -957854170
-999998519 -999998920 965701487
-999999046 -999998167 -470969832
-999999177 -999999710 339058719
-999998363 -999999810 -832957846
-999998958 -999999859 856142145
-999998899 -999999464 -747438974
-999998756 -999998963 411301099
-999999318 -999998196 -103638101
-999999126 -999999570 -387689692
-999999278 -999998989 587635504
-999998019 -999999345 901804817
-999997941 -999998121 471120338
-999998872 -999998124 -580015454
-999999426 -999998244 -536968623
-999997222 -999999093 758220376
-999997714 -999998081 -129592626
-999999159 -999998056 -37683602
-999999636 -999998410 487787388
-999999245 -999998322 -854517286
-999997281 -999997225 105245942
-999997429 -999999926 543988932
-999997982 -999997662 -205650892
-999997293 -999997688 -125830402
-999998097 -999997551 -176404290
-999997674 -999997031 -829737679
-999997728 -999998674 -357960904
-999998646 -999999183 -326585778
-999999262 -999997281 292425057
-999998803 -999998562 -723163690
-999999673 -999999565 714485536
-999997813 -999997352 -967833726
-999997761 -999997029 -36124706
-999998515 -999997068 276026469
-999999816 -999997001 388510956
-999997073 -999997336 988987900
-999997848 -999997181 582273207
-999999515 -999997341 -808295713
-999998969 -999998239 -416065616
-999997618 -999997066 -927859422
-999999135 -999998068 -370549273
-999997116 -999998249 419718624
-999997042 -999997616 304522542
-999998385 -999998480 546867298
-999999814 -999997955 -905089541
-999999338 -999998211 -805098925
-999999734 -999997139 621643627
-999997900 -999999939 -78229122
-999997902 -999998112 239093424
-999999786 -999999502 173458003
-999997369 -999999639 823995133
-999998031 -999998175 -911888893
-999999860 -999997543 738521054
-999999911 -999998417 -623155643
-999999645 -999997923 -932623076
-999997529 -999999049 -63227383
-999998658 -999997694 965711247
-999997982 -999998743 -916527138
-999998659 -999997694 253082494
-999997419 -999998145 -927592503
-999999743 -999998084 940856235
-999999315 -999998903 949719911
-999998277 -999998490 -447180272
-999997194 -999999761 -836104110
-999999271 -999998663 -111580510
-999997565 -999999159 855519312
-999998172 -999999209 503302976
-999998747 -999998103 596876405
-999999697 -999998192 -294332390
-999998233 -999999453 -592038367
-999997133 -999999317 -264737276
-999998272 -999999935 629994065
-999997847 -999999311 72849726
-999998123 -999997885 996846246
-999998624 -999997794 376813175
-999999680 -999999003 42020415
-999997423 -999997217 -609915995
-999997483 -999999464 726291581
-999998526 -999997720 355896203
-999997536 -999999435 -31306135
-999997819 -999999415 -106370262
-999997340 -999997328 349640159
-999998167 -999998373 -76130571
-999999582 -999998750 776800285
-999997653 -999997025 -260504223
-999998110 -999998148 -247325208
-999998508 -999998059 -920872402
-999999199 -999999700 567957918
-999999811 -999997449 378832400
-999998362 -999998700 317029034
-999998206 -999999651 931842182
-999997972 -999998599 643008524
-999997215 -999997789 39572399
-999998642 -999998409 966298151
-999999291 -999997980 -546875788
-999999980 -999998704 553933740
-999999762 -999999618 -915729573
-999998650 -999999331 652740447
-999999547 -999997807 69028135
-999999157 -999999746 -991592989
-999997768 -999998623 -970283350
-999998734 -999998219 -770140525
-999997194 -999997402 918142789
-999999914 -999997569 21667801
-999998357 -999999983 -329403634
-999998910 -999999832 369483439
-999999017 -999997197 614594187
-999997995 -999997667 -219648333
-999999277 -999998789 183277616
-999999156 -999998256 627074685
-999998505 -999998147 -370644890
-999999824 -999998674 919608924
-999997840 -999998999 -965026133
-999997803 -999999018 902407778
-999998876 -999997601 316199074
-999998161 -999997394 -215705013
-999999897 -999997764 726699459
-999998613 -999997296 553613143
-999999000 -999999817 311158236
-999999342 -999998733 944221668
-999997494 -999997404 179612724
-999998784 -999997796 796061054
-999998590 -999998044 237697017
-999999479 -999998195 -930744935
-999997688 -999997388 -429828865
-999998426 -999998914 -137393878
-999997356 -999999729 905056113
-999999607 -999999759 906911248
-999997790 -999998552 250923885
-999997549 -999998042 -809798211
-999997843 -999998367 27126625
-999997526 -999997108 -983217041
-999997920 -999999663 663947048
-999998012 -999999961 89350979
-999999803 -999999683 188303470
-999997869 -999998214 -725174980
-999999571 -999998477 58742550
-999999579 -999999555 661866921
-999999786 -999997309 -269893317
-999999194 -999999025 -693158325
-999997167 -999997714 -116803974
-999998237 -999997585 571457189
-999997735 -999998098 815158386
-999998317 -999997770 -730157078
-999998555 -999999166 365063839
-999998112 -999997333 24080945
-999999764 -999999557 -85428371
-999997768 -999998342 -130436510
-999997002 -999999751 431079262
-999998829 -999997891 -87599621
-999997863 -999999699 158096371
-999999825 -999998106 292311934
-999997893 -999998994 -232401521
-999999615 -999998952 816656560
-999997826 -999998157 -868218937
-999999667 -999998126 553427163
-999999656 -999998827 672940427
-999998717 -999999874 -984462037
-999998775 -999999843 421410649
-999997919 -999997118 583144325
-999999743 -999997060 190717004
-999998320 -999997902 -937494864
-999998184 -999999014 761909244
-999998152 -999998242 -910270112
-999997851 -999997159 -36362252
-999999833 -999999070 262624893
-999998069 -999998559 112795916
-999999139 -999997332 110112220
-999997263 -999997547 637567972
-999997886 -999997319 943663290
-999997866 -999997646 -148943429
-999999142 -999998717 -143372546
-999997618 -999998087 -268344861
-999999168 -999999486 -340347342
-999999060 -999998750 -804588672
-999999985 -999999816 422117244
-999999186 -999999721 -701954795
-999997505 -999998088 771233369
-999997245 -999999191 -801905351
-999997621 -999997241 -836439968
-999997579 -999998644 -454135298
-999997621 -999999590 -816101289
-999998678 -999997780 -999820008
-999999902 -999998499 -948796782
-999998232 -999999513 781143784
-999997505 -999998944 -694027409
-999999988 -999997231 -958895729
-999999548 -999997221 597286649
-999998525 -999999345 -733115017
-999998252 -999998414 298647126
-999999854 -999998052 628230574
-999997976 -999999498 -842938100
-999997015 -999999841 -363614789
-999997638 -999997246 -464951653
-999998484 -999997440 564915370
-999999410 -999999927 -924485181
-999998238 -999998410 -111303317
-999998928 -999998491 147212227
-999998826 -999997134 -934971072
-999997229 -999999900 81150049
-999997691 -999999229 -619181538
-999997296 -999999000 25494110
-999997880 -999999083 -447773027
-999998184 -999997295 131407532
-999999178 -999998094 358527183
-999999687 -999997437 381306403
-999998919 -999999334 -927041067
-999999286 -999997962 278910239
-999999220 -999998759 655310504
-999999026 -999997201 -675260658
-999999648 -999997671 469623912
-999998551 -999999342 -623895598
-999997241 -999999290 16002173
-999998259 -999997658 -84216332
-999998950 -999998618 523565413
-999997609 -999998482 -498976190
-999998230 -999999414 -84779453
-999997410 -999997787 -869319708
-999999380 -999997299 -957717315
-999998371 -999999311 285203937
-999997747 -999997517 287529994
-999999491 -999997316 -442041423
-999998060 -999999841 320186727
-999997222 -999997082 -610537030
-999999817 -999997368 -785832954
-999997281 -999997971 467267555
-999997106 -999998624 -926299554
-999999364 -999997611 -759261705
-999998435 -999998084 -867393462
-999997176 -999997448 197364703
-999998803 -999997486 38204974
-999998270 -999999942 -119516536
-999999370 -999997251 45870797
-999998598 -999997270 581252386
-999998984 -999998598 63638556
-999999806 -999997765 -994573172
-999997974 -999997089 928937743
-999998390 -999998972 314419861
-999997685 -999998667 140139452
-999997488 -999999080 -602461834
-999997308 -999997353 -425203151
-999998327 -999998974 830262769
-999997287 -999998247 -864317813
-999997115 -999999049 -567969266
-999999635 -999998008 -357874277
-999999531 -999998300 458447135
-999997873 -999997731 46461479
-999997220 -999998862 -754029393
-999999281 -999999330 779848471
-999997734 -999998306 -217188769
-999998265 -999998879 -367396430
-999998132 -999999567 -682306423
-999998460 -999998156 -70518699
-999998698 -999998050 90017053
-999998142 -999999021 -449778905
-999999574 -999998613 -706086915
-999997209 -999999124 -351051366
-999999154 -999998861 -306027735
-999999370 -999998867 902352814
-999999605 -999998123 -192606185
-999998746 -999997565 846824151
-999997241 -999997605 -250081638
-999997655 -999999485 916193422
-999999194 -999998777 296741164
-999998165 -999999310 780663338
-999999242 -999998485 363696822
-999998448 -999999891 274961851
-999997619 -999998800 -572269544
-999998887 -999999626 845749516
-999999520 -999997237 -880714138
-999998311 -999998962 -141782582
-999999283 -999997622 77688944
-999997763 -999997701 -497464061
-999998622 -999997208 -486739862
-999999867 -999997780 -706408505
-999998571 -999997393 907435867
-999997638 -999999031 -840582318
-999999121 -999999123 -90575688
-999997657 -999997342 701931952
-999997861 -999997847 -532647449
-999999753 -999999615 -69857787
-999999341 -999998428 957584333
-999999376 -999999748 -140095382
-999998729 -999999900 266563494
-999997014 -999998846 -148260450
-999999285 -999999307 -592153854
-999999275 -999999757 -492170153
-999998606 -999998561 788109979
-999997456 -999998155 -893907425
-999998427 -999997533 -419388110
-999998368 -999998774 573814774
-999998697 -999999477 -600930049
-999999140 -999998719 -15687938
-999999471 -999997438 518234323
-999997556 -999999974 189506803
-999997454 -999997137 788337997
-999998635 -999999852 -780514110
-999997111 -999999376 -288079581
-999997736 -999998620 -388591633
-999997452 -999998797 -59815656
-999998282 -999997437 325600216
-999997658 -999997692 -909103724
-999999643 -999997133 -200503733
-999999869 -999997982 413208370
-999999209 -999999419 -95988130
-999998815 -999998341 313084004
-999999762 -999999638 592950508
-999998744 -999999659 -410934288
-999997311 -999998510 -65314797
-999998982 -999998169 -237208917
-999998628 -999999047 -865754818
-999997371 -999999194 948272743
-999999076 -999999496 523393101
-999999113 -999999745 -548549898
-999997759 -999998648 -336193784
-999998791 -999998837 849490211
-999997453 -999999108 -505387862
-999997286 -999998186 685734902
-999999349 -999999184 -122290541
-999999457 -999999386 -403248524
-999998097 -999997686 -792727975
-999999534 -999997316 -936756067
-999998806 -999997501 -987188926
-999999977 -999999820 348629757
-999997462 -999999606 870605330
-999997209 -999997141 146986548
-999999527 -999998838 200050920
-999999352 -999997611 48710612
-999998807 -999997098 -230879102
-999998646 -999997811 -635169086
-999999137 -999999736 759045533
-999997161 -999999375 -950461878
-999998898 -999999243 792580252
-999998676 -999998324 -921382332
-999997839 -999999148 -659731495
-999999209 -999998165 396088524
-999999390 -999999024 -385941402
-999997230 -999998795 332681025
-999998956 -999998864 -44147965
-999998152 -999999927 136113023
-999999261 -999998141 154627838
-999997709 -999997958 -655400183
-999999596 -999997287 -255974342
-999998949 -999997057 -441754930
-999998325 -999999079 -807651169
-999997612 -999997672 -820438678
-999998283 -999998870 -808441947
-999997353 -999999716 -348007958
-999997795 -999999512 -796012756
-999997076 -999998012 7050746
-999999236 -999999371 776310170
-999997806 -999998539 812114045
-999999113 -999998306 -587155903
-999997921 -999997175 924629570
-999997695 -999998493 -804495253
-999998370 -999999424 382474618
-999998820 -999998128 3384828
-999998590 -999999331 221092446
-999998757 -999999436 55184810
-999997254 -999998643 729678447
-999998952 -999998796 -145732661
-999998240 -999998909 -391213024
-999999891 -999999127 643470334
-999998558 -999998524 829990530
-999999013 -999997690 -937142044
-999997239 -999998460 890780259
-999998396 -999999219 359971175
-999997846 -999997206 -435773495
-999998051 -999998547 253747306
-999998205 -999997312 982033547
-999998132 -999997438 -257827
-999998563 -999998318 417937274
-999999634 -999997726 -502624299
-999998121 -999999164 348899063
-999997321 -999998845 906415849
-999998741 -999999499 163333268
-999999607 -999999867 -224052512
-999999978 -999997988 -627710169
-999997891 -999997546 453151454
-999999657 -999999172 -548944540
-999997318 -999997378 -932797376
-999999741 -999999844 -686245886
-999998131 -999998837 -355778299
-999999720 -999997626 851503555
-999999124 -999998988 729631571
-999998214 -999999557 902363382
-999998587 -999998480 389857660
-999998500 -999999910 -959281009
-999999045 -999998760 -386987121
-999997230 -999999936 -560917129
-999997604 -999998354 -370249360
-999997832 -999999624 784164354
-999999513 -999999630 -800288503
-999997965 -999999642 867969556
-999997674 -999998354 929751711
-999998854 -999999973 -950021534
-999998506 -999997511 576680316
-999998046 -999999888 -814967591
-999998544 -999999790 -834558788
-999999910 -999997393 395857819
-999997213 -999998308 244757106
-999998855 -999998888 -555531948
-999997532 -999999263 977603876
-999998486 -999999748 646214355
-999999850 -999997959 -160310076
-999997973 -999997383 -835099558
-999997941 -999999671 -866158899
-999997839 -999997020 -185170316
-999997964 -999999925 264141023
-999999601 -999999111 -910912047
-999999455 -999999953 -318971564
-999999623 -999997395 378798789
-999997476 -999997207 -583381940
-999997885 -999998040 393959985
-999999228 -999998076 696278483
-999998960 -999999319 818149339
-999998566 -999997085 354775910
-999999817 -999997022 984065533
-999999401 -999997605 222008103
-999998295 -999998655 -152524668
-999999622 -999998496 288179622
-999998415 -999997891 874819398
-999999047 -999999875 729725360
-999998680 -999997443 -886376711
-999998115 -999998730 -699958413
-999999545 -999998556 -404099702
-999998188 -999999398 307002990
-999998607 -999998115 585113051
-999997236 -999998584 53507015
-999999972 -999998978 915529137
-999999775 -999997057 -418923285
-999998632 -999999639 -103386281
-999999066 -999998133 19523118
-999997764 -999997394 -462537333
-999998930 -999998246 945254564
-999997605 -999997213 939671028
-999998410 -999998309 -131619593
-999999412 -999998441 -228374185
-999998020 -999997934 319377279
-999997899 -999998209 436345610
-999997381 -999997029 16154146
-999998416 -999998573 -626058736
-999999474 -999999680 592732626
-999999881 -999999412 16342311
-999998824 -999999231 -100531136
-999999300 -999999594 -22696211
-999999501 -999999026 -626731237
-999998198 -999997704 -529301500
-999998429 -999998029 950163964
-999997765 -999998781 665955980
-999999153 -999999199 882601076
-999997718 -999999886 -539386270
-999997235 -999999238 795286359
-999998647 -999998705 -774153340
-999998032 -999997338 709554425
-999998291 -999998706 503153720
-999998865 -999999934 -699478017
-999998525 -999997895 -269540836
-999997811 -999999544 -650333963
-999997115 -999998145 -388755790
-999997990 -999998975 -226772175
-999998275 -999998575 -682328749
-999999672 -999997273 -556970262
-999997969 -999997306 -24326774
-999998391 -999998573 358378890
-999997138 -999998049 -228889121
-999999569 -999997222 -476486465
-999999462 -999999856 148007551
-999999051 -999997184 -961483563
-999999634 -999997255 -508881630
-999999887 -999998565 980491819
-999999326 -999998847 -997693211
-999999519 -999998301 -82571980
-999999330 -999998854 646652772
-999997158 -999999439 865705688
-999999458 -999997871 -419290551
-999997978 -999997249 -430414859
-999999733 -999997838 -127872838
-999998227 -999999997 871140385
-999998365 -999999022 773945851
-999997193 -999998416 -491802049
-999997736 -999999998 -172669243
-999997692 -999999919 192020388
-999997315 -999997690 -530441075
-999999658 -999997958 614920129
-999999690 -999998816 -487425143
-999997750 -999999544 978575670
-999999466 -999999923 488587197
-999997056 -999997890 941831433
-999998531 -999999260 -967673124
-999999445 -999997769 -911015875
-999998138 -999999448 -265250464
-999997049 -999997302 -932342787
-999999121 -999997493 -169958133
-999998903 -999999282 140543190
-999998093 -999998299 -975292013
-999997464 -999999538 431365286
-999999856 -999997803 116912823
-999998886 -999997514 -252259852
-999998800 -999999661 -948675659
-999997045 -999999975 556074276
-999997239 -999999798 122384487
-999998923 -999997948 -689797469
-999999352 -999997255 278997624
-999997900 -999999110 -479595626
-999998534 -999999377 -118625855
-999997303 -999997333 582034894
-999997305 -999999370 -657550429
-999999733 -999999254 52882181
-999997554 -999998221 -18466180
-999999787 -999999239 -993122735
-999998759 -999997760 634643642
-999998855 -999998242 -825642563
-999998859 -999997028 530419915
-999999244 -999997263 127156734
-999998686 -999998294 428805673
-999999684 -999999571 533736625
-999999290 -999998903 -183519002
-999998359 -999997046 898077778
-999997676 -999997344 -924066902
-999999071 -999999586 -632301871
-999997306 -999997986 -915341357
-999998343 -999998976 -912360820
-999998959 -999998196 918576586
-999998946 -999999057 413045517
-999997110 -999997674 681342598
-999998899 -999999725 -928681557
-999997321 -999997837 -452161175
-999999923 -999999312 329320707
-999999112 -999999988 -925864612
-999998802 -999998098 -743986896
-999999076 -999999438 -223946104
-999999239 -999999331 119955171
-999998227 -999998606 267573697
-999997038 -999998621 -365912607
-999999757 -999998365 -930629265
-999997639 -999997574 -512667481
-999999178 -999997014 530619554
-999999248 -999999389 729262137
-999997822 -999997711 376029609
-999998303 -999997105 -873610934
-999997658 -999997328 631787499
-999997513 -999999824 -57285347
-999997456 -999997274 509447159
-999999712 -999998834 -79747030
-999998908 -999998699 536417529
-999997141 -999998667 -110271568
-999999115 -999998526 145247156
-999997661 -999998317 -429554341
-999997716 -999997360 765488832
-999998263 -999998543 -659248812
-999997761 -999998329 -854743464
-999999814 -999997497 -173033604
-999998773 -999997648 661079761
-999997013 -999998184 484059016
-999999321 -999999113 -122259135
-999998270 -999999097 559857546
-999997431 -999999889 223946621
-999999358 -999998760 371685693
-999997450 -999999617 565243453
-999997389 -999998440 838899414
-999999896 -999999742 317107484
-999999837 -999999570 -389504824
-999998691 -999999740 144291881
-999998722 -999998234 912987399
-999999383 -999998885 812810587
-999999275 -999997430 838875024
-999998830 -999997390 -142583685
-999998511 -999999717 92657186
-999999451 -999999738 195584957
-999997579 -999999837 62549214
-999999070 -999997369 -664499935
-999999160 -999997727 61927670
-999998184 -999999897 442248052
-999998639 -999997514 369165555
-999998912 -999998590 -775144549
-999999377 -999997259 -595679354
-999998110 -999997698 -148147777
-999998305 -999998333 -553526871
-999999099 -999999456 860559118
-999998853 -999997206 -629743344
-999998006 -999999733 -671991390
-999997166 -999999705 -940865855
-999998973 -999997294 955361055
-999997347 -999998735 201527182
-999998051 -999997615 547299536
-999998915 -999999186 734130518
-999999496 -999997423 640740114
-999997500 -999999273 -993617704
-999998545 -999998346 -869355024
-999997335 -999999460 123818273
-999998305 -999997360 -904536419
-999998431 -999997852 138134383
-999998239 -999997446 -52367882
-999999855 -999998489 502124392
-999997616 -999997181 940922339
-999997260 -999997360 63527204
-999997998 -999997866 -475663350
-999998165 -999998985 358225793
-999998742 -999998704 667897289
-999999228 -999997447 -959605223
-999997857 -999999632 742001319
-999997069 -999999704 711350417
-999998135 -999997833 -594184787
-999998629 -999999026 718389187
-999997891 -999998627 302781257
-999999943 -999999912 669677603
-999999250 -999997408 147638805
-999999576 -999997353 -110305358
-999997070 -999997998 -387586894
-999997095 -999999849 146686111
-999999162 -999999327 505186941
-999997667 -999997675 252671050
-999999096 -999998241 350102368
-999999277 -999998496 405982870
-999997323 -999999696 -319071130
-999997923 -999999873 944008121
-999999139 -999997828 674414680
-999997803 -999997834 -921183590
-999999690 -999998627 -111921781
-999997270 -999999534 944545311
-999999190 -999997704 374996398
-999997949 -999997102 905887277
-999998702 -999997913 -163223704
-999997021 -999997027 432502375
-999998902 -999999901 -240762161
-999999444 -999997174 284237760
-999999147 -999998617 801521499
-999998777 -999998456 234392480
-999999821 -999998204 259705186
-999998429 -999999715 -917942737
-999997929 -999997751 678936229
-999997791 -999999841 56700347
-999998541 -999999162 790314796
-999997780 -999998098 -568051144
-999998865 -999998985 911208969
-999997607 -999997324 507672411
-999997972 -999998399 -857922360
-999997996 -999997579 627208068
-999999774 -999998022 894306407
-999999547 -999997159 -671731475
-999997112 -999997672 -896524111
-999999164 -999999677 -416074418
-999998190 -999999096 685145160
-999998562 -999999859 -855285159
-999999335 -999997882 821407007
-999998521 -999998851 210671048
-999998832 -999999329 637624084
-999998344 -999998790 488903130
-999998122 -999999773 520683658
-999999303 -999997872 771813037
-999998046 -999999322 -948933610
-999997591 -999997411 -642718176
-999998527 -999997886 810029373
-999998728 -999998423 -246810749
-999997061 -999998472 464741102
