2000
999994147 -999991440 -846496532
999999061 -999992173 541474879
999997229 -999993057 -981539491
999999913 -999999793 591121016
999996513 -999993706 -274588057
999997527 -999999233 -132330085
999993294 -999997000 931564125
999990127 -999996951 888434560
999993030 -999993609 -388668064
999998556 -999992440 813481743
999991357 -999999794 482218797
999993835 -999990920 -175083116
999999025 -999997299 -109387714
999992783 -999999822 -809680113
999992945 -999991306 -312301823
999991283 -999992229 -954225777
999992422 -999995858 -229332174
999991309 -999992794 -107032055
999997301 -999996240 -928053718
999998817 -999998944 -822208373
999998604 -999999170 556512906
999994178 -999993199 -877471383
999993196 -999991633 975479790
999993031 -999996177 -761195938
999994197 -999997217 758394536
999996211 -999995603 -969793412
999998511 -999995749 -345562843
999998193 -999994527 720171334
999994741 -999995430 -71952029
999990292 -999994514 -430651284
999998600 -999999059 79784557
999997376 -999995884 -745249845
999996755 -999991225 -814667117
999996274 -999991199 449905576
999991236 -999991487 193103056
999997860 -999994372 191201499
999995842 -999998804 -504802560
999993028 -999992896 -88873603
999997918 -999998177 679739615
999990589 -999995870 567844332
999994389 -999994788 444688442
999996765 -999996685 552959702
999996117 -999994179 -904309352
999995116 -999997795 242684585
999992240 -999999671 -420097646
999994345 -999995464 -265937045
999997607 -999997604 -899907590
999998551 -999999449 -922124530
999997726 -999994125 -32846045
999992780 -999997649 987160219
999992995 -999999631 -905753712
999992200 -999992321 -594090158
999996462 -999995386 -927450801
999993301 -999993570 943274648
999990980 -999990041 808706350
999993837 -999993675 -107999993
999996093 -999998130 -248469264
999996278 -999995352 -63241976
999999906 -999992343 -941219660
999995733 -999994715 -915609280
999994736 -999992671 22793027
999997207 -999993818 714088913
999996823 -999994065 -615116003
999992654 -999999919 172458664
999991813 -999995506 -910129247
999995741 -999993121 -996813806
999993152 -999994050 -957264021
999998219 -999993107 866356073
999996619 -999998083 -956970621
999999899 -999998083 -338581343
999993915 -999995334 -601023289
999995457 -999996079 40180846
999990009 -999997598 837466343
999996211 -999996833 -316767701
999998821 -999990407 669975018
999991271 -999992962 -428640321
999992953 -999998700 -874986793
999998838 -999990860 467778406
999999460 -999997289 369517913
999997481 -999996654 -402114560
999991577 -999991055 -136507496
999998748 -999997188 271113164
999996310 -999991246 -672298703
999993094 -999990335 -561303547
999998362 -999999708 -869245180
999991464 -999994149 602196581
999993304 -999993953 -595389313
999991893 -999999978 509463553
999998057 -999991290 -391211829
999994129 -999996236 863486969
999994182 -999991461 -379094984
999997328 -999999832 993583758
999997024 -999994111 946095328
999997956 -999994273 -176600915
999990396 -999995595 -950715935
999995853 -999999748 -693188680
999999340 -999995805 133863440
999998640 -999990602 868356709
999996897 -999997230 11490748
999993072 -999992938 789099556
999991426 -999995913 206884096
999991178 -999997394 -193862785
999995078 -999994121 -630631561
999995325 -999998984 -930855899
999992164 -999997911 -305203157
999990059 -999998645 -292691877
999998320 -999997094 -456355517
999996969 -999997570 -199847383
999994588 -999991519 -941346655
999999231 -999998398 267952188
999997120 -999991670 -312947793
999998921 -999995525 128039063
999995637 -999990512 -218829626
999996409 -999993636 -141486941
999993028 -999990219 -66679805
999997286 -999995741 -691680349
999996331 -999994365 -891362046
999999687 -999992352 668821379
999991309 -999990013 169259158
999993173 -999994432 -125938733
999990754 -999999332 -975792963
999998156 -999990125 218482348
999996921 -999996035 -672843254
999991784 -999999448 874962003
999993851 -999997878 -226209587
999995981 -999991228 591008376
999994753 -999991182 -888548359
999993134 -999998676 993899362
999996871 -999994634 376971930
999992123 -999991628 120009250
999992781 -999990582 -890950446
999998917 -999998577 537141083
999992509 -999994117 137171592
999998079 -999994720 664447023
999999904 -999991537 932152347
999990789 -999992800 982367350
999999242 -999991144 407701697
999998471 -999994759 -487651991
999998747 -999991044 544645755
999992925 -999993104 539341950
999999605 -999997133 367794238
999996345 -999997899 960561492
999999065 -999995592 -168442332
999995122 -999991000 -674785823
999993472 -999992846 842232337
999990487 -999996311 -535292272
999995129 -999998115 -887519897
999999494 -999998718 -866781164
999999941 -999996256 -441708477
999990341 -999998166 -991621877
999998811 -999994033 -424736710
999997681 -999997201 -630247775
999995469 -999994459 -135926696
999995650 -999997558 44466456
999996771 -999993017 756551025
999992235 -999993623 589552602
999993713 -999999031 968171571
999997802 -999993904 813124114
999999140 -999996209 -291741247
999995423 -999996563 -721451766
999990850 -999993825 -660677354
999996159 -999991212 972810715
999994566 -999999159 -98168062
999999987 -999990211 246856416
999999517 -999997605 -990394627
999996260 -999990640 331585138
999992954 -999993245 23041951
999999932 -999993521 -717809391
999993339 -999997901 -799932266
999992088 -999993960 -524746637
999995675 -999994530 8692145
999990124 -999990368 -7975395
999997863 -999998471 174262902
999999671 -999994856 762090776
999991766 -999993100 283135983
999997889 -999997705 -863058631
999990288 -999991571 -407620083
999990537 -999999650 272426064
999991453 -999992273 -109048202
999992870 -999991284 -756282198
999990089 -999996154 146882816
999994734 -999995265 981597689
999991023 -999997212 -857999367
999992657 -999997739 -995983526
999991446 -999995726 -347033685
999990152 -999992424 -448903741
999996013 -999993055 -907793208
999992138 -999995895 -791707835
999994358 -999990045 487716681
999995728 -999994636 885399291
999994838 -999998079 -394945728
999990732 -999998635 333629841
999998400 -999999062 -120699051
999990289 -999998793 -256810629
999995365 -999995452 -717604143
999996226 -999992439 -607692375
999992961 -999996389 -887553120
999992886 -999991820 -693229601
999996371 -999996143 934989625
999994269 -999999972 149844792
999997428 -999992645 -630419779
999997412 -999995931 -521723832
999998817 -999998330 865278043
999991007 -999993201 728861931
999998915 -999994262 273447716
999999425 -999998076 -895454254
999997980 -999998201 21045146
999991304 -999999049 636733147
999999826 -999990566 246489713
999996687 -999993966 -949417724
999990518 -999995832 -301033532
999996165 -999999021 857696562
999990547 -999992797 450746189
999993327 -999996219 388369440
999999867 -999994992 224802773
999995650 -999998647 -218305499
999995129 -999997064 -954053422
999998584 -999993202 -294605232
999995104 -999992056 -930354855
999992835 -999998163 583148858
999997825 -999993804 -728554383
999997849 -999998196 -911615282
999992396 -999998773 -248501502
999999840 -999995731 -348082763
999993782 -999990561 668585312
999991656 -999994458 109151590
999993764 -999994364 -928012797
999999459 -999995178 -927837524
999994538 -999990348 -7948810
999998175 -999996579 -256323855
999997351 -999990055 123516345
999998225 -999992613 740210371
999997607 -999999021 -14691509
999997484 -999997099 -898912285
999991354 -999990173 -775637621
999992400 -999992502 -213930590
999990969 -999994503 -288989818
999990978 -999994101 -301031699
999995006 -999998932 -661957897
999992327 -999990197 -635166296
999997357 -999996899 -526518912
999999455 -999996731 180926916
999990518 -999991087 166135589
999990534 -999990402 -376096912
999996030 -999995145 390015637
999997994 -999999897 264034577
999992611 -999992956 639641269
999998737 -999992970 574305160
999993134 -999992506 -654411152
999990694 -999992902 692820711
999993383 -999999751 927574155
999998457 -999996139 -925581153
999997916 -999995613 -960178797
999992933 -999995182 70414723
999996818 -999992131 104422392
999997777 -999998377 790937850
999998876 -999997351 -698640179
999992078 -999991712 -257925818
999990001 -999992956 -958504401
999999670 -999995807 650125371
999998569 -999995556 -963752739
999994632 -999990987 -444219976
999990927 -999997980 885483958
999993408 -999991756 -580476778
999995437 -999998847 -376924386
999993258 -999991633 -958418708
999997436 -999996778 632256202
999991140 -999997963 -595455546
999994593 -999994433 936808883
999995072 -999994458 622434542
999992383 -999997609 919479605
999995230 -999997866 -876618663
999994231 -999995863 -603810707
999998184 -999992788 -303521335
999992382 -999994384 17685254
999995433 -999993190 -678573643
999991838 -999992466 243474936
999997404 -999997607 431710972
999993897 -999996564 -95519063
999996487 -999991322 -635656145
999994258 -999991547 428504463
999996313 -999991400 -832115236
999990486 -999990073 -342844317
999999899 -999994431 808863864
999993691 -999993506 576287803
999997674 -999991890 -924303107
999990102 -999990025 293850473
999995288 -999990498 -270168774
999995558 -999991954 -655348245
999994620 -999999438 713627512
999998435 -999995048 -731039451
999994813 -999993951 307270362
999991818 -999999324 717298379
999997018 -999997948 -569095043
999990980 -999993889 -601020191
999994181 -999998079 238007990
999994664 -999992379 -988392703
999990457 -999997354 145060758
999997644 -999997201 983298429
999996128 -999993842 135941739
999990775 -999997899 -31022662
999993846 -999999979 -618485395
999996489 -999992601 -567798563
999995319 -999991244 135977536
999991980 -999991805 365217985
999991256 -999990532 -688845200
999998470 -999993054 -718151337
999997936 -999991636 982665599
999996346 -999994775 -861229927
999993812 -999997440 44555024
999994387 -999999801 458078344
999999714 -999992071 -165181787
999994083 -999995026 -17707904
999998854 -999990317 -967419874
999991659 -999991092 317895095
999995786 -999992474 920499028
999999440 -999996328 161598435
999999388 -999992426 -55342207
999991975 -999994568 605035106
999991565 -999993006 317732202
999999919 -999994939 714280035
999993274 -999994312 -993928004
999992309 -999995774 -174993313
999992158 -999995588 664525342
999992776 -999995368 94743565
999990503 -999998265 454432284
999990590 -999993657 -621377923
999994729 -999994405 396343251
999990884 -999995702 845394206
999993251 -999991089 -565098767
999998939 -999999657 -6295699
999996513 -999999351 -199846354
999995146 -999990003 915914885
999996010 -999991234 -889964917
999991363 -999998838 -970812289
999992962 -999993134 728936983
999995829 -999990408 432888608
999996446 -999996111 316428143
999991939 -999993552 -14716238
999991284 -999997534 -322836448
999992582 -999997152 113890877
999999473 -999995867 -159659067
999993157 -999990801 -60855284
999993489 -999998748 283732489
999997063 -999995616 -684127711
999998585 -999993689 -982830027
999998949 -999996637 -871425263
999993047 -999996266 -666634917
999993295 -999997789 524428517
999996567 -999994915 633588590
999993892 -999994502 -223905271
999995845 -999999565 98310321
999993169 -999992189 548542675
999994047 -999990849 283174937
999991810 -999999134 567726712
999990670 -999995369 -442483862
999990621 -999999054 234442615
999993027 -999996960 76049435
999994130 -999998731 -899259102
999997544 -999990500 126647571
999990735 -999998530 365638938
999993871 -999999189 -428394642
999999186 -999996867 239320101
999999435 -999990640 -731182689
999999008 -999997161 -273025309
999997717 -999990293 -292356575
999992321 -999996423 -357859716
999996539 -999990319 125476777
999992104 -999996555 -914167357
999997527 -999999879 -340541251
999993352 -999990871 -77799720
999996172 -999991574 -863901577
999999911 -999992717 1434583
999998222 -999996177 -975866789
999994232 -999996439 -508365709
999992112 -999996581 -986799341
999993844 -999998879 -748060221
999992191 -999992275 878653093
999998519 -999994083 57380351
999999462 -999994461 709199304
999998089 -999995493 -715688498
999990843 -999990896 -789065494
999995232 -999995533 -941061649
999990948 -999991086 526397797
999999120 -999999797 673948425
999993192 -999995551 439997364
999991784 -999993246 961899008
999996758 -999993633 -433679733
999994922 -999999589 6211926
999999102 -999997261 -781351706
999992770 -999992699 -896335214
999996599 -999992510 -875059237
999994377 -999994249 677186339
999995668 -999999996 664627586
999992369 -999994392 -981991567
999992117 -999999488 882808896
999996240 -999990387 635417992
999994565 -999996620 -996226348
999990127 -999990727 429061464
999992501 -999994127 28758824
999995694 -999997827 861250203
999990668 -999990238 -85800227
999992683 -999993198 450414781
999995162 -999992783 -119684772
999991680 -999995334 258657416
999997043 -999992864 732017675
999995018 -999999915 812673297
999993418 -999995653 588079052
999991498 -999996927 639935335
999990366 -999998578 -334294735
999991728 -999992924 519454886
999992880 -999991197 -219786791
999990588 -999998692 -900804353
999997449 -999996556 146293612
999999273 -999994892 792317779
999993812 -999992664 496792664
999997299 -999999059 767448722
999995384 -999990279 179946623
999996072 -999992480 -35219310
999998230 -999995093 -342371641
999991250 -999990353 -95820274
999994221 -999993799 -709349000
999994750 -999997230 101488696
999998335 -999990451 116354287
999996668 -999992275 38132442
999992578 -999993571 -143625147
999990182 -999995271 711784891
999996466 -999994988 -371049609
999995435 -999998794 -829433205
999994457 -999997228 -500462601
999999251 -999993174 -990721793
999995016 -999990289 -655304867
999991484 -999994371 -948482387
999999702 -999990477 -548712863
999992506 -999994192 775212359
999993435 -999993517 -865258188
999997221 -999993324 -609236205
999992879 -999993876 -915879945
999997673 -999991772 -299426562
999995186 -999995613 577673260
999998167 -999995288 897360430
999990541 -999994840 875223873
999997714 -999992542 473785944
999990317 -999994964 -189506526
999994404 -999995919 -594462353
999990969 -999991628 897876158
999995215 -999998423 829614648
999993415 -999990585 -911876827
999993894 -999992583 -450984722
999998212 -999990310 651820759
999998086 -999992054 542436730
999991535 -999998030 606381431
999993351 -999995263 30471268
999998949 -999995288 -457719670
999991155 -999993967 217071934
999997819 -999995369 -422019494
999999891 -999993319 386317360
999997953 -999999388 -100755021
999993163 -999991842 -9676497
999997414 -999992425 -394993171
999991013 -999992442 76654800
999995834 -999992016 -656473771
999997931 -999995061 -65017369
999997210 -999994028 164513308
999995033 -999999877 -928873501
999993868 -999993314 988765756
999995073 -999992777 -642801328
999994764 -999995165 -562371152
999992984 -999992224 -647419591
999997970 -999996677 653787828
999996151 -999997119 -824781858
999995657 -999999273 -716196502
999998918 -999991335 -616371923
999997714 -999993918 875799463
999998547 -999994242 -181103737
999999139 -999998629 -831361292
999993096 -999997401 -432526569
999999687 -999998137 774143828
999997523 -999992092 914770415
999995504 -999997050 526348533
999994832 -999992252 -228792578
999991080 -999998912 392968272
999994270 -999997803 457862366
999992364 -999995830 -934759918
999995264 -999999478 175793139
999993908 -999999930 -977190964
999995493 -999991537 -525659361
999997309 -999994006 -263799874
999994980 -999998011 -388640166
999998810 -999994463 -381294440
999998528 -999991271 -900606669
999993450 -999995454 -410207281
999998702 -999990574 -339472644
999995615 -999990142 146017496
999996523 -999992363 606127218
999999646 -999996359 739845597
999994793 -999997122 -47703002
999991155 -999991405 -692356654
999999115 -999995552 899337297
999997660 -999990643 -941820499
999999134 -999998612 -534761427
999991626 -999991726 245430966
999994700 -999995911 40546969
999991278 -999995922 930198242
999994822 -999990701 664023380
999993763 -999991663 -971322131
999993058 -999991203 -492720155
999996191 -999990543 -599207121
999993195 -999990543 666656638
999999436 -999990451 -540941300
999995936 -999992965 -524668012
999998008 -999995433 -113215831
999991804 -999990333 -744816593
999997524 -999990194 -979830122
999991274 -999993099 -607875190
999996436 -999991436 -142206219
999995855 -999996374 977292514
999991879 -999995015 45996307
999992361 -999992658 -488263676
999992424 -999999022 -831198024
999999317 -999990299 859598730
999990807 -999992763 -813305072
999990888 -999997400 -461220179
999999394 -999997189 790720698
999997286 -999998572 367767971
999998487 -999996098 -789127218
999995364 -999994012 -362408862
999991059 -999997103 -266687567
999991426 -999997700 419887867
999991022 -999991748 -756968097
999997390 -999994966 336988866
999995461 -999990619 235026446
999999381 -999999319 594301412
999992191 -999991108 -134959160
999997020 -999995716 700546910
999993943 -999990991 -71636631
999995347 -999998847 -353424944
999999433 -999991217 911299300
999998740 -999993274 433902380
999991680 -999995319 -809002279
999993003 -999996288 -106686848
999994673 -999991316 -991571448
999994427 -999998761 446536533
999998657 -999991162 -430278754
999993394 -999993253 -445263886
999992580 -999990480 -427892042
999997784 -999992717 -215285814
999992352 -999999796 -650191878
999990760 -999995723 165872368
999996957 -999992209 803241182
999999315 -999993075 27434471
999995459 -999995788 644230306
999996746 -999996896 212103438
999999944 -999997530 67993726
999998666 -999999835 -215863366
999995419 -999996297 -473251882
999995648 -999999638 -824166703
999994881 -999990366 839066008
999997147 -999998423 -881101229
999993497 -999995381 80083549
999999455 -999991034 -573253437
999993001 -999992853 854111019
999990006 -999990356 -52208283
999992500 -999990437 -734805178
999992545 -999990143 262194319
999991785 -999994986 -992354284
999993379 -999991659 622755449
999995226 -999991759 131661388
999998558 -999998891 883941906
999997659 -999991664 -89058178
999995530 -999999237 -849863235
999996045 -999996188 -188903419
999993528 -999991640 -42312239
999995352 -999995547 677316987
999997594 -999998885 964984493
999993066 -999995999 -962135974
999994421 -999990248 -769193211
999997756 -999995675 -437476965
999991435 -999997373 -969444918
999990626 -999997833 -349693640
999999113 -999992435 -905913616
999996169 -999998861 -304880999
999997058 -999991435 549521534
999994364 -999999218 -386563891
999998593 -999995310 -669656286
999995513 -999994332 494793815
999995627 -999997143 224866011
999995508 -999997892 -742515914
999991701 -999996827 770403611
999996645 -999992408 227080634
999991338 -999994931 765532158
999996254 -999990497 157776658
999998183 -999998673 -391428478
999997030 -999997953 -786088055
999999182 -999997690 -931979758
999995267 -999997930 118516994
999999445 -999993814 144626915
999994493 -999998278 -824766358
999995327 -999990481 72100580
999990345 -999992284 -318763750
999991202 -999994492 -860900332
999996370 -999996172 847695565
999994890 -999997620 -506147866
999991938 -999997639 907859874
999997121 -999995278 748567864
999994361 -999992425 -908849143
999991285 -999998071 -829926472
999994756 -999999061 -660319936
999997703 -999998827 -365606040
999999640 -999994812 -85034086
999993334 -999993575 -464548497
999993267 -999990901 -218933658
999996891 -999995543 419840156
999991335 -999996457 -809703353
999992356 -999993114 318818683
999999865 -999999266 -680806630
999998735 -999996614 48821891
999990889 -999991321 -890662198
999998855 -999997506 -129299336
999994216 -999994809 378060226
999996438 -999992468 -107465545
999993176 -999997516 34424124
999992434 -999990078 -436381145
999991681 -999993230 -206620084
999994689 -999996593 334892605
999990409 -999993802 -176225485
999992404 -999993117 -618390815
999998599 -999993671 -960706994
999992677 -999995217 -449801535
999996499 -999992485 -684389180
999991477 -999997854 671521291
999992671 -999995957 -283052849
999990146 -999991323 -577174956
999998228 -999998340 -845121008
999992436 -999995047 -129845026
999999566 -999993233 -395583944
999991703 -999995364 -358613317
999997002 -999999124 42190563
999993917 -999992135 -235528174
999997965 -999993937 -111492504
999995876 -999994396 -906555468
999997543 -999991487 446708297
999992286 -999992200 790472156
999994168 -999992346 -301761126
999996591 -999995886 90770668
999994597 -999990020 719730718
999993119 -999998898 291097716
999997936 -999990657 590176238
999998536 -999992920 791613707
999992445 -999996521 -488611476
999990085 -999994433 787717339
999993082 -999991798 990028134
999998768 -999997994 -7313574
999996867 -999997941 -595286222
999998850 -999992114 -857291431
999993896 -999997366 88924588
999996086 -999994427 172566591
999995099 -999992608 411580102
999994107 -999997080 -886884495
999994635 -999994177 858639327
999994363 -999998204 -903651705
999997534 -999990338 974853416
999994893 -999990876 -875928753
999994724 -999997131 -848404793
999997015 -999993741 -920702570
999997673 -999998596 363614036
999997829 -999997801 -149649401
999993284 -999997477 -980492986
999993597 -999998127 985576068
999997847 -999996673 -853783572
999992313 -999990104 -268691705
999991870 -999998613 317313895
999997749 -999996894 377461875
999996527 -999997429 -102757995
999990461 -999996382 580861220
999990829 -999990357 -846767881
999994857 -999996160 -432036998
999990831 -999998400 503647117
999996435 -999994740 584836341
999999284 -999990710 703521311
999993092 -999990530 507860843
999990242 -999992951 -487281726
999995948 -999993965 -911035509
999993458 -999990044 -489709848
999998622 -999994872 -895372946
999991263 -999999492 -959105210
999996708 -999998285 631689555
999995549 -999991641 934901238
999990319 -999998867 -605315606
999991389 -999991546 -545710763
999994273 -999999571 -984274446
999991886 -999990308 908999306
999997416 -999997359 -377858295
999993455 -999999809 381780921
999990978 -999990725 553837578
999992750 -999996388 -126935408
999992121 -999995296 137937305
999997793 -999991144 -20073159
999990703 -999993265 388313558
999992454 -999990714 -960725196
999999924 -999996998 -121489737
999996012 -999992721 282976190
999994081 -999998835 -424272738
999990192 -999995164 570298553
999991188 -999991847 -82063559
999991254 -999994835 907449997
999994213 -999999231 533254466
999996704 -999993615 -863205321
999995169 -999991343 -931797793
999990200 -999994300 -822958871
999994989 -999997621 340051444
999995060 -999991718 178629087
999995468 -999998268 -574351582
999995171 -999991403 914100185
999992737 -999998186 977068088
999992112 -999994396 242146224
999994232 -999991379 -862599612
999995738 -999999501 -642050264
999996638 -999994749 785909110
999995892 -999991319 932904057
999990656 -999995457 249311254
999998320 -999992349 727404777
999990439 -999995883 426781339
999998677 -999990409 -784230295
999990325 -999995457 583409362
999991530 -999999469 -952297988
999999554 -999998956 182404230
999992839 -999998584 -542176812
999991407 -999995569 792564787
999993427 -999990094 690911361
999997238 -999996973 975548758
999997464 -999992595 -8959930
999991395 -999996472 663164272
999996183 -999997365 536114137
999995943 -999991420 -987581316
999993179 -999992571 588680878
999996046 -999998452 -708776001
999994158 -999996940 680688650
999999043 -999997123 797392885
999999792 -999997477 -602111933
999998190 -999992565 909952295
999995161 -999993302 -153007992
999994686 -999999266 -728365874
999991183 -999997014 549788912
999990558 -999999380 315532927
999999307 -999998401 836296639
999997495 -999994440 -302476248
999992185 -999992043 348558273
999999588 -999992074 -407431791
999995078 -999992378 -966777660
999991316 -999995626 -850853766
999999891 -999992435 574132542
999994644 -999992171 -222035819
999995400 -999996694 -229913196
999992972 -999997640 -226343425
999996182 -999997977 265050983
999994050 -999997597 582159376
999992546 -999990666 -840488545
999998969 -999994203 -365002915
999993360 -999993041 871870046
999995451 -999997957 958826175
999990037 -999990367 -49545417
999991371 -999997388 -536169834
999995233 -999991446 625619241
999999119 -999990221 953412510
999995644 -999995868 803716196
999992636 -999992981 575907916
999996150 -999990110 133748197
999992402 -999995835 240052788
999997033 -999994938 695054798
999991841 -999990821 600060228
999995964 -999998120 -595299301
999996946 -999996373 828756688
999993381 -999999774 679941476
999998958 -999996100 584294111
999991648 -999992375 -453732399
999991043 -999990284 -109967424
999994327 -999991531 -330643439
999995864 -999992921 -376073827
999998572 -999997450 -692992716
999990140 -999991941 532026374
999996256 -999995075 444694933
999990057 -999995282 -429231463
999994803 -999992627 547322318
999998044 -999990903 542458124
999995521 -999998089 523094310
999993946 -999995046 13153347
999998167 -999998062 99022498
999993549 -999992108 485160260
999990740 -999998789 -964688292
999992262 -999996284 -557942450
999997294 -999991745 602811526
999992748 -999996321 399834722
999997041 -999993874 487879731
999999844 -999995555 488870742
999995656 -999997157 -219219296
999997546 -999991228 508812388
999993011 -999995574 806568422
999998017 -999999026 -172328644
999993466 -999990368 143327188
999997752 -999994127 -448614088
999998291 -999995548 -245606894
999992674 -999993108 561881065
999991816 -999995086 734915282
999998310 -999993164 -878326042
999995298 -999999771 501334182
999995051 -999998814 868455184
999993465 -999991572 700869563
999991106 -999996784 -10581261
999999169 -999999353 801434047
999992630 -999993108 629792815
999999009 -999995289 772241256
999997350 -999995127 -926239973
999992851 -999995218 -832686073
999990993 -999993270 1427831
999998725 -999999545 -93135966
999997033 -999995824 -1540766
999990553 -999993197 -723939890
999992534 -999997598 974235342
999994427 -999993496 62891044
999999926 -999993889 -891799826
999990217 -999998731 -571833798
999991272 -999991452 404323995
999990457 -999998163 -681749543
999995094 -999992746 423301902
999999232 -999994390 -197733947
999991741 -999999627 102828149
999995514 -999998160 307005967
999990225 -999998962 957885931
999990024 -999992025 257602294
999997725 -999996485 346766976
999995284 -999990371 145689947
999993744 -999998262 530465074
999992717 -999990663 -649909425
999996397 -999994497 794615037
999995679 -999991113 648676531
999990407 -999997739 -264523099
999996550 -999994620 -743184161
999998850 -999995592 -950786163
999998617 -999991897 -940936717
999996598 -999990617 79802335
999997690 -999990545 623600513
999999955 -999997715 -334499056
999996875 -999991276 -150753041
999998232 -999999745 -935901484
999990404 -999995836 -395814668
999991846 -999990402 -945840585
999999244 -999991384 -162577694
999993628 -999992004 517299962
999999624 -999993444 316479768
999993129 -999993160 733356378
999992108 -999991804 -472159933
999999318 -999992547 -200136405
999990040 -999992946 521379866
999994678 -999999131 985463085
999999052 -999998580 765359061
999990449 -999999404 -829681216
999996301 -999996631 181523702
999998117 -999998596 -727472266
999998385 -999992212 -34552062
999992194 -999993177 400817547
999997172 -999993051 796072834
999998853 -999995068 134897520
999992926 -999990410 -404319132
999997877 -999996388 -674346020
999994759 -999995080 -296034804
999993626 -999996617 740791586
999997344 -999991157 325447437
999991012 -999993907 -399291208
999991737 -999992223 -483704107
999999264 -999997358 821018542
999998208 -999993684 827761968
999992738 -999994531 -941880559
999992649 -999992527 582148785
999993332 -999994494 -649005477
999998376 -999999313 -853580492
999997818 -999993529 -894341104
999996480 -999995995 427925029
999998332 -999999064 256117093
999999855 -999991447 -854738386
999999807 -999995907 285124231
999993435 -999992730 262778218
999993259 -999991891 -787147790
999993141 -999997472 995555164
999991224 -999995248 234761177
999991704 -999999319 -889368812
999993695 -999998130 203069119
999995406 -999992274 -253392485
999994110 -999994422 -468768655
999991773 -999996524 -628521977
999990986 -999991712 81157173
999993063 -999994494 -790142275
999993597 -999990884 -918054843
999991546 -999999869 -996444126
999992374 -999993160 -841561077
999998626 -999991513 241489713
999991267 -999996052 -437355270
999994741 -999994013 791369292
999990742 -999998596 421146720
999998104 -999999741 158721371
999996137 -999992917 874504206
999992234 -999994407 -499551393
999996463 -999997617 -670223442
999990116 -999994438 -27118163
999993610 -999992300 377824705
999995121 -999999825 673544906
999992846 -999994451 -983015299
999995562 -999998887 -233016588
999997156 -999999773 -873021440
999999048 -999994609 -887768853
999990539 -999992687 395045966
999994485 -999997115 -14226917
999994479 -999991579 -900778592
999991582 -999992340 -316435758
999994622 -999996668 -568768978
999996950 -999999937 -654418734
999994596 -999990243 -861504197
999993482 -999995152 -580332230
999994490 -999991578 -575857151
999993369 -999993260 -826167905
999995963 -999993306 -984301483
999990384 -999996454 -601255092
999992549 -999995533 -796701256
999999365 -999999337 809670173
999990228 -999999797 -861835160
999997611 -999995758 -967428970
999994811 -999991346 -473744286
999991093 -999999073 562800977
999991678 -999992273 -393772654
999997685 -999991120 -67064549
999998954 -999994372 -130449975
999995326 -999992212 711509078
999996103 -999996616 120582001
999996532 -999991783 941376341
999992481 -999995442 -145222265
999995746 -999990352 -935517085
999995182 -999992855 -295461494
999990161 -999999026 -698062187
999997344 -999994999 -654806995
999995932 -999993690 -981634018
999994336 -999990762 -877923096
999990294 -999990150 -659146236
999997661 -999993586 963331266
999994329 -999998157 -902311692
999999780 -999997427 874056481
999993260 -999997821 -591513844
999991315 -999990741 -360241279
999992645 -999990595 -128390238
999993233 -999997118 823222262
999994654 -999998992 213266345
999992267 -999992857 926816847
999992920 -999991809 -533746835
999990987 -999990732 -414291680
999991448 -999994006 696449342
999991945 -999992899 448524407
999995052 -999994087 -274450418
999990018 -999997254 -209916207
999996370 -999995295 767835007
999997961 -999994890 -805554640
999997125 -999990706 884995139
999999452 -999991709 -19292217
999990091 -999991267 -813544385
999994061 -999992328 206983560
999990869 -999993765 639479940
999997949 -999994389 -298380259
999998566 -999991126 -216432039
999990729 -999990962 898983994
999994271 -999991209 -382872416
999992578 -999991831 613659814
999994063 -999991299 -626578722
999996215 -999995612 -979525082
999992419 -999998844 -995812452
999991879 -999998216 88956028
999993903 -999991003 447217836
999997714 -999996101 -603328066
999994349 -999990313 -324721530
999994063 -999996065 -872862654
999997234 -999992773 -139310674
999998039 -999991793 46742110
999992593 -999994760 -255864188
999991603 -999990145 -749153708
999995644 -999990367 85115189
999991742 -999995082 -591046137
999994910 -999991809 768853886
999999892 -999994240 477935012
999996155 -999993221 -172829165
999995351 -999990365 -860339474
999992439 -999994992 -233739693
999994485 -999995263 904428728
999994655 -999991870 856210100
999993974 -999994685 -219403434
999991716 -999994211 808104096
999992245 -999994325 78128344
999991778 -999996046 -838955548
999992828 -999998300 566265741
999998330 -999991477 -457432076
999990087 -999994952 -152343421
999999680 -999995675 261164627
999999771 -999997248 759296320
999993912 -999999182 -473679457
-999991943 999999290 678637590
-999992218 999991575 -822815880
-999996409 999992623 969919104
-999997707 999992512 450072034
-999998052 999999874 839264635
-999993466 999999840 101824496
-999992433 999997043 -854524937
-999996762 999996453 -813328139
-999999445 999991216 914819989
-999997469 999995734 -877509901
-999992608 999990642 -189061629
-999991728 999997147 821072891
-999992616 999991951 -346763657
-999998234 999994117 684736110
-999993771 999994026 561370968
-999992100 999996232 319667103
-999993315 999998113 44790408
-999991961 999993629 -33670460
-999998912 999994962 772419127
-999995527 999992904 -305248776
-999991702 999996076 -867395398
-999997179 999993576 282246132
-999998228 999995450 959750130
-999999276 999999362 -726529152
-999998695 999998890 414788043
-999999427 999990133 -973451460
-999994574 999999440 -908893863
-999990811 999994724 -577930970
-999996951 999998745 -182430508
-999994846 999998917 844417883
-999997252 999995836 -542836359
-999997687 999999636 -817884964
-999992113 999996678 967138565
-999991730 999993746 605278755
-999992315 999991934 789405445
-999995057 999992482 -362601310
-999993928 999995222 -995119886
-999999473 999997393 -948310111
-999996285 999994874 -886946834
-999997322 999990423 446613557
-999996237 999990729 -549298579
-999998451 999998711 511260127
-999992144 999994082 -629708627
-999998801 999999748 937292754
-999994176 999994653 -440943830
-999998231 999998102 752809243
-999998730 999992071 256732064
-999996715 999994781 -503081795
-999993460 999992855 -484791116
-999994003 999993011 721995961
-999990340 999999866 918040410
-999994211 999995367 -979949636
-999994847 999997147 44261153
-999996801 999994119 -794430088
-999992700 999992359 157233480
-999998468 999994865 -883694421
-999995665 999993994 -639718559
-999991732 999991997 -633717203
-999993946 999997538 628771299
-999990379 999997029 224485459
-999994848 999992731 -241294745
-999992362 999992429 809029583
-999993462 999994243 398796703
-999991501 999992031 756724936
-999993797 999992875 206094894
-999993131 999998601 -865765978
-999994115 999995411 -970034489
-999998260 999993961 121583209
-999991311 999990348 882315367
-999994158 999992331 762251522
-999992627 999994758 -716082198
-999997602 999992859 483916568
-999997897 999992997 936031582
-999996155 999992707 960465318
-999997884 999990005 262948030
-999995468 999997178 680702261
-999992149 999994812 -809481933
-999992017 999995457 266385650
-999993880 999991081 -993509672
-999994440 999991029 915505407
-999992640 999996026 -890251023
-999998746 999998429 -918405503
-999998728 999993093 984059643
-999994636 999991315 935534773
-999992358 999997420 -957538604
-999992684 999994860 -798030492
-999992058 999996960 789685363
-999994763 999994359 -421311605
-999998696 999996995 -997388911
-999997839 999990745 167176785
-999998282 999992978 -351426887
-999996028 999995230 -922108896
-999994130 999991921 539721874
-999992919 999990620 -881846217
-999996060 999992160 -221461731
-999991950 999990846 -590936812
-999992186 999994324 -910530732
-999991080 999998962 856444976
-999995693 999996948 -898620295
-999999298 999998885 845200638
-999994766 999996465 -853399038
-999992694 999994550 -412671067
-999993573 999998183 530889171
-999990332 999993119 160484120
-999991520 999996777 709261139
-999997081 999995732 -995001841
-999992844 999996526 -866716528
-999998171 999998590 -431427597
-999993946 999996734 -614640239
-999993710 999992634 -401960843
-999996341 999990188 -376744860
-999992559 999995340 602321309
-999990586 999995229 981038711
-999990377 999991333 185212196
-999993747 999997347 641689488
-999990587 999997812 128888863
-999998916 999996862 -524409002
-999995915 999997420 -650954143
-999990253 999998983 -874362093
-999997037 999993112 -19547058
-999994112 999993506 -248993078
-999996716 999996158 46745548
-999994128 999990275 -381983146
-999996896 999998472 -901160223
-999991282 999999709 519601034
-999999963 999996821 -911961858
-999990461 999998345 653192706
-999993058 999991733 -971996306
-999992133 999994823 -380021576
-999992591 999997064 616357388
-999991283 999997323 -194473969
-999994960 999992245 -152532792
-999996225 999999845 983824671
-999994357 999994647 -302158702
-999993996 999999717 -358083571
-999994338 999990534 165998660
-999997455 999993076 187078372
-999999251 999990148 -48944257
-999994085 999993275 -390881367
-999995052 999991204 816650027
-999992521 999999437 -786138381
-999994689 999993540 609448626
-999993368 999999579 -685810196
-999996224 999997238 -779141655
-999996182 999995643 151943001
-999996903 999998238 -165220408
-999991951 999998922 -918287336
-999992452 999997540 -785492063
-999998394 999993457 -64581717
-999996820 999999928 10748346
-999996996 999997737 -748119429
-999996976 999992429 -825991519
-999990630 999998803 -592650956
-999994605 999990527 -861567194
-999990737 999995885 145772957
-999994845 999998205 526593326
-999996801 999991308 -613065585
-999996709 999996354 87942615
-999992789 999997665 570212772
-999992219 999999092 -744949083
-999990326 999992689 843246175
-999993753 999999795 -828645637
-999997285 999993894 900838395
-999990882 999999438 438510081
-999991595 999993459 -807781972
-999993119 999998411 -659206149
-999999707 999999576 -637371351
-999991429 999992856 843033645
-999998242 999997570 73565442
-999997348 999996646 -666192011
-999991732 999990810 298898436
-999996710 999997134 590999935
-999995863 999992491 502353474
-999999402 999993203 -596712568
-999995212 999994262 -982316075
-999999037 999993593 -958657986
-999992619 999992375 762348324
-999995683 999998301 793283048
-999990714 999994212 -44609857
-999999023 999992506 547814921
-999992431 999993938 -875610574
-999990957 999996047 152072786
-999993801 999998951 -610502498
-999992388 999994526 854763692
-999992413 999990021 423786556
-999992196 999993448 -211384859
-999994389 999994326 943346916
-999996541 999993498 830455462
-999991636 999991905 489799275
-999994336 999995225 -832801562
-999996850 999997658 -418720880
-999998121 999998500 750540729
-999994430 999997818 595966461
-999992995 999995228 -972751905
-999993512 999994220 317700712
-999993952 999990997 -943836063
-999991482 999991144 -860273918
-999997266 999996802 -489029664
-999999521 999993851 619763164
-999990707 999999109 114273470
-999993946 999997759 531027004
-999998670 999999542 687940689
-999996409 999990475 91428046
-999996354 999993552 -293007099
-999995210 999996411 535909663
-999995218 999998358 -439469451
-999999277 999999821 671999326
-999993269 999998496 497456059
-999995591 999991733 -501201346
-999991278 999994605 686418457
-999998521 999990397 -366691192
-999992717 999996208 -787089697
-999990498 999991296 831295587
-999995100 999996071 -230238691
-999997753 999996038 -725154046
-999998909 999992068 -953962105
-999999435 999994420 890828294
-999999792 999999299 -282591737
-999999938 999993392 229266503
-999998504 999996639 203983478
-999999566 999997597 825683397
-999991830 999990441 67281335
-999997763 999998150 26140095
-999993895 999996418 -259547367
-999996350 999996550 -997909771
-999999958 999995089 -118672428
-999999335 999993569 -508793960
-999996882 999999089 871132084
-999992991 999991990 -157633073
-999992168 999992411 233093429
-999994771 999999581 140564634
-999992919 999992844 -569750620
-999992502 999997309 -695268932
-999998946 999997266 -782403132
-999991887 999999746 892701624
-999999327 999991048 901656238
-999997298 999990038 -667195970
-999993412 999999757 263010151
-999996526 999992575 -783939757
-999997395 999991799 -189193956
-999992400 999992225 -742567596
-999999945 999990840 429364977
-999997585 999990701 910465337
-999991313 999993516 -415887643
-999990568 999997148 -318248429
-999998544 999998741 337354075
-999997370 999997715 339538864
-999995777 999992492 -8064961
-999993980 999991179 -137311639
-999990935 999990318 667318656
-999995368 999994038 -876340884
-999992321 999994767 -395036325
-999994971 999995041 498854121
-999997198 999997332 -21314275
-999992518 999991539 -280607405
-999999423 999999304 32857616
-999993600 999994551 269766678
-999997529 999994886 188224894
-999990049 999995276 -324781772
-999997810 999993532 -853317268
-999999393 999995536 582956249
-999998594 999992570 216324001
-999994531 999993215 -993272987
-999992680 999992929 -96176311
-999990739 999999742 -342457291
-999996014 999991570 231999871
-999991588 999999741 -990333846
-999997064 999999399 -176065342
-999998154 999998238 270002144
-999991247 999998493 -39677196
-999991495 999992618 -934647828
-999998043 999991043 -147878082
-999999050 999997000 215804525
-999991299 999994622 -156539863
-999991675 999992761 -517002536
-999994417 999995488 427639783
-999993915 999996369 567550929
-999999687 999997456 -986796629
-999993034 999990232 -986984337
-999991372 999991550 232684331
-999996033 999990724 -615548369
-999997724 999997763 -97688128
-999993209 999998668 -421702287
-999999286 999996221 462148314
-999995140 999997983 620110269
-999990588 999994584 486723924
-999994198 999990589 -787455088
-999993341 999996038 -974860964
-999999706 999998243 -375483478
-999996784 999990195 506300195
-999991101 999998012 -34676382
-999990678 999998974 -794992243
-999994804 999999791 -672016335
-999996662 999992954 -205385748
-999991862 999998583 809238736
-999994857 999994818 614745442
-999999490 999999150 685679070
-999990790 999991958 543063067
-999994163 999993060 311554412
-999992758 999990431 -211027982
-999993707 999997405 650335259
-999995064 999995006 647344502
-999999532 999991697 -928090080
-999995467 999994819 -905422388
-999992454 999996425 708278976
-999990753 999995370 548908655
-999998865 999991510 -881923265
-999994274 999999473 -472417751
-999990236 999991557 858215243
-999996603 999992553 -870364453
-999994530 999995116 -890362871
-999992401 999999031 -294850708
-999992253 999997496 983716124
-999998682 999995503 -335553362
-999994169 999996636 -869876884
-999996671 999999805 390081807
-999992781 999994540 -342421762
-999999944 999995134 673103340
-999990966 999998310 243260254
-999999519 999992096 132299505
-999997725 999994560 743132512
-999999300 999995566 -979218629
-999990266 999996053 220778656
-999994242 999996391 -671740249
-999996440 999993873 -86684975
-999999146 999993555 -923794175
-999998038 999999122 150857370
-999994022 999998877 904923080
-999997562 999997567 235217486
-999990995 999990557 -659935204
-999990801 999999031 -600285586
-999991966 999992095 -461426144
-999994258 999991449 -112207225
-999995107 999999158 -532384223
-999990600 999994798 293061882
-999990981 999998927 516232342
-999996295 999991126 -590683769
-999992824 999991922 195809472
-999995500 999991773 570040882
-999997218 999996692 -971697776
-999992747 999991569 -75099221
-999991065 999999381 236066641
-999999018 999996795 -532810982
-999993579 999999751 883141431
-999998534 999993909 903259555
-999999299 999990634 -349206269
-999999046 999999325 -906700040
-999997472 999993480 210381820
-999994728 999996226 73854428
-999995694 999994443 -562124867
-999999492 999994007 -894468216
-999994587 999992220 306466858
-999992568 999996609 892912497
-999995435 999995858 -709501460
-999993468 999992569 510537463
-999991092 999998002 -297205679
-999990916 999996332 111708475
-999999134 999998396 -879071531
-999996545 999995506 -856023069
-999996521 999999074 572897935
-999995265 999994140 -343770708
-999996185 999991106 -112719441
-999995124 999994328 456696667
-999991036 999992411 745682618
-999995886 999990113 787623990
-999995326 999993217 594216881
-999994391 999995308 208154697
-999994486 999997796 985532505
-999995003 999998754 -969726206
-999994084 999990323 -352016894
-999993918 999999577 -658816730
-999997887 999992790 -875496249
-999997116 999994996 709419550
-999995938 999996798 799357519
-999993446 999996488 282073154
-999996751 999997075 -344174545
-999999941 999996246 655936677
-999999221 999999773 -339617570
-999995829 999995142 472013918
-999994200 999991403 670397112
-999998489 999991132 492674026
-999999638 999994836 467274289
-999994370 999998520 -570378171
-999999992 999998237 -995666695
-999995816 999996716 -922424984
-999993286 999992953 982740764
-999997545 999990635 85647961
-999999195 999998807 -228328397
-999999703 999996690 162164504
-999997961 999997375 53855523
-999992989 999996952 845361686
-999994276 999994917 -279999599
-999990100 999999866 334173946
-999995782 999993022 751757904
-999997444 999993939 -891136353
-999992468 999999229 419798902
-999993814 999995733 941792430
-999998023 999995775 -706140348
-999999625 999999008 634122267
-999998667 999993281 -99771048
-999996386 999995008 -203478625
-999991326 999995470 -973344128
-999998133 999997349 564769519
-999998525 999990838 -878041518
-999991690 999998013 897330290
-999999401 999990063 -901565430
-999994336 999994768 156720916
-999996571 999990140 -645517913
-999996952 999994930 18597748
-999990044 999991526 871931752
-999996361 999995056 929211632
-999993221 999991619 -691034159
-999997965 999995155 724643993
-999992865 999992893 572812381
-999997711 999991285 895072594
-999993532 999997798 -896504012
-999993702 999991091 533519686
-999999168 999997759 -136636199
-999992133 999991479 -930695670
-999992461 999993561 617676736
-999999062 999997331 -758701234
-999999557 999998246 -905845270
-999998761 999997023 203931200
-999998908 999996443 307125795
-999995847 999997644 -228796793
-999998380 999998193 825444079
-999991275 999999644 -391414285
-999991636 999996845 78057519
-999994254 999998203 -758114626
-999997035 999992470 339997165
-999995018 999999983 -429277112
-999995255 999992510 10106147
-999997847 999996804 609910294
-999999278 999998341 266562514
-999999882 999994100 387028493
-999993903 999999088 -862869305
-999995384 999991160 531046783
-999998203 999990954 700376700
-999998202 999992216 973980704
-999997535 999994962 -147559603
-999990049 999997535 -731104015
-999990541 999993329 856028679
-999996881 999996564 -992986455
-999994565 999993622 -766829486
-999998268 999996387 331131395
-999991912 999995285 -535471577
-999996253 999996911 14452213
-999990695 999997025 -134953633
-999995209 999995816 21989106
-999995081 999996951 -968405640
-999994299 999990204 -658707510
-999992715 999997914 465123502
-999993238 999990658 900693853
-999995193 999999229 979240311
-999994407 999999490 -129937445
-999998640 999993161 -774595561
-999999588 999998514 -779666113
-999994615 999996853 6731853
-999999537 999993966 -859184007
-999994551 999992890 749863957
-999997839 999994907 -948264735
-999995852 999996618 574477500
-999997457 999998793 768660799
-999992109 999992299 -930902021
-999992486 999999442 -184613674
-999999483 999996060 -985683649
-999993875 999991168 -376573409
-999995110 999994989 -707289496
-999994759 999993919 714220618
-999998847 999997711 79970989
-999999378 999993851 322953485
-999997829 999998832 21575079
-999990507 999995773 -766500043
-999990977 999992753 986208832
-999991166 999997840 93383037
-999998274 999992878 -250225406
-999994504 999996943 -981898071
-999991820 999998299 -862645843
-999993741 999992283 321846764
-999995585 999995886 -627634195
-999997855 999991492 804887215
-999991698 999999302 115079689
-999997350 999999394 908400269
-999997153 999996563 -725307763
-999992341 999995381 -885756863
-999991226 999996075 177019061
-999995327 999999165 -95830940
-999995586 999994820 -739090078
-999999644 999992635 -457646322
-999991384 999993269 -390478426
-999997544 999993170 105933562
-999994733 999996067 827955983
-999999537 999990382 -501522524
-999995865 999997478 420524044
-999997696 999994994 -591051480
-999997925 999994798 -897872526
-999999887 999993265 911182307
-999992678 999990662 -19400165
-999996925 999998923 -717193776
-999990274 999997303 -512511335
-999997221 999994877 -154693238
-999994741 999999511 -441649309
-999992825 999997279 -16460382
-999993105 999990026 -252340169
-999996009 999993251 707125053
-999994190 999992877 -282257823
-999998171 999996487 384304244
-999991464 999995629 2859322
-999996497 999991761 939534769
-999994279 999991762 55024057
-999999360 999990164 475238612
-999991742 999990221 -449005380
-999994464 999995535 100643839
-999990719 999995566 -653445563
-999996023 999992515 -989796751
-999991311 999995878 -928885893
-999992549 999990223 535697050
-999997658 999990045 637748144
-999990788 999990216 704671586
-999998988 999991052 277485845
-999994424 999993531 -922761104
-999992900 999997705 476433360
-999991936 999991011 -964508289
-999990951 999997313 321540149
-999993045 999998954 244378370
-999992312 999996220 -693111147
-999990871 999994822 27616888
-999993407 999990913 927298492
-999995120 999995490 -951852224
-999991825 999992191 185552676
-999994828 999991642 -923112681
-999996915 999994250 52313105
-999993589 999991646 72056890
-999999019 999998644 -598291538
-999991476 999997474 -263441424
-999996686 999990306 960719241
-999999413 999998725 430644915
-999998759 999992994 -5642287
-999996341 999998802 63016917
-999994628 999992082 -597050530
-999997948 999999118 866320567
-999994412 999997176 831913012
-999998121 999998302 57688376
-999998445 999996265 -786140363
-999995407 999996082 -653146989
-999997292 999997327 -305603364
-999998892 999998288 870306741
-999991605 999990755 879030994
-999998775 999996241 -510490392
-999994168 999993724 -874074851
-999996918 999992171 -350488609
-999997800 999999043 -663439452
-999996098 999991906 960696088
-999998932 999995503 -643300143
-999995460 999995717 -577240956
-999995861 999998786 71024804
-999998785 999991405 492182934
-999991554 999990260 -664005759
-999994681 999998681 380322117
-999995722 999998333 425830345
-999994684 999998334 -418061774
-999992218 999995060 -941506793
-999993998 999992249 408620575
-999995752 999991791 271025511
-999997683 999990513 -633368983
-999997443 999990138 -122813930
-999992274 999992248 906979433
-999994626 999999568 -923339019
-999991350 999990970 602429631
-999996187 999999098 488140054
-999999749 999993052 737242960
-999993497 999994771 -46441550
-999999067 999992286 -399579133
-999998096 999994188 -281917143
-999991510 999991662 -435704578
-999990324 999995621 904231540
-999992862 999998528 975912757
-999996249 999992934 -422279419
-999998928 999997297 71705928
-999995829 999994121 558656727
-999996684 999992451 -357089821
-999996263 999993749 991390063
-999996347 999993982 -598092936
-999993745 999993505 -401962160
-999999512 999999368 -379201215
-999996624 999997519 -788908877
-999991106 999998663 388732171
-999994115 999999116 -641334528
-999999697 999998080 -911907094
-999999514 999995018 -576756915
-999995305 999993298 962024253
-999990796 999994194 187722306
-999995048 999995476 286425023
-999995993 999994708 -789341337
-999994963 999994254 968898589
-999993489 999999357 846907285
-999991627 999990515 683712611
-999994991 999990264 -351213388
-999994716 999997022 -877007496
-999997939 999996539 988693237
-999994749 999994013 56207517
-999995420 999995667 728683684
-999998139 999995830 818859408
-999995587 999996124 109044115
-999998298 999992444 -163552082
-999996161 999994210 957731219
-999990506 999999614 -844258964
-999995485 999997675 372983676
-999997834 999992991 725178889
-999994952 999995770 359303379
-999990837 999991177 707436190
-999994223 999991546 278719332
-999991707 999996583 699420270
-999997394 999992953 -964321119
-999992555 999998425 55273061
-999993075 999991016 -760065336
-999993179 999992932 -997860975
-999998539 999997536 -558665277
-999992486 999997615 -380760708
-999991264 999993722 442723542
-999999766 999991604 739030715
-999997034 999992826 -968828369
-999994198 999997113 746201347
-999993607 999992595 949581587
-999993069 999996233 -951633496
-999992693 999994121 -402635145
-999993729 999998788 -507282840
-999997371 999996772 -847930375
-999995682 999999416 329342955
-999996960 999991504 781390687
-999991447 999992802 -296083167
-999996321 999994951 -134933990
-999993314 999990415 632706739
-999996789 999995172 -834493773
-999996076 999991688 -433157046
-999997575 999998816 -854862551
-999991163 999992519 -137688766
-999997508 999996793 719329537
-999992016 999999304 -334501365
-999996288 999993698 981465
-999996484 999998662 -526375164
-999998768 999990259 -713058853
-999996717 999990841 370730173
-999999955 999991796 -906088944
-999997358 999990130 -776305928
-999991456 999995291 -722284902
-999998861 999992593 -758286052
-999995291 999998487 -252362508
-999992088 999993962 -963905032
-999993948 999992043 -716070836
-999995723 999990890 341602227
-999993971 999990496 970715035
-999999246 999991721 -817233406
-999997244 999996971 -816064742
-999991436 999990915 -238993828
-999993551 999995799 139314235
-999992245 999990523 -907325336
-999990574 999998947 -385641084
-999997368 999991034 -976086724
-999991411 999998539 793231851
-999999631 999991443 -169390647
-999992243 999999036 -561674179
-999992828 999990338 -702952386
-999994102 999997990 851213323
-999999370 999991206 487475111
-999994813 999997539 -441801694
-999992504 999993468 -409391615
-999994384 999994457 -522909343
-999990242 999994433 -387664790
-999998506 999992342 -995869847
-999992476 999993688 -992771155
-999996362 999998801 -147727393
-999992558 999993774 -378216743
-999999042 999995436 723680365
-999995452 999992304 -863677603
-999995544 999997297 978676923
-999996333 999991533 -118944646
-999995825 999992857 12980665
-999997626 999991877 -397785314
-999994238 999994525 -396294145
-999998165 999996843 -104493194
-999996547 999996870 -893759794
-999990831 999991327 -33793998
-999998888 999998060 442702782
-999992061 999990108 -938127834
-999997805 999998662 -570908461
-999998179 999991041 -405821941
-999996755 999990136 -77676554
-999990315 999999179 -72273154
-999996524 999998069 -907375349
-999992601 999992528 -134474582
-999994539 999992902 -118025667
-999996368 999994333 388417073
-999991268 999996803 -678697985
-999996030 999990267 -954657988
-999997894 999990609 -669970676
-999995322 999997754 -573871294
-999993579 999999945 -886232961
-999990542 999994559 -382474316
-999995351 999997496 90774120
-999991898 999993455 -898905900
-999994873 999996161 -422619133
-999997416 999990641 -579392589
-999992606 999999855 -572241475
-999990302 999991204 421754056
-999999556 999993604 -8130952
-999993925 999993562 974177979
-999994908 999996352 372190177
-999996599 999996317 -409815450
-999997183 999992329 809497987
-999998670 999997641 -932110895
-999999054 999995628 -804694524
-999995440 999999791 872569145
-999995646 999993014 -102218623
-999991983 999995839 265805907
-999994600 999998790 918887686
-999995287 999991924 -237467883
-999996456 999996280 -874798220
-999997335 999997956 -783181398
-999999479 999997090 112606494
-999999336 999998434 -172581466
-999999921 999996280 -874678252
-999996306 999998944 -274428272
-999998651 999997799 666538155
-999999333 999990208 -750891569
-999992909 999991897 -616132360
-999997187 999990449 -16478911
-999998255 999991072 655247991
-999999774 999993158 -746961255
-999996224 999990768 76543263
-999999059 999999699 599521200
-999998543 999998902 -696946632
-999996578 999997587 -469583610
-999995962 999998496 568639308
-999991377 999990725 -4756774
-999991942 999994605 -955535953
-999997622 999998865 -901206692
-999999422 999993679 -935467897
-999992182 999999543 -904075325
-999994102 999991704 900489727
-999992543 999999981 -906191495
-999990523 999991329 192210695
-999990316 999996197 -127069540
-999997409 999997186 46184395
-999990223 999997211 -173820564
-999995300 999995414 903008722
-999992264 999995762 -7051556
-999997340 999993135 784468306
-999995239 999995392 -700996106
-999998157 999993452 179278323
-999999996 999999398 -8627149
-999993501 999994787 356936432
-999990062 999993805 -981353921
-999990086 999998272 242678093
-999991819 999992860 245933653
-999999043 999993913 -994270653
-999996348 999997248 789348913
-999994887 999993556 -248772643
-999999455 999994952 607544347
-999997247 999999530 498920293
-999991478 999996344 398089533
-999992031 999997040 345911959
-999998820 999991454 -434999788
-999999560 999997606 313648450
-999996558 999996800 -912024097
-999992382 999993355 -345756750
-999996868 999991802 461844722
-999997084 999991272 267761947
-999996870 999998335 -858029588
-999990610 999992165 61398297
-999995441 999997376 -165450322
-999991465 999998684 326004188
-999990377 999996819 13802336
-999996436 999999304 809628126
-999993635 999997542 -864702365
-999997269 999997875 -919245846
-999993402 999997123 -649244105
-999994624 999990872 78994132
-999996605 999998437 -596164518
-999995002 999993954 -590496759
-999992379 999990713 118808049
-999992761 999997722 767158590
-999998473 999996616 465128863
-999990639 999999923 -920383470
-999998203 999990158 663033341
-999995875 999995227 -991257679
-999992451 999990548 79413219
-999990696 999992553 -160545055
-999993105 999995271 -913078523
-999995736 999998146 470257238
-999995383 999998205 338345078
-999990390 999996420 444913440
-999990370 999999712 -899169572
-999992553 999993342 985488881
-999998096 999990788 -955255904
-999999466 999999842 80632466
-999992851 999995217 -152329732
-999992168 999999100 853896799
-999999807 999994474 396102816
-999995286 999995042 -991804586
-999998783 999999005 696406124
-999997021 999992135 -677419908
-999998919 999993320 -86189380
-999991372 999993764 255690545
-999996414 999995929 120825755
-999999453 999996622 -795305520
-999997559 999991804 265490225
-999991912 999998300 484051635
-999996469 999996585 -950116270
-999992012 999990023 753036826
-999991050 999999612 340432728
-999999190 999994891 -78986252
-999999030 999992893 -979828998
-999992403 999993837 -968812264
-999997748 999994652 -107241996
-999990037 999999031 -396152449
-999991335 999993424 519643205
-999999480 999991599 -917413253
-999992269 999994990 737007429
-999998175 999990205 -873064458
-999990690 999997706 -717500754
-999993021 999992749 -758445617
-999993832 999996256 445443570
-999992375 999999819 -749070801
-999992073 999996007 -239638276
-999994053 999992202 -863006090
-999999007 999999021 320139300
-999991592 999991964 101301361
-999990450 999996287 -109049261
-999999454 999990003 688265159
-999998206 999990322 223206218
-999990465 999998758 -291325542
-999993303 999991895 455761168
-999991145 999998947 -489098428
-999991540 999994202 -935452353
-999992022 999999901 -875805934
-999997479 999990615 -474403916
-999996271 999997610 -933395683
-999993243 999990795 236258853
-999990289 999992153 758334194
-999997339 999993965 -616405527
-999997805 999994848 -580232631
-999990300 999991083 342115519
-999991064 999995222 151495799
-999991707 999990024 -628317837
-999994685 999993192 423923597
-999992499 999999092 568671782
-999993311 999995838 475830914
-999991948 999992496 673320164
-999995719 999992653 166704900
-999997057 999999457 278139621
-999992346 999990460 -809569020
-999992044 999994270 374621472
-999997854 999992440 -641933572
-999994744 999999533 86343638
-999994555 999993073 749425341
-999993686 999997125 -614372361
-999995085 999996057 -705240258
-999995630 999992696 -324096193
-999996960 999999176 171918673
-999998495 999995319 -948731496
-999993045 999992343 892214011
-999991206 999990189 -907071364
-999996450 999997698 -565531203
-999996396 999991240 -705524220
-999997326 999995624 -966687606
-999993001 999996922 -882837741
-999995661 999991001 -708461166
-999993575 999992566 79934651
-999998312 999991111 690201327
-999991925 999994266 369233061
-999993479 999999609 -838912277
-999992342 999996283 407646357
-999996849 999990468 259733825
-999999213 999991286 187183530
-999992895 999996000 -965299164
-999997639 999999605 -862975659
-999995509 999994355 -592635195
-999991851 999994023 524912683
-999994430 999993436 -260583996
-999992481 999992615 507396082
-999999805 999996929 -690376513
-999991223 999994123 665245693
-999995542 999991147 -905052878
-999990875 999995889 -431051941
-999990698 999990354 -934971662
-999996563 999991105 -623506491
-999990993 999991350 487409387
-999995142 999995259 832248663
-999993118 999998128 239019945
-999997590 999991789 -829623516
-999995659 999997476 -531123323
-999991502 999992595 -864003902
-999995838 999998912 82158414
-999995557 999990731 -441427087
-999994677 999991863 934486343
-999992997 999992344 206604696
-999996271 999994716 -352475314
-999990932 999999875 -628191146
-999991098 999996972 -898267949
-999996391 999993018 -946481895
-999999012 999993949 -447059659
-999990699 999991273 709107469
-999998257 999990948 -404059578
-999994882 999999420 -82406045
-999997531 999994216 29562329
-999994791 999993923 -545577198
-999991032 999997827 193861984
-999994030 999995649 -19643790
-999993567 999994356 -763784266
-999998269 999991365 994071750
-999997754 999990754 465266376
-999995496 999995354 -840333022
-999993217 999997497 -73294796
-999994080 999995458 -549730731
-999992202 999991854 117219421
-999996180 999999165 725252574
-999990558 999999944 -634353277
-999991669 999991689 495269092
-999999670 999994174 -114547971
-999991513 999997940 -392659897
-999991733 999990997 -895431328
-999996456 999991161 649231756
-999992968 999991978 194994393
-999995522 999993318 499938015
-999999052 999999545 519582812
-999996387 999997074 -857434226
-999996825 999998572 293494680
-999993293 999991898 546054192
-999993864 999991473 -352482045
-999998864 999998953 735523907
-999996525 999999444 -602654544
-999990190 999990900 -916358949
-999998480 999996001 -239213908
-999990798 999995778 874579590
-999991443 999997500 476772429
-999999787 999991490 805201543
-999999013 999992993 -983280726
-999994934 999998214 -885080268
-999996516 999992282 -344026780
-999994113 999992492 379528131
-999995330 999999989 308116215
-999996718 999993014 -878825087
-999996636 999990981 -844125826
-999994179 999995350 -217222788
-999990409 999997892 -409377462
-999993178 999992286 -422095278
-999997537 999999777 -425198368
-999991998 999994365 -809458475
-999999194 999999954 304317612
-999998191 999990438 -134452325
-999991055 999993111 -880692257
-999993197 999995345 -676594819
-999993939 999999090 -436962576
-999998705 999997118 691283423
-999993540 999997143 -454551791
-999992868 999998688 -42275130
-999992517 999998151 -5707411
-999998628 999995976 -172649718
-999997959 999992016 232509852
-999993380 999999712 688931019
-999995152 999996904 -363258908
-999993100 999998020 -178746727
-999994283 999996512 156793331
-999992762 999995500 300903066
-999996164 999991848 -318070192
-999998737 999996280 571065702
-999992022 999999528 855523955
-999990531 999990752 -918631291
-999990632 999994179 -410591222
-999990722 999995708 -629452065
-999994084 999990917 313853608
-999992882 999994854 -19058645
-999997534 999991912 -450058783
-999994818 999995335 -786375761
-999996763 999990179 -699050487
-999997287 999999856 -960484338
-999997316 999996654 488108577
-999991204 999999902 -526041609
-999991053 999998060 -985774289
-999997284 999997499 -670371138
-999991173 999992257 -349897215
-999996766 999994770 -364828338
-999997461 999998426 738925058
-999993954 999998241 9192602
-999991057 999993797 372850301
-999997742 999995863 -875472418
-999995890 999995175 -801958971
-999996162 999995599 431345325
-999997478 999994559 -154167238
-999991926 999997890 -356108926
-999995355 999993778 147297305
-999990060 999997302 -825369488
-999994165 999994493 290249532
-999994539 999996256 -968620370
-999992080 999993059 491226810
-999999090 999993219 224355937
-999998661 999993253 102012683
-999999671 999991280 -492677814
-999997808 999994295 -353403061
