2000
999997084 -999999876 -688231367
999993474 -999997528 818725545
999998216 -999998676 -959033206
999992771 -999991481 80795621
999990303 -999997456 -973824197
999993514 -999993831 856392137
999995008 -999999989 574266326
999999093 -999995703 542375081
999991598 -999999092 -939560515
999997715 -999995410 708832983
999991875 -999997469 370092647
999996086 -999993483 -212326651
999995551 -999994842 -76049606
999991329 -999991883 496997791
999994243 -999992888 -917576830
999998667 -999997899 -149209663
999997101 -999995510 639382808
999997011 -999997090 812339335
999992227 -999995410 -748736185
999995713 -999995077 718938436
999998609 -999991314 -100649369
999990936 -999996981 -998604319
999997335 -999999370 34879061
999993636 -999994356 641232477
999992985 -999999197 575656791
999990860 -999995181 -709003474
999996026 -999995921 -331490971
999995901 -999995138 986090493
999999298 -999991245 -68813709
999991752 -999992679 839906110
999995175 -999995993 -186807834
999997535 -999990001 611879785
999991332 -999993351 -788351203
999991959 -999990748 929150127
999999951 -999994119 143960509
999995203 -999990967 544284866
999999505 -999996268 -936397598
999991346 -999996019 448046200
999991692 -999998256 101854505
999996310 -999996495 461411951
999996745 -999999899 816083430
999999435 -999995624 146215918
999992047 -999994364 429260183
999991205 -999996624 988835660
999990866 -999999211 -855688278
999997709 -999995137 -769230204
999998720 -999993859 831849591
999993260 -999997576 -890058327
999994791 -999997299 -372736074
999995406 -999993316 -2842674
999994319 -999994590 -446309383
999994312 -999994257 -743757853
999990941 -999993546 420326429
999992122 -999997093 -796685772
999990110 -999990908 -543674740
999992688 -999993606 -561104580
999995902 -999994434 -554947153
999991522 -999997093 740589342
999995997 -999993464 -784132585
999993914 -999996112 -380289579
999993277 -999991975 362210921
999993333 -999994894 569331704
999997140 -999993856 454647726
999991381 -999996149 932934148
999994736 -999996158 579313727
999994942 -999999861 -913868618
999995889 -999993153 -452796577
999991637 -999993801 -792222228
999992228 -999998618 10618492
999990830 -999995621 -59810377
999997898 -999993959 746898133
999994410 -999993390 774679814
999998061 -999994524 -69462920
999997877 -999996958 86427564
999994031 -999999183 233966377
999991004 -999994872 15714325
999996261 -999991195 -55778106
999993794 -999995528 567431375
999993711 -999990881 -341754568
999992688 -999991907 -855880409
999992039 -999999066 621765402
999995019 -999992372 184664505
999993608 -999995066 925229896
999994966 -999991008 -172434464
999990691 -999993920 599917973
999992646 -999993356 927819754
999996327 -999997435 898205966
999993424 -999994084 415541028
999992740 -999999272 301522487
999996973 -999995323 853519250
999998486 -999998794 930001253
999998254 -999999982 -200907224
999992332 -999993876 646315627
999990658 -999991984 -180584806
999994711 -999990756 -981343482
999990966 -999995816 427904139
999991913 -999993739 -962963031
999993232 -999991049 198404666
999998699 -999991027 276826664
999991517 -999996623 136549709
999998768 -999996151 -279478922
999990812 -999993921 203718684
999990186 -999995363 -663564407
999991154 -999991563 891028878
999997267 -999994332 234991213
999996354 -999991657 516025229
999995781 -999994731 522857473
999995790 -999998839 -427728850
999992912 -999995912 -997541101
999991138 -999991029 -468457627
999990732 -999993512 938366685
999998292 -999998893 -974768182
999999582 -999998300 -430721321
999999668 -999990483 -462930017
999999676 -999996551 637005383
999994083 -999993620 445993428
999990973 -999991163 -934366627
999997446 -999999989 -947601523
999999466 -999993134 649939324
999998643 -999993330 -643114289
999996714 -999993742 337867354
999994428 -999999677 97214727
999993698 -999994660 -882099174
999994648 -999992139 -241609585
999999015 -999992161 -796151521
999993216 -999997960 -918970614
999998932 -999990419 -921759798
999995053 -999997966 913000895
999999023 -999990017 -909078431
999992642 -999994110 -495323758
999993968 -999990450 -253300304
999996550 -999991811 330814249
999996529 -999990639 -529760232
999998752 -999993087 -565566794
999991849 -999991757 48341996
999995852 -999995279 -682446202
999997890 -999993759 570333873
999999403 -999992755 -428856551
999995552 -999997394 -600955592
999999966 -999990665 2713189
999991764 -999991186 714701260
999997253 -999993774 686331079
999992141 -999998571 240265389
999992799 -999995624 34489489
999991042 -999991609 962144857
999991540 -999998210 767310138
999990312 -999993570 417084992
999997490 -999993749 -329239541
999991269 -999993129 90607336
999998946 -999997126 -797476220
999991771 -999995398 -962766350
999994018 -999992266 -857790440
999994781 -999992854 757017970
999996961 -999993289 -883251588
999996335 -999997841 542011134
999997934 -999997015 -862085681
999996517 -999996998 -164916679
999999403 -999997345 676400239
999996590 -999992552 -465395501
999991050 -999991965 268737501
999994196 -999994002 -339786243
999997035 -999991187 968469606
999995012 -999990667 -975002982
999992101 -999995768 7588960
999992777 -999995644 467621313
999999548 -999998687 900107334
999991351 -999991689 154080505
999993952 -999991774 -788730533
999995051 -999993326 -878214585
999998768 -999997408 609079458
999997920 -999993679 -719894756
999995927 -999993835 -853914877
999994290 -999990234 -813241801
999998540 -999999343 991864178
999993223 -999998670 619455012
999996562 -999994677 -232941512
999996404 -999997945 -862415299
999990830 -999999173 238237716
999992369 -999994536 -590131235
999991646 -999991505 -515740745
999997797 -999996086 233490213
999992069 -999999359 734381627
999994136 -999993095 -758004740
999991139 -999991924 35035630
999990713 -999992318 -354689496
999992833 -999991181 173403683
999997563 -999995139 -307686085
999991589 -999999055 66031614
999995098 -999997130 93530653
999992139 -999999531 -70946905
999992111 -999995786 715899012
999997396 -999999912 -973949257
999991912 -999993218 698660324
999991680 -999999867 -805475540
999993678 -999990981 -668901406
999999582 -999993607 534268203
999992410 -999995842 -399986738
999999154 -999991508 -287543703
999992411 -999994857 874415938
999990472 -999995595 -129346631
999992762 -999999265 95551665
999995697 -999999565 -419100240
999990853 -999998713 -626972641
999999266 -999998179 943551102
999996824 -999997727 -3817440
999994011 -999994553 -283224359
999999637 -999993852 300010063
999990065 -999996441 -340891485
999999308 -999996977 -148955993
999990184 -999997482 -382498368
999996242 -999995119 -522376753
999999789 -999991190 -970042872
999992779 -999993329 -556941260
999997578 -999993337 -732775956
999994413 -999998362 -246533151
999996003 -999994294 869084291
999994450 -999991895 367661427
999997378 -999998038 768524442
999996096 -999997028 -191683335
999999431 -999993645 -550383399
999993924 -999998904 524619444
999995187 -999999270 -18322636
999991492 -999991834 -538905837
999994278 -999999495 -392804380
999996321 -999995588 475481186
999994463 -999995934 45436817
999997752 -999998100 -893197826
999995460 -999998211 838441516
999995990 -999996539 -832315448
999991951 -999997313 -264726121
999996634 -999996954 360399107
999994713 -999995663 -246001595
999999623 -999992673 -496059456
999993862 -999992759 -875088473
999995509 -999993728 -587399283
999997681 -999995577 179564884
999994971 -999995982 -917569383
999994775 -999991549 414940500
999998318 -999992499 419065590
999995658 -999997199 944564579
999992165 -999996533 -195170164
999998559 -999990648 -575065249
999992574 -999995540 -164106298
999992295 -999995216 36282054
999998678 -999996086 719482434
999996822 -999993321 746916541
999996335 -999997579 -770965935
999999968 -999998786 451374717
999991945 -999990886 644444573
999999106 -999992455 -864484017
999997137 -999992997 612324777
999995271 -999994059 370951591
999993254 -999991666 142046798
999999871 -999994696 -84503292
999998556 -999996455 -762068782
999999913 -999999664 668196936
999990961 -999993512 -950560360
999990359 -999992757 64054356
999991764 -999997141 112882751
999992075 -999998087 -557229954
999992412 -999998414 784708106
999998860 -999998396 376715911
999997743 -999996909 -461912363
999990206 -999998496 67061236
999993169 -999990701 -306158799
999990271 -999997349 662150642
999992415 -999999710 -187837861
999998749 -999996045 411498307
999992756 -999993970 -870066244
999991158 -999997406 317837136
999995800 -999996368 486991909
999990184 -999993093 -607801218
999991184 -999995762 -950344940
999991729 -999991052 -53406261
999994314 -999996953 319741790
999999525 -999992487 11222931
999997107 -999998581 -632563297
999992112 -999999517 306900911
999991520 -999992961 -439943501
999998519 -999999602 -83147787
999993129 -999993975 -451615123
999996485 -999997329 -903346185
999995020 -999995464 477525179
999990231 -999995455 -467171539
999993028 -999999102 -684271805
999996925 -999999183 -882770472
999994924 -999998419 -704709281
999998261 -999996597 -898847157
999997027 -999995942 -127827821
999999944 -999994084 -27514020
999993438 -999998508 -885608456
999991864 -999990638 638542191
999994477 -999992735 12774007
999995328 -999998150 115595442
999993344 -999992463 -45807199
999995546 -999996560 -473352714
999999052 -999990950 -538782783
999992291 -999999085 -855772881
999992862 -999999004 230979401
999992083 -999996184 561323181
999999955 -999993244 -763257976
999992787 -999996811 -334986168
999999915 -999993037 488453524
999992904 -999991229 814977827
999998856 -999992206 -425112872
999990942 -999993637 90861364
999994331 -999998995 781818747
999994093 -999994966 302890352
999996228 -999997126 261500761
999992826 -999994416 -904041075
999993999 -999991061 -424895264
999995259 -999990694 -422254892
999994076 -999990184 928012857
999995683 -999993680 495707864
999999587 -999998561 51171597
999995377 -999990877 -992681238
999996395 -999995298 -319080065
999990022 -999993041 -914179892
999992872 -999994596 -505685383
999990701 -999998865 -539324923
999994228 -999999500 -615053771
999999952 -999996985 -951994977
999998822 -999990913 708787660
999991955 -999999691 599048976
999993634 -999994632 807032102
999991434 -999993335 -762823074
999994448 -999996948 -249679713
999995916 -999990513 36617353
999999520 -999996128 -970661891
999994315 -999993826 -136013337
999999762 -999993567 326408164
999997251 -999992723 -728921199
999992557 -999999782 -546732845
999996966 -999992817 -558618039
999993073 -999990068 909944030
999996574 -999991019 926357203
999993060 -999993861 603148964
999995795 -999996821 -497766394
999995383 -999999729 308974108
999999012 -999992598 -724230081
999999267 -999992431 -577592218
999996754 -999998945 24094599
999997387 -999994215 -919983533
999997459 -999990289 -492847102
999993619 -999999524 -915689489
999992376 -999997694 228426531
999995453 -999998171 235658857
999991332 -999991729 -987326023
999996987 -999993348 -25690785
999999785 -999995941 96770492
999999316 -999996111 -619364177
999995106 -999996247 -378790173
999995793 -999995681 -217819136
999997210 -999992787 921577902
999991846 -999999074 -397551462
999995586 -999990453 20820529
999990223 -999993560 485323142
999996796 -999991784 -991226277
999995457 -999992297 -94935244
999996495 -999994805 367906044
999996751 -999991153 -900629895
999999057 -999998333 -350162311
999998284 -999990426 -835704708
999992322 -999998146 -923872856
999997826 -999992970 -361485523
999996544 -999991425 861507909
999994791 -999998304 -574409570
999999196 -999999221 -480543555
999994769 -999996910 595534060
999992191 -999999295 263513175
999992967 -999998993 852412654
999990981 -999990886 -787865108
999999130 -999996303 704367215
999994524 -999993177 991223487
999999623 -999992275 367182841
999996362 -999995292 -704572817
999991212 -999994723 -578187250
999999681 -999992710 -122536655
999994138 -999990009 617462223
999998549 -999993233 367831786
999990441 -999990351 -114329573
999992504 -999997529 -586170827
999990243 -999991123 -966930682
999991986 -999996731 77929279
999996228 -999991273 117679354
999995607 -999996798 604247377
999996586 -999995012 759550675
999993868 -999999245 916398282
999997857 -999999107 -415888704
999994046 -999990565 -34807740
999994227 -999990709 -565216404
999995870 -999994848 -459513604
999995836 -999999241 -427195088
999993672 -999992597 585402610
999990390 -999994716 912277118
999997886 -999999345 -726327246
999999085 -999990750 311452324
999996898 -999990407 683140555
999996357 -999997634 304251326
999996821 -999996636 -551050699
999993615 -999998155 269450680
999998749 -999992462 658177494
999997956 -999994853 -608128109
999993740 -999996407 -133215076
999997200 -999998315 -875937609
999995243 -999992316 522396641
999998190 -999998502 786703807
999993200 -999995315 348613380
999997818 -999990911 -971619108
999992165 -999995851 294943175
999993321 -999999023 682484983
999997132 -999992678 -597429886
999993905 -999994550 -216411476
999996469 -999995336 -198082055
999998283 -999992505 -887799433
999994945 -999990201 373876995
999996609 -999996684 -255695702
999991573 -999998639 466330571
999992061 -999998140 -337894066
999997737 -999996747 452342764
999994632 -999990156 297020949
999996096 -999990808 -375733444
999997505 -999999668 -925375925
999990468 -999997710 -607174225
999996387 -999991338 908756138
999995540 -999994961 -359451305
999997234 -999990172 292086622
999991178 -999994275 -635651355
999991377 -999999683 -985612329
999997700 -999994896 -294731708
999995881 -999998504 -981256315
999992778 -999993694 532671943
999999325 -999994259 -653401446
999995023 -999996068 -947828782
999999344 -999996784 -676139659
999991261 -999990811 -781996807
999990716 -999997698 742830435
999997188 -999997094 -447633173
999992311 -999993527 -146297270
999992666 -999999220 -958832504
999999163 -999997387 -578325594
999999161 -999998891 369542432
999991223 -999996318 867449157
999998115 -999998139 -171145051
999990768 -999992120 -941378479
999996995 -999999807 750900741
999995925 -999999620 -851408450
999995719 -999997758 413878871
999998426 -999994419 252135664
999995350 -999991119 833011944
999990642 -999997326 22114685
999998276 -999993558 994019142
999997794 -999997176 -712097737
999992468 -999991460 -864403605
999994284 -999991098 -966103616
999996245 -999995910 37658309
999994717 -999998786 -914209086
999999406 -999999018 -2156934
999999984 -999996751 -435710659
999996341 -999994650 442683773
999992067 -999995658 128936250
999999899 -999997664 -241321355
999992474 -999998370 103842467
999996437 -999990015 31224928
999997061 -999991599 482012565
999994673 -999992179 -983225490
999993040 -999998235 -937453000
999990163 -999991811 -562643016
999992500 -999990268 -704721702
999998029 -999990216 440714338
999993340 -999996416 -499576145
999991906 -999997479 -824268200
999994395 -999997642 -295636812
999992428 -999993644 426276674
999996543 -999992686 660775420
999990865 -999990435 -890840500
999995713 -999997857 894210267
999996622 -999997755 -333657107
999995260 -999990023 -782128542
999994499 -999996292 -716540388
999995916 -999997909 -740776024
999994235 -999995899 -78318151
999995083 -999996716 157190946
999997275 -999993914 -686841952
999995849 -999998360 963206120
999990569 -999993758 511956017
999996301 -999999953 -183894289
999999522 -999992025 857644083
999992056 -999990645 -238622194
999991210 -999991793 -615250076
999992993 -999997741 409558388
999994785 -999990408 238578774
999991396 -999996959 481697856
999996223 -999998668 705366751
999996991 -999993323 -353489120
999993841 -999990750 171864064
999994694 -999990779 -690076791
999999105 -999997528 217669921
999994657 -999999942 127140314
999995898 -999998859 829156914
999992586 -999994278 970262807
999990560 -999990015 670692421
999996937 -999994940 260787768
999998864 -999992514 555112076
999991866 -999994500 514906683
999999302 -999991406 890548280
999993358 -999995917 -240727206
999995050 -999999034 209605647
999994503 -999997576 114271407
999999079 -999995042 -867101847
999991087 -999997537 -630652844
999991995 -999999824 -225565438
999992534 -999993779 890687708
999995687 -999995028 -439125715
999996644 -999991014 364874098
999995575 -999998987 -406994926
999999091 -999990778 794494172
999993659 -999991265 105977820
999999012 -999998946 -426375436
999993385 -999994731 602791369
999997561 -999993316 -910606789
999991150 -999993813 107880114
999994410 -999993618 930791796
999998387 -999992475 -182972950
999995647 -999997794 500711029
999992906 -999999314 135761816
999999743 -999991927 -198024556
999998999 -999997009 451518458
999996540 -999993287 -775540234
999991752 -999999515 610800060
999991029 -999992519 825831801
999993186 -999992497 48362634
999999797 -999998712 -114943172
999990112 -999999023 -894934943
999991122 -999991268 595872522
999994618 -999992475 -464177154
999992714 -999990295 115526508
999997207 -999993559 -660767112
999993328 -999997438 -118096097
999993997 -999994665 -274452798
999992558 -999994290 367966811
999994633 -999996026 -588055886
999992720 -999990608 -860301775
999993911 -999998884 -220599186
999993726 -999993645 50507079
999994878 -999995425 -932225814
999997825 -999991058 -291618843
999990042 -999995160 607065911
999991841 -999990486 -845961052
999995861 -999994263 480346544
999993686 -999992909 256698548
999996665 -999996598 -33232871
999998649 -999999241 237427768
999996007 -999998782 539226489
999995017 -999993078 536853257
999998969 -999997051 664005919
999990910 -999994046 -785336955
999993972 -999990344 -945235501
999996160 -999999093 -27063544
999995434 -999992338 -882282391
999993665 -999992838 659174158
999993229 -999992008 -925898663
999997524 -999993946 414361434
999990294 -999990686 248625770
999996895 -999999527 670499162
999991378 -999999988 66029421
999993181 -999996284 601967826
999992093 -999990172 -5689189
999993104 -999994994 648724558
999999562 -999992236 342639318
999995661 -999996579 530188696
999993288 -999998309 -690816009
999995620 -999999220 -722732519
999998078 -999993474 456754566
999999233 -999997637 -323235081
999998655 -999994916 481008453
999996065 -999998936 -875840708
999995287 -999993021 -450234855
999994261 -999994028 -878507800
999993514 -999993459 33221952
999997352 -999999538 833048998
999995829 -999998232 549914957
999998179 -999994604 -592994363
999993904 -999997294 180650549
999992765 -999990103 114501204
999996202 -999993159 65739061
999997757 -999999724 -870069299
999991556 -999998064 18927592
999995385 -999999930 -229271890
999997644 -999990332 -884525642
999991660 -999997488 -145874327
999998289 -999995939 771872628
999999731 -999993290 75671172
999996807 -999997967 -528396891
999993167 -999996197 17568644
999998300 -999995852 973287504
999992441 -999998872 -991402677
999990542 -999999171 972445855
999999419 -999999464 5175151
999997105 -999995465 -506131653
999990843 -999998471 -993055123
999996561 -999992147 -62972794
999990454 -999999468 -282971799
999996860 -999997673 711185469
999991924 -999990758 -187777803
999995453 -999996955 -742448173
999993242 -999990133 957053483
999995761 -999999236 -809854371
999993738 -999992170 933707969
999998582 -999999192 -454604809
999990995 -999999999 -934351491
999992888 -999997585 629666395
999998972 -999997387 946438526
999992240 -999992445 940650564
999992554 -999990100 -57134285
999997483 -999997104 -524208023
999997604 -999992932 -147774229
999994691 -999994466 219967802
999996338 -999992967 -416695269
999990065 -999993327 976202264
999996728 -999991066 582660865
999995867 -999993139 520726369
999999606 -999996973 -647286622
999993019 -999997523 -590613886
999993275 -999995578 649632434
999991050 -999990521 -482682483
999996215 -999991194 -410106398
999995335 -999992098 244485070
999994884 -999999476 500599583
999997826 -999999992 -864401230
999993225 -999999208 169295670
999996131 -999992011 -457425570
999998078 -999994641 117029900
999998048 -999999551 -603559592
999991389 -999998049 -302832597
999990760 -999994218 235419304
999991501 -999994310 -967609994
999991230 -999998715 683900002
999996674 -999998823 -129855651
999990425 -999994196 -167929578
999998652 -999999780 479985892
999999587 -999994032 -936257625
999999022 -999998953 -798845121
999990665 -999990044 171770428
999991684 -999991269 683394821
999997177 -999991815 382979647
999996531 -999994576 -961245800
999992723 -999990095 513951903
999990649 -999994010 927741541
999990695 -999990108 -758009035
999997141 -999998169 -792265103
999997989 -999990477 -636106602
999992569 -999993631 -218773536
999996757 -999992876 382866397
999998473 -999998858 177114803
999999587 -999996603 55465011
999992823 -999990487 923725093
999994196 -999996358 -548066981
999996639 -999993117 466835876
999991189 -999998184 -907238539
999991287 -999992126 880275217
999999077 -999990062 -862084499
999990573 -999996064 -887802749
999991092 -999994515 -719712337
999990033 -999995161 -630314564
999992974 -999990603 364992424
999990543 -999992385 595614603
999990488 -999993248 420507682
999991868 -999991593 -639513154
999992749 -999999059 -221660227
999991996 -999995614 -285051540
999998775 -999993010 -931573848
999993228 -999999916 493507941
999992330 -999997342 -447679285
999991236 -999999896 424333657
999990540 -999992174 -900768310
999991660 -999993177 -417523697
999993673 -999991469 158493917
999999775 -999995951 -341317412
999996527 -999991629 612043136
999996601 -999990001 -858958282
999992044 -999990922 -637708353
999993299 -999998428 675785945
999990758 -999997894 -889550872
999991516 -999996183 -162358233
999996097 -999997975 -990870078
999990215 -999990185 -383267755
999993846 -999991462 365490393
999992434 -999998744 -978058107
999993403 -999996879 428761680
999992411 -999993696 120697040
999999695 -999996730 -970218707
999996622 -999996220 -929473803
999991933 -999990319 -457212334
999992594 -999995731 -626474927
999991196 -999992100 -151433471
999990823 -999997824 731289748
999998068 -999990210 -586081091
999995732 -999997276 -94609325
999990660 -999997661 95285552
999998258 -999990565 -740830434
999993281 -999993801 119949599
999993898 -999993737 597617315
999993832 -999990319 83748869
999991134 -999995159 541085554
999990003 -999999966 390394759
999990235 -999997923 -592788699
999995129 -999996298 301290442
999992614 -999997504 -871561717
999991161 -999999319 -428557249
999990720 -999995366 -404604672
999997666 -999999152 -855939230
999996954 -999996017 -916677998
999999186 -999997684 883792181
999991808 -999999912 -568947561
999996757 -999990335 -709333475
999996016 -999995733 399845749
999992908 -999998542 -85269368
999996936 -999992864 622676882
999997892 -999993717 58883752
999990566 -999993637 -884098392
999999131 -999994809 -379708196
999993777 -999996584 -492949841
999999236 -999993174 640349649
999999273 -999998531 675576555
999996398 -999999827 322089511
999990540 -999993664 960009018
999999119 -999998165 57518445
999993623 -999998844 -349557101
999992879 -999999559 746726114
999994276 -999994488 -215003850
999995702 -999990205 -894594098
999999921 -999999882 667038259
999990139 -999990383 907822489
999995109 -999995609 -259355228
999995973 -999997074 -824849652
999998234 -999992158 782006397
999990759 -999996789 193560591
999991284 -999990853 -912113469
999992085 -999997524 -968973409
999995534 -999990635 -529676316
999994609 -999995447 -569384956
999995084 -999995666 -899348236
999994464 -999999968 -893815120
999993499 -999991618 -282428328
999992886 -999990541 -307400704
999990682 -999998268 -869520575
999997521 -999999831 -242324063
999993755 -999990955 -879650369
999990188 -999990511 -254855503
999996877 -999998052 -233199936
999999340 -999991987 -317960819
999992666 -999992213 659355490
999990150 -999994062 -31752
999995777 -999990641 371948521
999994745 -999997382 372130562
999995480 -999991682 640959821
999999758 -999990675 -941074201
999992517 -999997593 891196717
999999389 -999996001 -379609111
999991646 -999998127 866510567
999992597 -999994395 -995297506
999997748 -999998071 -219767806
999994313 -999996325 -511977190
999991283 -999994162 777760640
999996823 -999996915 732758730
999990616 -999993300 342208824
999990508 -999992199 810848758
999999538 -999999723 92499968
999997187 -999992556 393542329
999999969 -999990133 1198812
999994888 -999995047 429613316
999999188 -999990051 -872457982
999998624 -999998302 530868827
999993580 -999993141 812121337
999996177 -999993220 643215581
999999522 -999996500 -958915666
999994889 -999992817 237156446
999993507 -999994875 168131727
999990806 -999995365 -458889659
999996064 -999997549 915569024
999990263 -999990094 -992574817
999998372 -999998395 832434984
999993584 -999993288 259483038
999995364 -999992270 164876908
999995397 -999998419 -820260260
999995404 -999995297 -33184771
999996937 -999996373 30159630
999996810 -999993592 749633479
999994023 -999997786 540913391
999992997 -999993842 -286536157
999996425 -999994285 -902913945
999998730 -999997331 -626823920
999999827 -999995195 -925349432
999991517 -999996228 141590865
999991450 -999991169 -590410774
999999097 -999995272 -722043652
999992572 -999991787 -73664187
999991516 -999995433 770211856
999998084 -999997281 -867573523
999999018 -999992592 -916840227
999993530 -999996634 800000644
999993707 -999997574 138523292
999999273 -999993376 -680101963
999998481 -999995643 762936147
999996065 -999990326 760414808
999999134 -999992575 -921413986
999994272 -999996470 276452813
999995429 -999996764 -450920920
999999242 -999990812 -753992364
999997630 -999996755 339211731
999993132 -999990013 -949418011
999996176 -999994428 -403115711
999997598 -999996038 886304093
999993381 -999996518 -750220946
999992790 -999999538 -725522305
999990047 -999992985 530636859
999999656 -999997697 796351487
999990321 -999999627 -612281595
999995480 -999998253 502309873
999994089 -999996733 -774694709
999993698 -999990028 880530843
999990370 -999998477 709447615
999995519 -999995326 456507901
999999484 -999991087 -137761428
999995472 -999996261 -771904153
999997531 -999990549 455082805
999991233 -999998258 531040663
999993316 -999991671 -932444307
999995359 -999997480 548338336
999991641 -999993886 -325481385
999994793 -999990183 39841823
999991693 -999991521 -490704681
999997068 -999992768 -835055267
999998686 -999999785 115465960
999999964 -999996372 -358031445
999990647 -999997188 -960864464
999995052 -999994542 136799569
999995619 -999995451 767994329
999997879 -999997395 939912428
999999757 -999999130 530072861
999996080 -999990201 -240777251
999992924 -999991280 -733011411
999999107 -999992029 686892250
999998069 -999994448 422715535
999993318 -999993886 553667348
999997291 -999993187 804927375
999998506 -999994599 637654814
999999587 -999998650 -979762306
999995282 -999995186 614268710
999995624 -999993722 -162342982
999994522 -999993270 -919727503
999991620 -999995572 -895055193
999990355 -999990449 925266001
999995657 -999999110 -909749826
999990844 -999994925 605524565
999999516 -999993389 -706054347
999995081 -999997577 -926272040
999990651 -999995220 127780748
999997644 -999993722 -641083342
999999712 -999997448 -583487475
999999300 -999998450 -812857349
999996772 -999991979 -854810196
999998301 -999996430 -441056865
999994322 -999993720 159961903
999997830 -999998210 -700753738
999994172 -999997410 -717688417
999993775 -999999995 -947300243
999993363 -999997312 -486879165
999994633 -999994998 -945881731
999991000 -999994065 -762013260
999997727 -999992263 -446340160
999999983 -999998230 -728621213
999995526 -999995433 -977344426
999994245 -999998748 -926991513
999996758 -999995330 -793435459
999997542 -999993086 -917524058
999992289 -999999022 821176593
999995856 -999996224 -49516906
999996956 -999999962 755417609
999998390 -999996100 230422425
999996245 -999990070 508071642
999993397 -999993619 -725840879
999995184 -999994764 700643138
999992461 -999995151 127033851
999995532 -999996221 344385362
999996772 -999994965 -855126881
999990878 -999999419 572058495
999996886 -999995150 174552383
999991655 -999993375 -810428672
999998531 -999995035 19737897
999994035 -999998977 -428139653
999990330 -999996861 -602569002
999997780 -999993113 148095465
999990417 -999999877 114158151
999994615 -999996317 19006166
999991823 -999990566 615866691
999999237 -999995097 -576981931
999992234 -999990768 389653925
999995651 -999990852 1676531
999993676 -999992010 124912830
999998757 -999999157 -855909332
999997039 -999991105 596972392
999997033 -999994874 550347608
999998610 -999997373 127878353
999998116 -999992116 -362721317
999990823 -999992967 -457513267
999998372 -999990450 -826182393
999996835 -999992017 -655314790
999993364 -999996347 946241445
999995075 -999992994 670112478
999995786 -999995028 723100220
999993356 -999991470 -579542393
999995169 -999993595 441992383
999997716 -999999455 -996401776
999994764 -999991274 -821469065
999997559 -999992758 -208179202
999998214 -999990504 404801376
999997005 -999999183 527439589
999994128 -999995565 235961211
999995128 -999995447 -177007616
999990991 -999998709 783550729
999991817 -999995406 -360761393
999994716 -999999999 629678420
999999490 -999993683 -91225877
999990532 -999999821 -996295097
999995758 -999990637 -195467988
999993041 -999999519 -726984587
999992556 -999992867 -99083219
999990300 -999994897 166652018
999996494 -999992244 526714867
999993882 -999997539 -603452714
999992094 -999990312 -853708803
999998175 -999990145 311894973
999998255 -999996861 204580380
999993289 -999994752 -456291318
999996706 -999998780 -130259290
999998022 -999995187 -306122971
999994584 -999993983 641737718
999991099 -999999955 394440090
999996785 -999998662 596401598
999990346 -999993956 -8486640
999996050 -999995995 -296906693
999993265 -999999491 -867740748
999994252 -999993998 843028983
999995966 -999991451 460940342
999994811 -999998125 -889206957
999998046 -999993625 -591538204
999997292 -999992662 -363947806
999995281 -999990808 -327907183
999998887 -999992878 -437524083
999998470 -999993761 781029553
999993659 -999995489 705016694
999992571 -999993085 -934110114
999995367 -999992991 565183440
999995093 -999992967 -241788453
999992331 -999990227 -956467301
999998656 -999998233 -594186460
999995034 -999991089 -903054682
999996906 -999992646 -842190415
999991980 -999992805 -228778173
999997154 -999993093 -474142267
999993876 -999996815 301843499
999994776 -999994338 716742443
999996517 -999999850 -348494869
999998893 -999994906 -554480320
999994470 -999992157 966417103
999999121 -999998079 -234346264
999994506 -999990694 -993797793
999998616 -999998075 100616468
999992559 -999996228 -446509683
999997398 -999992275 259338591
999996704 -999996077 951644815
999997787 -999996431 809097760
999990311 -999998342 218008919
999997296 -999995979 -363483990
999996305 -999996346 -931217441
999992016 -999993722 685409063
999996790 -999997853 611081928
999990179 -999996396 890080900
999991188 -999997326 952701759
999996362 -999998573 648994425
999990294 -999991526 -494543692
999990071 -999996043 270910790
999991944 -999999956 -883626740
999997426 -999999722 -165240316
999990123 -999991551 360782222
999991097 -999999534 85298235
999997269 -999996736 79953065
999993622 -999993456 574735172
999994702 -999992961 699202121
999997834 -999992688 -109124177
999992333 -999997819 649692119
999997470 -999999543 -149841379
999990093 -999991906 -912095673
999999374 -999998445 71403229
999996812 -999996628 -74582382
999998998 -999994013 792709711
999992406 -999994346 401522350
999996452 -999997699 -55857308
-999995054 999992561 -22454083
-999993116 999996149 -774434235
-999997603 999992590 -144606127
-999998802 999996731 599935956
-999996789 999991719 -755121830
-999993666 999993189 -48730064
-999998717 999997053 -864665904
-999998014 999998906 573700112
-999997657 999992282 933236089
-999994725 999996110 963207407
-999995213 999998818 -904639731
-999998327 999993678 681125294
-999996626 999995220 879777580
-999993077 999991265 676626917
-999991727 999992093 -970911251
-999996151 999999815 -61435147
-999992177 999997836 294857350
-999992909 999992247 906530158
-999996872 999997750 296085610
-999990608 999997841 -27155451
-999994293 999991687 -531045248
-999998545 999990165 194782721
-999995686 999994787 -888810189
-999994740 999994431 -947487098
-999992366 999991028 -857212597
-999994978 999999957 173902714
-999992355 999999320 -159087218
-999999707 999997407 -684331207
-999993678 999995673 711560181
-999997107 999992316 -154935828
-999994320 999999910 -739703019
-999993463 999992238 -134917479
-999997470 999990862 -54995801
-999998598 999999437 -981592904
-999997220 999994597 -408362953
-999992993 999994950 96260462
-999991461 999994921 -531761156
-999999738 999990411 275120346
-999995614 999996967 -943606414
-999992867 999992278 294935134
-999996165 999991022 -368951769
-999993981 999997044 888032159
-999995174 999993911 -330121094
-999998088 999990814 -554089499
-999993785 999999745 -140332182
-999996116 999999171 -739122415
-999995032 999994994 -488523642
-999993471 999990744 87545899
-999996687 999992021 -897138621
-999996814 999992305 -427223516
-999993874 999997783 342340133
-999996970 999996321 -39613288
-999997953 999994134 -625241786
-999991093 999999999 -861787847
-999990100 999990948 942062229
-999994959 999998736 -987112917
-999993723 999999327 -933910048
-999995979 999997856 461091316
-999995308 999994946 -629353537
-999997363 999991529 524105525
-999996493 999994654 -104397608
-999996303 999995379 -693926855
-999999342 999998284 733867345
-999997997 999997971 -883300070
-999995142 999992220 -305215700
-999996810 999996930 381099537
-999990966 999991502 856214931
-999993549 999998548 692008420
-999992585 999997729 292969901
-999993503 999998167 -343583169
-999994845 999998605 -600426532
-999997323 999994682 -882279774
-999997787 999997040 467242094
-999990031 999994524 -333794677
-999994260 999996092 -262578654
-999999421 999995978 83084526
-999999071 999996801 -764115911
-999990584 999998403 -862095725
-999991008 999991646 128642102
-999996742 999999659 410561597
-999998951 999999195 609880920
-999990907 999996528 -410050953
-999999307 999995375 656289142
-999991728 999999219 -722012096
-999990834 999997258 455237917
-999992866 999992423 -253715661
-999994292 999994353 290428094
-999993141 999991934 -263852530
-999996938 999999188 -604546515
-999992173 999990168 -639547456
-999991933 999991711 -819086784
-999995934 999994989 50683201
-999990943 999997802 -962696886
-999998521 999992304 132927183
-999997294 999994494 524834275
-999995510 999993650 -183163627
-999996041 999996339 205807908
-999994919 999994542 -694707174
-999994238 999990327 384977732
-999996732 999990742 -388574863
-999995538 999997924 959571582
-999999250 999997352 -812860859
-999990469 999995729 -996615627
-999994203 999991693 -171591794
-999995239 999998629 411088605
-999997773 999999410 -617069643
-999992187 999992089 -899489022
-999999229 999995591 6108874
-999996417 999994470 933486818
-999998461 999996455 -966222326
-999995177 999991523 394852455
-999990285 999996774 -189355860
-999997226 999993962 -877455865
-999992628 999993893 273560533
-999992306 999990451 244129523
-999992806 999997987 -320072022
-999991719 999990196 -89607518
-999993084 999996430 -402272175
-999997031 999991369 330329215
-999992217 999991915 -720047694
-999999803 999992020 -15769366
-999992525 999997806 -989146035
-999996184 999995363 -750089808
-999998221 999998131 37266191
-999995813 999992172 943093591
-999997029 999996940 610476601
-999999488 999990623 -542526213
-999998211 999992392 777690815
-999994066 999995583 -121030152
-999999517 999999643 -253829272
-999998831 999995294 -233581761
-999990612 999995184 -839201984
-999997387 999993596 -652058309
-999999568 999993509 -904142339
-999995219 999990028 -723850411
-999991714 999995509 48253801
-999999074 999997983 242298884
-999995959 999993782 -913768450
-999993498 999999094 884284577
-999997839 999991944 968462574
-999994253 999991523 -728272960
-999992156 999997541 -240838361
-999993867 999991516 -361629398
-999991084 999990310 -912859520
-999995272 999992589 458199805
-999999855 999995653 -191139806
-999993502 999995097 245722070
-999990177 999990029 431766696
-999999641 999994055 -412066693
-999990102 999994471 -282621298
-999997919 999991340 437366641
-999994696 999995906 -307884326
-999994012 999990876 589216467
-999998755 999996988 -862745461
-999993277 999992488 -922978675
-999991573 999996032 -912472179
-999992139 999990937 267841090
-999995311 999994420 -871859101
-999995596 999990448 105005105
-999990460 999992070 -143840762
-999994647 999999203 496202617
-999995761 999994228 -532012249
-999991434 999993695 -398037994
-999998107 999998408 -971480756
-999998218 999995559 -413763391
-999991938 999997391 81207131
-999999064 999992302 -955714568
-999995944 999992031 545911758
-999995591 999995850 190846991
-999993490 999993147 -54631328
-999992858 999998962 -106193769
-999994037 999990768 734845229
-999999327 999999670 -994021173
-999995319 999994683 -965453435
-999997985 999993758 -955096776
-999995347 999991470 423294990
-999992742 999997386 293680066
-999992416 999997479 -735444632
-999991765 999992119 795115445
-999998183 999990910 470634391
-999996424 999990532 358222631
-999991325 999991741 -750198822
-999993204 999993873 -514234262
-999997450 999995641 968080709
-999995808 999996711 -87938110
-999990092 999994734 632653923
-999996172 999993769 -931981980
-999992775 999994373 508171989
-999994146 999999720 431696934
-999991220 999997203 -747644552
-999994591 999994582 753777394
-999995577 999991251 998895808
-999997698 999997140 808042343
-999996813 999993084 -368999303
-999991258 999994022 -915308248
-999996204 999993302 -865107411
-999992346 999995164 -935978086
-999994371 999993909 324717417
-999999349 999991715 265774507
-999992107 999998885 -865601095
-999996857 999994370 383942160
-999990900 999999573 32603575
-999996733 999992809 730588734
-999998059 999993917 -919253211
-999995591 999998326 -644443467
-999998021 999991428 256495637
-999998016 999994586 -858847361
-999991912 999996492 -316015895
-999998712 999994460 -261323612
-999990530 999990663 441493563
-999990263 999996276 687012826
-999990884 999998042 378132581
-999995010 999990322 437880127
-999994744 999995212 866519206
-999991607 999993586 -663465395
-999996353 999999047 -460403208
-999999831 999997483 504498977
-999994306 999999519 -684878672
-999993180 999995566 -21655045
-999990396 999998469 223000821
-999994685 999992363 860851471
-999994002 999993006 801673498
-999993873 999990304 829424577
-999997839 999997174 -713137041
-999992122 999997754 560305862
-999990287 999990624 -750826040
-999996852 999998383 -615091641
-999994772 999991479 -321151937
-999991581 999996398 810824127
-999991978 999996703 439749631
-999990405 999996729 534613095
-999996296 999994280 -686245379
-999997992 999991448 -222935084
-999990589 999998614 354274831
-999997861 999997064 794277168
-999998077 999994195 647863115
-999996814 999992028 -850623590
-999996660 999992202 595164923
-999995793 999995947 -226612739
-999995306 999996917 614613280
-999997454 999990769 891551679
-999994937 999999606 -392414250
-999990191 999993815 -365730309
-999994223 999994335 -174094824
-999993275 999991054 648120606
-999996164 999994076 918048204
-999994484 999992282 216598384
-999990312 999993379 -452317051
-999991904 999992662 142748135
-999995862 999996783 -778897398
-999992972 999993309 -778487119
-999994055 999998746 322410946
-999997223 999993968 200188236
-999995812 999990257 330247051
-999991651 999993617 559175334
-999999043 999994034 -870429573
-999999739 999992872 241729220
-999998105 999995861 -449701382
-999992017 999995372 -192910454
-999990150 999999966 560252218
-999995748 999994638 -440270111
-999994812 999995686 799332036
-999997613 999999350 208020362
-999993302 999994044 -792160740
-999998278 999990001 346503609
-999996797 999990907 -286473363
-999996050 999996554 -407157350
-999990006 999998693 -624222436
-999994741 999994805 -48076344
-999997755 999994921 -382688464
-999996628 999991178 580911091
-999994911 999992687 -977426105
-999996761 999999578 -190112147
-999998943 999993353 -49091669
-999997209 999996635 -788001202
-999992741 999997227 564060899
-999997170 999993734 897468562
-999997826 999995445 -943072052
-999997975 999995937 630146389
-999992911 999997463 502809572
-999999968 999994760 -994111192
-999997938 999999670 -584739346
-999993183 999994752 571277616
-999997897 999996265 562597493
-999991944 999994832 358996181
-999992897 999990690 180423665
-999992884 999990716 427867723
-999996458 999993165 -973082402
-999993139 999996099 -909289633
-999998257 999996319 585349036
-999998404 999991672 -14005928
-999999928 999998911 -390761124
-999990386 999991498 -534241003
-999992367 999997024 -371327548
-999997460 999999602 -904752071
-999990808 999998023 -969863421
-999992410 999994404 -122727588
-999998035 999994672 845308918
-999994093 999993553 -662496303
-999998996 999997130 -417490534
-999994252 999994763 -981542007
-999996775 999993101 -701581545
-999995578 999995885 -72181237
-999990976 999991513 -227079260
-999994926 999995485 -248601123
-999994628 999995474 -661964874
-999995277 999990892 -918668327
-999992297 999993250 393779873
-999991591 999999149 -93572872
-999990321 999990812 -346755848
-999992164 999993453 492471725
-999992386 999996332 -13679438
-999998364 999996690 -559354333
-999995120 999994586 519432552
-999991215 999991133 557252174
-999994053 999995026 -998773128
-999990625 999995764 -271235783
-999992204 999998979 570444355
-999993386 999992364 646516524
-999999547 999996132 392743246
-999991266 999995778 380324236
-999995647 999998775 -319591800
-999996146 999999753 -854925311
-999991333 999994280 922984987
-999990442 999996922 -595042055
-999992844 999992795 -180328132
-999997529 999990615 414320267
-999990357 999992209 -689234572
-999992459 999990994 785555409
-999992512 999991979 244731863
-999996677 999999070 693381703
-999999881 999995806 -881362037
-999996843 999999793 273966064
-999992156 999991855 -263553591
-999997409 999994402 -154105834
-999990789 999997821 -979493805
-999992787 999995993 -57130454
-999994669 999992690 -282692584
-999996013 999998288 -658299915
-999991657 999995033 432378576
-999994652 999990916 47267403
-999990585 999992015 -139722169
-999999095 999992077 -165612485
-999999928 999991068 -327362980
-999997787 999996207 939168269
-999995050 999998352 -530174715
-999998167 999991058 -817096076
-999994085 999997925 -513167396
-999990546 999998267 -585578042
-999990983 999993906 -879046211
-999999213 999998489 -246889390
-999998680 999993423 410994648
-999997430 999996858 811902503
-999992292 999998069 900121267
-999995519 999995842 -972077312
-999990320 999999069 -737391486
-999990899 999999237 -202934182
-999994666 999992171 620336177
-999994426 999994420 375445350
-999997635 999999412 -428486462
-999994334 999991412 -498653463
-999996086 999991002 248823207
-999990337 999994242 517054232
-999990427 999990408 -988062441
-999990274 999990873 -911262156
-999991331 999996328 -481836271
-999990291 999997058 765699925
-999990105 999995060 -309601598
-999996942 999996991 -929212427
-999990703 999993221 150172768
-999999985 999997493 -826263565
-999992612 999995306 -697873265
-999998656 999990883 -498545003
-999999678 999995231 -986088960
-999993537 999990932 -996883085
-999999385 999997224 -67519757
-999992755 999992085 -122829125
-999991792 999998351 -169480651
-999997764 999995997 50694293
-999998672 999999482 -351920556
-999992816 999993770 -767086736
-999998062 999994602 -879900183
-999997172 999990037 -985071820
-999996910 999996265 5064858
-999993467 999993725 512014339
-999999605 999995150 -979524588
-999995849 999995576 -356941037
-999999129 999990820 353659528
-999991946 999991102 -397330865
-999992221 999991473 -147865046
-999996205 999999918 437499451
-999993723 999999454 442569863
-999994868 999990998 -191742869
-999991524 999996989 -951619045
-999995779 999996206 874460731
-999997777 999993057 213469532
-999994044 999995797 386590923
-999992903 999995395 -969930920
-999990610 999997576 -977803885
-999990261 999998103 77924784
-999996215 999996978 -366643316
-999999644 999990500 766721688
-999990051 999996951 180150802
-999998734 999995420 631092060
-999993136 999991893 139908578
-999990066 999990589 -446450160
-999996494 999997505 317449929
-999996240 999992438 517103090
-999991355 999994022 -855672123
-999996549 999990707 -762534079
-999991071 999998291 -346774677
-999997253 999995910 -184860062
-999992982 999994403 -917593613
-999993366 999996020 -975437276
-999992303 999997266 474193500
-999992241 999997756 -37931557
-999997736 999994374 -526760914
-999992021 999991632 191982265
-999998749 999990657 596456320
-999999436 999992201 451346626
-999999694 999994622 -196112572
-999997187 999998803 895027070
-999997789 999994169 -988921680
-999994217 999990731 -421374638
-999994126 999991299 -51300529
-999993682 999996824 -378736566
-999990688 999995209 -195959226
-999998038 999999722 -434472985
-999994757 999991679 976423504
-999994638 999990533 791504339
-999996741 999996688 780255561
-999997826 999992829 -644788274
-999997717 999992958 -916269162
-999993003 999993744 -245432798
-999992748 999996659 879935742
-999993891 999993484 666253597
-999994597 999991802 -357167574
-999993225 999994344 -290368208
-999992530 999996274 699477684
-999991575 999996883 -789905893
-999990228 999997838 -415996514
-999996887 999996580 -606708529
-999992000 999995316 550820148
-999994768 999999479 -952724805
-999998808 999991738 831963993
-999994712 999994102 -169402467
-999999256 999993643 301635329
-999998980 999999281 -627164729
-999998844 999996858 -950167788
-999993985 999992141 -246514402
-999998091 999990154 -337149608
-999990953 999997679 85661054
-999992339 999995847 -632248272
-999999580 999992399 -458838840
-999991712 999997176 778371077
-999998677 999999459 -896162020
-999991631 999994584 668861980
-999997323 999990872 -354907234
-999990097 999991708 -856214552
-999998385 999990435 -882109626
-999997072 999995747 -898265663
-999994275 999993098 876320788
-999994796 999993702 -161415115
-999995868 999992776 234512132
-999995507 999998782 203576089
-999997678 999995972 544551540
-999992105 999997748 430948218
-999996683 999996950 860144804
-999995656 999992869 -289514936
-999995753 999995637 -946869392
-999991033 999995115 -308265697
-999999624 999998910 -310274870
-999992565 999996639 -641689000
-999997245 999991415 278573737
-999999395 999993663 -390087995
-999998090 999997642 -722513634
-999999911 999990037 -199544176
-999998332 999996984 718447471
-999999754 999993060 -690054610
-999997673 999997058 211609773
-999998063 999991518 -871504727
-999992175 999994074 35048010
-999996158 999991136 -348726196
-999996740 999991997 -997137069
-999993075 999992902 281534207
-999998558 999998386 -880478250
-999995269 999991365 -629068144
-999991332 999999923 84213613
-999993143 999993093 557489884
-999993455 999994592 6082584
-999995567 999991924 -790230928
-999999977 999997040 316027109
-999993700 999993783 -317864382
-999990424 999996235 -556793734
-999993018 999994706 -401648361
-999992541 999997556 492974529
-999998801 999990590 -80488222
-999994957 999990444 853033066
-999990442 999999458 310177821
-999992089 999990932 -919019159
-999992640 999999583 -527704314
-999990425 999992356 -286215375
-999992591 999998403 -451516756
-999997273 999999600 228249242
-999993876 999997902 -655358169
-999993456 999997971 248508963
-999993116 999998340 278666743
-999991648 999993203 -10778729
-999996127 999997528 791999744
-999993460 999999942 -779374949
-999999316 999992279 -623049802
-999991516 999990390 -895719555
-999991634 999990418 733464617
-999994252 999996404 238126278
-999996565 999992923 -873482325
-999991195 999993446 -94535849
-999997272 999998280 -475902347
-999994016 999996895 348263417
-999996335 999998216 354084512
-999991773 999991848 -978601462
-999994224 999999070 -103918348
-999998182 999995749 -432496702
-999997121 999998036 138892722
-999999908 999992546 883364744
-999992625 999994303 -33292585
-999992194 999998870 -653960339
-999991589 999990657 522628782
-999994213 999998686 -662618099
-999992940 999990712 -317417843
-999997262 999992262 10700312
-999997738 999990098 694746307
-999994708 999998828 448830914
-999991415 999998199 982384032
-999996473 999998259 -707826574
-999995204 999996789 -114477653
-999996899 999994365 219386108
-999994350 999990420 610395092
-999998550 999992873 -453789442
-999995054 999992376 -989412228
-999993116 999999787 929255783
-999999065 999996421 768282455
-999995394 999998338 -870905593
-999991628 999995073 728348296
-999993415 999993360 91355400
-999997582 999998234 -99521823
-999996765 999997781 272848866
-999994550 999997176 532234459
-999991787 999993528 108300059
-999996967 999993039 882611032
-999998296 999996605 863396390
-999999795 999998345 456821667
-999993092 999991711 204609922
-999999261 999995470 -16287694
-999999579 999992102 -822009958
-999999909 999991456 472918311
-999992902 999990766 -151672853
-999998369 999994749 998217104
-999995945 999992184 627696426
-999998730 999998478 709910807
-999994173 999997313 -799143700
-999997730 999996448 515203768
-999993153 999992983 -371616409
-999992794 999995835 919872123
-999999537 999999748 -440113943
-999998645 999997856 284513193
-999992835 999992212 -654182114
-999991870 999994648 309790520
-999993699 999997122 -135397956
-999997194 999991081 900072207
-999997834 999999850 77470188
-999993324 999992902 108655994
-999998248 999991462 -673025467
-999991744 999992982 -663770308
-999997856 999997087 -420102964
-999990648 999998955 -978506684
-999997302 999998198 -927351503
-999996191 999995531 202524170
-999990258 999995497 -460917401
-999991766 999993311 812475097
-999990690 999999183 -919476586
-999993751 999993713 -446731580
-999991377 999998272 943539416
-999992303 999996478 778907762
-999991165 999998435 -417014839
-999999136 999996708 -124148688
-999995802 999992803 849931201
-999992822 999993994 -357268363
-999993002 999995758 -877529934
-999998421 999991286 -800543406
-999994218 999999506 727114442
-999997444 999993902 880781324
-999995819 999996662 285548025
-999991190 999996224 756692896
-999992727 999996179 732042667
-999991053 999999158 694839080
-999996740 999997989 329950904
-999998326 999990970 797194863
-999993426 999992767 344314498
-999990417 999999292 -256555511
-999995566 999999473 543071739
-999996503 999991000 -913517477
-999999310 999995026 -727022232
-999994071 999999757 -312005984
-999991895 999995685 31891145
-999993952 999992923 -878826780
-999994354 999999410 686633985
-999993498 999995156 -103890078
-999996687 999992288 760318182
-999995970 999997948 166664297
-999990194 999992005 -332262452
-999998260 999995279 64544568
-999997888 999999750 -875851226
-999995936 999998472 444682028
-999993187 999993372 847650363
-999993978 999999566 -927787688
-999995438 999990855 66356458
-999999433 999991312 -62810010
-999992172 999992778 812635587
-999995268 999997469 192958586
-999998929 999991563 340846299
-999993987 999994883 778985235
-999999689 999994164 -289831224
-999994589 999996784 -442989942
-999995159 999996504 426263848
-999997561 999993226 305361416
-999998733 999993497 342822467
-999992173 999990177 363477247
-999996349 999990614 -734908938
-999995961 999992871 -102808993
-999994502 999994807 -408659661
-999992024 999993153 -931607411
-999997195 999998899 -218652878
-999993518 999996794 414888591
-999991411 999998374 -729733137
-999997679 999994303 200661024
-999997504 999993092 -169891833
-999996342 999990861 405654126
-999996932 999995017 -117940672
-999991598 999998074 798653135
-999999425 999999842 -18249387
-999990553 999996302 -45949053
-999992124 999997554 -547432822
-999991233 999998212 -423186039
-999995457 999997536 624419316
-999992801 999995370 -566854255
-999990118 999990798 -937823382
-999990976 999996166 -277730043
-999993739 999999255 139565771
-999999212 999992389 -484895302
-999996471 999996850 -286835808
-999992397 999998389 163537507
-999995902 999993214 304266748
-999993051 999994760 -292020874
-999991218 999999696 -780615976
-999991135 999996735 -632197183
-999991681 999996597 292555740
-999996826 999990914 -134160557
-999994810 999993898 -747250081
-999992929 999997739 41527192
-999997989 999998134 -28149616
-999993347 999997470 116822826
-999993740 999992958 -116672804
-999998575 999991336 858701074
-999995885 999995250 -548429159
-999991305 999995509 -867885654
-999991001 999990534 399130278
-999996442 999997870 -616808321
-999992582 999990170 59219190
-999994126 999996476 341563622
-999993897 999997374 -612051439
-999990016 999998004 -566164766
-999997858 999996652 -461632781
-999990320 999990370 -927242010
-999991729 999999973 -498607260
-999996305 999990163 -866436910
-999993642 999997690 -49267753
-999998001 999993161 -90733679
-999994776 999991801 -896018884
-999993112 999999461 -883379867
-999990437 999993704 -13075845
-999996389 999998612 -861434959
-999996844 999994088 165970843
-999991290 999993240 -348789947
-999991348 999995658 -799465372
-999998622 999998067 -262274170
-999996043 999993807 -793112171
-999990314 999992029 748897677
-999997156 999990636 200379546
-999996628 999997997 671982981
-999996035 999992398 -835343953
-999993965 999993154 250830894
-999997216 999997583 -521958938
-999993783 999990638 -171462752
-999994110 999990910 -834067811
-999991574 999992372 -531788444
-999995658 999998702 -489293343
-999993370 999995321 -957101399
-999995834 999993753 -611051780
-999994670 999998262 926599727
-999991194 999997868 784327497
-999998476 999990555 362864836
-999990693 999991114 236475188
-999996632 999994525 178491
-999999930 999990272 -290032730
-999991786 999999221 187165090
-999995088 999994487 382743714
-999991012 999993075 -913507311
-999992860 999995585 -898603286
-999997772 999993922 -74824679
-999992383 999999580 -967255108
-999992231 999993061 527279549
-999999105 999997053 -563623881
-999991131 999999603 634261925
-999998854 999994070 62994499
-999997638 999999951 610456739
-999999874 999996862 -53727945
-999994460 999991306 -586281558
-999998600 999993501 -805173872
-999993276 999991411 -927585324
-999998322 999992571 596334528
-999994676 999990978 779015763
-999991795 999993512 395169412
-999996904 999991183 -932643329
-999996967 999990648 -891225155
-999994109 999990202 71036001
-999997683 999994814 661661275
-999993165 999992298 628203591
-999992181 999998239 -88162952
-999998111 999997357 -993217603
-999997100 999999908 504976714
-999999705 999996935 -853136391
-999997907 999996906 -662706193
-999995584 999994212 -43719695
-999998934 999998253 -708732807
-999996264 999993107 -876034760
-999993653 999997206 -172508635
-999994396 999993679 938167609
-999998894 999992135 185998271
-999998006 999999749 862742190
-999990611 999993777 344976266
-999990589 999999723 463218001
-999998294 999994386 959822213
-999996157 999997881 338921610
-999996053 999993121 -299389026
-999994670 999990138 169628848
-999998032 999990075 82936856
-999994032 999991778 -60429500
-999993226 999990133 304894952
-999994459 999994054 -703724507
-999991710 999992565 241981157
-999991974 999997445 177700233
-999990185 999990640 -153042818
-999992621 999991918 -42535537
-999999604 999994683 305784088
-999996477 999991779 -813498835
-999997754 999991863 76797921
-999996308 999998120 473267893
-999995774 999996805 -672546299
-999996411 999999651 -555098700
-999995421 999996434 -737720631
-999998425 999998071 328447905
-999998547 999995814 -150852617
-999996497 999998663 -757787219
-999993798 999990562 555704373
-999993909 999992208 240245811
-999990099 999995092 166386845
-999995660 999997213 -322731841
-999997672 999999118 -51836554
-999991898 999997264 -567187088
-999996457 999999029 612107051
-999994971 999992708 931642744
-999991055 999993487 -881029609
-999997575 999998813 715201994
-999996326 999991843 -356191900
-999991700 999999092 -696983622
-999999068 999996583 -788281691
-999990770 999992680 554064556
-999996701 999994361 248067926
-999992495 999999285 410175944
-999998765 999995658 -697915735
-999993450 999999876 -394325669
-999995224 999995090 -879160929
-999996200 999997068 524753316
-999993472 999993111 -549181615
-999994812 999995038 593644423
-999995672 999996305 -920905044
-999990657 999998269 -887666874
-999997692 999995926 -854593636
-999995067 999999237 613520353
-999999992 999996459 -406471912
-999990734 999990271 -270335650
-999999398 999996949 -367736287
-999996303 999992226 -435945743
-999998109 999994409 -526467782
-999999926 999994142 -528550497
-999993908 999993905 -743607089
-999997870 999999305 -942252937
-999991395 999996977 859936612
-999992398 999999256 939436022
-999994989 999997506 -767523409
-999995398 999998631 -652994484
-999992980 999997734 -522359274
-999990420 999991468 -867202795
-999993042 999998411 -685185835
-999995884 999993588 -353671105
-999996093 999997668 -925482862
-999997767 999999675 -637087656
-999997110 999998720 707880950
-999994135 999999710 260108939
-999999525 999998190 418228882
-999996840 999994741 -345059335
-999995590 999993383 545259440
-999991447 999999839 478073639
-999995477 999990218 358116150
-999991409 999995492 -592757532
-999998769 999994564 423025875
-999998329 999996083 -851524661
-999997969 999995450 150984587
-999991460 999993432 -372686670
-999996919 999997153 -258221
-999997279 999995934 6318066
-999996495 999993118 237228402
-999992702 999997643 769801413
-999991545 999991735 -440252554
-999990004 999995907 759965198
-999992570 999995349 767102820
-999991600 999991499 -438526729
-999996164 999997461 -662346423
-999998992 999995184 989931507
-999997761 999993544 510124198
-999995047 999991830 226110144
-999995342 999992150 -983741935
-999993540 999998267 199718012
-999996820 999996300 -196301263
-999994192 999999181 -266232653
-999994681 999998939 651877693
-999993478 999996698 -550157564
-999995975 999999681 -607136150
-999999841 999991614 328958913
-999994126 999996321 759742837
-999994134 999997938 -434987488
-999996183 999990002 -840662864
-999990357 999995722 104281154
-999995151 999992648 604036664
-999998670 999996470 797391651
-999995428 999990436 221909879
-999990954 999990860 146456437
-999999992 999992430 871373716
-999996698 999997697 -524732978
-999998681 999990803 -539025459
-999992228 999998531 -980805127
-999999973 999994714 244420019
-999991301 999995805 270882337
-999997740 999998245 16087949
-999996888 999990300 -943562145
-999991724 999990105 786303722
-999996723 999995827 195543729
-999997274 999995096 -966782170
-999990792 999997313 494090027
-999999357 999994910 -833331550
-999990154 999994352 -540178562
-999996059 999990126 -951810227
-999994925 999994786 581005773
-999994770 999997795 -822931358
-999999581 999998636 950975260
-999997612 999991716 -325804845
-999998767 999992030 -94970096
-999990211 999992069 -844550647
-999998199 999998974 -257020807
-999996573 999990781 -925689129
-999998125 999991900 -743096040
-999996552 999991119 -35670467
-999999097 999996659 -803596591
-999991325 999994947 -925529766
-999998583 999993435 -414649947
-999994159 999994976 -78264976
-999991055 999993299 -929412870
-999998109 999990202 339585148
-999995885 999996269 714166466
-999993101 999992235 972539819
-999992868 999994963 -993269739
-999990165 999995122 935054906
-999996795 999995782 -552568343
-999997652 999990223 -142720239
-999997158 999997749 208701715
-999995612 999990165 -570870914
-999999595 999990280 789308611
-999997378 999998989 79974491
-999998405 999992121 260882688
-999991957 999998630 -442192521
-999992724 999992009 694461117
-999991995 999990605 826637657
-999994278 999990031 -234225088
-999994558 999995037 12714047
-999992173 999996149 629994995
-999996138 999993017 267849597
-999999106 999997009 810364353
-999995949 999991723 -142559165
-999995009 999992009 -893885828
-999998575 999997868 -411820435
-999991371 999997568 -371239155
-999991756 999994697 -76316622
-999991846 999996353 742113492
-999995994 999994883 -678224484
-999997231 999996840 858583028
-999994716 999994137 -65025876
-999991938 999990056 299111874
-999994182 999991553 109140511
-999997970 999996736 -367545412
-999995853 999998092 683170348
-999996350 999998872 31915733
-999993604 999995013 544066906
-999990978 999993325 473890643
-999992588 999992687 -153574979
-999991727 999991074 254083145
-999998218 999992825 -567596368
-999992223 999998434 -244696541
-999991387 999998124 -399574633
-999991223 999993385 -848138044
-999992268 999991263 -791519866
-999999698 999999949 -6822264
-999997464 999994748 -855153505
-999990666 999992144 -218068568
-999994163 999995943 -191066864
-999996933 999996420 -297336053
-999996022 999997107 -996085368
-999990303 999999152 112477363
-999993943 999990509 -123449356
-999993698 999994603 864034936
-999997388 999995112 645092871
-999991658 999992083 789846297
-999991251 999996210 935557753
-999991469 999998960 530206583
-999995818 999990628 -425953279
-999991077 999994783 925093310
-999998568 999999576 -62858714
-999993497 999999964 113534328
-999993037 999997143 -275141526
-999999309 999990417 -35469739
-999997036 999992453 -865426703
-999990266 999992108 -784511533
-999996590 999998212 851228623
-999992258 999993164 -100367655
-999998959 999994101 384695798
-999991041 999995039 561898971
-999995662 999998098 -95179811
-999999083 999994559 -575975056
-999992458 999999847 136304442
-999996198 999997700 -475757961
-999993101 999996568 -127473967
-999999972 999990188 304390722
-999995169 999995404 -748921478
-999998982 999990972 -902550066
-999993406 999998969 494871822
-999998327 999990970 945851895
-999994989 999995979 233323624
-999992928 999999724 -63606163
-999993591 999992675 -97755785
-999991531 999999364 534844377
-999994332 999991789 6963065
-999995969 999993381 -830760781
-999993298 999992076 662580397
-999999672 999998836 981138529
-999992680 999994049 -392093920
-999992281 999993334 -376054263
-999996190 999991946 851930260
-999996315 999995252 -291598406
-999991810 999990241 -636447709
-999999417 999999941 -357106230
-999994183 999998188 360624397
-999994314 999994752 933454839
-999996815 999995989 -756384418
-999994472 999999957 19438137
-999996011 999996742 -890188356
-999995657 999991892 792927841
-999990373 999995881 627035867
-999997085 999991627 -847450900
-999992478 999996444 511918316
-999999546 999997862 634802518
-999998697 999999854 -67745049
-999998704 999992768 -828340821
-999996051 999992790 103142761
-999993610 999994313 69416468
-999991419 999994658 14536871
-999996520 999997871 190386648
-999998836 999999894 13078837
-999993662 999991727 -490832684
-999990230 999998861 5685818
-999993289 999996718 -450372558
-999995740 999997419 -982021910
-999994349 999991691 -900165829
-999993718 999999099 -634645972
-999995332 999990554 -490654314
-999999165 999997138 73243265
-999991665 999993274 172422882
-999991228 999994438 -658278327
-999991893 999993263 -302264718
-999996095 999995519 -974260766
-999990157 999997306 579753311
-999990928 999995795 714675504
