2000
999997559 -999998929 -561025015
999997921 -999999930 945538548
999999022 -999998476 399098794
999997979 -999998354 -671281619
999999255 -999998766 -790369220
999999970 -999997887 339224589
999999213 -999999139 -91222622
999997220 -999999731 -255485190
999998231 -999999115 -426957896
999998770 -999998096 -850729982
999997513 -999998967 294173399
999998672 -999998689 461504296
999999892 -999997093 158534429
999999433 -999998241 -152829792
999998730 -999997342 -314130867
999998870 -999998177 505576124
999999042 -999999523 451507669
999997147 -999998784 628543086
999997806 -999997480 -547727734
999997433 -999997453 212857887
999999888 -999999152 -474399555
999999981 -999997171 880018351
999999773 -999998568 -607274706
999999812 -999999675 600807148
999999117 -999997937 -559210385
999999734 -999999903 -939896808
999999795 -999998538 264462814
999998400 -999999263 648585682
999997191 -999997058 109204118
999999750 -999999611 797742214
999997289 -999999950 -805225942
999997969 -999998634 -899839188
999999014 -999999487 951354131
999998549 -999999123 -165458110
999997369 -999997548 85307502
999999552 -999998677 922260799
999998116 -999999162 -979262259
999998707 -999999014 793262990
999999091 -999999369 732433556
999999953 -999997587 531288093
999998226 -999998391 -437367247
999998477 -999999006 177687907
999999805 -999999049 -470616462
999998831 -999999121 -904887073
999998723 -999997538 743748019
999998007 -999997881 253874437
999998456 -999998122 -970993424
999999893 -999999335 -756654692
999997897 -999999823 274356799
999998201 -999998234 -191684963
999998462 -999997934 643384713
999997538 -999998869 -590075130
999997447 -999999941 -733187104
999997601 -999998874 105630743
999999600 -999998816 896683366
999999539 -999999492 -563282479
999998397 -999997541 -669031402
999998354 -999998016 61924018
999998751 -999998896 28185634
999998430 -999998066 -982975650
999998790 -999999095 521980176
999999473 -999999035 -831868818
999999306 -999997137 94100167
999998651 -999998095 -17375363
999999706 -999997753 -252938426
999999758 -999998749 -8445708
999998335 -999999698 217896604
999997585 -999997455 -557529059
999999001 -999999902 -657964409
999997850 -999997481 -35909867
999999732 -999998430 480204732
999997324 -999997838 159261263
999997787 -999999040 917253147
999998373 -999998783 -920148051
999998250 -999999102 -642414446
999998832 -999999148 -537364432
999998065 -999999894 121090106
999997782 -999998387 310264033
999998830 -999997969 -583530963
999998446 -999999867 -424101770
999997427 -999997304 -90602349
999999559 -999998753 523839169
999998355 -999999681 -106854994
999998239 -999998586 -905291767
999997188 -999997084 -918967548
999999335 -999999037 374996976
999999137 -999999228 -916774142
999997833 -999997874 -544253843
999998251 -999997418 -624580748
999998719 -999997694 -485772016
999998163 -999997428 664665889
999997639 -999999130 -942976591
999997744 -999998074 -406601764
999998895 -999997809 -332671662
999997734 -999999290 904689562
999999072 -999998519 -968433554
999998478 -999997829 -486547933
999999778 -999999155 -881375318
999999558 -999997301 -827072365
999998740 -999999535 10191770
999998565 -999998944 -242106920
999997398 -999999068 19334447
999998204 -999998516 -94809600
999999985 -999999522 -168914312
999999211 -999999193 -932091574
999999286 -999998299 -968753879
999999781 -999998097 152885680
999999400 -999999185 -382778717
999997801 -999998413 71415140
999997439 -999998618 -285832848
999997341 -999998164 -880079794
999999873 -999998557 -227719278
999999446 -999997724 -244781789
999998774 -999997116 -613345890
999997537 -999998156 -230179131
999997296 -999999161 806088613
999997382 -999998193 -502484097
999997285 -999998609 302136613
999997021 -999999243 -954758008
999998430 -999998819 436642948
999997938 -999997529 497537758
999999537 -999999175 -702892449
999999080 -999999630 216271061
999997638 -999998210 -908573534
999999879 -999997191 -986659612
999997043 -999998071 953256458
999998199 -999998129 -165387214
999997531 -999998382 77998312
999999634 -999997878 -911651856
999998868 -999997518 -214544988
999998040 -999998160 -424274091
999998865 -999997177 -820793870
999997772 -999999571 943128594
999998599 -999998633 412167740
999997152 -999998204 -871220397
999998060 -999997961 -954207514
999997741 -999997058 -365815023
999999941 -999999327 -570687005
999997673 -999998653 -408575076
999997584 -999999490 -503271936
999998673 -999998492 325269736
999997391 -999999458 -955102345
999998971 -999997756 984702040
999998238 -999999799 700521163
999997710 -999998109 -883989617
999997825 -999999125 576736020
999999547 -999999781 672402739
999998886 -999998223 -281278929
999997749 -999998368 603897921
999998838 -999997384 438108703
999999122 -999998158 49706344
999999809 -999998199 -455474825
999998817 -999998669 -931844872
999997746 -999999222 -928282661
999999052 -999999306 939142556
999999386 -999998964 -873325069
999997782 -999997984 971973486
999997349 -999998433 42944030
999998173 -999998982 24269696
999999536 -999997525 -199398991
999998842 -999998621 423580985
999999774 -999999995 183927748
999999706 -999998665 300150824
999999043 -999999327 -968826719
999997942 -999997649 -939887134
999998763 -999998191 457821918
999998261 -999998641 31968852
999997701 -999997047 -407567951
999997724 -999999518 993238576
999998030 -999998993 313455982
999997738 -999997965 -66522884
999997809 -999998633 -897513537
999998443 -999997564 333995340
999998575 -999997345 158161193
999998091 -999999094 290263684
999999546 -999998111 648218840
999999397 -999999968 -381346992
999999751 -999999016 -676242522
999997039 -999999267 552301327
999997454 -999998921 176712336
999999734 -999999244 -672712669
999997215 -999997356 -485835215
999999153 -999997968 -715868225
999997004 -999997490 599687708
999997352 -999999990 -151060165
999999919 -999997790 821562560
999998188 -999999055 221197812
999999076 -999998372 809149555
999998883 -999998447 898912468
999999493 -999997213 -672341246
999998752 -999999545 680606899
999997023 -999999371 36031061
999997524 -999997199 585139982
999999410 -999997876 567615864
999999139 -999998397 206404416
999997944 -999998458 -273042656
999999199 -999997866 -566429857
999997727 -999998073 -302105639
999997493 -999997219 765169407
999997258 -999999407 -182914142
999997344 -999998247 -403269789
999998241 -999998931 645241603
999997072 -999997991 -612994591
999998061 -999998255 -595064038
999998839 -999999751 355628743
999997013 -999998547 701283396
999997476 -999998132 970740183
999997012 -999998708 544718543
999999778 -999999122 -430462991
999999125 -999997032 -409114194
999999004 -999999245 63340382
999999430 -999999901 -821858821
999997845 -999998696 -654166443
999997890 -999999986 -675181531
999998951 -999999205 -431656103
999999188 -999999359 958760148
999998183 -999997280 -138224115
999998674 -999998917 -601675100
999998660 -999997229 -997040966
999998041 -999997514 -173361413
999999625 -999997795 -887256641
999999035 -999999491 -132601906
999999802 -999998537 -300733312
999997499 -999998897 -962137146
999998004 -999999608 -617711252
999999162 -999998211 -324013737
999997482 -999997838 520645250
999999725 -999998648 -40553706
999998236 -999999606 31139021
999998309 -999997347 155488201
999999415 -999998822 -347056987
999997796 -999999334 3609112
999997412 -999999755 -164671144
999999644 -999997701 850095190
999999287 -999998600 -976996290
999999718 -999997882 371643115
999999788 -999999831 -911990166
999998234 -999997630 721430879
999998047 -999999094 920615905
999997643 -999998462 -56995962
999997472 -999998981 -789478359
999998707 -999998754 -99466011
999999482 -999997095 -981614850
999998136 -999998639 397002052
999999871 -999998281 689239829
999999103 -999998078 678657082
999997458 -999999791 186260627
999998776 -999998575 638340722
999998639 -999999688 -374474616
999999913 -999997666 -204075288
999999365 -999999160 237789754
999999070 -999998574 -936964779
999997241 -999998144 -770244856
999997926 -999997875 -576448491
999997855 -999999309 298710766
999998072 -999997553 -866336799
999998916 -999999652 -582985065
999999646 -999998576 619301557
999998067 -999998471 -733116122
999999853 -999999826 992595829
999997643 -999997661 -36082731
999998914 -999999321 -558295255
999997752 -999999288 394884245
999998459 -999997428 -93464322
999998236 -999998625 -438372879
999997947 -999999034 523605986
999999929 -999999342 582644657
999998821 -999997860 -537660487
999999594 -999998635 -626426733
999999049 -999999178 232168851
999998151 -999999949 -813597836
999997508 -999997373 -795066656
999999136 -999997002 208919108
999997041 -999998975 -379815844
999997974 -999997812 -781174530
999999928 -999997894 -301978707
999998778 -999999618 539229773
999998146 -999999859 896827583
999997030 -999998961 -60036155
999999753 -999998931 -880334349
999999530 -999999763 321887109
999999850 -999999832 -75548839
999998663 -999998416 935563585
999997875 -999999902 877186591
999997033 -999997369 652641105
999998469 -999998078 -510612705
999998132 -999999304 -973627000
999997313 -999999084 -434696186
999998632 -999999815 87942306
999997528 -999998464 190174295
999999532 -999997977 867056521
999999556 -999998522 256575546
999997246 -999999076 -215366444
999997909 -999999660 -783521683
999997232 -999999503 -255179195
999998132 -999999976 25697633
999997504 -999998901 708912713
999998217 -999997283 -558025630
999999722 -999997527 828483268
999998698 -999998817 991764037
999997326 -999998856 186308156
999997172 -999997076 -394688519
999997823 -999997232 -588396939
999999424 -999998249 -999531986
999999888 -999998978 -691821886
999997473 -999998714 -277810762
999999599 -999998643 -700851547
999999886 -999997719 -40187093
999999340 -999997520 -992810410
999997643 -999999902 -287291040
999999184 -999999962 -705207665
999997321 -999999611 896024614
999997330 -999997392 260447941
999997397 -999999604 217399403
999998481 -999999583 -933101182
999999232 -999998089 -61589742
999999561 -999997742 -745741784
999998303 -999999235 373189270
999997180 -999997656 -580537560
999997241 -999997483 -975122218
999998525 -999997920 768427379
999999773 -999999705 829639370
999999318 -999997051 -619824961
999999380 -999997467 -100666662
999999439 -999998557 398812296
999998728 -999999103 735394630
999999628 -999999810 -147120717
999999454 -999998244 -579591874
999999316 -999999310 -913113191
999997241 -999997007 300750751
999998181 -999999557 -323860766
999998979 -999999391 587243931
999999371 -999999290 -658690853
999999717 -999999086 -760060292
999999942 -999998163 -967739317
999997847 -999997141 -708702620
999998155 -999997564 -704325011
999998966 -999999199 621733581
999997276 -999998475 -570737232
999998082 -999998930 499191252
999999764 -999997398 747513354
999998817 -999999908 -513084083
999999665 -999997518 393020879
999998703 -999998435 897067978
999998312 -999997608 49868780
999998570 -999998039 -901709702
999997210 -999999779 595858045
999997847 -999998403 811173355
999997459 -999999195 -832207271
999997223 -999998586 -382665503
999999462 -999999954 569334097
999998799 -999997445 843512357
999998523 -999998518 -207646569
999998796 -999998034 -996204512
999997609 -999999184 -594515146
999997168 -999997076 359257724
999999751 -999998361 -898406818
999997896 -999997283 -232413802
999997121 -999999240 -187191305
999998495 -999997731 -879658479
999997455 -999997838 43712286
999997938 -999999113 -883836062
999997915 -999998001 -811419835
999998246 -999999830 777542327
999999199 -999998482 -629411277
999998002 -999997098 879625496
999997209 -999997247 -704604961
999999639 -999999809 254206913
999998184 -999999809 -377059638
999999944 -999998695 259682176
999997732 -999999068 208740663
999999557 -999999788 -939495177
999998303 -999999714 -496648359
999999517 -999997090 844609481
999997528 -999999797 916460497
999999535 -999997319 -461024070
999999203 -999999326 -860746618
999997559 -999997527 751437429
999998090 -999998706 -975198534
999998855 -999997019 -896284509
999997464 -999998819 -714348615
999997644 -999998798 -267895139
999997373 -999998771 -292344832
999997519 -999997062 -249301670
999998015 -999999881 206267610
999998245 -999998291 -298502787
999998326 -999999384 -556930939
999999175 -999998609 -787109437
999998000 -999998095 -852759019
999999596 -999998722 -24816326
999997160 -999998933 53541905
999997026 -999999985 -101121250
999997077 -999997159 -584578332
999997671 -999999282 866331042
999997878 -999999022 757788215
999998047 -999999933 230410296
999998952 -999999379 655692014
999997287 -999999014 -571561207
999998160 -999999863 -985555872
999997303 -999998033 255598626
999999229 -999999149 -897669034
999999229 -999999856 652470654
999997975 -999997634 -323427264
999998526 -999998795 -419855129
999998972 -999997089 -209619318
999997646 -999999414 798897433
999999272 -999999668 591646485
999998495 -999999593 -182541038
999999127 -999997363 961175911
999999854 -999998287 -892640256
999998304 -999997457 -857893575
999998796 -999998704 609996170
999998946 -999998807 723177718
999997124 -999999845 -266267851
999999497 -999999009 544525102
999999541 -999997965 801618794
999998004 -999998325 982827556
999998395 -999997338 -97948409
999998433 -999998714 -160054371
999998160 -999998213 -301789655
999997225 -999999697 -998155035
999997009 -999997311 370298563
999997963 -999997155 -872325932
999999925 -999997752 701436147
999998852 -999998227 -535301416
999997506 -999998022 385685859
999999412 -999999120 -368146116
999999927 -999997627 612313784
999999898 -999999925 -505363619
999998671 -999998884 -222548486
999997649 -999999364 780073016
999997808 -999997203 413068756
999999102 -999997199 125864535
999997791 -999997447 752428890
999999868 -999997440 -170190553
999997798 -999997281 -94460570
999999945 -999997210 -809998623
999997131 -999999999 -106429438
999998337 -999999936 478794777
999998519 -999999347 -744575467
999997204 -999998939 408360261
999998995 -999998137 59212310
999999863 -999999223 -858832872
999997273 -999999447 -210679489
999997364 -999997191 780122204
999998584 -999997466 258989266
999998621 -999997163 -189159476
999999533 -999998416 252283831
999998098 -999999926 -164579386
999999312 -999997714 -114146184
999999501 -999998188 -416672857
999999907 -999999190 -262020543
999999718 -999998588 -819920631
999998957 -999998274 855862517
999998419 -999999645 -853873769
999999734 -999997305 135956605
999998225 -999998993 112599202
999999663 -999997472 675966992
999999106 -999998877 435231792
999997792 -999997592 224188679
999997068 -999998535 -327691084
999998025 -999998104 -826576810
999999251 -999998824 -690402996
999997335 -999997194 -393969944
999999757 -999997276 -600122626
999998202 -999998949 -662442638
999999467 -999999206 947762404
999999697 -999997652 836580114
999999464 -999998053 -889401235
999998504 -999998413 -319465452
999999914 -999999435 -945527704
999999296 -999997036 -498703903
999997116 -999998519 -831357996
999999569 -999997912 -840874997
999997937 -999997931 -865138713
999998203 -999999711 276707058
999999179 -999999516 -323950183
999999492 -999999086 247932719
999997285 -999999100 -470739881
999997917 -999999194 815815009
999999118 -999998365 456760461
999999957 -999999422 -287448121
999998120 -999997311 -83800682
999998382 -999998311 -723420575
999998098 -999999424 -435344603
999997573 -999997325 935167374
999999434 -999999892 560587199
999999466 -999997815 -160038835
999997631 -999999607 -854777996
999997665 -999997650 -129760736
999997149 -999999381 -820122576
999999013 -999999966 491888242
999998675 -999997553 140705274
999998789 -999997156 643917082
999997066 -999997872 -856556733
999998893 -999997061 994261994
999998850 -999997262 -1104799
999999917 -999998064 241722800
999997532 -999998133 581766619
999998036 -999997899 973366665
999999588 -999997970 -369217135
999997980 -999999588 820881096
999997065 -999998911 -198920642
999998337 -999999898 2176510
999998476 -999997559 -39932765
999997494 -999998043 -273337513
999997492 -999997835 90394109
999999576 -999998017 -303457653
999998518 -999998633 -206461215
999997967 -999999728 421710861
999997120 -999998627 -548862822
999997866 -999997365 796543245
999998955 -999997336 248786105
999997144 -999999195 543126430
999998325 -999998675 -962595661
999998978 -999997298 164795501
999999901 -999999355 182222095
999999752 -999999537 -801149362
999997089 -999998403 -583656581
999997041 -999997231 611311003
999997233 -999998034 949817622
999999809 -999997266 326154880
999998617 -999999997 -712879769
999999857 -999999420 338189328
999998567 -999999043 -911934355
999999512 -999999803 -749162535
999998370 -999998590 -982351041
999999635 -999999596 520300674
999999592 -999998741 390050660
999999947 -999997866 37588584
999998412 -999999516 -432944786
999997468 -999997800 545956487
999997679 -999997850 -472541256
999998806 -999999193 198561670
999999532 -999997687 -501539786
999997959 -999997635 -373519033
999999220 -999999161 -362094447
999998859 -999999910 471632001
999999411 -999998600 -853136892
999997002 -999999079 -848591173
999997315 -999997399 -20976675
999997131 -999998549 528687694
999999289 -999997747 849831661
999997685 -999997791 252905036
999998337 -999998675 449254689
999999778 -999997948 -502356528
999997032 -999997998 -123764825
999997265 -999999477 913515035
999997307 -999998523 169192073
999997445 -999998982 -388576823
999999838 -999999058 -138297760
999999673 -999999391 -229637908
999998877 -999999982 -337677216
999999524 -999999157 -186607991
999998278 -999999293 550612566
999999451 -999998622 465960880
999999677 -999997245 191091298
999997481 -999997174 175214914
999998589 -999999784 -580665643
999998929 -999997338 -530799015
999997514 -999999431 -631713398
999999203 -999998762 -308781214
999999820 -999998447 -217000725
999999821 -999999345 950248696
999999983 -999998971 -911399992
999999030 -999999433 490193694
999997629 -999998524 -907101956
999998040 -999997153 -157130847
999998530 -999998259 -18123965
999997474 -999999340 264948251
999997259 -999997258 -528218699
999997015 -999999301 564041736
999999193 -999998090 557510431
999997774 -999999119 -360996790
999999932 -999997538 -541257363
999998939 -999999310 989622500
999999691 -999997458 322965717
999997507 -999998978 -708565661
999999939 -999998080 -939542335
999999862 -999999501 -560276481
999998619 -999998341 88956337
999998053 -999997100 -878554864
999999422 -999998604 -705445078
999999555 -999997588 -548462013
999998443 -999998927 -478550529
999998153 -999999036 -235967812
999999313 -999998519 993631461
999997192 -999998068 -465969470
999999284 -999998496 -468570664
999997177 -999999978 -224530932
999998148 -999997142 991357156
999998407 -999998560 297161120
999999570 -999997955 -62190716
999998299 -999998269 447913087
999999933 -999997272 -437802771
999997202 -999998100 -999228499
999998158 -999997999 -434599379
999999015 -999999951 743150035
999998131 -999999487 -955981980
999997881 -999999209 966291752
999998247 -999999147 -837519068
999998130 -999999487 -724541617
999999346 -999997051 -853713433
999999717 -999999605 752499232
999999693 -999998573 -396624997
999999567 -999998110 -374970817
999997703 -999998852 595012655
999998166 -999999270 -332047656
999997281 -999998643 691280413
999997572 -999999705 912411347
999999101 -999997677 -831639758
999998238 -999997960 -595641942
999999625 -999998874 -45213955
999998134 -999999229 150388464
999998219 -999999890 -966263113
999999808 -999997458 146208708
999997912 -999999190 -203056381
999997848 -999999224 -506602977
999997511 -999998427 -969074142
999997616 -999999036 83833095
999998365 -999999545 483394225
999998561 -999997924 900083773
999997726 -999999052 542514168
999999588 -999998070 126406519
999999274 -999999402 -188280872
999999226 -999999123 298419168
999997291 -999998829 707616249
999999075 -999999942 504490060
999997859 -999998703 -816307012
999999281 -999998328 687578885
999998415 -999998731 -734487010
999999961 -999998965 926126784
999997047 -999999610 -395357111
999999456 -999998550 177432460
999999227 -999997445 241295548
999998643 -999997605 -783187737
999999182 -999997858 634987856
999997269 -999998719 -580475123
999999523 -999998292 -396583635
999998727 -999998268 993157379
999997480 -999997718 -5838484
999999961 -999999381 -265187641
999999749 -999999852 173070599
999997927 -999997349 -716613428
999998877 -999999720 -663354479
999997936 -999997206 858063107
999997198 -999999525 -742970477
999998716 -999997967 328963382
999997596 -999999544 -863486786
999997234 -999998749 -287413855
999998017 -999997495 146063033
999999501 -999997626 -890752788
999998104 -999998001 -423215864
999998702 -999998555 -109297967
999998027 -999998967 466548366
999997641 -999999013 246054867
999999091 -999998150 923452413
999997286 -999998827 840882137
999998110 -999999665 -279381221
999997772 -999998087 -993984362
999998067 -999999729 -351386863
999997187 -999999743 -835246558
999997770 -999998457 -752339474
999998011 -999997596 -718021038
999997712 -999998790 100999980
999997187 -999999341 221740205
999997624 -999997843 563871929
999997336 -999997570 -854784246
999998258 -999998373 763552742
999999472 -999998085 -181283423
999999202 -999998694 -623119194
999999673 -999999002 -454440030
999999067 -999999394 -810084420
999998652 -999999884 548078163
999999280 -999997334 85593142
999997567 -999999436 -39795967
999997504 -999998539 269511210
999998369 -999999848 456584510
999997949 -999998611 -305255323
999998443 -999998115 153114528
999999691 -999999539 -904576710
999997853 -999997480 -537494269
999997927 -999997767 -877770374
999998708 -999999067 -930956884
999997654 -999999080 -178527233
999998306 -999999210 825644646
999998992 -999999992 -883068692
999997377 -999999731 -877591309
999999337 -999998066 224570859
999999696 -999997082 -262114471
999997070 -999999936 -865672655
999999825 -999999838 -827993469
999997554 -999998395 999870267
999997894 -999999225 -329479654
999998284 -999997977 665346428
999997968 -999997516 -990234083
999997183 -999997573 -286742997
999999055 -999997039 848133056
999997959 -999998879 -897972917
999998422 -999998974 -685805349
999997506 -999997158 -824227986
999999333 -999998091 345253779
999998553 -999999770 -928669125
999998263 -999998876 -896453725
999998026 -999999038 412642332
999999280 -999998972 -353075292
999997754 -999997624 -878170286
999998643 -999998050 -621946271
999997375 -999998983 -567518780
999997072 -999998458 -922959836
999998122 -999999077 -563797793
999999456 -999999143 823448444
999998542 -999997643 98334117
999998184 -999998713 -899812538
999998192 -999997074 -969862995
999999087 -999998335 -261293621
999998642 -999997323 -329047328
999999508 -999998363 -853068587
999998929 -999997904 563121619
999997765 -999997721 395311786
999999697 -999997516 174420336
999998381 -999999508 -464855593
999998528 -999998887 404561883
999999581 -999999109 -749973469
999998705 -999997566 -648247318
999997153 -999998709 110720072
999997288 -999999355 53516397
999999882 -999998767 450188306
999997274 -999998811 505798113
999999397 -999999474 441406142
999997084 -999999712 -978982400
999997370 -999999608 -158706520
999999100 -999997564 -999291589
999998313 -999999047 481922946
999997383 -999998305 348573520
999999481 -999999896 -921541719
999997430 -999998202 -648668610
999998087 -999997129 574937375
999997239 -999998405 446976456
999999614 -999998549 -899386932
999997604 -999998774 420090090
999998616 -999997977 193619045
999998109 -999997285 -593364208
999997140 -999997775 -892616046
999998509 -999999186 -994451672
999997081 -999999482 594803945
999998979 -999997424 -451981995
999998849 -999999629 -865427561
999997022 -999999683 -377920349
999999065 -999997412 -659991231
999999853 -999998897 -857302910
999999368 -999998274 -860522506
999997095 -999999260 602956986
999997694 -999998029 -208387869
999998575 -999997942 -890590648
999997154 -999997241 835044393
999999195 -999999848 162892893
999997436 -999999012 -466238836
999998789 -999998157 516247722
999999842 -999998234 -985659362
999997839 -999998861 510586074
999997278 -999998245 -659239673
999998397 -999997542 -635952326
999997706 -999998570 -980981902
999997297 -999999072 -652084096
999998852 -999997337 786037814
999997580 -999999712 -876982537
999997390 -999999741 123232875
999997046 -999999209 303115871
999997357 -999998817 247141503
999998610 -999998146 968796498
999998806 -999999885 -542113448
999998275 -999997500 417769605
999998565 -999998251 439581282
999999216 -999999524 303575703
999997144 -999997636 -878557786
999997509 -999997544 535219030
999997967 -999998613 -524028115
999999775 -999997761 378075853
999999877 -999997778 334246874
999998814 -999999901 -282448075
999999836 -999999087 -943777769
999999854 -999999744 225994678
999999638 -999997288 -204476127
999999921 -999997231 -926636883
999999964 -999998336 287272682
999997688 -999999351 212026641
999997229 -999997286 957160682
999997550 -999997421 118101279
999999570 -999999866 -821708957
999998234 -999998167 403101941
999998353 -999997511 116726976
999999134 -999999122 -187921235
999999884 -999999572 -347198500
999998371 -999999317 -59212717
999997256 -999997351 128948483
999998322 -999997722 73703489
999997668 -999997421 646522604
999997221 -999997788 -961763893
999997801 -999999831 174433840
999999348 -999998573 180394003
999997779 -999999217 999098594
999999727 -999997344 -735713748
999999699 -999998577 -240119206
999998677 -999999277 60463765
999999752 -999998903 -726040554
999999733 -999998456 -970272013
999999175 -999998947 40474262
999998752 -999999576 464476212
999997022 -999999623 -24247765
999999647 -999997665 -772343374
999999970 -999999525 -554381806
999997338 -999997172 132972910
999998382 -999997860 -409817928
999999835 -999998710 -852020862
999999017 -999999809 71353672
999997314 -999997409 -948878845
999997703 -999998098 -989310225
999997704 -999997235 -549745591
999999919 -999999649 99232766
999997067 -999998724 -514493370
999998225 -999999178 392491701
999998409 -999999414 -909267849
999997151 -999998736 406956858
999999154 -999999603 470663854
999998718 -999998802 656938744
999999453 -999998989 -997077402
999999765 -999997462 -114362413
999998766 -999997493 -815805106
999998818 -999997713 -62534084
999998249 -999998045 -831522938
999997732 -999997918 -889918649
999998675 -999997407 -739737867
999997829 -999997791 -747503931
999997101 -999999999 -9588818
999997113 -999999592 -405772619
999998980 -999998663 -748407181
999997704 -999997726 612851005
999999417 -999999550 -461679176
999998729 -999997982 -996843801
999998381 -999998340 -505997182
999999889 -999997184 239350011
999999504 -999997685 -708091019
999997366 -999997524 -942629846
999998290 -999998998 405393233
999997691 -999998450 -609929504
999997393 -999997789 -821127543
999998281 -999999062 -142687504
999998245 -999997760 -313172409
999998592 -999997329 57587280
999997884 -999999037 257339486
999997043 -999998730 140557566
999997267 -999999378 745806847
999998976 -999999339 130733640
999999835 -999998821 406517170
999998972 -999999597 -242140756
999997298 -999999791 -562786972
999997708 -999999822 846958753
999997494 -999998264 -773073866
999998595 -999998218 -499903867
999997822 -999999615 566850211
999998535 -999997796 194853422
999999081 -999998850 868748884
999998449 -999998224 33187499
999997241 -999999981 376493956
999999709 -999997379 585889998
999999213 -999997039 -555946216
999999613 -999998147 -7631013
999999125 -999997749 -84195938
999998698 -999999072 100938614
999998945 -999999101 721499215
999997318 -999997455 -537263162
999998965 -999998186 975405946
999997535 -999998133 -810869017
999997253 -999997770 713991738
999998381 -999998379 624310139
999999865 -999997049 172971720
999999965 -999997960 -293651524
999998345 -999997439 626772971
999998714 -999997421 -863914777
999998546 -999997771 -748077355
999998309 -999997903 -59406016
999998490 -999997322 474980102
999997890 -999999160 -966529711
999997057 -999999689 553612476
999998607 -999997388 207175952
999999617 -999998685 -147069204
999999099 -999997555 274051753
999998527 -999997288 82434763
999998617 -999998548 590230957
999997050 -999999323 820278077
999998143 -999999460 -316795683
999998129 -999999232 -65360172
999997820 -999998701 26149076
999998502 -999998564 -987755497
999998076 -999998705 -540465853
999999242 -999998645 993114074
999997584 -999997646 -419795411
999999229 -999998192 174984041
999998019 -999999708 159246171
999997217 -999998909 -293663792
999998939 -999999737 452436294
999999995 -999997456 959229636
999999942 -999997091 104486479
999998418 -999999217 -361951543
999999662 -999998998 -649091362
999997765 -999998357 185733825
999997473 -999998478 -226284092
999997014 -999999135 -973058615
999997573 -999998192 883850606
999998915 -999999199 -926162408
999999905 -999997484 -156832827
999999630 -999999469 127338801
999999032 -999999477 819250366
999997252 -999998162 24361618
999998410 -999999937 -743653641
999999777 -999999821 779668225
999998859 -999997732 -791401426
999997527 -999998669 971980091
999997638 -999999085 576677186
999998720 -999999515 449494101
999997594 -999999222 834855156
999998116 -999999023 231354323
999999132 -999998871 -254925087
999999545 -999997994 -414679375
999998574 -999997142 22244561
999997350 -999999027 -244715889
999999292 -999999978 899498438
999999866 -999999920 -972739297
999999053 -999997303 526417309
999997476 -999998712 756852578
999997747 -999998892 32716411
999997169 -999999725 701773821
999999437 -999998620 54300315
999997307 -999998907 -996030089
999998658 -999999904 797922825
999997176 -999999586 -464976685
999998251 -999997064 -881174842
999997940 -999998589 736006746
999998014 -999997450 -926129271
999997568 -999999481 509797579
999998804 -999997452 -913613241
999999959 -999999063 325582829
999999994 -999999134 -829818929
999999882 -999999912 -888542740
999997657 -999997405 152195726
999997311 -999999130 -123518873
999998798 -999997247 -485796470
999999708 -999997557 848434078
999999179 -999999977 -288070168
999997820 -999998445 204844307
999999908 -999999767 291492495
999999128 -999998684 213150502
999999871 -999999044 481881243
999998974 -999999173 188753390
999998099 -999998435 -917142988
999997391 -999999993 -382450524
999999888 -999997771 418188889
999999035 -999999802 -540728792
999997501 -999997422 530229718
999999032 -999998983 551667043
999998129 -999999263 -895073426
999997813 -999998166 -172063298
999997886 -999999959 185079187
999997531 -999997145 -59746209
999997515 -999998208 -158515593
999998076 -999999193 -653039484
999998995 -999998050 422530829
999998309 -999998784 -861458434
999999264 -999997738 730271931
999998149 -999998391 -149519482
999997134 -999999791 828431551
999998871 -999999021 -933980866
999998774 -999997661 -608202268
999997266 -999998122 -987552341
999997971 -999997418 118384458
999997563 -999999229 483348886
999997366 -999998989 554769366
999997801 -999999334 -932509766
999999223 -999997111 -630456231
999997828 -999998803 305621195
999998646 -999997030 786457571
999999054 -999997152 -427968463
999997910 -999999973 926805915
999998708 -999998212 337899308
999999873 -999997681 209538721
999997743 -999997648 -395598434
999998341 -999997433 -396772029
999999295 -999997971 24866536
999997156 -999997179 328046860
999998370 -999997047 -239631804
999997839 -999998661 433540623
999998705 -999998535 -59556229
999997700 -999999287 766391174
999998932 -999999723 65800387
999997756 -999998424 -194224636
999999693 -999998994 782604371
999999995 -999998095 98774811
999999130 -999997642 -697915967
999997754 -999999286 -366896730
-999998794 999999329 139483027
-999999112 999997956 -76010792
-999999738 999998640 546578611
-999999588 999997017 355636699
-999997559 999998628 -952656111
-999997242 999997849 438627782
-999997428 999999813 -115343145
-999997918 999997849 90008305
-999997201 999998817 -919247426
-999997634 999998363 -46627482
-999997826 999997466 881121090
-999997088 999999534 833799115
-999999527 999999565 298817994
-999997515 999998894 -956249227
-999997415 999999672 983309825
-999999612 999997497 197992570
-999999244 999998061 -146436074
-999997214 999998377 -618361216
-999998403 999998683 456566702
-999999002 999997115 -941494730
-999998887 999999751 -137059776
-999999374 999997033 199726997
-999998892 999998865 -121659508
-999999828 999998579 130077993
-999998490 999999986 -688257602
-999998701 999998991 -324621315
-999997585 999997776 -878431068
-999997097 999998588 540979625
-999999225 999998686 -151979108
-999999591 999999265 516836696
-999999051 999997787 272537342
-999997389 999999752 -707448740
-999998037 999998425 777454411
-999997660 999998091 217382639
-999997319 999999702 -338327337
-999997078 999999871 -73927665
-999997383 999999882 -640424794
-999999093 999998697 -147874855
-999997746 999999581 1514593
-999999148 999997108 544280592
-999998127 999998457 -296033008
-999999380 999997272 353916570
-999997551 999999783 163673016
-999998693 999998721 316271405
-999998083 999998034 276123471
-999997872 999997755 -942036940
-999999306 999999114 326902169
-999999912 999999120 -35907626
-999997837 999997194 -409850957
-999997250 999999111 290081640
-999999998 999999562 -379160880
-999999582 999997693 -357023524
-999998739 999999757 -486765865
-999997480 999999590 427386936
-999997710 999999914 -472197029
-999998493 999997216 60539262
-999999122 999998033 926069897
-999997690 999998195 196834174
-999998571 999998875 296896463
-999998362 999999760 461098736
-999997982 999999786 262501904
-999998550 999998786 -794366156
-999997148 999999231 -816304356
-999999387 999997862 -278983025
-999998355 999998997 640119115
-999997502 999997471 -608746398
-999999090 999999758 453699317
-999998257 999999238 -331286722
-999997907 999999015 408927141
-999997949 999999249 -741975346
-999998328 999997473 -262505296
-999999274 999999553 141788759
-999997762 999999933 265362790
-999998341 999999840 -254521394
-999998218 999999738 -898015583
-999997781 999997646 58197151
-999998627 999999583 74764030
-999999424 999998490 876033082
-999997684 999998006 584377254
-999999296 999999289 849949934
-999999892 999997006 -427881174
-999999154 999997248 -41452910
-999998889 999997663 640966119
-999998631 999998478 -146982417
-999999898 999997868 -298227602
-999998739 999997623 -626589027
-999999396 999998656 -917945185
-999999011 999999880 195866366
-999998230 999997924 -800950563
-999999997 999998529 -547284093
-999998883 999999494 -5641912
-999999511 999997312 -672415253
-999999973 999997128 -759305622
-999997907 999998816 -962354217
-999997439 999999749 148568969
-999997315 999997938 -879320554
-999998768 999999536 -861504022
-999999033 999997384 544758698
-999998597 999999942 -852734209
-999997030 999997205 803872471
-999999424 999997771 866903903
-999997041 999997502 -993486033
-999997004 999999981 -357757532
-999997817 999999233 330793179
-999997166 999999415 677446390
-999997609 999998838 -389398883
-999998443 999998005 -879352475
-999999153 999999364 146171552
-999999602 999997595 -867656937
-999997384 999998306 151484373
-999998260 999997821 533273332
-999998336 999997565 917225129
-999998785 999998331 237465534
-999997955 999999830 -832267743
-999999690 999999630 -663719608
-999999561 999997710 374157704
-999999657 999999456 -163191320
-999998702 999997734 654310940
-999999115 999998482 -426344859
-999997998 999997338 -539916638
-999997649 999997911 708734703
-999998858 999997447 745780181
-999997588 999997626 984035557
-999997341 999999314 931814728
-999998199 999999514 -426599620
-999997789 999997292 -969351464
-999999707 999999891 497387591
-999997713 999998986 -488178811
-999997857 999998527 619853619
-999998540 999999991 195825898
-999998621 999997102 -736311844
-999999872 999998440 -244588990
-999998321 999998813 -996962692
-999999385 999997536 421050167
-999997646 999998494 -916788175
-999998589 999999652 -452187163
-999997295 999997534 -743234117
-999997614 999997967 -492492063
-999998938 999998813 -166446620
-999997710 999999028 -364907930
-999999231 999998210 335993187
-999998995 999997592 -937638740
-999998640 999997741 771370913
-999997830 999999797 -738835635
-999998680 999997774 -457509086
-999998092 999997117 -478780366
-999999430 999998656 -238617705
-999997329 999997872 715557696
-999999522 999999948 -475380459
-999998444 999998967 -602057008
-999999156 999997741 619112963
-999997423 999999232 -818910021
-999998253 999999063 644640814
-999999485 999999310 633737426
-999999020 999997122 472189901
-999999122 999998478 -580012395
-999999856 999999276 -546788039
-999998774 999998600 -606641202
-999997272 999998116 100123815
-999999744 999997819 773274608
-999999914 999998379 -723059409
-999997135 999999114 634620820
-999999775 999997593 -14787621
-999999496 999997464 207176323
-999997082 999997946 -979941927
-999999535 999999888 295204105
-999997118 999997078 521222860
-999999244 999999751 108808599
-999997930 999997994 -663408910
-999997420 999998232 296596183
-999999178 999999243 547853316
-999999310 999997938 469358137
-999997261 999999287 709254132
-999997661 999999811 -488817786
-999997220 999997092 -794021967
-999998938 999999086 -276374738
-999997979 999997203 746827142
-999999471 999998509 70993165
-999997325 999998533 -35167288
-999998202 999997588 706629995
-999999202 999998089 -982780179
-999998464 999998580 570179072
-999999332 999998286 -802126050
-999997472 999999908 639546825
-999999321 999999245 -744599770
-999997815 999998045 -846627118
-999998808 999999830 574402104
-999999908 999998783 -897892798
-999999583 999998889 388413351
-999999910 999999848 -881179802
-999998569 999997101 -153832268
-999998298 999998145 -431956929
-999998701 999997175 291245072
-999999326 999997696 -307312072
-999999089 999999348 505338534
-999999594 999999610 966470313
-999998870 999999506 -348350255
-999998566 999997866 -69388799
-999999446 999997340 846164026
-999998543 999999102 285521430
-999999850 999999593 580966011
-999997156 999999803 362963376
-999999839 999999810 -404436188
-999998464 999999323 -169934912
-999999484 999999281 763582940
-999998384 999998698 509003764
-999999719 999999910 458171793
-999998361 999999757 -185682125
-999997227 999997365 -320336935
-999998888 999998006 932427545
-999999472 999998628 822531304
-999999382 999999132 -153812289
-999998473 999999961 -869960546
-999999739 999999290 230792351
-999997268 999999171 647677449
-999998654 999999031 709555699
-999998188 999997947 459699082
-999998455 999997990 -659045446
-999998349 999997999 172603255
-999997158 999998855 771502747
-999999416 999999905 -634790383
-999998594 999998664 -149095308
-999999828 999998045 -372402723
-999998568 999998817 -951782627
-999999399 999998793 -548131348
-999998936 999998226 -45494937
-999997480 999999328 286568206
-999998663 999998899 992646099
-999997261 999998252 -849943071
-999997913 999999659 923076182
-999997516 999998440 -870811524
-999997101 999998075 980839380
-999999039 999997173 470220946
-999998862 999997708 -237609843
-999998254 999998174 -39391249
-999999759 999998314 918193767
-999997508 999999452 212849269
-999997500 999999521 -866760729
-999999334 999999255 -481078707
-999999894 999999367 -728903294
-999997992 999997291 583263635
-999998464 999999850 -691119342
-999998216 999999561 944326009
-999999041 999997030 652077420
-999998127 999998882 -418247631
-999997923 999997405 882624919
-999998792 999997979 785156421
-999997716 999999351 -507211467
-999999564 999999649 -194748001
-999999887 999998382 268651560
-999998374 999998914 810472503
-999998086 999999786 -344689046
-999997733 999997496 964606370
-999998477 999999438 -577196434
-999999751 999999268 -901131273
-999998610 999998586 320601030
-999997182 999997768 78051696
-999999067 999999285 -222671034
-999998518 999999722 5223408
-999997646 999998650 328213584
-999998078 999997951 -933111257
-999997026 999998378 -241945702
-999999615 999999162 475681698
-999999075 999997164 950557651
-999997985 999997546 -944320880
-999998333 999998194 796647574
-999997728 999999105 -813981640
-999999363 999998143 483260493
-999999583 999998820 -144927742
-999997444 999999187 -582293762
-999998980 999997112 -51143035
-999998386 999998874 880944753
-999999323 999998620 -941665123
-999999025 999999985 -979107594
-999997311 999999028 337325022
-999998997 999997482 -2072467
-999999546 999999705 -885853552
-999999373 999998934 646322862
-999997809 999997450 423075231
-999997059 999999309 837902737
-999999766 999998077 -961181054
-999999992 999997439 433857653
-999999617 999999995 -611282054
-999999901 999999031 -857130165
-999999358 999998524 -347324358
-999997527 999999318 -998289368
-999997660 999999818 728468022
-999998268 999998830 -789444286
-999999579 999998536 140856345
-999997012 999999610 89909429
-999998648 999998445 915808829
-999998621 999997466 120254719
-999999748 999997917 517124910
-999997120 999997849 691762596
-999999300 999998015 977993931
-999997642 999998862 -903168311
-999997913 999998556 -918226465
-999999950 999997101 535994204
-999998438 999998884 487708967
-999999395 999997881 -323571651
-999997491 999998350 683782878
-999998304 999999777 -77811430
-999998919 999999209 600153668
-999997013 999997321 -334941545
-999999857 999998081 -150945472
-999997678 999999140 -471239291
-999999072 999997979 -845747920
-999999034 999998634 991783540
-999998589 999999430 -208288134
-999997215 999997752 757114102
-999998811 999998478 786017108
-999997075 999997160 -344568456
-999999004 999997644 -965694722
-999997487 999998427 -453040446
-999998404 999997947 965450141
-999999040 999998635 -591222991
-999999853 999997287 -887725893
-999999981 999999128 276815396
-999999963 999998778 916222321
-999998690 999999561 85110029
-999997609 999998636 -190267054
-999998235 999998769 -863492635
-999997573 999999749 -799465504
-999999666 999999734 114119468
-999997744 999997876 697076917
-999997766 999998299 -892083447
-999997659 999999816 462923415
-999998008 999998360 -81255646
-999997336 999997055 398398975
-999999745 999998719 -924581960
-999999618 999997365 -860524655
-999999532 999999473 -935783175
-999998866 999998646 -903274702
-999997797 999999965 345083686
-999997112 999998990 -933961623
-999998722 999998733 -990562118
-999999190 999998005 781709512
-999998018 999997731 -991942792
-999999429 999999394 -844599862
-999999595 999997250 -83253538
-999999491 999997972 -956490317
-999998945 999998926 858798109
-999997674 999999316 -583512728
-999999103 999997470 -528590683
-999997637 999999729 -180167260
-999999004 999998341 -928003754
-999997512 999999818 431318515
-999998559 999997364 -548648614
-999999666 999997114 896235276
-999999697 999997644 292898936
-999997076 999999575 -365870009
-999998514 999998452 -603475059
-999997083 999997314 -985255830
-999998463 999997224 187325734
-999998459 999998173 -865175038
-999997244 999998479 612287787
-999999454 999998500 283975126
-999999999 999999458 -51270572
-999998866 999999802 343089338
-999999357 999997061 -546286549
-999997117 999997340 -995258973
-999999605 999998023 576468621
-999999337 999999692 552001567
-999999032 999999246 925369564
-999997155 999999020 -847341421
-999997958 999998935 578507884
-999997208 999998489 402324208
-999997496 999999795 8766746
-999997309 999997900 -798393134
-999999264 999997425 -986478041
-999999842 999998349 -592333757
-999999261 999997397 -993603652
-999998509 999997789 910264260
-999999596 999997342 -939811605
-999998796 999998848 197207257
-999998393 999998097 353613783
-999997033 999999654 456798874
-999998231 999998190 -882274339
-999997003 999997228 382936203
-999997443 999997952 -535920121
-999999131 999999316 -62913655
-999997371 999998176 338692917
-999999313 999997978 -998679806
-999998557 999997118 170248375
-999997820 999999676 -252170239
-999998203 999998697 901967247
-999998247 999998552 830134171
-999998854 999998027 1888442
-999999309 999998977 -117644200
-999999494 999998392 -6420576
-999999764 999997096 -141012109
-999999143 999997015 333409790
-999997071 999998003 -766391111
-999997836 999998560 432647896
-999997989 999998478 701729896
-999999412 999998664 -232166338
-999997061 999998118 241703705
-999999910 999999531 -676381853
-999999977 999997067 -13203924
-999999844 999998028 -608265714
-999997161 999997052 -617594175
-999997616 999999194 -246717868
-999997412 999998700 790266038
-999999760 999997988 322246928
-999998641 999999582 149533253
-999998269 999998486 -24995233
-999998191 999998455 595012707
-999998165 999997474 -988519572
-999998798 999997946 386062667
-999997780 999999396 -818845686
-999997153 999998474 632227499
-999999714 999999148 -830027399
-999997774 999999557 -629817921
-999999457 999998505 696001817
-999997377 999997260 -908091479
-999999136 999997147 -242422398
-999999424 999997488 -951849532
-999999320 999997955 439832577
-999998032 999997968 635913292
-999997596 999999412 -917781539
-999998889 999997466 -905984945
-999999448 999998572 988560056
-999999030 999997849 -286668198
-999997054 999997091 -879683335
-999999407 999997917 -142286499
-999998677 999999405 -178400663
-999999875 999997001 -812988391
-999998372 999998547 159070719
-999998341 999997904 875187651
-999997682 999999813 381034750
-999999825 999998738 671453199
-999999773 999998385 -665681659
-999998154 999998293 -212045287
-999998392 999999371 403641116
-999998038 999999001 348027420
-999998251 999999001 992346482
-999998042 999997895 -835314298
-999997718 999999842 -900926496
-999997912 999999148 -332328885
-999999649 999999653 566961273
-999998286 999998542 -758013990
-999998308 999998981 -919597744
-999997946 999999006 -951030824
-999998631 999998441 -213557172
-999998237 999997573 -556968916
-999999112 999998546 926207424
-999998468 999998968 -863107105
-999998485 999999599 216834880
-999999791 999997291 50382436
-999997189 999999647 -934784127
-999999837 999999127 -989247974
-999999111 999997541 103528676
-999998485 999999541 968877258
-999999046 999998736 672030291
-999997730 999997563 -902717261
-999997884 999998070 996997215
-999999257 999998580 873986110
-999998063 999998420 684849350
-999998636 999999685 239028209
-999998281 999997061 -966727185
-999999160 999998768 -957156007
-999998687 999997453 180753855
-999998116 999999309 -943695100
-999999861 999998168 626746113
-999998289 999997910 -563865050
-999999700 999999380 949778310
-999999182 999997647 -899236523
-999997081 999997591 655138446
-999999436 999999742 839893141
-999999144 999999530 948693650
-999997359 999998430 -853454713
-999997956 999998492 -257892444
-999997644 999999808 -524840870
-999999175 999998757 964302920
-999997552 999997992 -283592147
-999999426 999998498 -522070304
-999999975 999999322 313448529
-999997902 999999840 980586097
-999997631 999999996 -365102020
-999997449 999998350 -581165801
-999999204 999998690 -697071614
-999997188 999997733 -962070123
-999999990 999999122 -261077475
-999998010 999998520 613272395
-999997161 999997495 -155559312
-999998630 999998419 78269582
-999998663 999999718 -918937078
-999998375 999998235 915816922
-999999202 999998302 752121405
-999998777 999997937 280165442
-999999344 999997212 605641575
-999997586 999999136 -383273129
-999998196 999999516 -907144942
-999999865 999997829 -451986697
-999998503 999999538 -994327908
-999999404 999999069 56377966
-999999274 999998344 -270981009
-999997935 999998679 429481368
-999997404 999999689 200356386
-999998054 999997514 231238497
-999998758 999999391 897894657
-999998453 999997300 -936851082
-999998935 999998076 21357131
-999997689 999999064 -350385453
-999999008 999997738 923306673
-999997540 999999776 42943923
-999998263 999997026 35300024
-999999384 999997992 668170793
-999999153 999997993 -617624986
-999997742 999998855 467973594
-999997061 999997476 -920154253
-999998387 999997865 -800416272
-999997705 999998341 -298473070
-999997322 999997791 -422173947
-999999234 999999740 343548498
-999998975 999998111 -980908370
-999999585 999997645 680051452
-999997285 999998099 -29376123
-999997261 999998211 824594131
-999999346 999999688 -853253545
-999997809 999997955 -272368481
-999999774 999999096 120692410
-999997571 999999962 -691737988
-999999765 999999933 -938096180
-999999335 999998598 -718713412
-999997304 999997691 214615762
-999998891 999997819 -992160693
-999997653 999999534 911639798
-999998209 999998037 -776429894
-999999063 999999361 476773430
-999998446 999997900 242036296
-999999824 999999000 896417765
-999999231 999999017 663916109
-999997607 999998197 -503261562
-999997562 999999196 885480045
-999999252 999997965 946957613
-999998875 999999586 -248030865
-999999939 999998914 100323408
-999997402 999999390 60158174
-999997538 999998799 -986811740
-999997605 999997933 453786571
-999997846 999997433 922074999
-999998193 999998191 -260585544
-999998685 999997362 -92481367
-999998610 999999142 -836885238
-999999686 999998908 49998526
-999998306 999999610 -372079431
-999998080 999998982 -951045692
-999999552 999998968 -320396383
-999997095 999998695 -713367081
-999997593 999998974 74728848
-999998869 999998867 309311704
-999997587 999998080 -625641659
-999999984 999997083 227700555
-999997839 999999137 -395816118
-999998377 999998269 -972289487
-999999501 999997227 657158395
-999999004 999999393 -302243266
-999998828 999999652 -49797121
-999999453 999997382 -323564700
-999998594 999999336 -589078793
-999999889 999999149 -53863471
-999999559 999998684 756309240
-999997431 999999116 -739109562
-999997891 999998016 133520765
-999997387 999997087 658157813
-999999877 999998532 -975819073
-999998857 999997582 505932793
-999997222 999999500 510834459
-999997992 999998088 -169673730
-999998371 999998453 -114004770
-999998643 999998018 976358009
-999998897 999999100 190408658
-999999233 999998164 -68782881
-999998636 999998168 -379478568
-999997713 999997449 -447233584
-999998183 999999493 -143099887
-999999750 999998217 738975712
-999998049 999997909 190329929
-999998311 999998547 932895171
-999999142 999998401 -237689466
-999998266 999997877 -283142238
-999997087 999999432 -522166175
-999999972 999998136 -539978454
-999998307 999997940 -366048463
-999998370 999998657 548180058
-999997550 999999885 -979117645
-999998940 999997692 -773735415
-999998915 999999829 159314883
-999998875 999997021 -159674624
-999998701 999998882 207916021
-999998438 999997747 68365143
-999999020 999999741 -830736412
-999998081 999999775 198136608
-999997899 999999409 131768761
-999997330 999998954 276179802
-999997520 999998177 -87201772
-999998654 999997801 -53608845
-999998730 999998735 -61557251
-999999802 999997301 -386717372
-999999402 999997666 -245325385
-999997095 999999575 351888841
-999999745 999997713 842648611
-999999411 999999922 -201428394
-999997132 999998142 -947153606
-999997564 999998847 -537392174
-999998567 999997015 -542251008
-999997947 999999033 -892048105
-999997254 999999565 577791991
-999997457 999998694 -773743594
-999997166 999997541 207374656
-999998759 999998278 -297619315
-999998173 999998067 57822330
-999998604 999998413 -668956848
-999997811 999997291 -511654072
-999997304 999998795 -650149488
-999999594 999997247 -959933040
-999997152 999997221 840111803
-999998829 999998459 990966807
-999998764 999998415 -436681073
-999999071 999998227 -210349864
-999999798 999999669 -838073723
-999997126 999999209 -986906686
-999997038 999997662 852301708
-999998318 999998533 846490981
-999997410 999997914 152696131
-999998233 999997370 503873830
-999999813 999999066 -810828729
-999998974 999999478 -126011508
-999997190 999999637 -288513022
-999999485 999999136 192422003
-999997874 999999412 462065473
-999998103 999998539 -912576604
-999997304 999998492 -487387304
-999997259 999999602 444388080
-999998424 999997502 959860066
-999999738 999997017 -566585178
-999999342 999997336 783443754
-999998675 999998675 75623828
-999997110 999999333 -508032965
-999999668 999997784 -235944820
-999998409 999997092 -613232255
-999999574 999997051 -874061063
-999999410 999999256 532092693
-999998101 999999865 -608079898
-999999363 999997922 586506214
-999999590 999997682 -868274932
-999998718 999997904 330928170
-999999163 999998126 -966951266
-999997646 999998302 280006999
-999998223 999998088 -817161337
-999998478 999999729 315078392
-999998438 999999336 -36937968
-999999152 999999917 667096456
-999997642 999999422 609826441
-999999151 999999902 -870669871
-999999349 999998749 -859903527
-999997432 999997712 -965710448
-999998192 999998082 -846086540
-999997245 999998965 -989459166
-999998274 999998807 397176932
-999999001 999998157 -262114057
-999998244 999997687 -888493089
-999997323 999997699 260642840
-999999851 999999742 312692783
-999997227 999998307 -722975180
-999998606 999997383 -332295098
-999998574 999999024 -819877362
-999997046 999998022 -282889295
-999999570 999999121 105590612
-999997577 999997628 728003350
-999999532 999998325 -970253903
-999999020 999997877 852486365
-999999147 999999228 -618961693
-999998365 999999726 814279258
-999999077 999999624 264786431
-999998258 999997730 -20705597
-999999493 999997192 452678444
-999999804 999999357 316310319
-999999294 999999444 394228499
-999998966 999997826 -966044066
-999998253 999997960 163652849
-999998066 999999593 624235154
-999999015 999998169 513004998
-999999988 999997858 356993372
-999998061 999999690 294328734
-999999182 999997717 -809972022
-999997863 999999015 -918797860
-999999030 999999105 -470590900
-999998082 999998601 -589024616
-999999675 999997947 575731913
-999997304 999999828 -894433910
-999998074 999997593 496240461
-999997917 999999566 -404015195
-999999660 999997022 -361827742
-999998182 999999264 898906047
-999997530 999999777 -206940030
-999999413 999997819 617248602
-999998528 999998574 297626645
-999997583 999999065 -978790454
-999998249 999997675 -23749471
-999997220 999998168 -596969509
-999999143 999997940 464795768
-999999981 999998639 20574389
-999998451 999998178 -724416204
-999997272 999997106 -923235252
-999998187 999998841 257148675
-999997089 999999633 -170211926
-999997334 999999669 933286102
-999998482 999998180 806539283
-999999951 999999783 881577863
-999999182 999999898 -143562408
-999999661 999997616 -574803178
-999999841 999999243 -53747101
-999997898 999998729 -372498996
-999998971 999999394 413096990
-999999088 999999928 490912769
-999999767 999999211 -3609525
-999999504 999999174 -270277378
-999997566 999998861 332571475
-999999024 999998223 -629448649
-999997178 999997864 8418547
-999997893 999998014 -871106343
-999997313 999999707 -179280197
-999997951 999997608 -993900340
-999999485 999998914 -602247480
-999998666 999999398 725668907
-999998953 999998730 -70298720
-999997069 999998358 -785671417
-999999370 999998722 429352382
-999997940 999999292 845774075
-999998906 999997298 473865709
-999998860 999999764 732846875
-999998427 999998342 684328419
-999998783 999999659 94327195
-999997541 999999492 -637115974
-999997220 999997503 -63809643
-999998210 999997396 517215707
-999999646 999998525 -982698001
-999997142 999997773 -755213623
-999999634 999998335 -536613078
-999997324 999997975 921541922
-999998033 999997714 -924867672
-999998344 999999392 770288334
-999997015 999998783 836104103
-999999128 999998016 641851113
-999998734 999998614 -968624833
-999999442 999999963 196571912
-999997151 999997328 -856646817
-999999934 999999922 -375418990
-999997716 999999226 282307042
-999998010 999998373 -354406148
-999998541 999998263 252289275
-999998546 999997295 -669855548
-999998131 999997361 187481435
-999999174 999999467 -632343180
-999998773 999998054 293124821
-999998623 999997993 -65785519
-999999407 999999788 126996555
-999998025 999999505 -607363940
-999998063 999999006 -965991269
-999999571 999998624 -992952560
-999997752 999997960 -368393011
-999998350 999999934 -78476535
-999997132 999998819 -570861333
-999997888 999997569 625951724
-999999218 999999446 416886315
-999997971 999998111 -259160578
-999999004 999997522 -645272361
-999998294 999998873 -289424041
-999997420 999997003 571332866
-999999952 999999919 -511269843
-999997242 999997311 -964636831
-999997472 999999330 -967980787
-999998533 999999396 774206463
-999997979 999998161 -15306787
-999997406 999997081 -704672019
-999999263 999997993 733158555
-999997053 999998857 823189728
-999998397 999998676 -721499747
-999998571 999998048 -903730740
-999999970 999997484 575601055
-999998529 999998040 -865992528
-999997632 999998563 -738716373
-999998622 999998902 200122084
-999999298 999997105 -463939532
-999999098 999998830 -332132453
-999999902 999997165 868628584
-999998301 999999565 23223151
-999999604 999999623 -654132066
-999999449 999998023 -583540000
-999999948 999999403 601237664
-999997066 999997879 712330701
-999997860 999997781 391987235
-999999904 999999422 835336527
-999998028 999999319 696604465
-999997847 999998984 -455988392
-999997007 999999788 365741962
-999997568 999997066 208027603
-999998693 999999239 259998570
-999998700 999999349 949490436
-999998770 999997984 789573251
-999999398 999998915 -373886411
-999997407 999998672 73688635
-999998565 999999292 630600620
-999999396 999997437 104353813
-999999378 999997012 -499662625
-999998976 999998804 -894300273
-999998942 999998256 -738642658
-999998204 999997296 590271812
-999998327 999999491 421837786
-999997875 999997853 -153817289
-999997641 999998639 -782956992
-999999107 999998601 -518085876
-999997907 999999146 268160820
-999998833 999999053 -895319481
-999999157 999999390 -641720485
-999998597 999998899 -515632274
-999997574 999997072 -595837668
-999997278 999999244 721784027
-999999718 999998985 459433902
-999997155 999998490 -751445244
-999999171 999998882 -748842275
-999997651 999998787 -673215119
-999997730 999998264 -48901981
-999997124 999997830 474553685
-999999998 999998641 -906454941
-999998786 999999725 -311207769
-999997464 999999631 2588569
-999997071 999998728 471199269
-999999470 999998721 -649650776
-999997176 999999862 74593137
-999999796 999999910 -789927397
-999997265 999997678 493856346
-999998712 999999929 -825097708
-999999906 999997782 864503689
-999998319 999997794 -917369225
-999998411 999998441 924459931
-999997020 999997722 96492706
-999999719 999999737 137668655
-999997686 999999794 765037280
-999999043 999998767 485824161
-999999042 999997106 -984488997
-999999143 999997672 -627972903
-999999867 999999288 365756520
-999999783 999999147 -192716945
-999999960 999998591 936338909
-999998055 999997297 -462384256
-999997048 999997384 -2955166
-999997132 999997780 211043856
-999997782 999999825 58638060
-999997916 999999671 875861670
-999997860 999998773 161146306
-999999136 999997738 -398010304
-999998542 999999565 95401910
-999998273 999997690 990105083
-999998953 999997957 -86997951
-999999806 999998071 708963938
-999998194 999997498 202179902
-999997437 999999334 -212905133
-999998983 999999351 660942013
-999998436 999997540 905045173
-999998635 999999965 -679042673
-999999185 999997132 81177995
-999998542 999998028 -739382679
-999998195 999997742 -736568938
-999999729 999997860 598234234
-999999530 999999277 -932985946
-999998819 999998630 450161680
-999998274 999998819 -338496930
-999999144 999997516 492957473
-999997318 999998461 -915909193
-999998296 999997390 697157298
-999998214 999997615 723080000
-999999747 999999221 -873025447
-999999627 999999145 327583522
-999999506 999999488 -420168734
-999997702 999997786 -828963676
-999998533 999999348 981859415
-999998260 999999303 -652664834
-999998743 999998667 84429568
-999998178 999999149 -28408401
-999999575 999997055 -399075597
-999999881 999998569 -936218917
-999998944 999998089 898066990
-999998062 999998011 -129178703
-999997257 999997811 -976711390
-999999615 999997157 -961832522
-999998182 999999858 -729168440
-999997352 999997823 907866070
-999997505 999997011 254015953
-999997491 999999164 207477026
-999999370 999997115 -874913654
-999998038 999998844 713613801
-999999635 999998429 788348687
-999999331 999997509 -29095431
-999999103 999999835 234781837
-999997698 999999866 46682854
-999999091 999998931 -877421691
-999997878 999998225 729791548
-999997489 999998880 957215009
-999998003 999998626 616303337
-999998209 999999031 854349843
-999997301 999997657 -598785808
-999997305 999998876 171395490
-999998898 999998668 -728353190
-999998299 999999674 -282901836
-999997900 999997300 -907545815
-999998085 999997454 -200104847
-999999810 999999450 -501729456
-999998592 999999175 -666495017
-999997849 999999105 301583698
-999999447 999998199 -696074020
-999998299 999998676 -210241153
-999999351 999999853 259827333
-999998249 999998303 -583090652
-999999628 999999310 -236042651
-999997611 999997912 537533303
-999999119 999998537 59189389
-999997823 999999759 -560782248
-999997800 999998734 973286623
-999997046 999997845 621628391
-999998877 999998296 -104195004
-999998583 999998306 383918970
-999998540 999999116 483042613
-999997226 999998146 973578490
-999999141 999997829 45991777
-999999601 999998770 -202789525
-999998307 999999048 -989354297
-999997033 999997080 -734761623
-999997611 999999492 -508324665
-999999363 999997145 -186701824
-999998057 999999764 -969797534
-999997452 999998994 -759518377
-999997955 999997089 804981735
-999997202 999999656 -84102132
-999999809 999998535 854539105
-999997185 999998294 479415506
-999997860 999998438 897370614
-999999814 999999428 -378301145
-999998075 999998285 -974825663
-999999946 999999237 984310315
-999999668 999997497 30535997
-999999390 999998474 540689474
-999997568 999998064 626363597
-999999749 999999963 -567911670
-999998792 999997511 -713156132
-999999233 999997554 -567009301
-999999187 999997314 772686228
-999997334 999999141 -996194164
-999998428 999999619 -130934048
-999998489 999998646 33616046
-999998365 999999047 214405131
-999999325 999999375 439912353
-999999004 999999649 806349322
-999998038 999999933 968129771
-999997186 999999590 396448456
-999997028 999997506 701270655
-999998401 999997360 -378099481
-999998726 999999266 -767109653
-999999578 999998124 258301608
-999999885 999998504 811071682
-999998749 999998313 -702915293
-999998767 999999909 598872726
-999998861 999998427 243516299
-999998601 999999752 -695994052
-999997283 999997800 -339851598
-999997431 999997959 -385564854
-999997815 999998648 -782359673
-999997139 999999874 98695938
-999997904 999998103 860904569
-999999224 999998010 596661791
-999999854 999998992 573279477
-999999256 999998535 240560606
-999999115 999999140 -264076252
-999997570 999999601 -670480729
-999998976 999997225 -995144355
-999998887 999997425 -390990700
-999999769 999998743 -871188218
-999999058 999998801 -832178914
-999999906 999997666 114016553
-999998157 999997180 225739309
-999997948 999998811 426612993
-999999946 999997697 551027303
-999998597 999998143 -479940233
-999999676 999999373 -606412391
-999997391 999998219 67625663
-999998475 999997402 516726303
-999998415 999997020 -126970232
-999997856 999997919 127366689
-999999579 999999698 67371170
-999998701 999998218 79228600
-999997151 999998396 802240036
-999999765 999998099 -317135335
-999997130 999999652 663148879
-999998654 999997657 -884180568
-999999498 999997721 -740064675
-999999250 999998405 596613335
-999998571 999998031 -421511209
-999999952 999999242 -787647964
