709667980
176890133
437338250
847169984
741840006
959084185
707135495
644228157
687607332
129345791
61286923
1067652283
386192122
30464848
996204702
248500811
461102595
453395298
241420425
450357058
858550259
1049583560
516783823
604620508
526283731
748311402
1065229597
500965767
931250060
616787091
856021003
326580837
874654050
26799958
760994701
81135584
1021474886
696657673
764130310
564408180
182880925
944454376
451724798
890619091
388553854
537784700
649080035
1054317764
808348776
380235897
150297741
691322417
979675565
314798060
314798060
283827657
36250058
959866898
531116465
278564174
34269936
831799035
282990214
280597781
841507528
904483701
917635529
10339361
1027538784
1012141222
472313544
795402651
374241846
342273591
643639160
952636782
126748706
787474386
890934685
97420891
1003289456
602103669
485397209
1007563254
167116782
633234593
1004595578
404203557
604012111
418051687
785205214
471444977
238000342
983457639
416742093
858965541
993097527
48126190
125121023
39533070
608635846
939551988
53295051
954348583
911580722
946626245
867100071
996939585
583023276
332075204
345133212
828602930
137647502
710351861
272581841
144013001
727499432
1061135239
693910917
1058243434
511369901
202764272
63415487
838854197
143325700
735183196
301578092
306568266
428235952
584677331
549373375
891650100
749160695
42532015
52826353
501668522
716584077
889712018
402510633
730479657
739869218
50367748
368238394
306678659
925839458
470499255
873264405
764209144
675236674
476292104
791303093
298280123
336607896
992418027
423223086
459271367
381958967
956847477
347809721
186413884
435392732
564546254
128613992
590797558
79340921
314949425
546809113
630639707
573291794
971587169
657305150
951872768
1011357161
69531668
371107588
445259680
956638556
1042262874
364522332
243779593
894065179
960468568
640003444
798428655
1057230436
45696120
754287028
46507430
426291195
825821510
595656730
369774005
583940995
235151887
868514816
985792215
195305552
1066400188
485751668
62060116
927424688
367272742
53606029
115779758
419705548
340417814
78248585
255966672
154725017
456234904
641450880
970348640
245563
815032098
769194828
24136250
174694457
14117906
816991942
526896196
931011193
834145234
637780496
586782493
761373104
285164387
249724696
1053233119
864643553
369120215
1005863037
832775375
161897045
95045497
35367892
384219661
344358847
445392951
70188097
1063202962
495452156
950853631
1050967665
330036683
579215156
394433217
159800446
330538279
508535397
915435066
805756228
805696885
271808773
808940399
859414974
796412963
663003490
189364525
726761411
105721357
273985847
137344288
221803190
130519504
981317006
486144956
836208725
592620349
857941497
661183696
200500219
156597783
351154424
422193528
419942024
161328919
156219275
252171592
36845576
147498987
138723012
108887603
564124072
684892421
118252177
1023719812
700406861
903759843
450933227
576178601
6243416
956908801
569017488
1006594250
839337454
619063560
839337454
542950195
688904056
542950195
76543595
179809705
388788121
964409955
104006100
169494626
966064889
841939795
671539998
484366726
41117735
396797190
255205111
371555695
909725740
409174753
588890837
387824065
699776975
709489973
658491956
348726491
125995023
847186860
847747775
72824461
1025893986
838271413
422260269
932080797
112241298
822309415
945291662
649503149
999067631
906045378
541336651
480861818
588199028
745060516
636713142
875996075
528419786
465446675
811975254
847426583
933467345
390507515
274247487
85385724
461527542
766352414
227497018
230502988
489143384
814434339
298078878
1028573429
430709276
594553841
782438832
247142238
43122703
264937062
116883563
591186591
734081674
223103870
858477681
82214782
749855248
669704097
830583137
657359834
873287371
661256143
842426275
457914748
459581905
317124075
317124075
964427460
543616973
288914302
84457574
600640584
889185392
281603999
359961764
223324305
200332761
884872187
