1000
62 44 84
7 54 41
99 13 4
28 37 95
0 55 55
61 38 36
84 24 17
87 5 14
69 96 28
33 12 86
39 43 22
33 44 96
22 28 37
20 2 14
84 95 42
52 44 12
31 9 89
49 35 2
57 66 7
36 17 39
65 83 43
66 17 16
22 34 52
31 40 41
72 21 28
51 46 69
21 99 3
40 32 40
13 45 52
82 98 10
8 100 13
40 87 59
93 81 97
98 57 37
17 53 33
56 22 38
94 30 67
0 53 42
3 96 47
47 1 94
31 47 82
96 74 56
99 10 38
29 35 24
31 3 8
79 12 10
50 27 13
29 75 87
7 13 96
95 29 87
44 26 6
95 88 7
32 43 54
55 77 36
5 66 37
38 2 57
12 85 59
83 98 82
100 66 7
40 9 35
27 63 72
81 3 94
5 19 45
5 36 8
37 33 85
39 85 37
13 64 55
69 18 21
21 52 78
61 30 32
41 85 37
10 34 81
11 45 47
56 43 8
55 32 37
4 1 83
91 25 16
67 67 62
55 58 79
14 33 90
2 94 46
48 64 69
54 8 62
89 42 1
84 48 1
77 83 32
79 29 41
13 15 91
9 3 8
100 35 40
33 69 55
34 27 91
24 57 9
76 87 22
100 27 67
22 95 30
34 78 21
42 93 63
33 18 17
40 58 61
61 89 91
26 57 61
54 84 33
95 59 36
39 62 100
36 42 44
58 86 97
21 26 87
20 60 5
99 91 5
51 65 58
96 100 18
22 54 16
61 56 2
68 82 88
12 25 45
81 88 84
5 5 86
23 36 86
75 9 23
93 37 34
55 93 15
31 10 68
77 83 58
74 83 52
12 55 55
57 92 78
25 69 7
88 17 100
30 15 68
94 29 22
83 25 47
75 18 61
59 89 41
85 74 65
23 5 33
19 13 36
51 66 33
20 18 1
88 55 34
78 21 43
17 37 79
23 21 97
83 45 78
29 81 85
61 11 61
31 32 20
37 59 59
91 2 12
17 26 74
48 55 54
55 3 20
1 45 6
47 88 70
7 29 92
68 13 87
74 35 78
36 67 58
51 34 61
62 24 38
100 18 7
53 48 96
80 2 41
8 34 45
100 45 18
88 40 84
55 82 21
32 27 27
61 34 14
72 17 12
58 18 38
86 98 75
76 7 28
7 62 58
21 63 84
9 100 8
51 16 83
69 74 98
91 35 47
74 86 76
20 24 95
77 89 85
71 28 4
44 31 91
57 27 68
52 37 89
41 54 55
41 5 75
28 53 36
32 10 75
63 75 34
57 76 70
44 60 67
100 37 76
58 16 65
52 20 71
100 60 84
47 25 9
62 90 75
28 74 83
53 85 73
56 48 75
52 72 19
96 28 17
74 9 58
13 94 70
24 84 57
84 69 3
66 15 25
30 5 55
17 73 94
49 42 78
16 66 96
13 68 39
36 65 62
67 58 20
97 83 99
33 84 61
37 26 33
8 7 32
92 40 17
69 91 72
72 53 57
25 60 20
65 69 32
20 46 23
6 90 18
77 21 90
67 68 52
70 44 46
97 44 60
27 61 19
80 25 64
42 91 58
36 32 85
31 30 58
77 61 9
22 41 17
84 98 25
70 93 6
100 64 45
14 12 58
29 11 42
28 96 15
79 6 20
15 81 62
0 10 42
38 10 22
51 37 95
9 77 77
99 99 99
76 41 73
4 99 34
58 85 42
55 55 17
73 6 68
69 77 100
1 69 27
94 62 11
76 86 17
13 47 81
32 98 7
64 96 55
84 30 23
35 55 63
63 39 40
64 76 28
48 16 37
59 30 79
63 97 5
98 80 87
73 60 73
12 65 66
55 94 27
11 72 92
45 19 56
40 31 94
67 23 25
0 99 43
14 98 61
63 5 13
100 89 79
90 37 82
82 20 52
80 74 70
58 12 24
23 70 19
25 54 15
65 77 76
53 86 23
53 89 74
71 59 9
24 29 11
89 8 11
34 29 37
55 94 1
0 68 90
90 22 23
80 60 28
23 58 58
86 7 52
30 65 81
28 46 55
20 98 70
54 12 86
77 65 16
66 89 30
77 97 48
39 68 98
62 86 17
84 63 8
36 22 35
10 87 38
21 6 39
91 77 63
84 18 41
16 96 54
83 15 78
82 86 16
52 56 84
55 71 46
3 22 39
22 42 25
92 3 36
22 14 70
52 39 2
38 96 19
47 74 14
7 33 36
66 22 24
43 97 35
99 61 22
75 76 37
57 38 52
76 21 60
45 58 69
43 47 33
15 19 12
29 2 60
56 57 34
54 7 5
67 94 53
79 87 63
23 3 100
82 65 54
75 46 17
66 20 11
94 30 1
37 2 41
13 21 19
42 67 86
47 27 8
21 94 36
37 77 96
24 57 38
41 48 10
38 27 52
92 80 87
17 24 45
21 80 63
66 98 21
21 61 42
93 26 48
99 62 71
90 16 86
55 83 24
5 95 26
66 26 38
22 84 76
37 62 67
0 71 40
6 12 13
17 69 21
19 95 1
80 80 99
57 59 38
30 83 16
47 27 41
4 47 1
13 98 74
91 5 25
34 64 3
51 72 5
59 31 96
49 97 30
19 7 99
1 74 53
53 5 47
28 9 52
12 33 57
46 13 17
57 75 37
54 83 44
84 26 67
88 27 3
77 46 98
31 86 25
26 4 85
13 42 34
96 23 79
28 44 77
29 94 95
6 56 93
71 75 75
69 44 38
75 63 74
50 91 58
15 74 4
75 96 31
11 5 82
14 46 40
75 79 54
28 89 30
91 10 57
100 9 27
35 16 42
69 82 83
77 31 9
98 83 39
55 94 47
28 14 70
18 95 60
24 100 35
66 75 25
18 56 55
90 69 60
81 14 29
35 99 22
96 97 9
23 74 80
85 55 91
13 82 4
75 97 59
11 60 98
87 22 56
59 98 12
33 29 79
63 74 95
32 71 93
7 38 80
97 69 86
34 44 91
51 76 26
60 100 78
29 90 66
58 91 89
55 2 71
35 8 16
12 39 71
63 47 47
34 29 29
15 100 82
7 72 10
45 61 96
86 41 9
97 61 94
78 12 26
87 28 17
6 74 32
77 23 24
63 90 6
1 87 71
63 43 23
92 33 47
55 65 61
70 88 73
28 100 1
13 99 9
98 39 27
58 20 22
1 94 5
46 59 25
19 53 6
48 48 69
71 52 15
32 96 39
50 65 61
99 60 89
97 81 53
34 92 69
58 90 100
34 16 89
61 63 52
53 6 61
95 53 33
83 81 21
76 77 73
100 97 2
51 36 99
98 55 70
66 90 100
91 54 60
67 83 21
59 43 87
63 38 11
32 77 66
50 36 93
21 89 97
91 63 85
30 44 90
50 95 41
68 6 13
7 79 5
1 90 31
41 88 72
56 80 4
75 91 13
55 4 97
68 45 5
98 29 77
35 68 35
24 60 67
84 90 42
82 19 81
25 74 22
87 21 91
21 84 62
85 84 21
36 86 34
4 45 66
2 86 38
57 41 42
70 25 2
23 100 5
96 46 9
77 75 10
17 32 44
16 20 69
52 68 11
90 78 19
61 71 58
95 82 27
36 54 38
91 59 33
12 24 3
81 53 85
7 56 41
71 76 48
67 12 75
25 61 69
52 60 75
15 28 37
40 5 31
30 29 57
74 24 4
44 5 97
19 32 19
99 92 60
49 22 17
99 26 64
83 39 80
4 64 60
5 98 52
45 24 72
75 52 73
1 22 6
65 46 89
19 32 69
81 38 43
95 92 84
47 39 84
61 11 30
85 9 98
23 7 57
76 82 99
46 83 61
62 18 5
5 74 9
30 64 56
73 5 80
75 33 74
90 48 65
79 69 11
52 96 17
56 83 72
48 38 28
15 27 85
44 95 98
85 73 67
15 73 20
50 69 97
83 21 71
93 79 38
19 23 85
31 9 97
95 21 59
57 53 73
52 27 39
6 36 66
21 17 22
82 47 46
0 34 29
33 56 65
87 37 39
11 32 65
61 58 61
30 25 5
54 6 54
93 85 66
76 58 19
6 23 99
59 30 95
74 29 63
88 7 40
22 88 73
10 33 56
70 29 55
51 52 94
44 4 23
36 4 21
18 82 44
62 46 8
57 87 8
91 77 4
97 58 73
33 58 9
87 12 14
22 97 31
68 23 92
38 42 11
3 82 67
100 70 91
25 18 17
34 26 6
20 46 63
36 12 28
45 24 7
37 87 8
88 64 68
76 10 62
99 70 27
31 83 25
99 97 98
45 12 15
29 72 80
47 68 48
16 79 40
89 74 71
82 55 91
39 62 18
60 52 78
90 67 82
49 60 88
22 2 57
72 73 82
98 31 67
33 35 34
93 94 28
0 54 4
59 19 85
98 13 29
20 14 88
17 31 57
20 46 39
56 1 93
1 95 53
67 3 26
100 55 38
37 24 17
87 93 35
31 11 66
6 37 12
97 14 17
37 43 86
23 1 19
19 38 41
10 55 27
96 10 58
90 72 20
53 76 77
52 79 8
52 91 16
3 8 88
9 70 2
67 19 16
72 98 89
59 46 2
42 8 52
5 85 97
93 5 46
91 86 32
100 76 79
42 33 100
65 48 46
45 4 63
29 42 62
97 10 91
67 14 93
33 6 28
93 6 84
88 56 9
57 98 14
75 55 81
82 97 70
54 70 59
91 22 82
73 67 79
40 47 81
43 48 99
43 86 20
84 79 48
16 86 48
10 33 33
56 84 29
52 79 95
91 2 82
68 94 26
100 1 1
4 99 54
96 31 25
87 37 36
61 87 41
23 7 39
98 22 42
10 67 92
71 35 27
93 91 57
70 57 74
73 79 96
84 79 77
41 9 44
43 30 26
60 29 94
79 74 13
62 87 92
8 2 87
23 34 79
51 32 31
46 25 23
12 7 78
11 45 87
86 89 75
86 23 47
100 6 31
23 66 83
0 2 42
31 20 6
2 57 53
94 20 21
89 41 20
84 70 75
36 98 30
37 21 1
35 87 31
37 54 52
84 40 70
14 84 31
49 86 5
47 52 75
86 22 44
89 99 82
93 28 75
8 13 21
26 7 46
34 44 71
2 35 88
82 56 91
4 79 33
25 85 66
6 68 91
36 61 83
56 82 23
54 86 32
88 58 41
1 13 64
22 61 99
5 77 3
75 31 59
38 18 74
33 61 4
92 10 71
83 56 97
59 22 76
84 32 46
76 27 10
47 66 45
43 54 4
23 8 13
75 93 5
73 29 39
50 82 26
42 35 78
82 70 56
11 97 8
35 64 17
51 57 31
29 71 99
8 78 93
71 83 38
83 89 31
50 22 39
45 3 87
0 27 62
100 61 33
81 79 13
5 97 10
98 6 75
88 17 98
79 67 41
19 77 96
98 85 38
12 9 17
42 93 80
79 13 6
34 59 57
93 54 6
53 90 67
25 68 86
18 22 25
73 35 23
1 54 73
67 5 11
42 67 14
2 32 95
47 66 68
99 3 95
63 4 15
10 38 38
3 53 40
73 100 14
84 93 54
57 76 73
18 61 15
56 35 42
67 53 15
47 92 81
52 90 42
70 16 5
48 21 33
33 17 14
81 45 30
68 63 40
61 29 41
69 39 59
28 43 83
97 40 45
75 83 75
74 86 67
51 9 46
30 57 67
93 62 100
67 45 63
54 28 35
65 18 82
83 62 4
84 90 1
60 4 61
61 6 25
31 46 91
48 39 20
28 13 37
37 33 18
25 65 34
68 55 29
85 67 94
90 58 66
97 7 12
85 73 70
96 46 59
79 6 30
50 22 86
61 65 100
10 55 4
38 100 15
50 42 68
61 12 61
16 46 80
25 40 82
56 6 32
66 96 69
12 98 95
46 74 16
87 20 40
87 78 17
0 44 99
67 95 83
45 38 11
75 2 67
65 19 26
78 92 39
19 67 40
14 89 2
31 90 6
84 79 64
13 63 44
19 61 77
64 85 30
25 63 58
15 29 66
3 38 18
48 62 3
48 86 21
76 84 67
50 96 59
17 52 13
11 99 88
37 92 57
60 5 38
100 31 11
79 100 64
42 25 39
71 75 25
75 71 84
35 9 73
54 28 31
100 23 20
99 8 47
87 81 48
62 48 83
44 62 13
16 53 10
78 28 15
36 60 91
83 12 56
35 57 4
89 86 90
9 67 98
28 88 81
83 41 63
18 66 28
11 30 40
91 96 80
41 31 52
36 98 27
28 12 87
1 55 20
76 45 72
97 40 88
7 21 17
19 80 12
84 58 56
85 13 84
8 3 76
25 76 48
78 100 69
1 97 39
63 42 23
82 47 30
49 18 95
94 41 86
88 45 37
13 55 55
94 13 95
100 63 3
40 79 88
15 81 30
55 68 37
0 92 67
72 9 77
44 52 32
80 70 89
24 89 95
52 23 15
4 92 13
57 58 89
91 9 77
10 28 72
6 57 10
2 64 93
42 33 8
41 85 26
44 7 12
64 82 82
78 31 43
86 92 88
23 35 44
35 43 32
95 33 26
17 63 22
85 86 56
60 34 72
81 13 32
52 71 98
31 80 31
27 69 53
77 88 1
88 93 40
62 59 95
80 65 25
4 90 64
76 85 40
95 44 79
36 64 15
100 28 10
78 84 95
72 69 8
97 70 4
74 32 14
32 15 55
82 87 30
43 82 18
54 69 77
58 99 46
51 61 55
54 36 40
34 21 80
74 73 98
79 20 6
41 58 27
76 78 55
